  20
   1    -1.136     0.004     0.079   12   13    9   -1
   2     7.529     0.004     3.723   10   14   10   -1
   3    -7.999     8.001     7.990    0    1    3   -1
   4     8.002    -8.003    -7.992   18   18   21   -1
   5    -9.286     0.004     0.683   13   12   11   -1
   6    -7.999     8.002     0.002    2    4    6   -1
   7     8.001    -8.002    -0.004   20   19   24   -1
   8    -8.003    -8.003     7.989   26   23   23   -1
   9    -0.002    -8.003     0.003   22   21   22   -1
  10    -8.000    -8.001    -7.995   21   17   18   -1
  11     8.003     8.002    -7.999    8    6    5   -1
  12    -0.003     8.003     7.995    1    0    1   -1
  13    -7.998     8.001    -7.993    5    7    8   -1
  14    -8.004    -8.002     0.001   24   20   20   -1
  15     7.997     7.999     8.004    3    2    0   -1
  16     7.999     8.002    -0.002    6    3    2   -1
  17    -0.002    -8.008     7.995   25   24   25   -1
  18     7.997    -8.001     8.001   23   22   26   -1
  19    -0.002    -7.998    -7.997   19   16   19   -1
  20    -0.003     7.996    -0.003    4    5    4   -1
