248
  35  109     -3.426     -0.736     -7.023 4
  14   17     -7.224      3.512     -3.402 4
 181   57      8.026     -6.028     -2.508 4
   7    8     -2.712     -7.466      3.201 4
  15   18      0.723      2.241      4.717 4
  61  212      6.012      4.291      4.682 4
  58   15     -0.058     -5.057     -0.138 4
   5   26      7.241     -8.868     -3.801 4
   6    4      8.529     -0.891      5.227 4
  45   20      2.082      8.367      0.083 4
  70   10    -10.122     -7.940      2.729 4
  22   13     -0.287      1.430      1.435 4
   4   24    -11.684      1.224     -3.862 4
  62   63      9.516     -3.616     -3.962 4
  52  165     -0.707     -8.042      4.680 4
  66   34     -7.864     -2.545     -0.066 4
  -1   -2      2.724    -11.923     -1.330 4
  29   38      4.480      5.598     -5.844 4
  23   45     -4.181     -6.041     -5.067 4
  16   19     -8.283      7.006      0.099 4
 111   60     -7.535     -7.533     -2.485 4
  83   79      7.294      3.031     -9.636 4
  12   41    -10.355      2.384      3.617 4
  11   50      0.905      1.056      8.466 4
  65    7      7.135      1.648      2.807 4
  53   36     -5.489    -10.248      5.668 4
  43   56     -0.354      2.663      0.778 4
  46   46      2.875     -0.893      5.999 4
  55   35      6.815      8.934     -2.035 4
   3   22     -1.607     -6.492     -3.049 4
 122   33     -5.847     -3.634     -0.584 4
  10  103     -4.154      3.588      5.536 4
  18    9     -1.719     -0.404     -8.936 4
  36   37      4.654      8.679      8.784 4
  71   58     -6.736      1.063      0.876 4
  94  115     -2.625      3.054      2.931 4
 179   23      8.410     -2.024      8.776 4
  76   40     -1.719      1.665      2.646 4
   9   31      6.749      4.788      8.016 4
  -1   43    -10.727    -11.330      3.393 4
  44   47     10.145      1.292     -0.951 4
  50   -2     -2.809    -11.489      8.182 4
 138   52     -2.842     -0.756      2.677 4
 100    3     10.689     -0.892     -9.296 4
 177  114     -5.522      1.734      8.089 4
  20   25      7.546      5.030     -2.555 4
  21  137     -2.949     -0.365     -2.572 4
  68  168      6.448    -10.616      1.784 4
  40   11     -5.419     10.432     -8.187 4
  57   73     -5.752      7.746     -8.604 4
 154   64     -8.463     -8.093      5.380 4
  63   83     -4.768     -7.130     -7.056 4
  82  150      6.925     -6.483      4.771 4
 231   27      1.133     -9.716     -6.491 4
  85   48     -2.524     -1.759      3.535 4
  24  181     -3.010      9.315     -1.249 4
  67  107      5.058     -2.177      4.040 4
  54   59      6.389     -1.624      5.512 4
  88   69     -4.857     -5.147      4.292 4
 161  134     -5.743      5.890      6.738 4
 108   87    -12.065     10.327     -2.286 4
  73   -2      6.342      4.015     -4.345 4
  95  196      5.911      7.237      4.170 4
  28   16      7.549     -9.619      5.191 4
 220   44     12.025     -7.485      0.422 4
  -1   -2      8.528      8.348      8.941 4
 120  108      0.289      7.891     -4.236 4
  60   53     -5.181     -4.151     -3.840 4
  79   62     -8.438      2.740      6.637 4
 105  117     -1.623     -9.254      4.671 4
  98   85     -0.779      5.871      5.362 4
  -1    0      1.108    -10.051      4.640 4
 119  112     -9.766     -5.345     -4.033 4
  30   97     -7.905      1.153      2.176 4
  32  131      1.256    -11.455     -4.562 4
  49   61      7.242     -4.009      1.607 4
  -1   99     -1.869      5.729      5.078 4
   1  231      1.454     -2.892      2.599 4
  75  153      5.063     -6.876     -1.243 4
  77   71    -11.511     -6.727     -3.960 4
 109  118      6.946      0.653     -4.201 4
  89   72      1.504      3.378     -0.375 4
  -1   -2     -5.126      4.818     -9.532 4
  33   68     -7.805     -4.123      1.205 4
  31   30     -4.032     -2.838     -1.047 4
  81   51     -6.268      3.705      3.698 4
  56   42     -1.522      3.584      4.285 4
 121  135      1.543    -10.743      3.890 4
 116   12    -10.074     -4.886     -2.017 4
  34   96      9.252     -4.813     -9.620 4
  91   92     -6.456      7.027     -9.058 4
  72   55     -4.992     10.933      8.549 4
  -1   -2     -1.908    -11.570      2.077 4
 118  142     -3.698     -3.810     -8.159 4
 137  106    -10.476      6.466     -8.015 4
 106   76      8.753      6.406     -8.626 4
 153    1     -5.175     -3.162      8.858 4
 135  102      8.876      8.358     -5.733 4
 151  113     -8.296     11.043     -1.582 4
 143  186      0.507     -5.554      0.838 4
  13    2     -1.416    -10.534     -8.640 4
  39   75      2.357      3.100      4.805 4
  26  145      1.076     -3.061     -1.558 4
 169   -2     10.908      2.089     -9.911 4
 134   67     -0.128     -3.950     -0.618 4
  87  209      1.054      7.676     -9.339 4
 197  206     -1.769     -5.060      9.403 4
  38  204     -7.148    -10.913     -3.705 4
  48   94     -8.466     -1.300      1.345 4
  25   65     11.352      7.396     -1.592 4
  86  105     -5.847      1.799      6.487 4
 115   84      2.675      9.675      6.524 4
 150   95     -6.445     -1.814     -1.858 4
  80   82      0.988     -4.754     -7.305 4
   8   29      6.355    -11.197     -8.959 4
  93   -2     11.559    -11.494      2.105 4
  41  138      6.038     -2.785      5.999 4
 156  126     -2.588     -2.292     -6.873 4
 127   80     -6.346      0.791      3.642 4
 124  120     -2.551     -8.829      4.534 4
 140  183      3.298     -8.914      0.231 4
 144  146      6.455    -10.265     -9.691 4
  27   88     11.057     -5.140     -2.151 4
  -1  177     11.958      2.312      1.901 4
 145   74      8.102     -6.868      1.002 4
  51   -2      2.058    -11.637      4.567 4
  17  133      5.260      6.122      5.505 4
 117  130     -7.809      4.191      1.706 4
 125  140      2.144    -11.121     -3.521 4
 131  195      1.701     -8.119     -0.065 4
 164  100     -3.128      9.656      2.197 4
 114   91     -9.499      8.802     -6.553 4
 166   66     -1.726      6.985     -7.654 4
 148  124      5.172     10.859      0.579 4
 216  158      8.849      8.124      4.348 4
  90  180     -7.381      6.332      4.778 4
  99   98     -6.602     -6.331      4.196 4
 149  162     10.071      3.962     -0.905 4
 186  125     -7.017      0.551      7.062 4
  84   81      2.015     -1.125     -2.780 4
  -1  101     -8.506      4.896     -8.180 4
  19  122     -4.653      3.421      9.172 4
  -1  129     10.037     11.748     -1.724 4
  37   32      9.722     -0.244      4.024 4
 112  175      6.295      5.691      3.674 4
 101  169     -9.548     -7.888     -2.468 4
 132  152      3.044      5.286     -5.415 4
 136  190     -8.956     -3.100     -4.048 4
 141  144     -2.530      8.987     -4.475 4
 139  111      3.284      3.436      1.593 4
 152  141      0.291      5.869     -2.023 4
 126  167     -7.311      2.853     -9.534 4
 168  179     -7.875     -1.448      3.576 4
 188   14      8.006     -1.363     -3.157 4
 103  136      2.797     11.994     -7.182 4
  92  149      1.250     -6.895     -4.337 4
 110  205     -2.877      5.174     -4.276 4
 163   21    -10.016     -6.816     -6.178 4
 129   49      7.704     -4.261     -4.477 4
 171   -2      8.829      6.875     -2.615 4
 165  154      1.607     11.238     -4.776 4
 123   90      3.389     -8.327     -1.534 4
 189   -2     -3.230      5.654      8.053 4
 193  132     -9.868     -8.787     -8.363 4
 172  123     -0.309      0.288      6.023 4
 176  147     -0.561      8.934     -5.738 4
 183  191      9.450     -9.164     -2.258 4
 233   89      2.449      6.504      3.117 4
 175   28      4.218      0.949     -5.822 4
  47  163      8.861     -5.429     -8.767 4
 180    5     -7.511      5.249      8.480 4
 191  234     -9.205      4.417     -7.859 4
 192   78      9.064     -1.738     -3.939 4
 218  155     -6.081     -6.789      2.910 4
 174  176      6.514     -4.022      1.920 4
 142  172     -2.940     -1.510      6.270 4
  -1  151      7.146    -10.309     -9.059 4
 201   -2      6.015      6.865     -6.975 4
  -1  214      5.241     11.027      6.077 4
 107  215     -7.259      5.915      8.707 4
 128   -2     -0.352     -8.289      6.044 4
 157    6     11.441      2.620     -6.512 4
 146  202     -3.683      3.806      2.302 4
 200  173     -9.091     -8.359     -4.575 4
 212  194      1.700      8.350      4.174 4
  74  216      5.087      3.653     -7.048 4
 198  189     -1.896      6.864      9.783 4
 184  161     -2.408      2.132     -6.278 4
 242  207     -6.145      4.978     -4.990 4
 204  116     -8.976     -7.173      2.377 4
 241  174      2.465      8.920     -8.850 4
 234  170     -1.476      1.057      6.806 4
 167  198    -11.270      9.423     -9.624 4
 133   -2     11.619      3.872     -4.800 4
 235  238     -3.370      9.009     -8.290 4
  78  178    -11.445      5.124     -2.646 4
 104   -2     -9.620    -11.440     -8.571 4
 102   93     -4.377      3.505     -8.200 4
 178  210    -11.467    -10.662     -5.345 4
  -1  184     -8.574      4.681      0.750 4
  -1  159      7.105    -10.362     -3.374 4
 190  197    -11.691      2.142      2.479 4
 182  208      1.360      6.936      7.075 4
 113  166     -7.561      1.086     -2.371 4
 211  164     -6.122     11.881      1.343 4
 160  119      1.111    -10.158     -9.572 4
 158  127      1.276     -2.730     -1.737 4
 147  148      8.115     -2.637      0.858 4
 185  203    -11.199     -2.024     -5.630 4
  -1  121     -4.592      0.198      7.980 4
 187   77      0.935      0.055     -1.033 4
  42  110      4.095     -7.542     -2.478 4
 199  185      5.345      5.545      2.180 4
 205  193    -10.461     -3.510     -0.709 4
 162  128     10.018     -0.009     -8.571 4
 246  156      4.461     -2.566     -8.796 4
 130  139      7.758      9.091     -7.386 4
 202  211     10.023      6.301      4.117 4
 196  201     -7.691     -7.197     -2.003 4
 244   70      7.804     -5.461      8.970 4
  -1  199     -7.410     -0.040      1.641 4
   0  171      0.934      0.411     -2.840 4
  96  217     -7.728    -10.633     -8.981 4
  -1  160      8.382     -7.813      9.789 4
 213  222     -3.465     -2.373      2.203 4
 215   -2    -11.433      0.569      2.903 4
 228  192      3.297     -7.398     -4.357 4
 219  225    -11.271     -8.868      7.338 4
  64  187     -0.152      4.624      1.944 4
 222  226    -13.231    -10.041     -3.010 4
  -1  188    -11.697      4.925     -5.537 4
  -1   -2    -12.045     -0.455     -1.095 4
 217  143      8.579     -8.083      7.884 4
  69  219     10.978      7.283      2.800 4
  59   86     -4.405      4.763     -7.707 4
 173  233    -12.379      1.023     -6.798 4
 237  240    -10.522    -11.991     -0.832 4
 195  235      5.264     -2.208      5.444 4
 155  232     -0.903      7.022     -5.665 4
 239  241    -11.366     12.208     -3.971 4
 226   -2    -12.067     -0.215     -1.903 4
 229  182     -1.968     -5.384     -7.168 4
 232  237    -12.327     -5.095      1.000 4
 230  236     -7.790     -3.319      5.215 4
 236  239     -3.452     -2.496      0.806 4
 238   -2      3.919      3.868     -9.950 4
 245  242    -10.893     11.258      1.508 4
 243   -2    -12.485      5.289     -6.865 4
