216
  24   35     -3.060     -2.833      5.458 4
  35   54      4.131     -7.667      7.226 4
   5   15    -10.558      2.722     -4.400 4
  68  118     -1.295     -2.493      8.367 4
   9    7      2.153     -1.147      0.632 4
   3   10     -8.025     -5.215      2.676 4
  18   24      4.156     -8.395      6.535 4
  12    4     -9.682     -2.095     -3.610 4
  10   86     -0.178    -10.484     -2.538 4
  78  109     -6.545     -2.273      0.198 4
   2   12     -2.022     -5.663      2.400 4
  -1  128      7.496      3.999     -5.182 4
 111   16      5.775     -4.323      2.332 4
  11   -2      4.919    -11.741     -9.919 4
  -1   -2      5.384      5.449     -7.012 4
  62   47     -8.378      7.255      3.451 4
 119  210      2.556      3.586      8.662 4
  17   56      7.701      0.385     -1.693 4
  39   32     -8.653     -7.652     -9.208 4
  -1   -2     10.934     -0.592      0.793 4
  75   84     -1.923    -10.116     -3.429 4
  27   33     -4.199      8.437      3.668 4
  55    0      5.928      4.648     -0.573 4
   8   17      5.732      1.214     -2.738 4
  64   67     -7.751    -10.423     -5.281 4
  96   50     -5.777      7.755      3.219 4
  14   25     -9.112      3.630      1.364 4
  29   62     -4.321      2.192      2.925 4
  60   28      9.471    -11.815     -8.186 4
  93   93      1.523      8.118      9.189 4
  44   68     -3.499    -10.671     -2.828 4
  95  108     -9.242    -11.367     -8.976 4
  -1   -2     10.658      7.069     -2.479 4
  15   21    -11.910     -4.062     -2.425 4
  74   78     -0.906      8.515      9.574 4
  49   11     -9.450      1.807      7.068 4
   0    6     -6.268     -4.775      9.602 4
  -1   -2      7.005      7.589      7.955 4
 162   18      4.162    -10.507     -2.460 4
 183  144     -8.084      8.131      9.082 4
  37   80      2.018     10.394      8.242 4
 114  170      5.870     -6.543      1.167 4
  38   57     -8.241      9.578     -1.667 4
  45  123     -8.349     -9.282      7.613 4
  98  156     -9.703     -1.192     -8.334 4
  28    5      1.146      9.352      2.542 4
  19   48     -5.604      2.185      9.751 4
  34  103     -8.073    -11.486     -9.912 4
  30   39     -7.267      3.883      8.606 4
 139  184      1.971     11.057      6.949 4
  97   94      6.407     -0.864      7.167 4
  23   36      8.551     -2.040      1.936 4
  -1   63     -0.018     11.744     -0.186 4
 165   53      1.503      6.080      7.973 4
  59   99      7.992    -10.643      0.922 4
  25   34     -9.094     -6.446     -9.458 4
  43   37      7.876      2.842      7.946 4
  66   55      7.473    -10.086     -3.160 4
  56   49     -5.865     -0.169      1.622 4
 113  111     -7.125    -11.317      5.423 4
  61   38     -5.020      1.446      9.259 4
  65   81     -6.502     -7.415      4.578 4
 125  211     -0.004      6.852      7.205 4
  90   74     -7.017     -7.925     -1.198 4
 123  148     -4.428     -7.918     -7.142 4
  67    9      3.233      7.176      1.981 4
 107   98     -8.385     10.487     -4.485 4
  -1   -2      8.615      4.061      0.731 4
  -1   -2      4.195      7.252     -3.830 4
  52   70      2.550     -7.962     -1.460 4
  -1   59      6.902      2.606      2.231 4
  81  101     -1.626      2.974     -0.594 4
 193   14     -5.622      6.211     -1.361 4
   7  132    -10.484     -1.278     -1.994 4
  21   88      6.261    -10.017     -3.165 4
  -1   -2     -7.256      5.502     -1.331 4
  -1   -2      4.028      8.594     -6.877 4
   6    8      9.818     -6.292     -3.351 4
  54    1      3.365     -1.010     -9.626 4
 180  160      5.053     -2.873      6.550 4
  -1   -2      4.747      5.446     -6.328 4
 109  209      0.804     -9.867     -0.794 4
 108  208     -2.207      0.493     -9.416 4
 151   19      4.656      4.436      1.092 4
 168   89     -2.413     -3.952      3.968 4
  -1   -2      5.135      7.856      4.603 4
  36    3      2.021     -4.196      2.895 4
  -1   -2      4.489      6.921     -5.518 4
  57  136     -4.817    -11.284     -1.192 4
  99   96      7.495     -6.223     -7.671 4
  -1   -2     11.288      3.799      2.267 4
 121   61      9.400     -1.461      5.003 4
  -1   -2      8.159      3.414     -7.048 4
 148   23    -10.908      2.039     -9.467 4
  58   66     -1.612      6.800     -5.810 4
 137  134    -11.273      8.998     -3.469 4
 150  125      6.536     -9.193     -8.687 4
 167  112      1.147      3.813     -5.521 4
   4   27      0.123      2.073     -4.936 4
  86   29      3.980      8.554      9.438 4
 188  217      0.349      6.085     -3.443 4
 102   77      0.194      0.543      7.727 4
  92   72     -7.614      4.668      4.994 4
 118  113      3.272     -8.619      5.499 4
  83   52      6.604    -10.532      5.833 4
 210   73     -2.322      2.931     -3.595 4
 117  129      0.848      8.259     -0.644 4
  -1   -2      9.213      6.249      4.980 4
  71  165     -1.635     -6.364     -9.630 4
  48  145      5.886      2.362     -1.247 4
 101  130      0.252     -7.190     -2.261 4
 124  126      7.130     -7.819      8.036 4
 172  106    -10.493      4.268     -1.769 4
 170   85      2.150      0.175      2.841 4
  32   79     -1.123     -2.212      3.436 4
  -1  139      2.488     10.583      1.576 4
 129  122     -7.200      8.496     -8.817 4
  40  146     -9.430     -4.827      1.629 4
 128  155     -2.886    -10.240      0.350 4
  -1   -2     10.906     10.600     -6.536 4
  41   75      6.142     -3.877     -3.544 4
  85  114      2.181     -8.303      0.007 4
  -1  194     -5.914     11.325      5.673 4
  53  164     -6.973     -7.212     -1.131 4
 159   46     -9.928      2.817     -8.681 4
  20  180      6.121     -0.353      3.958 4
 195   83     -0.545      2.542      1.622 4
 174   13      0.891      3.513     -9.624 4
  42   45      1.581    -10.708     -1.307 4
 105   64     -1.459      6.015     -1.234 4
  31  163    -11.643      9.881     -4.426 4
  72   43     -5.639    -10.198     -5.124 4
 214  177     -3.124      3.455      0.916 4
 122  102      1.228      4.662     -9.277 4
 205  200     -2.322      5.535      6.622 4
  77  159     -1.806     -3.420     -7.609 4
 104   51     -8.778      3.371     -6.196 4
 116  151     -7.397      2.832     -6.946 4
 179  216      1.155     10.156      6.714 4
  47  105      1.403     10.380      3.065 4
 140   95     -4.288     -3.674     -2.991 4
 169  149     -6.130     -9.545      7.442 4
  87  115      3.285     -6.170      9.692 4
  -1   -2      7.119      8.625     -1.031 4
 209   97     -1.596     10.979      0.849 4
 157  154     -2.103     -8.852      0.732 4
  91   -2      1.286    -11.724      5.026 4
  51  205     -1.190      3.705      7.918 4
  -1   -2     11.597      8.408     -4.019 4
 149  143      3.206      4.851      7.511 4
 158  176     -0.532      6.717     -4.483 4
  63  107     -4.569      0.656     -0.022 4
 138  179      2.844      1.047      1.263 4
  -1   -2      6.986      9.679      2.570 4
 192  135      7.605     -5.417     -3.855 4
 198  116      7.948      2.134     -5.350 4
 153   20     -5.255     -0.547     -5.896 4
 206  181      6.498      6.338      5.381 4
  33  127      0.350     -0.551     -9.589 4
  16  204      2.354     -5.571      0.113 4
  84  133     -6.015     -7.689      4.835 4
 208   87     -7.551     -9.468     -8.173 4
 181  141      0.480      9.013      4.661 4
 164  168      4.495      9.916     -6.340 4
 144  192     -7.372     -8.923     -9.002 4
 176  167      1.769     -3.169      5.106 4
 143  124      6.897      4.357      5.772 4
  -1  157     11.791     -9.728      1.461 4
 194  187    -11.135    -11.494     -7.988 4
 112   76    -11.819      2.428      1.293 4
 126  212      0.361     11.301     -0.095 4
 136  213     -2.115      6.724      2.478 4
 177  169      3.653     -4.313      2.596 4
 203  219    -11.037      4.648     -2.985 4
  -1   -2      7.986      9.330     -2.607 4
 110  153    -10.462     -2.214     -4.000 4
  -1   -2      7.487      3.607      1.452 4
 135  185     -7.366     -8.806      5.573 4
  -1   -2      5.613     10.325      5.925 4
   1  100     -9.269     -5.267     -8.886 4
 182   22     -5.303     -6.147     -9.572 4
 142  188     -8.062      0.935     -7.485 4
  -1   -2      9.802     10.035     -5.207 4
  22   90      1.669     -5.550      4.943 4
  -1   -2      5.736      6.010     -7.633 4
 186  190      3.750      5.052      9.022 4
 154  161    -10.918     -1.015     -6.148 4
  -1   -2     -4.775      0.274      6.395 4
  -1   -2     11.781      0.082      0.178 4
  -1  193      4.541     -6.625      4.897 4
  -1   -2      2.558     11.675     -2.896 4
  79    2     -4.629      4.494      5.743 4
 199  147     11.022     -3.383      0.961 4
 163  183      9.224     -0.811     -8.475 4
  70  206      5.394      6.229     -4.598 4
  -1   -2     -6.384    -12.037     -2.244 4
  -1   -2    -10.156      5.027      5.494 4
  -1   -2     -2.308     -3.797     -2.511 4
  -1   -2     10.705     -2.238      3.521 4
  69   60    -10.939      5.660     -8.325 2
  76  137      6.281      3.349     -2.401 2
 106  117      5.489      8.829      5.668 2
 161  214     -5.329     -5.138     -0.372 2
 207  221      3.115      3.928     -1.877 2
 146  171     -0.082     -5.845     -6.339 2
  80  207     -5.998      4.352      2.894 2
 211  222     10.773      3.449     -5.725 2
 166  215      9.651      6.678     -7.009 2
 204  220    -11.969     -8.895      0.374 2
 191  201     -8.473      0.649     -6.085 2
 213   -2     -0.597    -11.981     -9.896 2
 202  218    -12.207     -1.187      0.091 2
 190  196     -5.030    -10.263      8.828 2
 216  223      9.105      1.632      8.340 2
 217  224    -11.643    -10.767      4.194 2
 218  225    -12.617     -6.106     -3.553 2
