256
  21   10      1.161     -2.473      9.826 4
   3    8     -4.276     -4.028      6.159 4
   1   35      3.487     -1.329     -6.331 4
  32   36     -5.486    -10.961     -7.695 4
  13   23      1.976     -8.941     -7.412 4
 121   24      3.512    -11.141     -9.195 4
   5    4     -9.272     -0.981     -2.488 4
   0    0    -10.463     -3.421     -4.101 4
   6    7     -9.921      0.260      0.322 4
 116   54      3.296     -9.631      8.773 4
  43   50     -8.408     -4.799      4.001 4
  -1   28      4.327     10.093     -0.804 4
 125   87     -1.975      7.629      6.079 4
   9    1     -1.111     -4.453      5.496 4
  18   82      0.783      2.269      1.210 4
  25   26     -2.281     -6.667      4.458 4
  15   16     -8.241     -8.657      1.456 4
 137  132      3.063    -10.282     -6.469 4
 126   21     -2.219     -6.134     -7.032 4
  40  119      0.236      5.195     -8.879 4
  11   22      6.194     -7.345      7.856 4
  17    3      0.149     -0.240      3.568 4
  90  135     -7.739     -5.438     -9.083 4
   4   64      7.145     -5.009     -7.813 4
  22   12     -3.699     -7.452      8.315 4
  57   42     -5.794     -0.283      8.340 4
  34   17      3.808     -9.455     -7.024 4
  12    6      2.847     -4.482      6.586 4
  37   40      5.743      8.224     -7.141 4
   8   38     -1.701      8.027     -8.248 4
  26    5     -9.087      3.209     -3.998 4
 114  115      9.411      7.382     -0.701 4
  35   69     -2.404     -7.594     -7.694 4
  41   41    -11.424     -8.626      1.941 4
  19  195     -0.341     -8.701     -5.583 4
 151  147     -1.745     -0.398     -5.229 4
 104  166     -6.033      2.688      1.953 4
  38   61      2.678     -0.770     -6.830 4
  64  105      3.808      5.576     -5.513 4
  42   37      8.526     -3.340     -2.721 4
   7   14     10.478    -10.132      2.962 4
  44  152     -1.385      1.773     -4.033 4
  63  143      0.032     -0.731      0.684 4
  39   55    -10.110      2.446     -4.021 4
 106    9      4.096      5.848      3.396 4
  36   20      2.044      8.407      8.141 4
  27   56      0.839     -7.274      4.974 4
  33   70    -11.512      8.093     -7.956 4
  53  174      9.509     -0.369     -4.672 4
 127  133     -9.986     -1.607     -3.999 4
  62   79    -11.863      6.522      1.764 4
  74   49     -9.953     -8.974      2.195 4
  29   45      3.654      9.223      1.459 4
 157   85     -5.272     -5.286      6.288 4
  48   29      7.422     -4.402      5.565 4
  80   15     10.443      5.465     -3.849 4
  93   34      6.205      3.249     -3.803 4
   2   52      9.416     -8.419     -8.922 4
 143   44     -0.346    -10.167      9.433 4
 152  205      7.270    -11.392     -3.642 4
  52   91     -4.399     -8.583     -5.714 4
  68  110      6.008     -5.633      7.436 4
  92    2     -2.331     -3.540      8.925 4
  45   25     -3.948     -5.292     -2.066 4
  10   94     -1.406     -2.517      8.383 4
  -1   -2     11.662     -5.956      2.555 4
 113  126     -8.545      8.120      9.200 4
  71   93     -6.854    -11.384     -0.700 4
 163  163     -9.907      4.276     -1.720 4
  -1  149     10.911     11.978     -6.870 4
  16   47     -6.974     -5.360     -3.209 4
  59   18      7.415     -2.611      7.479 4
  58  244     11.156      0.150      3.883 4
 110  213     -4.497     -7.721      4.944 4
  86   97      4.784     -4.973     -6.912 4
  83  103      8.727     -7.262     -1.231 4
  31  243      9.212      1.728     -1.363 4
  54   27     -8.000     -5.866      1.935 4
  50   43    -12.203      7.166     -1.214 4
  24   30     -4.152     -6.616      2.257 4
  -1   -2     10.670    -11.002     -1.975 4
  60   80      9.031     -8.745     -1.770 4
 190  170     -3.200      7.236     -9.260 4
  -1   -2     -0.875     -8.068      5.806 4
  89   78     -2.681     -1.568     -8.359 4
  95  137      3.727    -10.711      1.548 4
 208  145     -5.821     11.543      5.095 4
  66   63     -6.503    -10.677      1.735 4
  88  245     11.514    -11.675     -4.182 4
  55   84     -3.127    -11.815     -3.148 4
  91   39     -3.651      1.818      3.651 4
 146   72     -1.508     -8.189     -8.019 4
  72   57     -8.297      5.508      8.611 4
  67   71      8.511      7.184     -1.015 4
  51  111      8.197      6.203      3.699 4
 171  186     -7.883     -9.240      1.402 4
  99   53    -10.712     -4.864     -7.786 4
  69   74      9.398      8.481     -4.795 4
 112   19    -12.153      1.946     -6.015 4
  23   88      3.260    -11.165      1.425 4
 118  136      1.887    -10.671      2.867 4
  73  212      7.838     -3.793      4.015 4
  75  167     -3.059      9.872     -9.877 4
 120  113      1.449      4.078      2.464 4
  77   86    -10.101      8.724      5.405 4
  82   60    -12.014      2.658     -3.887 4
  96   51     10.237     -5.304     -1.522 4
  81   90      2.730      1.373     -8.703 4
  14  164     -0.748     -9.232     -0.190 4
 102  101      2.925      1.080     -1.865 4
 187  158     -0.889     -8.636      6.648 4
  56   81     -2.355     10.629     -8.792 4
 216  106      5.469     -2.472      5.483 4
 218  123      4.329      2.943      6.006 4
  84  120     11.244     -6.274     -7.658 4
 202  189     -7.455     10.534     -7.334 4
 231   13      2.463     -5.848     -6.730 4
 175   62      8.857      3.042     -3.236 4
  94  124      2.358     10.069     -8.314 4
 130   59    -11.092    -10.862     -5.826 4
  -1   -2      0.822      9.773     -7.953 4
 168  176      8.073     -1.892     -6.833 4
 108  127     10.271      0.356     -9.408 4
  61   65     -7.893      3.541     -3.278 4
 111   98      7.307      0.397     -9.188 4
 101  116     -6.032     -5.624      7.281 4
 181  183      4.177     -7.681      7.446 4
 160  112     -0.965      5.599      0.866 4
 153  144     -3.988      5.791     -3.978 4
 132  104      3.268     -2.932      0.587 4
  97  117     -8.719      6.874      3.567 4
 164   89      9.189     -5.613      1.424 4
 223  129     -4.831     -8.442     -2.030 4
 139  107     -4.174    -10.058      3.349 4
 201   -2     10.350      6.266     -6.383 4
  87  121    -10.218     -2.129      2.928 4
 214  211    -12.137     10.429      0.183 4
  20  191      8.232      1.363     -3.876 4
 162  108     -6.092     -1.853      2.853 4
 165   66      6.920      9.444     -0.999 4
 117  156      1.315      8.563     -9.830 4
  -1  204      4.101      9.518      6.228 4
 123  142    -11.508     11.327     -8.030 4
 155  130     -5.835     11.026     -0.454 4
 128  150      2.134     -1.196      7.721 4
  30   67     10.372     -2.367      1.946 4
 142   -2    -10.029      1.635     -8.428 4
 131  141     -1.832      6.710     -8.124 4
 219   73      3.852     -6.123     -0.231 4
 134  155     -6.783     -7.735     -5.314 4
 169  200      0.048     -2.058     -1.657 4
 161  178      3.020      9.865      4.977 4
 176  249      4.482     -1.620      2.282 4
 154  100     10.414     -4.676      2.642 4
  -1   -2      2.641     -8.385     -3.231 4
 144   83      7.900     -7.201     -0.649 4
 145  187     -4.716      6.524     -0.052 4
  76   68    -10.450     -6.111      0.280 4
 135   77      1.877      6.947     -9.259 4
 174  222      8.382     -2.027     -6.917 4
  98   48     -7.119     -7.219      1.758 4
 115   46     -9.592      8.745     -1.344 4
  -1  160      6.742      4.250     -0.251 4
 178  151     -8.838      1.082     -0.388 4
 212  225     -3.203      1.985      3.976 4
 172  122      2.499     10.612      9.200 4
 180   92     -0.494     -6.259      6.550 4
 107  172      5.038    -11.515     -0.313 4
  47   11     -4.135      3.967      3.650 4
 148   76     -1.101      7.287     -6.234 4
 183  118     11.281     10.357     -2.181 4
 195  206      5.192      3.140      6.182 4
  -1  148      3.948     11.240     -9.588 4
 124   96     -8.834      3.122     -6.978 4
 159  190    -11.104      8.882     -2.788 4
 191  165     -3.378      8.606     -9.169 4
 213  202    -11.789     -7.773     -0.192 4
 188  171     11.117     10.843     -5.054 4
 203  227      9.683      7.724     -2.200 4
 200  185      1.689     -9.932      2.421 4
 177  140     -2.655      1.395     -4.160 4
 186  219     -8.852      7.669      1.873 4
 140  162     -1.152      2.770      2.087 4
 119  199    -11.063     -9.888     -2.610 4
 193  196     -1.699    -10.361     -0.438 4
 185  153     -5.442     -5.119     -1.178 4
 196  131     -0.499    -10.852     -0.852 4
  -1   -2      9.661    -11.102     -4.148 4
 182  177     -6.343     -4.454      6.402 4
 189   75      8.656     -5.440     -8.848 4
 194  175     -6.962     -7.438      5.798 4
 192  210     11.898     -2.050     -2.638 4
 141   31      1.312     -0.190     -2.001 4
 215  134     -0.659      0.058     -3.160 4
 156  193      2.528     -5.079      3.120 4
 170   33     -2.651      5.903      0.051 4
  70  179      2.682      4.721     -2.523 4
  -1  221      5.807      4.269     -9.524 4
 166  203     -5.152     -6.872      2.653 4
  49  231     -4.855      0.323     -8.553 4
 197  182     -5.942      9.146     -1.734 4
  -1  146      8.855      5.481     -7.049 4
 158  248     10.194     11.102     -8.679 4
 109  180      1.887      7.471     -6.349 4
 211  188      2.257     -6.370      8.322 4
 220  169     -7.326     -2.584      8.707 4
  46  114      2.166      7.777     -6.683 4
  -1  168      5.625     -2.423      8.071 4
 249   32      4.625     -8.677     -7.995 4
  -1  217      8.335     10.042     -5.292 4
 136  138      2.207      2.321      7.277 4
 149  184     -8.286      7.446     -0.227 4
 209   58     10.891     -1.379     -8.797 4
 206  216     -2.366      5.580      3.380 4
  -1  224     10.364     -3.267      4.865 4
 224  194      3.699     -7.808      0.204 4
 210  234     -8.905      1.339     -5.386 4
 236  208     -0.468      9.391      8.460 4
 229  218     10.318      0.803      4.096 4
 205   99      2.148     10.726     -6.569 4
  -1  192      3.113      4.104      8.004 4
 204  250     -2.945     -8.033      0.887 4
 122   95      3.461      4.852     -5.315 4
 225  181     -1.826     -6.022      3.489 4
  -1   -2     11.151     11.487     -7.218 4
  -1   -2     10.439      3.809      2.136 4
  -1   -2      5.742     -0.370      1.817 4
  -1   -2      9.375     10.483     -2.961 4
 217  102      4.990     11.284     -7.779 4
 240  233     -8.880     -4.158      8.314 4
  -1   -2      5.286      9.623      1.172 4
  -1   -2     11.167      0.810      1.919 4
  -1   -2      9.162     -6.353      9.744 4
  -1   -2     10.157      6.564      7.562 4
 250  238     -4.751      9.734     -1.222 4
  -1   -2    -11.110     -0.031      7.293 4
  -1   -2      5.102     12.416     -7.882 4
 167   -2     -6.040    -11.994      2.874 4
 221   -2      4.171    -12.195     -1.167 4
 248  242    -11.091      3.858     -2.920 4
 228  252     -6.835      7.470     -4.178 2
 100  246     12.525      4.210     -2.686 2
 222  251      5.325    -11.613     -8.338 2
 103  247     -2.488      5.683      0.026 2
 251  254      3.808     -7.678      1.051 2
  85  125     -4.062      3.934     -3.659 2
 133   -2     11.819     -7.854      3.339 2
 207  197      4.064      6.863      6.081 2
 244  253     -2.010      7.364      3.108 2
 226   -2      4.882     -0.033      6.210 2
 255  256     -4.121      3.976     -6.159 2
 254   -2     -0.927     10.760      2.089 2
 252  255     -5.209     -1.706      4.895 2
 256  257    -10.242    -10.232      7.084 2
 257  258     -9.631     -8.541      4.568 2
 258  259    -12.998     -7.239     -1.421 2
