218
  11    1      3.972      4.761      4.452 4
   4    3      3.106     -9.516     -8.304 4
  17    9      1.430     -2.428      1.532 4
   3   40      0.588      2.259     -8.934 4
  84   63     -0.172      1.559      0.237 4
  63   27     -1.097     -4.608     -6.005 4
   8   14      1.417      3.846      7.123 4
  20   43     -2.710      3.175     -3.573 4
  21   17     -8.918     -1.776     -1.671 4
  22   23     -8.756     -0.211     -0.082 4
 102   29    -10.460      3.222     -8.705 4
   2    0      3.869     -2.496     -1.872 4
  39  128      5.778    -11.404     -4.515 4
 201   28      0.002     -7.962     -4.424 4
  -1   -2      0.073    -12.090     -9.477 4
  30   54      1.751     -9.176     -9.148 4
  38  150     -7.788      4.077      8.412 4
  68   41     -7.072     -7.685      3.231 4
  56   21      4.451      9.741     -0.317 4
  62  153     -0.670      5.614     -9.470 4
  29   25     -6.118     -3.278     -7.943 4
  12   72     -6.542     -7.775     -2.666 4
  59   81      4.583      0.258      2.609 4
  69  142      6.773     -3.978     -6.086 4
  85    8     11.505     -1.332     -5.933 4
  26   30      0.989      0.676     -4.079 4
 106   24      5.663     -3.587     -6.403 4
  70   45     -6.494     -6.114     -1.384 4
  25   15    -11.277     -6.956     -8.733 4
  33   44      8.455      6.286      4.271 4
  94   50     -0.501     -6.206      9.592 4
 191   77     11.364     -3.264     -2.673 4
  55  157      7.592    -10.488      1.007 4
  37   12    -10.014      7.411      5.448 4
  61   33      0.098      8.707      5.727 4
   1   78     -6.658      2.894     -9.415 4
 130   13      5.139     -9.486      7.300 4
   6   19     -2.758    -11.199      5.550 4
  71   47      4.676     -4.663     -8.631 4
  80  120      1.468     -5.049      1.535 4
  57   38    -11.955      8.985     -6.766 4
  72  119     -8.997      4.426      3.604 4
 110    6     -9.694      4.005     -1.204 4
  76   69      5.632      3.675     -7.672 4
  10   11     -4.066     -1.720      3.880 4
  14   53     -3.923     11.188      7.006 4
  24   37      8.749      2.271      4.725 4
  74  107     -3.290      9.193      8.034 4
 150  167      7.023    -11.431      0.213 4
  60   86     -8.275    -10.212     -8.513 4
 111   46     -2.453      4.397      4.579 4
  64   94     -9.890      2.041     -2.911 4
 112   71     11.408      1.382     -3.073 4
  46   65      2.403     -9.697     -3.102 4
   0   20      0.608     -4.766      4.427 4
  78   76     -7.825     -6.745      5.149 4
  -1   -2     -0.436     12.151     -9.640 4
 105  184      8.785     -7.772     -5.472 4
  27    7     -9.975     -0.737      0.793 4
  91  197      8.947      0.890     -6.047 4
 149   18     -2.761      2.776     -5.618 4
 122  124      5.278     -8.240      1.262 4
  15  135     -2.042     -6.829     -0.526 4
  47  183     11.716     -0.082     -5.659 4
  58   51     -1.070     10.601      0.158 4
 198   34     -0.749    -10.874      5.094 4
  87   22     -5.794     -9.316      2.897 4
  51   -2      5.439      6.013     -3.930 4
  66   87     -6.446     -3.934      9.621 4
  53   66     -4.785      0.435      3.335 4
 104  105      6.863      4.158      4.188 4
 101    4      5.953     -6.106      6.960 4
  28    5     -3.383     -7.339      7.082 4
  -1  108      8.008      8.227      0.703 4
  83    2     -8.743     -7.043     -7.964 4
  44   97    -10.685     -0.066     -6.425 4
  31   88     -8.436      6.656      8.851 4
 116  100     -1.280      6.163      7.197 4
  48   61      4.956    -10.742      3.960 4
 140   74      8.062      9.973      5.459 4
  92   35      1.479      5.709      8.762 4
  81  113      3.316     11.752     -5.682 4
  93  101      2.553      8.814      7.643 4
   9  104    -12.046      2.209     -2.715 4
  96   57     -6.495     -0.415      2.102 4
 173   32      2.521     10.375      1.375 4
  13  191      5.870      3.051      0.713 4
 121  115      2.598     -4.368     -0.832 4
 156   60     -5.021     -2.073      8.967 4
 113   26      0.079     -5.356      9.027 4
  -1   -2     -8.605      2.923     -3.123 4
  -1   59      3.003     11.394     -2.643 4
 109  182    -11.226    -10.551     -3.474 4
  18   36      1.578    -10.770      7.472 4
  -1   -2     -3.851     -9.873      3.618 4
 124  154     -5.614     -9.825     -8.624 4
  50  139     -0.682    -11.581      2.319 4
 160  145     -5.736    -10.113     -9.080 4
  99   55     -3.409     -9.720      0.087 4
 185  215     -0.546      0.510     -3.813 4
  77  138     -1.146    -10.139      8.774 4
  23   67      5.813     -7.730      2.934 4
  42   16     -4.725    -10.807     -4.414 4
  82  126     -4.256     -2.378     -6.266 4
 157  118     -5.205     -0.526     -8.142 4
   5   91     -0.177     -8.849      6.332 4
 134   79      3.725      3.610      5.268 4
  49   -2      8.563      4.433     -3.966 4
  67  205      2.335      4.080      3.361 4
 143  130      3.141      8.608     -2.249 4
 195  147     -9.097      5.643      1.986 4
 138  121     -7.242      3.028     -2.667 4
  43   64    -10.354     -6.881      2.002 4
  35   52     -3.424     -8.836     -2.865 4
  52   84     -0.341    -10.358      4.463 4
 206   90     -1.206      6.836     -0.183 4
  75  129     -7.039    -10.515      2.898 4
 175  155     -2.416      1.815      2.499 4
 208  148     -3.586     -1.651      4.117 4
 128  102      5.247     -1.502     -2.218 4
 165  198     -8.612      0.600     -3.931 4
 148  158      4.293      1.461      5.369 4
 119  117      4.415     -3.141      5.542 4
  89  141     -4.035     -6.787      0.248 4
  54   39      1.849     -0.628      2.235 4
 146  174     -7.515     -7.547     -6.781 4
  36  204     -0.282     -9.571     -4.864 4
  73  131      3.407     -0.577      6.873 4
 131  156      5.494      2.974     -7.230 4
 126  114      5.569      9.767      4.331 4
 132  207     11.939     -5.467     -7.182 4
  19   68      2.236      6.437      9.291 4
 141  162     -9.500      8.379     -0.974 4
  97   -2      8.442     -7.092      8.349 4
  41   56      8.898     -1.111      1.594 4
  90  111     -6.020      9.299     -1.595 4
 114   62      7.558     -7.633      6.004 4
 125  137    -10.895      8.607     -2.196 4
  -1  136      1.870     -1.615     -2.950 4
 123   92     -0.941     -1.424      2.184 4
  -1   -2      6.221      4.583     -7.886 4
 168  144     11.607     -5.254     -7.133 4
 209  112      3.783     -1.743     -8.095 4
 147  122    -11.552      6.251     -6.814 4
 179  106     10.422      7.646     -9.534 4
  98   31     11.343     -8.566     -6.362 4
 164   82     -4.187      3.782     -0.419 4
 211  134     10.845     -1.579      2.789 4
 145  166     -6.630    -11.436      2.738 4
 127  103    -11.275     -5.959     -5.894 4
 115  146     -2.618      5.662     -9.746 4
  -1  143     -0.075     -8.564     -7.746 4
 154  125    -10.569     -4.069     -2.776 4
 169  211    -10.393     -3.734      3.697 4
  -1   -2    -11.752      8.508     -6.928 4
 188  132     -5.646      7.894     -2.495 4
  88   98     -1.677      2.196     -0.398 4
  79   58      4.573      5.931     -1.187 4
 151   85     -5.868     -4.636      3.766 4
 163  116     11.818      2.937     -4.971 4
 120   80     -5.956      6.993     -4.248 4
 167   42     -4.083     -8.134      7.206 4
  -1   -2     -1.023     -4.971     -4.711 4
 161  127     -8.651      1.838     -5.321 4
 136   75     -1.827      3.667      1.851 4
 153  159      0.234     -0.936     -9.673 4
 180  133      0.457      5.961     -7.950 4
 177   99     -4.551     -7.813      8.191 4
 139  199      4.698    -10.015      4.089 4
 129   70     -6.367      8.774      4.424 4
 170  175      6.262    -11.210      7.869 4
 103  161      4.878      2.310     -4.009 4
 172  212    -10.785     -9.931      3.574 4
 159  209      3.528      5.959      8.370 4
 100  206     -2.805      5.101     -4.315 4
 162  210     10.481      2.732     -9.546 4
  32  202      8.268    -11.968     -3.849 4
  16  165      6.056     -8.224     -4.697 4
 152  152      3.351     -5.769      8.248 4
 189  186      0.712     -1.862     -4.375 4
 207  173     -8.878    -10.580      4.072 4
  -1  185     -0.425     -5.294     -9.617 4
  -1   -2     -4.077     -9.966      7.137 4
  45  160     -1.845      2.468     -0.436 4
  -1  151      4.904      9.817      6.730 4
 118  163    -11.697     -8.435      1.641 4
  -1   -2      9.313     -3.423     -2.044 4
 178  213     -0.448     -9.482     -6.533 4
  -1   -2      3.461      5.819     -9.199 4
 166  172      0.206      0.951     -9.912 4
 171   95     10.707      9.991      1.205 4
 187   89     10.494      1.645     -3.341 4
  -1   -2      9.803      5.534      0.694 4
 192  170     -2.476      4.214     -9.237 4
 182  123     -3.349      7.776      9.739 4
   7   93     11.556      6.526      1.548 4
 133  201     -4.401     -0.907     -8.811 4
  86  193     -4.512      7.973     -2.538 4
  -1   -2     11.952      5.162     -5.156 4
  -1   -2      6.057     11.174      9.822 4
 144   96      2.674     -2.247      6.800 2
 199  216      7.272    -12.109     -3.187 2
 107   -2      9.230    -12.219     -4.660 2
 200   48      4.112      3.965     -0.977 2
 186  169      5.233     -3.447      5.688 2
 176   -2      5.986    -12.297     -6.767 2
 210   -2      0.944    -10.360     -5.064 2
 205   -2     -8.909    -11.791      7.497 2
 181  214      3.333     -7.763     -9.266 2
 203  164      8.206     -0.929     -0.740 2
 158  208     -6.737      8.245     -7.255 2
 202  217     11.546    -10.839      4.771 2
  34  203     -2.568     -9.859      3.292 2
 212  218     12.299      3.573     -9.448 2
 213  219     -0.808      4.344     -8.642 2
 214  180      2.407      8.039     -3.738 2
 216  220    -12.527      1.257     -4.463 2
 217  221     12.852     -6.992     -2.808 2
