232
   4   32     -9.596     -4.376      6.519 4
   8    9     -5.235     -9.189     -4.541 4
  50    6      5.959     -0.326      9.545 4
 165   10     -5.326    -10.429      0.912 4
  37   37     -6.176     -0.281      1.975 4
  41   28     -5.844     -2.037      2.196 4
  18    0    -11.932      0.909     -4.549 4
  14    2     -2.198     10.741      7.687 4
  17   47      3.946     -0.533      0.777 4
  19   14     -7.079     -6.071     -2.674 4
  25   12      3.118     -1.382     -2.961 4
  81   36     -1.469     -5.313      2.873 4
 184   19      7.591     -3.890      6.809 4
 162   89     -3.197     -7.292     -3.142 4
   6   11      9.373     -0.574     -0.725 4
  43   88     -0.759     -7.589     -0.499 4
  31   20     -6.836      2.352      4.003 4
   0   87     -3.229     -6.169      9.828 4
  32    1      9.705     -1.582     -2.249 4
  30   18     -8.340      3.292      9.353 4
  20   38      7.048      0.429     -0.979 4
  26   27     -7.581      1.221      6.584 4
  28   29     -3.002      0.346      6.076 4
  -1   51      4.482      3.970      6.362 4
   7   21      2.991      4.540     -5.909 4
   1   42      4.589     -2.206     -2.921 4
  13   22     -6.503      3.608     -5.520 4
  16   23      3.007     -7.345     -6.911 4
 107   80    -10.690     -7.772     -2.368 4
  46   17     -3.334     -7.846     -3.324 4
   3   90      0.780     -5.093     -4.206 4
   9   62     -9.470    -10.447      6.313 4
  45    3     -6.107     -6.983      3.043 4
  61  212      6.701    -11.496      2.138 4
 158  177     -3.737      5.247      5.781 4
  35  146     -7.624     -5.223     -5.995 4
  44    8      4.321     -9.883     -1.110 4
  33   24     -8.127     -6.311     -7.187 4
  71  138      7.019     -5.796     -5.775 4
  47   15     -0.823      1.271     -7.514 4
  67   76     -2.322      6.296      4.128 4
   5   60     -6.626     -2.998      5.637 4
  94   16      6.619    -10.563      8.473 4
  78   30      8.832     -1.782     -2.944 4
  42   56     -8.193      0.074      3.814 4
  39   43      1.321      5.338      0.239 4
  24   53     -9.494      4.424      6.278 4
  60   49    -11.504      3.276     -0.446 4
  51   83     -7.394      5.221     -8.532 4
  27   31     -4.133      1.826      9.106 4
  75   84      0.878    -10.896     -3.874 4
 168   26      0.680     -3.287     -9.658 4
  48   46     -7.009      5.657      0.798 4
 133  142    -11.457      1.716      1.321 4
  92   78     -1.348    -10.812     -3.428 4
  70   71     -1.230      9.452     -6.940 4
  93   33     -3.084     -1.595     -7.694 4
 123   44      6.508     -2.607     -0.087 4
  53   64     -8.769      6.859     -7.926 4
 188    7      4.086      4.059      8.494 4
  63   34      5.773      1.399     -4.265 4
 135   -2     -0.058     -4.308      2.261 4
  10   13      9.022    -10.258     -6.390 4
  65  105     -3.571      4.329     -1.295 4
 102   59     -1.668      1.845      4.388 4
  91    5     -2.146     -5.681      4.064 4
 142   35     -2.461     11.593     -1.773 4
  59  109      0.594     -4.135      6.916 4
  68   54     -4.019    -11.654      0.790 4
  85   79     10.231     -8.400      5.254 4
  40   58    -11.479     -3.879     -0.646 4
  77   86     -8.480     -8.276      2.664 4
 136  174     -6.760      3.878      6.838 4
 202   50      1.214      2.592      7.239 4
  58   73     -8.746     -3.761     -0.880 4
 105   52     -8.627     -9.734      3.892 4
 100   65      7.612     -3.259     -5.599 4
 222   45     -1.107     -1.738      7.706 4
  86  100     -2.480     -2.888     -6.801 4
 186  199     -0.944     -1.440     -1.592 4
 104   66     -0.992     -4.182     -2.286 4
  11  157      0.491     -9.897     -4.583 4
 103   77     -5.665     10.043     -5.948 4
  -1  122      8.849      3.331     -9.588 4
  82  127      1.258    -12.006     -5.095 4
  83  117    -12.270      5.890     -3.562 4
  66   63    -10.936     -0.702      2.026 4
  54   97      9.619      2.447      5.143 4
 106  218      2.617     -0.720      6.461 4
 129  108      6.011      8.041      9.701 4
  36   91      1.012     11.449      8.962 4
  21  140     -1.751     -0.336     -2.903 4
  15   -2    -11.992     -2.187     -6.384 4
 128  155     -6.031     10.005      3.425 4
  62   57     -8.213     -6.646      1.490 4
  74   93      3.246      2.910     -9.863 4
 130  166    -11.542    -10.313     -7.658 4
  79  147     -9.142     -9.444      4.497 4
 127  115    -10.307     -3.392      3.703 4
  80  101      0.596      7.223     -2.885 4
  38   41     -5.813     -2.695     -2.734 4
 151  119      1.406      4.680      2.485 4
 116  162     -5.006      1.193      4.086 4
 217  121      9.804     11.653     -2.937 4
 148  165     -7.781     -8.925     -1.068 4
  22   72     -6.933    -11.137     -6.589 4
  55   48     -9.118     -1.345      0.077 4
  90   82     -3.117      8.242     -7.828 4
  52   -2      4.361      7.834     -3.486 4
 141   92      4.275     -3.849      5.387 4
   2  104     -2.004      1.121      2.545 4
 117   94     -5.531    -10.331     -7.773 4
 111   70     -5.920      1.683      0.393 4
  23  107     -1.637     -6.862     -5.963 4
 118  103      6.703      9.641     -7.615 4
 119   74    -11.754      5.539     -7.079 4
  97  116     -0.130      0.204     -7.672 4
  96  113     -2.718     -9.087      6.639 4
  87   85      2.100     -8.587      2.061 4
 225  114      3.702      0.306     -6.877 4
 139  120      0.858     -0.727      0.782 4
 181   81      8.587      6.240      4.231 4
 163  151     -8.992      0.529      3.705 4
  12  180     -2.120      6.237     -7.699 4
 137  164     -2.212      9.167      5.023 4
 120  161     -4.560    -10.394     -3.706 4
 147  125     -5.062     -4.881     -3.635 4
 101  153     -9.989     -1.801      4.823 4
 122  132     -5.948      8.584     -2.902 4
 125   98     -5.158    -11.193      1.178 4
 121  128      6.350     10.856     -6.482 4
 115   95     10.100      9.201     -4.551 4
 232  230     -5.429     -2.911      9.863 4
 124  169      4.917     -6.240     -9.146 4
 110  129      0.885     11.565     -2.397 4
  89  149     -9.789     -2.698      0.769 4
 108  188     -9.578     -3.266     -4.238 4
 126   68      3.841     -2.103      5.220 4
  64  137     -6.424      5.013      3.370 4
 227  167      5.553      8.571     -4.345 4
 134  126     -3.198      6.153     -1.411 4
  95  102    -11.225     11.186     -2.507 4
 149  123      8.440     -7.181     -1.147 4
 156  133     -6.298     -7.689     -2.864 4
  73  130     -2.197     -6.906      6.911 4
 159  118     10.545      0.207      3.148 4
  98   96     -4.351     -5.150     -0.026 4
  99   40      8.589      7.908     -3.998 4
  -1   -2    -12.203     10.910     -4.843 4
 228   -2     10.164    -11.396      1.496 4
 138  154      3.494      6.420     -2.816 4
 143  135     -3.963     11.448     -9.721 4
 132   55     -4.533      0.447      1.588 4
  84   69      1.082     -8.550     -6.536 4
  34  216     -7.403     -2.169      2.919 4
 160  178      4.932     10.732     -4.671 4
 178   61     -4.394     10.483      1.077 4
 195    4     -7.782      2.483     -6.464 4
 185  110     -6.709      1.594      9.028 4
 114  148     -4.980      5.906     -5.893 4
 112  179     -5.251     -4.479     -0.701 4
 172  124    -11.241     -9.426      3.834 4
  49  106      2.411      9.180     -6.640 4
 175  187     -8.114      4.610     -8.350 4
 153  152     -2.237     -9.465      4.467 4
 152  158    -10.327     11.191     -8.537 4
  -1  143     -1.991     11.878      5.548 4
 198  189      0.764      4.114      6.785 4
 161  204     -0.438      6.571     -3.828 4
  56   39     -0.509     -7.864     -6.561 4
 166   99     -8.790      9.259     -8.369 4
 109  168    -12.144      0.439     -6.753 4
 183  159     -9.668     -6.737      0.343 4
 194  190    -10.931      4.965     -9.166 4
 170  136      1.931     10.034      1.599 4
 211  175      7.770      8.092      9.413 4
 140  172     -4.959      6.344      8.681 4
  -1  145     -0.974     12.033      0.766 4
 199  221      3.164      0.051      8.539 4
 190  156    -12.026     -8.145     -2.122 4
 146  219      0.439     -9.006      3.993 4
 169  191     -1.962      4.630     -8.481 4
 180  176     -5.665     -3.261     -4.558 4
 174  170     11.549      7.288     -6.295 4
 191  194      0.571      8.183      9.094 4
 131  193     -9.412     -1.985      1.070 4
 144  134      7.680      8.714      6.904 4
  -1  184      1.373     10.514     -2.404 4
 150  220      2.555      6.123      4.135 4
 177  183      2.078     11.572     -6.669 4
 197  141      2.488     10.254     -0.179 4
 173  139    -10.913      5.140     -1.243 4
  -1   -2     10.508      7.796      5.166 4
 192  181    -11.084     -5.222     -1.363 4
 193  182      0.256     12.370     -6.751 4
 187  185     -7.363      0.766     -4.786 4
 154  203     -5.469     -0.169      6.920 4
 164  196     -3.829      4.822     -3.914 4
  29   25     -4.641      3.476      2.683 4
 157  213      5.526     11.118      9.289 4
  -1   -2     -8.823     10.561      2.814 4
 196  112      0.842      1.028     -9.598 4
 182  200      3.495     -7.769     -4.007 4
 209  201      1.107      4.238     -3.586 4
 179  197     -4.680      6.973      8.399 4
  88   67      8.912      5.220      0.757 4
 210  210     -5.870     -3.466      7.916 4
  -1  202      7.581     -1.611     -0.825 4
  -1   -2    -11.087      4.547     -0.035 4
  -1   -2     10.453    -10.406     -1.574 4
  -1  144      8.272     11.608      8.410 4
 203  209    -10.419      0.639      4.421 4
  -1   -2     -9.252    -12.049     -3.390 4
 167  211     10.148     10.917      6.338 4
 231   -2     11.334    -10.753      5.455 4
  -1   -2     11.708    -10.651      3.025 4
 207  223      5.823     -8.103     -9.314 4
  -1   -2      2.995      7.646     -9.893 4
  69  150      5.742      5.287     -7.334 4
  57  186     -4.399      3.153      9.367 4
 216  224     12.797      4.018     -2.513 4
 155   75     -2.888     -9.505     -6.645 4
 200  222     11.051      2.508      5.112 4
 226  228     -3.646     10.707      9.602 4
  76  217     12.505      6.220     -2.070 4
 113  195     -7.238     -4.696      1.594 4
 223  227    -11.888     -5.325     -3.449 4
 230  229     -0.097      4.212     -6.532 4
 220  225     12.526      1.070     -0.181 4
 221  226     -2.613      5.194      8.134 4
 233  231    -10.828      4.954     -4.512 4
 234  232    -12.597     -7.240     -5.448 4
