236
 170  145     -9.845     -6.624     -6.160 4
   4    9     -1.992     -0.975      3.594 4
  -1   -2      9.225      0.810      5.344 4
  48   58     -9.380     -7.673     -2.460 4
  14   15      7.942     -8.256      5.398 4
  42   19      7.315     -8.016     -3.589 4
  17   90      2.147     -1.902      2.611 4
  46   47      0.342     -4.072      0.125 4
  25   -2      6.547    -11.390      4.950 4
   1   28     -9.984     -7.667      2.668 4
  -1   51      7.092     -0.300      5.693 4
   5   12     -3.397     -0.585     -6.890 4
  59   70      7.873      3.032      3.080 4
  -1   -2     -0.678      3.990      5.597 4
   7  102     -7.720     -2.282     -0.016 4
  -1   -2     12.013      9.342     -1.857 4
  66   77     -7.637    -10.265     -8.992 4
  33    0     -1.047    -10.216     -8.857 4
   8   22     -1.337     -5.946     -2.819 4
   6   17     -2.359     -6.715      3.382 4
  26   18     -7.875      7.316      0.234 4
  12    8     -3.933     -5.805     -5.003 4
  51   65     -2.795      0.030     -2.358 4
  -1   -2      7.513      6.784      8.007 4
  54   98     -8.128      2.919      6.471 4
   9    7     -6.959      3.714     -3.123 4
 124   25      6.655    -10.466     -9.127 4
  -1   42      5.359     10.394      8.787 4
  19    1      0.579      5.039      1.943 4
  90    3     -5.655      4.284      3.703 4
  92  114      6.511      8.961      4.364 4
  -1   -2      6.746      5.832      4.895 4
 113  121      3.108      3.732      4.937 4
  83   78      6.994     -9.183      1.955 4
  18   40      0.349      3.255      0.687 4
  43   62      8.164      6.252     -1.994 4
  56  115     -3.616      4.072      5.649 4
  93   93     -5.051     -3.969     -3.742 4
  49   74      7.456     -5.173      5.097 4
  72  132     -2.580     -0.974      6.244 4
  30   14      0.402      2.074      1.381 4
 151  185      1.501      0.861     -1.096 4
  24   61      1.069     -4.515     -7.096 4
  44  129     -7.086      5.944      8.629 4
  52   33     -5.414     -9.879      5.527 4
  29   59     -4.690     10.937      8.621 4
  67   53     -6.370      1.488      1.003 4
 105   -2      0.951      0.388     -7.991 4
  68  172      8.561     -4.738     -2.488 4
  -1   -2      4.808      6.239     -7.860 4
 110    2     -9.945     -4.710     -2.034 4
  15    4    -11.551      1.366     -3.795 4
  35   44    -10.035      2.546      3.594 4
  -1  127     -2.332     -0.006      2.733 4
   3  143      0.183     -3.075     -0.414 4
 164  110      3.757     -7.193     -1.393 4
  21   32     -1.065      2.263      2.682 4
  74   66      2.784      8.968      0.439 4
  91   20    -11.363     -6.529     -4.028 4
  27   13      4.394     -6.600     -2.255 4
  78   35      7.352     10.151     -1.798 4
  34   84      6.959      4.962     -4.070 4
  11   16     -6.864    -10.457     -3.682 4
 117  141      9.502      9.401     -5.571 4
  -1  142     -7.316      4.593      1.788 4
  13   29     -4.535     -6.926     -7.032 4
 116   10      3.583      0.073      6.199 4
 120   72      9.345      7.168     -8.258 4
  28   57     -2.692    -11.010      8.019 4
 181   73      5.685     -1.151      4.226 4
  86  123     -2.578      9.841      2.025 4
  22   75      5.652     -5.611     -1.155 4
  62  126      1.943     -9.633      3.948 4
  63   43     -5.440     10.321     -8.095 4
  82   79     -5.701      7.708     -8.503 4
  85   96      2.357    -10.610      4.562 4
  -1  135     10.732      5.754     -0.477 4
  80  108      1.244      0.972     -2.790 4
 138   36      0.926      8.401     -4.226 4
  39  118     -7.505      1.498      2.234 4
  16   92     -3.944     -2.314     -0.851 4
  -1   -2     10.392      1.714      4.215 4
  10  119     -5.707     -3.234     -0.477 4
  75  104     -8.248     -1.044      1.408 4
  61  165     -0.207      9.094     -5.671 4
  -1   60      3.328     11.219      6.525 4
  50   52      6.726     -9.495     -9.887 4
  40  120     -0.361     -7.187      4.750 4
   2   23     -6.314     -1.544     -1.757 4
 112  146     -2.160      9.223     -4.488 4
  71  112     -9.566    -11.100     -8.560 4
  47   64     10.075     -2.286     -3.795 4
 108  162      4.206      4.158      1.734 4
  96   80     -9.594     -5.164     -4.032 4
  -1  160     11.360      9.890      2.653 4
 128  134      1.355      1.452      8.576 4
  97  116      3.813     -7.646      0.439 4
 201  100      1.416     -6.438     -4.157 4
  -1   -2      2.719     -0.470     -5.277 4
 140  169     -2.290     -8.192      4.523 4
  37   86     -1.335     -8.521      4.648 4
 185   46      7.904     -2.728      1.739 4
 159  144      2.260    -10.373     -3.338 4
  98   97      9.312     -4.237     -9.068 4
  65   83    -11.868     10.281     -2.189 4
  88   48    -10.403      6.504     -7.921 4
 234  213     -5.910      5.108     -4.704 4
 172   50     -4.275      3.598     -8.011 4
 119   21     -1.695     -0.259     -8.805 4
  -1  161     12.189      5.283     -4.370 4
 104   69     -6.375      7.026     -8.956 4
 123   91     -9.461      8.746     -6.441 4
 193   37     -2.529      5.421     -4.112 4
  45  113      2.176     -6.941      0.218 4
 111   89      1.070      6.485     -2.159 4
 137  122      8.359      9.878     -7.187 4
 153   39     -7.625     -3.791      1.258 4
 161   95     -8.862     -2.898     -4.023 4
  31  139     -5.455      2.187      6.369 4
  53  188      8.636     -0.040     -3.031 4
 166  157      7.183     -2.797      2.032 4
 131  136     -7.326     -7.273     -2.412 4
  94  103     -8.014     11.313     -1.418 4
  57  105      1.359     -2.236     -1.424 4
 183  211      1.396     -9.051      4.662 4
  60   31      8.779     -5.471      1.010 4
  -1   -2     10.251    -11.874     -9.052 4
  -1   85     -7.320      5.305      8.356 4
 192  191     -1.005      1.527      6.912 4
 142   11     -4.266      4.824     -7.516 4
  32  106     -3.594     -3.687     -8.146 4
  84   30      1.579     -1.925     -1.588 4
  73  176     -2.589     -2.154     -6.749 4
 150  171      9.790     -7.876     -2.172 4
  58  170     -5.871      1.281      3.613 4
 122   56     -5.347      6.184      6.800 4
  81   63     -4.602     -4.640      4.338 4
  -1  150     12.073      4.021     -6.145 4
 187  173      6.593      7.595     -6.616 4
 156  163     -9.753     -8.502     -8.394 4
  -1   -2      6.963      7.267      3.934 4
 160   87      1.433      2.771      4.881 4
  -1   -2      2.718      8.896     -8.442 4
 176  149     -0.092      6.163      5.557 4
  76  166      4.434      1.344     -5.686 4
 144  117      1.185      7.608     -9.037 4
 155  198     -1.483      6.955      9.788 4
  70   99      3.606      5.730     -5.310 4
 184  212      3.129     -8.053      7.366 4
 141  152     -7.605     -1.147      3.595 4
 169  182    -11.449      2.279      2.497 4
 145  203     -3.372      8.925     -8.210 4
 175  153     10.267      0.728     -8.140 4
 102  178     -7.342      1.326     -2.136 4
 106  167      8.087     -3.249     -4.286 4
 115  130     -6.424     -5.985      4.211 4
  -1   55      6.726     -1.479      6.215 4
 114   24     10.870     -0.221     -8.802 4
 125  158      2.092     11.718     -4.663 4
 173  210    -11.553      4.983     -5.482 4
  95  151     -7.181      3.032     -9.420 4
  -1  184     -2.362      2.243     -6.033 4
  79   81     -2.319      9.796     -1.537 4
 135  175    -11.189      5.184     -2.538 4
 190  215      7.857    -11.845     -3.275 4
  89  131     -5.025     -2.897      8.818 4
 167  133     -8.385     -7.805      5.307 4
 163  190      6.065      6.715      2.552 4
 182   54      8.788     -1.235      1.071 4
 154  154     -5.254      1.951      7.949 4
 148  181    -11.076     -1.854     -5.556 4
 232  138     -9.091      4.495     -7.737 4
 158  180     -7.527     -6.949     -1.964 4
 130   67     -1.941      3.581      3.047 4
  99  147     10.783      2.975     -0.469 4
 143  192      2.131      7.517      7.035 4
  -1   -2      2.461    -10.921     -4.643 4
 203  205      8.799     -7.011      8.007 4
 174  179     -6.709      0.823      6.901 4
 157  148     -0.147     -7.584      6.053 4
 136  101      7.523      1.712     -4.141 4
  -1   -2      9.176     10.687      4.386 4
  -1   -2     -4.334      0.423      7.864 4
  -1   -2    -11.297    -10.415     -5.344 4
  -1   -2      5.925      7.892      5.564 4
 189  214      2.410      8.898      4.350 4
 215  220      3.414     -6.851     -4.102 4
 196  217    -10.317    -11.731     -0.756 4
  20   -2      5.179    -11.466      9.564 4
  -1   -2     -5.573      4.857     -4.717 4
 217   45      5.501      4.080     -6.714 4
 179  194    -10.314     -3.314     -0.724 4
  36  187     -1.652     -4.679      9.434 4
 171  209     -0.573      7.233     -5.552 4
 194  216      5.938     -1.039      5.706 4
  -1  200    -10.628    -11.101      3.460 4
 204  196     -8.803     -6.913      2.312 4
 195   -2     -5.524    -12.125     -3.932 4
  -1   -2     -0.307      1.005      2.022 4
  -1   71     11.632     -3.560     -2.079 4
 207   -2    -11.319      0.705      2.933 4
 221  201     -3.121     -1.639      2.335 4
  -1   -2     10.935      2.795     -7.866 4
 219  124     -6.857      6.666      4.988 2
   0  206     -1.808     -5.236     -7.193 2
 126  207      1.338     -9.422     -6.548 2
 146  186     -2.816      5.783      8.467 2
 162  140     -4.439      3.516      9.162 2
 218  155     -8.106      4.954      0.822 2
 180  168      7.593      3.390     -9.142 2
 101   -2      4.754    -12.123      0.160 2
 212  219     -3.187     -1.770      0.993 2
 133  174     -3.005      4.319      2.323 2
  87  199      3.167      7.070      3.324 2
 121   49      2.272      4.097     -0.464 2
 198  228     -1.607      6.986     -7.437 2
 225  222    -11.250      9.453     -9.671 2
 235  227    -12.298      1.165     -6.780 2
 206  218      4.189      4.067     -9.599 2
 233  226      4.314     -2.222     -8.489 2
 202   68      9.410      8.239     -2.385 2
 224  204      7.153     -9.425     -3.116 2
 223  111      1.551     -9.649     -9.653 2
 188  195     -2.507      0.397      0.493 2
 149  177      1.073     -4.408      1.053 2
 227  223     -5.852     -6.330      2.992 2
 236   -2    -12.091      3.237      2.147 2
 191   -2     -7.679    -10.933      9.957 2
 228  224    -12.007     -8.486      2.380 2
 139  208     -7.599     -3.037      5.224 2
 208  125      8.968     -4.850     -8.250 2
 222  221    -12.227     -4.913      0.986 2
 230   -2    -11.095    -12.438     -6.252 2
 231  225      8.102     -4.442      8.990 2
 214  183      9.601     -0.397     -3.743 2
 237  189     -8.904     -8.182     -4.544 2
