249
   4   18     -2.318     -2.768     -3.066 4
  33    0      2.878     -3.226      0.594 4
   0    7     -5.656     -9.068     -9.761 4
   1   11    -11.212     -2.275     -5.840 4
 159    1    -10.211     -7.333     -0.989 4
  -1   37      5.931    -10.437      9.716 4
  13  107     -5.293     -6.245     -2.360 4
  14    5      2.190      5.108     -5.653 4
  -1   25      5.628     -4.956      9.182 4
  32   23      4.717      1.213     -5.870 4
  15   16     -9.921      3.730     -1.137 4
  29   86      9.243     -8.174      7.346 4
  46   21     -4.927     -1.931      3.083 4
  40    2      5.040     10.534     -4.872 4
  31   14     -5.201      9.307      4.278 4
  97   92      4.023     -7.853     -6.234 4
   2    4     -5.095     -4.162      6.240 4
  11    8     -9.379     -0.315      7.209 4
   9   30      0.841     -1.500      6.377 4
  51   46     -5.617     -0.107      7.715 4
  39   22     -5.044      4.084     -6.822 4
 123   76      4.670     10.125     -2.681 4
   5    3      2.351     -1.513     -0.875 4
  -1    9     -1.619     -4.296      9.926 4
  18   35    -10.266     -4.034      0.145 4
  21   61      2.566      3.509     -6.595 4
  10   29     -2.319     -4.487     -2.612 4
 121   31     -6.041      0.583      4.918 4
  79   50     11.823     -4.054     -2.054 4
  52    6      3.045     -5.428      7.122 4
  35   17     -1.354      3.872     -9.662 4
   6   28    -10.740      2.310     -0.336 4
  20   34      0.731      1.526      8.638 4
  60   52     -0.293    -11.249     -3.092 4
  19   45     -0.752      2.428      5.825 4
   7  233      0.247    -10.054      9.565 4
  41   27      8.508     -9.907      8.761 4
  83  208      8.880     -3.281     -5.396 4
  67   20    -10.651      0.515     -3.969 4
 219   67      2.292     12.190     -7.346 4
  16  172     -3.474     -0.477      5.020 4
  25   60      6.715      0.596      2.767 4
  89  110      1.690    -11.902     -7.103 4
  53   71     11.288      3.051     -0.765 4
 106  152     -1.292     11.106     -7.706 4
  77  103     -9.862     -5.211     -0.291 4
  49  148      0.098     -8.180      2.557 4
 100  139    -10.797     10.052     -3.139 4
  -1   33      7.526     -4.887     -1.610 4
  44  113     -8.060    -11.061      6.601 4
  48   70     -2.321      9.107     -0.013 4
  70   38     -6.665      5.794     -6.356 4
  43   48      7.612      6.140     -4.459 4
  23   74     -7.487     -1.424      4.895 4
 146   36      5.137      5.682     -0.394 4
  81   77     -1.777      8.432     -4.177 4
 116   41     -7.340     -2.673      0.715 4
 198   68      5.765     -8.954     -3.623 4
  73   24      3.695     -5.575     -3.125 4
  66   58     -1.722     10.559     -7.640 4
  42   43     -5.433      2.454      9.939 4
 168  132     -9.749      3.650     -8.038 4
  92   83     -0.301      8.970     -7.315 4
  59   69      1.752     -1.608     -4.849 4
 217  133      0.573     -4.796     -4.482 4
 134   12     -2.948      5.497     -1.609 4
  26   93      2.981     -0.979      5.802 4
 135  131      2.797    -10.028     -8.172 4
  65   97      7.314     -0.534      4.469 4
  58   47      8.164      3.725      3.508 4
 201   49     -7.856    -10.113     -4.245 4
  78   73     -8.699     -7.618      0.415 4
  93   72      3.713      7.879     -4.733 4
  76   96     -8.247    -10.126      3.259 4
 214   56     11.996      3.049     -5.481 4
  98  101    -10.974     -0.068     -5.915 4
  27  212      7.983      1.110     -3.969 4
  50   63      3.524      6.585      9.864 4
  71   75      9.096      2.059     -8.612 4
 191  190      5.427      0.822     -1.143 4
 105   80     -6.703     -4.198     -4.783 4
  55  106      1.506     -0.920      4.378 4
  96   81      1.495      5.594      5.601 4
 103  104      6.009     10.316      6.852 4
  75   62    -10.912    -11.668     -8.392 4
 126   13     -8.137     -8.152      1.608 4
 162  100     -4.092     10.531     -8.236 4
  30  157     -4.345     -8.900     -3.563 4
 107  154      1.060      7.187      0.329 4
  87  112    -10.349      4.741     -6.098 4
 104   53     -9.612      9.930     -1.576 4
  54  206      1.438      3.084      4.587 4
 124  147      4.765     -8.261      2.446 4
 108   39     -3.055     -6.084      0.937 4
  84   66    -11.649     -7.807     -0.633 4
  94   57      8.403      7.079      2.794 4
  -1   64     -3.348     -8.391     -9.665 4
  36   55      5.873     -2.290     -8.066 4
  69   82      9.610     10.690      1.066 4
  85  174      1.079      6.781     -5.610 4
  34   40     -6.378     -8.318      3.213 4
  12   98      9.574      0.555     -1.709 4
  38  234     -1.068     -8.260      3.438 4
  45  149     -1.905      6.452      2.374 4
  62  203     -3.348      1.211      3.771 4
 117   26      2.260     -6.490     -5.271 4
 130   65     -7.304     -8.536     -8.940 4
  82   89      7.333     -8.313     -8.673 4
  28  213      4.443      2.678     -0.678 4
 128  122      1.424     -7.468      1.246 4
 150  138     -4.520      7.207      3.613 4
  -1   -2      3.412      3.280     -4.545 4
 133  111      6.894      7.277      8.832 4
 166  116     -1.742      4.717     -4.191 4
 111   19      7.909      6.424      8.346 4
 145  151      5.050     -9.412      1.893 4
 112   91      8.283      6.192     -8.206 4
  74  129     -1.262      4.641      7.667 4
  -1   94     -6.719     -4.435     -0.488 4
  80  114      7.779     -6.247      0.594 4
  68   44     -1.466     -2.633      9.318 4
 148   90    -10.040     -1.808      2.647 4
 224   51     -8.693     -2.818      5.920 4
 115  165    -10.827     -2.838     -9.675 4
 163  105     -1.588    -10.902     -8.782 4
 139  124      2.806      6.168      2.555 4
 156   42     -2.191     -7.830     -1.985 4
 102  118     -4.459      1.746      7.410 4
   8  159     -6.708      2.846      1.582 4
  64  136    -11.401     -5.073     -2.258 4
  61   32     -1.717      0.972      0.660 4
 222   85     -1.050      2.363      0.698 4
   3  202      1.368     -5.163     -5.120 4
 247  108     -7.548    -10.225     -1.209 4
 169  193     -2.097     -7.519     -5.297 4
 157  179     -4.441      0.453     -4.068 4
 172   79     -2.063    -11.388     -1.871 4
 127  121     -9.853     10.701      3.127 4
 109  173     -7.880    -10.814      5.038 4
 140   99     -9.263      6.820     -9.847 4
 207   -2     11.007      0.388     -2.976 4
 114   78    -11.059      5.500     -3.044 4
 131  128     -7.045      7.769      1.870 4
 238  134      2.228     -4.866     -0.952 4
 160  164    -11.544     -9.865     -6.149 4
 122  141      8.076      3.015      1.844 4
  91  162     -4.264     -3.308      3.330 4
 153   -2      6.473      0.636     -8.040 4
 161  204     -1.393     10.992      1.945 4
 199  188     10.253      2.497     -3.401 4
  37   87      5.374     10.280      0.884 4
  72  235      0.051      2.216      8.912 4
 120  135     -7.583     -3.134      1.628 4
  22  161     -7.736     -4.754      7.443 4
 241  196     -2.052    -11.403      6.084 4
 235  140     -4.137    -10.831     -2.816 4
 213  241      2.303      2.888      7.150 4
 216  119     -3.771     11.707      1.193 4
 192  201     -6.855     11.046     -0.224 4
 181  181      0.019     -8.792     -0.139 4
  17  229      0.914     -0.844     -5.861 4
  63  194     -0.635      8.292     -7.544 4
 125  168     -6.691     -5.970      2.011 4
 144  153     -8.660      9.539     -6.650 4
 118  155     -3.404      2.740     -4.354 4
 142  127      7.776      6.922      5.259 4
 154  156      1.352     10.139      5.600 4
 129  150     -3.934     11.056      4.261 4
 202  185     -8.342     -1.063      4.903 4
 177  200      2.219     10.949      5.824 4
  -1  205     -9.906     -7.612     -0.740 4
 197  217     -0.542      8.066      8.601 4
  47   -2     -7.774      2.812      7.142 4
 179   -2      7.060      4.315      7.968 4
 151  120     10.184     -5.074     -9.522 4
 167   -2      5.822      4.522     -0.421 4
  -1  115     -9.358     -4.438      4.463 4
  56  175     -8.030     -3.502      1.234 4
 110  209     -6.628     -3.592      3.662 4
 164  170    -10.293    -10.302      4.766 4
 138  144     -6.335     -8.449     -5.517 4
 173  192     -3.555      9.045      1.632 4
 171  176     -6.547      7.825     -6.498 4
 189  207     -2.892     -1.457      3.100 4
  90  117     -2.767     -3.727      8.396 4
 183   15     10.134     -6.510     -1.305 4
 174  178    -11.957     10.374     -4.800 4
  99  130      1.503      7.395      7.474 4
 180  169     -9.575      4.867     -5.220 4
 221  109      1.606    -12.191     -5.242 4
  24   10      6.029     -7.502      8.608 4
 158  183     -3.271     -5.319      0.259 4
 137   88     -0.955      2.789     -1.925 4
 113  189     -1.349      4.329      8.016 4
 184  199      7.324      9.140     -4.537 4
 175  166     -5.300     -7.896     -2.685 4
 188  191      0.659     10.048      8.831 4
 176  186     -5.945      3.559     -6.902 4
 200  184      4.941     -2.978      6.543 4
 209  145     -7.973     -3.218     -3.297 4
  86  218     -7.770    -11.549      4.458 4
 210  146     -7.664     11.718     -2.886 4
 194   -2     -3.381      0.922      9.646 4
  95  143     -0.267     -6.146      9.835 4
 152  238     11.169      7.946      3.774 4
 203   59      1.723      8.118      6.447 4
 170  180     -4.954      2.073     -5.524 4
 212   54      7.326     -5.106      6.992 4
 187  195      8.685     -1.204      5.893 4
  -1  211    -10.629     -2.575      4.583 4
  88  230      4.051     -6.720      9.472 4
 225  216    -12.351     -7.281     -0.744 4
 239  243     -4.170      7.438      4.046 4
 208  177      4.563      3.331     -4.624 4
 182  220     -9.845     11.317      1.005 4
 206  182     -4.919     -0.815      1.590 4
 218  215    -11.117      3.942     -6.040 4
 204  219     -9.983      7.898      5.532 4
 244  197      2.030      3.403     -9.215 4
  57  137      0.131     -9.357     -3.297 4
 147  237      4.251     -4.715      2.011 4
  -1   -2      5.695      0.374     -7.118 4
 226  214     10.978      0.245     -5.936 4
 227  222     -5.197     11.085      0.155 4
  -1   -2    -12.400     -6.709     -4.175 4
 246  246     -2.783     -1.248      7.591 4
  -1   -2      0.056      9.817     -6.318 4
  -1   -2      2.406     -7.143      7.326 4
 193  225    -10.936      0.481      1.808 4
  -1   -2    -11.724      4.158     -5.726 4
  -1   -2     11.371    -12.493     -9.807 4
 237  171      5.169     -8.720      8.740 4
  -1  228     10.419     10.971      9.960 4
 215  242     -7.571    -11.970      1.179 4
  -1   95      6.851     11.892      5.545 4
  -1   -2     11.744    -11.828      1.349 4
  -1   -2     11.171     -5.990     -1.328 4
 141  236     -8.054     -5.053     -6.083 4
 240  244      9.513      8.179      8.790 4
 190  240     -2.282     -3.223     -1.607 4
 186  167     -5.924      2.875      3.856 4
 149   -2     11.978      5.835      2.831 4
 242  142      4.749      7.394      0.455 4
 195  125      5.690     10.544     -7.681 4
 178  239     -1.697     -8.594      4.199 4
 185   -2     12.234      7.203      1.401 4
 245  245    -10.088     10.414      9.743 4
 248  247      5.086     10.604     -8.385 4
 249  248    -12.707     11.436     -1.179 4
