244
  51   33     -2.903     -5.005      3.944 4
 189    8     -2.901     -9.338     -2.547 4
  54    5     -0.263     -7.310     -3.929 4
  23   20     -9.899     -0.077     -3.378 4
   4   12     -4.511      7.022      4.014 4
  15   35     -0.696      3.573      2.937 4
 126   47      1.616    -10.419      0.147 4
  58   32     -0.659      6.200      0.532 4
  64   76      0.358     -4.722     -0.457 4
  33    6     -5.522     -4.391     -3.645 4
  13   13      0.011     -1.921      1.765 4
  20   15     -3.381     -7.151     -1.589 4
   0   42     -6.032     -5.704      7.876 4
  -1   21     -0.861     -6.689     -9.917 4
  30  176     10.701      2.887     -3.431 4
   5    4      8.486     -1.102     -9.599 4
 118    2      0.150     -5.420     -1.402 4
  76   18      3.396      4.332      7.128 4
 121  143     -6.361      5.556      1.847 4
  -1   -2     -0.545    -11.568      4.463 4
   9  214      7.624    -10.958      9.196 4
 124  128     11.110    -10.006     -7.407 4
  55   69      1.050     -0.364      6.149 4
  62    1      1.668     -4.998      9.139 4
  67   25     -2.188     -8.317     -8.032 4
  16   41     -9.671      3.973     -5.208 4
 104   31      6.256      5.902     -3.663 4
  70   24     -7.582     -4.946     -4.903 4
 140  101     -9.216     -3.015      3.178 4
 117   85      3.485      2.121      5.534 4
  50   38     10.629     -9.274     -1.446 4
  56   16      1.974     -3.421      8.459 4
  22   30      4.949      3.519     -4.465 4
  68    0     -5.779     -5.184      4.272 4
   1   83      0.387     -3.710     -1.763 4
   8   46      4.214     -1.526     -4.306 4
  52   14     -3.344     -5.807      6.467 4
 103   52      1.751      7.381     -6.040 4
  -1   28     -9.249     -4.645      0.890 4
 141   79     -3.200    -11.391     -1.792 4
   2   22    -10.744     -2.709     -5.176 4
  28   99      6.024     -6.452      1.881 4
  89  129      0.401      9.412     -6.712 4
  11   55      4.681     -4.859      6.711 4
 125   91      5.236     -4.398      5.642 4
  79  170      5.785      2.021     -5.394 4
  -1   87     -4.144     -5.440     -9.924 4
 174  120      3.904      0.155      8.131 4
  74  134     -5.848     -4.178      1.364 4
  80  111    -10.526      3.248     -5.239 4
  34   72     -0.313     -8.647     -0.682 4
  14   45      5.894     -4.282      0.815 4
  45   80      5.432     -9.673     -6.838 4
  32   50      0.444     -0.807      1.838 4
 148  162      7.739      8.304     -3.909 4
  60   89      4.118     10.359     -6.727 4
  29   11      9.303    -11.390     -3.534 4
  57   64      0.109     -9.043     -8.963 4
  21   40     -2.997     -0.054      7.813 4
  37   93     -3.417      3.042     -5.445 4
 160   94      9.811      9.079     -2.652 4
  24   59     -5.081     -5.673      0.020 4
 188  203    -11.484      9.578     -3.857 4
  92  108    -10.972     -8.108      0.610 4
  42   49      5.444     -0.114     -0.207 4
  48  103      6.030      0.336      7.156 4
  -1    3     -0.888     -7.006      9.943 4
 218   71      2.477     -9.483      9.472 4
  49   26     -8.390     -1.293      7.913 4
 184   74      3.447    -11.742     -4.229 4
  78   36     -1.264     -3.614      4.074 4
  93   78     11.429     -9.156     -6.550 4
  43  138      0.780    -11.698     -2.224 4
  59   84     -5.261     -9.870      3.604 4
 105   86      7.786      4.924      1.634 4
 127  221     -7.753     -8.709      0.855 4
 136  106      3.638     -1.625     -9.656 4
  77   44      4.313     -5.106     -3.513 4
  94   63     -1.186     -0.295      9.720 4
  61   75      6.978     11.346     -4.034 4
  47   10      3.718    -10.929     -5.752 4
 131  188      4.802      1.090     -8.100 4
 195  186      7.624     -9.031      6.697 4
  84   96      1.753     -9.644     -2.177 4
  85  139     -7.394     -9.604      2.093 4
 114  105      6.664     -5.757      6.561 4
 130   95     -7.085     -8.014     -7.497 4
  65   17      0.029      8.941     -6.544 4
  35  167      1.073    -11.157      2.428 4
 159   58      8.762     -0.401      0.903 4
  75   54     -5.135      5.851     -7.984 4
   7   27      0.908      0.526     -0.674 4
  87   56      7.044      6.602     -1.731 4
  66  117    -11.027    -11.275     -7.448 4
  83  104     -2.726      8.705     -6.963 4
 101   43      8.269      6.190      6.812 4
  63   39     -0.729     11.872     -7.643 4
  39   -2      9.587    -11.338      6.028 4
 100  121     -9.413     -7.676      0.114 4
 180  181     11.655     10.351     -7.708 4
 122   66      6.446      3.605      9.421 4
  19  132      3.481     -4.879     -2.906 4
  18  126     11.515     -3.506     -2.710 4
  99   37     -7.491     -3.913      6.550 4
 144   48     -1.240     -7.615      1.740 4
  38  122      1.428     -2.182     -8.842 4
 106   61     -8.818      8.838     -0.883 4
 156   60      3.527      5.204     -4.408 4
  12  114      0.490      3.306     -2.920 4
 149   34      2.978     10.504      3.549 4
  -1  107      7.273      2.421      9.946 4
  25   77     -5.156     -8.654     -8.138 4
  40  215      0.562     -7.328     -9.600 4
  95  145     -9.124      9.055      3.344 4
 116   67      2.745      0.607      8.582 4
  10  146     -3.685      1.369     -7.056 4
  31  179     -8.745     -5.831      0.588 4
 129  222     -1.782    -12.053     -4.126 4
 123  135    -10.122      9.378     -2.264 4
  91   97     -2.625     10.760     -8.749 4
  17   81     11.038    -10.836     -0.166 4
 146   23      6.823      1.305      9.726 4
 113  159      7.192      2.178      1.347 4
 169  110      5.101      1.007     -8.178 4
  26   82      5.531     -2.350     -3.268 4
 139    7    -10.896     -5.409     -1.231 4
  73   92     11.141      3.907     -7.066 4
 102  154     -7.760      8.441     -5.361 4
   6   53    -12.253      3.437     -5.001 4
 161   57     -2.350     -1.033      4.469 4
  90   19      8.582     -0.354     -4.696 4
 167  227     -6.335     -4.551      2.241 4
 170  100     -3.960     -3.971     -9.237 4
  69  217     -0.290    -10.255     -7.286 4
  97  165      3.958    -10.869      4.871 4
 202  235     11.627     -5.423      1.176 4
 109  130     10.399     10.087      2.630 4
 110  173    -11.320     -9.750     -4.691 4
 120  158     -4.462      2.584     -5.635 4
  36  187     -5.250     -1.255      5.436 4
 115  219     -5.445      4.871     -5.049 4
  88  127     -2.328      8.961      1.056 4
 211  140     -5.291      6.816     -5.184 4
 108  199     -5.841     -8.056     -3.973 4
 151  149     -5.710     -7.455      2.528 4
 163  171     -5.712      8.966     -0.118 4
 154   51     -2.137     -2.706      5.726 4
 157  174      2.998      7.251      6.030 4
  27   65    -10.422      4.928     -2.479 4
 111  150     -9.275      2.506     -0.800 4
  98  144      4.916     -6.699     -3.845 4
 205  102      1.389      6.664     -6.147 4
 142  153      0.021     -8.237     -0.476 4
 158  148     -5.466     11.673     -1.082 4
 147  155     -2.363     -0.324     -3.032 4
 112  116      1.375     10.093     -9.401 4
 183  157    -10.400     -0.738     -5.124 4
 175  177     -7.440     -2.488      5.590 4
 166  131      0.483      6.894     -3.169 4
 119  220     -2.984      8.688      3.916 4
 138  136      0.126      7.913      2.279 4
 200  151     -9.250      9.624      1.431 4
  53  216     -7.658    -10.302     -2.604 4
 162  180      4.807      8.938     -0.312 4
 107  115     -3.882      4.917      3.540 4
 128  133     10.593     -1.175     -6.654 4
 165  141      7.857      1.436     -3.533 4
  -1  168      1.969      7.581      8.415 4
   3  119      8.788     -3.092      0.855 4
  -1  142     -3.569     11.963     -9.850 4
 186  195     10.355      5.960     -3.432 4
 232  169      7.020      8.155     -7.331 4
 135  172     -2.660      9.525     -9.126 4
  -1  160     -2.223      6.362      1.827 4
 192  112    -10.265      1.416     -0.026 4
  71   68      1.033     11.720     -9.442 4
 185  183      8.938      6.884      5.017 4
 181   -2     -3.032      1.205     -4.497 4
  -1   -2     11.534     -5.717     -0.460 4
  41  109     -9.153    -11.310      5.190 4
 143  224     -8.354     -5.588      5.069 4
 228  238     -6.734     -4.683      1.891 4
 176  182     -6.478      0.725      2.061 4
 231  240     -5.599      0.924      4.275 4
  81  201    -11.150     10.404     -9.412 4
 134  164     10.232      8.645      3.917 4
 153  152     -6.963    -11.333     -0.535 4
 193  230      2.255      8.338     -5.281 4
  -1  191      6.034     11.944     -5.355 4
 194  231     -3.924      8.804      0.117 4
 190  190    -10.597     -3.644     -9.048 4
 182  166    -12.022     -7.359     -1.846 4
 208  196     -3.512      5.131      3.996 4
  -1   -2      8.572      2.723     -9.962 4
 132  137      4.834    -10.287      6.948 4
  -1  197      6.984     -3.202     -9.903 4
 196  185      3.945      7.869      6.257 4
 171  207     -3.898     -8.622     -1.886 4
 219   73      7.354     -1.380      0.857 4
 198  232     -3.792      8.626      0.054 4
 207  192      9.551      7.043      6.336 4
 178  147     -9.080     -8.056      0.196 4
 152  175      3.263     10.814      6.160 4
  44  161      1.503    -11.075     -2.892 4
 164  125     -1.344     -6.872      1.166 4
 179   29     -1.184      1.635     -3.260 4
 197   62      6.847     -9.129     -5.357 4
 177  124     -0.444     -3.238     -9.019 4
 212  202    -10.845     -7.170      3.653 4
 220   -2     -1.048    -12.128     -0.871 4
 216  212    -11.153     -9.266      2.831 4
 145  206      7.723      0.847      0.664 4
 206  205     -2.737     10.543      3.858 4
 191  211    -10.552     -0.563      2.535 4
  86  218     10.183     -3.862     -6.454 4
 225  156     -1.391      2.778     -0.494 4
  -1   -2     10.020      9.622      0.089 4
 215   98     -6.152     -2.928      7.540 4
 213  209     -9.786     -3.206      6.025 4
  -1   -2    -10.404      7.115      1.085 4
 217  193     -6.739     10.515     -2.142 4
  -1   -2      7.342     -7.131      3.700 4
 150  225     -7.113    -11.767      3.705 2
 229  194      6.628     -9.071      1.854 2
 137  223      2.978    -10.650      0.735 2
  46  200      5.309     -7.067      0.257 2
 222  236     11.123     -6.620      5.739 2
 201  234     -8.987      5.045     -8.621 2
 227   -2     -0.265    -11.620      3.852 2
 221   88      2.875      3.444      1.352 2
 187  204      5.087      2.027      3.040 2
 203  198      3.551      4.924      6.423 2
 233  241      0.960      5.686      7.972 2
 199  233     10.752     -4.625      4.636 2
 155  226     11.391     -5.900     -8.663 2
 224  237     -4.095     -1.482      8.366 2
 237  243     -6.792     -3.823     -2.453 2
 223   90      3.817     -0.125      5.021 2
 168  228     -9.252      2.534     -6.965 2
 230  239      0.138     -5.144      8.234 2
 236  242     -3.680     -3.717      3.821 2
 238  244      7.959      8.436     -6.571 2
 239  208     -8.738      4.155     -4.376 2
 240   -2     11.752     -0.044      7.196 2
