232
  52   20      0.463     -2.714      4.034 4
   3    2      2.748     -1.427     -1.691 4
   9   25    -10.474     -3.805     -3.361 4
  24   68      6.639     -5.300      5.610 4
 157   -2      9.366     -4.853      7.245 4
   8    5      1.183     -0.300      1.466 4
  25   14      4.278     -2.370     -6.254 4
 154  210     -1.423     -8.866      4.820 4
  49   38      4.899      7.693     -2.262 4
   5    3      9.388     -7.009     -6.788 4
  63   39      8.614      2.199      2.640 4
  15   10     -7.547     -9.572      2.253 4
  10   42     -0.075      1.197     -3.693 4
  21   51     -1.157      6.697     -8.599 4
  17   49     -8.730      0.327     -0.170 4
   6   18      4.485      2.860      3.052 4
  13   19      1.803      5.978      7.717 4
 113  144     -0.536     -6.827      5.936 4
 230   13      5.091     -9.794     -0.600 4
   0   99     -4.372      2.028      3.477 4
  70   41      3.242     -0.449     -8.043 4
  42   57     -8.792      3.002     -3.398 4
  14   76      4.856      4.543     -6.227 4
  -1   29     -5.885     -8.089     -9.890 4
  -1   43      9.664      3.976     -2.050 4
  23    8     -2.908     -6.094     -1.130 4
  33   35     -9.973      7.997      5.457 4
  27   22      3.842     -8.488      3.667 4
  12   53     -9.884     -0.345      0.604 4
  48   73    -11.989      2.336     -3.198 4
   2   40      0.404      3.512     -8.599 4
  86   54     -0.544     -4.063      8.780 4
  99  207      4.320    -10.291     -8.634 4
  81    0     -0.828     -6.614     -9.220 4
  53   75    -10.325     -6.563      1.239 4
 143  148      2.840     -3.636      7.970 4
  16   11      5.312    -11.220     -4.653 4
  58   82     10.309     -1.141     -1.627 4
  45   86     -8.601     -5.878     -9.008 4
  88  205     12.237      7.417     -3.756 4
 125  122     -1.661     -9.887      1.687 4
  47   23     -1.037     -7.188     -5.521 4
  61   32     -3.551     -9.512      5.301 4
 172  108     -5.082    -10.864     -5.942 4
  76   28     -3.871     -0.133      3.769 4
  -1   90     -6.658      4.543     -9.945 4
  30  189     11.645     -2.009     -5.054 4
 146   34      0.190    -10.497      5.037 4
  75   26     10.957     -5.182     -2.380 4
  38   92     -9.355     -9.781      3.187 4
 116   97     -4.638     -1.346     -7.172 4
  35   45    -11.027     -9.313      2.823 4
  55   48      4.232     -0.338     -1.760 4
 130   -2     -6.791     -3.332      9.260 4
   7   87      1.088     -9.228     -4.039 4
 103   77     -5.298     -1.295      8.686 4
 141  178     -1.445     -7.949     -7.829 4
  84  104      5.534     -3.397      6.759 4
  83  118      1.799      1.553      2.402 4
  85   15     -7.490      3.227     -2.798 4
  22   55     -3.225     -8.339      2.855 4
  -1    7      0.439      2.586     -9.995 4
  59   46      6.506      6.834     -8.413 4
  37   84     -2.275     -8.835      8.550 4
  69  135     -8.289     -9.202     -9.575 4
  18   50     -6.670     -5.765     -2.167 4
  44   31     -1.620    -11.301     -9.104 4
  36  109      4.535     -0.259      5.758 4
 108  158      3.374      1.676      7.290 4
  78   95     -2.130      5.922      5.318 4
 145  127     -9.449    -11.061      7.227 4
  50   79    -11.158    -10.705     -4.578 4
   1    4     -9.037     -1.465     -1.996 4
  51   52     -1.279     -4.971      9.294 4
  31  160     10.722      6.943     -6.420 4
 111  114     -0.224     -9.498     -6.386 4
 115  107     -2.216      3.535      2.932 4
  64   64      2.896      8.687     -9.669 4
   4   98      1.833      5.118     -9.705 4
 215  223      5.750     10.169     -9.425 4
  57   37     -2.697     10.373      8.416 4
  20   21      0.590     -8.646      6.999 4
  72   33     -8.040     -5.905      4.598 4
 168  214     12.009    -11.236     -0.426 4
 158   88      2.605     -0.078      7.006 4
  92   67     -5.833     10.029     -0.922 4
 231  110      7.852      6.523     -2.364 4
 126   74     10.942      4.989     -3.410 4
  11   60     -6.018     10.049      4.755 4
 140  113     -6.077     -8.769      6.172 4
  87   85     -3.277      3.500     -3.324 4
  60    6      5.916     -8.274      0.523 4
 104   66      5.638      5.925      1.834 4
  74  103     -0.784      7.621      7.849 4
  79   12      8.754     10.433      5.343 4
 124  162     -9.462      8.513     -1.022 4
 201  167      4.296     -8.871      8.314 4
 214  112     -5.777     -5.700      6.937 4
 150  115      7.647      1.360     -0.172 4
 136  139      8.744    -10.040      6.958 4
 131   -2      4.309      8.011      4.897 4
  67  202      7.076    -10.583     -6.230 4
  94   71      4.614      3.811     -5.911 4
 147   44      7.764      2.019     -4.521 4
  39  138      5.240     -5.001      2.654 4
 177  142     -7.913      4.718      8.535 4
 137   65     -6.317      7.162     -3.940 4
 205    1      3.908      6.372      0.302 4
 209   36      3.996     -7.191      7.063 4
 118  101      4.485     -5.736      1.075 4
  32   61     -8.399      7.294      9.016 4
  93  134     10.858    -10.004      0.601 4
  40   80     -9.852     -2.015     -3.332 4
 166   69     -1.967      9.079     -9.551 4
 114   62      3.756     -7.783      3.753 4
  89   -2     -0.251    -11.888      0.555 4
  90  119     -6.640     -7.754     -3.826 4
  95  126     -8.783      5.522      3.602 4
 105  117      8.010     -1.765     -9.003 4
  97  111     -0.448     -1.283     -4.469 4
 121   83     -0.980      0.480      2.182 4
  -1  121      2.360     -9.985      5.298 4
 110   91     -0.370      3.400      0.612 4
 133   24      9.004      6.687      5.683 4
  68   59    -10.982     -5.550     -6.774 4
 117  102     -7.140    -10.335      2.145 4
  -1   -2     -2.993      5.413     -3.794 4
 134  106     10.920     -2.283     -9.361 4
  66   -2      5.807     11.336     -9.723 4
 138  140     10.025     -3.707     -6.633 4
  96  133     -6.323     -8.314      2.416 4
 128  128     10.339     -3.884     -6.677 4
 206  220      4.303    -10.740     -3.502 4
 173  152     -2.082      4.046     -0.087 4
 107  208      2.697      6.749      4.227 4
  29  200      1.503     -3.310     -1.022 4
 160  212     11.752    -10.009      0.022 4
  73  182    -10.441      0.558     -7.252 4
  56   17      0.980     11.027      6.248 4
 101   -2     -9.736      4.057     -1.352 4
 109   47      6.940     -6.539     -5.853 4
 171  170     -4.627     -6.856      6.685 4
 120  173     -6.227      0.959      2.046 4
 155  211     -3.881     -8.738     -4.096 4
  -1   -2     10.244     -0.098     -0.685 4
 135  151     -7.413     -6.847      2.670 4
  54   96     -4.529      8.692     -1.800 4
  26   72     10.443      1.336     -4.088 4
 164  213      7.190     -4.813      7.980 4
  -1   89     -5.998     -1.772     -9.151 4
 127  183      0.733     -0.838     -2.747 4
  -1  131      6.476     -9.889      6.657 4
 144  187     -7.138      9.168     -7.049 4
 156  129    -10.953      8.662     -2.341 4
 123   94      3.957    -10.258     -5.777 4
 190   93     -9.944      2.165     -3.280 4
  28  145      0.850     -3.085      1.211 4
 178  143     -1.819      5.373      2.490 4
  82  204      6.208    -10.798     -5.254 4
 163  180      4.016      8.628      8.794 4
  -1  120     -4.182      0.657     -9.893 4
 165   78     -1.300     -8.741     -6.098 4
 219  165      4.305      4.000      5.810 4
  -1  169     10.990      2.684      4.082 4
 139  175     11.579      4.873     -7.501 4
  77   70      3.866      3.338     -2.970 4
 189  163     -5.694      8.419     -1.944 4
  -1   -2     -8.391      0.822     -2.336 4
 180  166    -11.620      6.985     -7.243 4
  46  171    -10.321      4.570     -9.363 4
  -1  137      2.086     -7.614     -9.768 4
 194  141     10.879     -7.886     -7.585 4
  -1   -2     -0.116      8.283     -1.220 4
 227   -2      6.099    -10.100      1.443 4
 181  215     -7.626     -6.725     -7.875 4
 183  159     -3.388      3.237     -5.549 4
 106   63      9.638     -7.343      5.745 4
 132   27      3.043      9.802     -8.235 4
  98  125     11.933      3.630     -4.863 4
 184  157    -11.696     -8.148      0.836 4
 169   -2     -1.923     -3.390     -6.811 4
  -1  228     -2.031     -3.696     -7.197 4
 210  222     10.598      3.926     -1.825 4
 151  174     -3.401     -0.023      4.034 4
 142   -2     -3.036      6.927     -9.226 4
 182  179     -1.317      5.374     -8.046 4
 148  209     -1.922      3.787     -0.048 4
 195  191    -10.967    -10.101     -1.184 4
 191  192      5.471      5.458     -6.219 4
 170  164     -1.493      0.902     -3.663 4
  -1  190      9.612      8.697     -7.095 4
  -1   -2    -10.494     -3.090      1.884 4
 161   -2     -8.405      6.573      1.895 4
  -1   -2    -10.458     -0.724      2.178 4
  -1   -2      9.741      1.606      6.229 4
  -1   -2      0.804    -10.891      6.830 4
  -1   -2      4.735      8.513      1.927 4
  -1   -2     -4.238     -8.553      3.621 4
  -1   -2     -7.127    -12.323     -8.938 4
  -1   -2      8.557      8.104     -0.391 4
  43  136     -3.749     -5.874      6.557 2
  91  206    -11.871      6.204      2.115 2
 100  105    -10.854     -6.087     -9.613 2
  34   30     10.083     -0.060     -4.537 2
  80   -2     12.098    -10.823     -6.963 2
 197  186      2.415      9.856     -1.684 2
 153   -2     12.254      9.107     -7.060 2
 167    9      0.831    -10.967      0.755 2
  19  199      8.540     -7.555      9.629 2
  41  201      8.391     -7.955      7.024 2
  62  188     -5.106      0.861     -9.138 2
  71  203      3.067     -3.605      8.274 2
 162  116      7.004      7.877      5.324 2
 175   58     -4.058     -9.064     -0.818 2
 224   -2      4.058     -2.962     -9.023 2
 187  217     -2.202    -12.153     -1.700 2
 222  224      9.807      3.966     -7.962 2
 223  123      5.618      2.060     -9.681 2
 185  216     -0.962     -8.297      3.989 2
 228  226      3.877      6.327      5.774 2
 176  168     -2.895      5.517     -8.985 2
 217  181      9.808     -7.486      4.589 2
 207  221    -12.343      1.499     -5.130 2
 102  149      5.290     -2.821     -5.775 2
 198  219     -4.321      5.032     -0.144 2
 218  146     -4.672     -6.034     -0.346 2
 216  150      4.364     -7.219     -5.295 2
 220  194      2.910      8.961      9.591 2
 226  225     -0.200      6.640     -6.735 2
 192   -2     -4.447     -8.443      3.270 2
 229  227     -8.885     -9.514      5.104 2
 208   -2      2.831      6.689     -7.665 2
