224
   3    1      1.080     -9.704      7.210 4
  48   28     -6.609     -3.640      9.412 4
  -1   76      8.615      8.309      4.792 4
   2    5      8.912      4.479      5.239 4
  57   24    -12.014      2.255     -2.951 4
 154   43      5.768      4.446      1.279 4
  51  130      8.764      0.524      2.100 4
   7   22      3.322     -1.964     -1.715 4
  33   19      0.496      2.872     -8.693 4
  27   33     10.097      2.772     -2.648 4
  64   50      1.732     -9.437     -3.514 4
 115    0     -8.966     -1.638     -1.809 4
  32   53      4.239     -8.872      3.951 4
  46   26    -10.893     -9.619      3.187 4
  -1   62      4.350     -3.869     -8.805 4
  10    7     -3.147    -10.341      5.430 4
  56   95     -8.683      2.953     -3.204 4
 146  101      4.577      7.220     -0.350 4
  43   89     -0.872     -5.592      9.432 4
   5   14      0.545     -3.753      4.242 4
  72    3     -3.567     -6.640      6.872 4
   4    8      6.042     -3.406     -5.868 4
  35   -2      0.755    -11.559      5.240 4
  30   30     -2.462     -6.452     -0.771 4
  23    4      6.770     -9.336      0.785 4
   6  149      4.538     -8.329      7.218 4
  21   25      6.077    -10.561     -0.157 4
  40   38     -9.978      7.699      5.461 4
 132   59     -8.726      0.047     -0.099 4
  38  109     -2.283      2.665      2.732 4
  37   27      4.989     -2.991     -6.240 4
  36   68     10.809     -0.688     -5.135 4
  15    9      0.468      0.951     -3.791 4
  41   48      5.154      6.804     -3.040 4
  99   67     -0.209     -4.711      8.908 4
  26   39     -6.080     -2.567     -8.531 4
  19   -2      1.503    -11.815      1.119 4
  49  122      4.873    -10.830     -5.137 4
  16   35     -7.283    -10.027      2.563 4
 121  203     11.751     11.248     -7.530 4
 105    2      2.556     -8.577     -8.999 4
  77   54     11.142      6.325     -7.364 4
  20   15      5.770     -4.757      6.804 4
  74   83     -8.400      6.962      8.940 4
  88   40     -0.338     -7.842      6.118 4
  14   49     -3.963     -0.940      3.809 4
 172  163      3.789      7.289      8.635 4
  18   31     -1.074     -9.859      4.938 4
  52   34     -9.915     -0.554      0.707 4
 200  177     -7.831      4.390      8.457 4
  -1   -2      2.155      4.986      3.948 4
  -1   36      4.954     11.444      0.643 4
  50   32      5.273      4.121     -6.847 4
  39   45     -4.568      1.215      3.399 4
 116   65      4.135      6.365      4.855 4
  59  198      4.372      2.810     -3.411 4
  55   57     -4.471     -1.898     -6.682 4
  58   42     -1.150    -10.726      2.011 4
   9   72     -4.902    -10.837     -5.165 4
  22   60      5.211     -7.727     -4.947 4
  29   46      6.799      6.280     -9.199 4
  -1   11      1.410     -8.266     -9.926 4
  31   44      0.554      9.835      6.008 4
 129   41     -6.671      3.690     -9.655 4
  12  108      6.282    -11.646     -3.887 4
  13   70     -2.267      5.162      4.954 4
  44   18     -6.569     -5.945     -1.759 4
  54   52      7.872     -7.172     -5.544 4
  79   55      3.434      9.446     -9.174 4
  53   -2     -1.171    -12.248     -8.118 4
 147  113    -10.916      8.622     -2.240 4
 100  118     -7.356      3.119     -2.699 4
  62   77      8.571      9.877      1.295 4
 142  112     -3.742     -9.383     -0.355 4
  61   -2      1.222      7.980     -9.945 4
  91  107      6.915      5.963      4.662 4
  60  133     -5.138     -1.693      8.835 4
   8  100     -2.962      9.768      8.235 4
  87   93      3.072     10.493      7.954 4
 137   85     -0.636     -9.321      4.225 4
 108  138     -9.827     -2.150     -3.087 4
 106   56     -8.869      4.968      3.601 4
  94  123     -7.918     -6.338      4.878 4
  81   73      1.844      0.460      2.339 4
 113  141     11.418      3.940     -4.117 4
  63  104      4.553      1.558      2.854 4
 133   20     -2.977      3.336     -3.401 4
  -1  155    -11.921      9.405     -7.005 4
   1   80     10.362     -7.808     -6.501 4
  -1   -2      8.165    -11.407     -5.408 4
 104  143      7.122     -6.500      5.801 4
  76   37    -11.059     -6.551     -9.196 4
  24   10     11.093      0.626     -4.776 4
  84  200     -8.672     -6.498     -8.492 4
 126   23     10.827     -4.475     -6.771 4
 128   86      5.545     -6.410      2.805 4
 206   47      1.162     -4.084      1.403 4
 107   99      4.746     -0.926     -1.909 4
 114  121      0.331     -0.133     -9.893 4
  96  106     -4.339     -0.170     -9.334 4
 141  127     -3.071      3.001     -5.505 4
 197  212     11.929     -6.067     -2.494 4
  70   92      3.997      5.152     -0.297 4
  71   12     10.835     -2.260     -2.052 4
  92   98     -0.915      6.152     -8.934 4
  47   58     -0.241      2.468      0.436 4
  42    6    -10.323     -6.727      1.635 4
   0   88     11.144     -4.673     -6.809 4
  -1   16     -6.046     -8.807      2.665 4
 169  153     -0.505     -7.606     -4.921 4
 166  185     -9.454      8.438     -0.922 4
 103  137    -11.124     -5.775     -6.327 4
 138  206     10.685     -9.125      4.737 4
 180  150      5.175    -11.321     -7.743 4
  89   87     -6.592     -7.752     -3.227 4
 122  146      5.288    -10.020      8.109 4
  68  199      7.936      0.182     -0.396 4
  -1  128      3.068    -11.155      5.416 4
  67  168     -6.171      9.407      4.597 4
  78  105      8.221      5.428     -3.126 4
  25   79      1.324     -1.380      1.512 4
 174  147     -3.081      8.402      9.888 4
 110   90     -5.905      9.648     -1.223 4
  34  161     -9.902      2.078     -3.033 4
  -1   -2    -10.070      3.855     -7.147 4
 130  205     -0.791     -9.173     -5.441 4
 109   84     -1.697     -9.478      8.652 4
 136  162      3.342      9.813     -1.140 4
  83   -2    -11.199    -10.643     -4.026 4
  -1   -2     -3.935     -9.204      1.831 4
  65   64      2.574      7.658      9.412 4
  -1   -2     -3.602     -8.776     -3.933 4
 171  169    -11.686     -8.300      1.257 4
  75   78      5.082      3.402     -6.472 4
  93   96     -0.948     -0.482      2.189 4
 151   17      4.516     -1.700      5.655 4
 135  187     -9.164    -11.431      7.343 4
  -1   61     -0.610     11.609      1.024 4
 102   81     -1.088      7.693      0.410 4
  73  171      4.417     -9.593      3.838 4
  98  124     -2.844      6.284     -9.431 4
 160  158      0.313      1.748     -9.855 4
  28  197     11.820     -8.861     -7.126 4
 165  145     -1.786      4.518      2.179 4
  -1  129      1.769      6.808      8.905 4
 220  152     10.182      3.374     -8.664 4
 120   82     -4.499      8.306     -2.169 4
  -1   -2     -8.474     -9.645     -7.359 4
 149  139    -11.604      6.601     -7.018 4
 117   51      2.670     -1.152      6.906 4
  -1   -2     -5.905     -6.270      5.178 4
 139  110     -8.687      0.690     -4.161 4
 161   94     -6.864    -10.872      2.442 4
 144  157      3.122     -4.706      8.082 4
  -1   -2      9.868     -6.004      5.070 4
 111   -2      8.291     -2.641     -9.138 4
  -1   -2      9.268     -8.801      7.631 4
  -1  154      8.494      7.318     -4.865 4
 178  167     -5.867     -9.246     -9.717 4
 223  148      0.135      6.318     -7.227 4
 168  209      2.526      5.398      3.820 4
  -1   -2     -6.812     -7.216      5.299 4
  -1   -2      7.158    -11.324      1.872 4
 170  132      5.334     -1.916      5.823 4
  -1   71     -9.708      4.010     -1.257 4
  -1  191      3.041     -6.897     -9.891 4
 143  207      7.235    -11.564      2.607 4
 201  135      2.070     -3.850     -0.887 4
 157  175      0.133     -1.581     -4.347 4
  -1  114     -1.774      2.981     -0.197 4
 194   -2      5.476      1.159     -9.955 4
 101  201     -9.101    -10.166      3.583 4
  -1   -2      5.654     -4.743      2.906 4
 123  204     -2.693      4.855     -9.049 4
 213  142     -3.486     -0.854      4.050 4
 163  102     -7.578     -7.175     -7.316 4
 152  144     -1.934      3.250     -0.264 4
  -1   -2    -11.567      6.180     -1.408 4
 159  173     -5.650      8.145     -2.169 4
 127  156     -0.972     -8.757     -7.158 4
 150  165    -10.290     -3.396      3.569 4
  -1   29     -1.570     -4.050     -6.548 4
  -1   -2     -5.934      7.116     -5.680 4
  11   91    -10.519     -3.971     -3.023 4
 181  140     -5.708     -9.375      6.315 4
  -1   -2     -0.489     -7.458     -9.539 4
  -1   -2    -10.992    -10.183     -0.125 4
 215  181      5.868      5.029     -6.951 4
 177  103    -10.560      0.220     -6.942 4
  97  174      3.511     -1.127     -7.979 4
 140   97      8.375      1.442     -5.118 4
 134  192     -4.349     -7.483      6.960 4
  -1  189     10.043      8.149     -8.287 4
  -1   -2     -5.539     -4.024      5.544 4
  -1   -2     11.314      2.539      0.549 4
 190   63     -1.021      0.683     -3.575 4
  -1   -2    -11.190     -1.036     -0.818 4
 155  178     -5.778     -8.962     -9.265 2
 198  213     -2.883     -9.080      3.094 2
 210   -2     10.490     -8.730      5.755 2
  82   13      4.893     -6.978      1.196 2
  45  176     -1.009      6.864      7.554 2
 125   -2     11.099     -3.430     -9.189 2
 199  170      0.351     -9.972     -5.730 2
 205  188      7.363    -11.191      6.400 2
  80   -2     12.219    -11.513      1.116 2
  85   -2      9.781    -11.516      6.597 2
  69  119     -4.351     -6.410     -0.047 2
 183   66      3.416      0.558      7.076 2
 207  215      4.316      2.755      5.616 2
 208  166     10.909      0.514      3.547 2
 131  115     -6.357      0.260      2.090 2
 209  216     11.995      4.222     -8.379 2
 214  217     -1.068      4.860     -8.273 2
 217  218      2.374      8.889     -2.668 2
 119  202     -6.947      8.688     -7.100 2
 148  208     -5.194      0.108     -8.603 2
 162   -2     12.502     -2.741     -5.576 2
 219  219      9.279     -9.058      6.849 2
 196  211     12.514      6.219     -4.467 2
 203  214      7.829     -5.934      8.108 2
 173  210     -4.227      4.402     -0.274 2
 222  220    -12.438      1.357     -4.784 2
 212  194     -1.664     -4.386     -6.666 2
