224
  -1   -2     10.611      0.817     -9.306 4
 208  217     -0.598     -3.208      8.938 4
  23   38      2.885     -8.898     -5.843 4
  32   39    -11.261     -1.118     -3.041 4
  18   41      2.065    -11.298     -1.614 4
  21    0     -3.858     -5.947      2.873 4
  -1   -2      6.189      3.867      5.279 4
  11   40     -4.517     -4.658      4.214 4
 113  133     -0.907      7.218      5.560 4
  91   47      1.151     -7.521      1.397 4
   4   10     -9.154     -5.909      2.451 4
  24   97     -2.166    -11.103     -5.618 4
 138  208     -8.571      3.800      3.634 4
  13   11      0.635     -5.012     -0.345 4
  -1   -2      2.269      0.385     -3.039 4
  35   25      6.173     -5.792      0.473 4
  -1   -2     11.782     -0.998     -0.731 4
  -1   -2      5.086      0.269      8.711 4
  12   30      0.324      3.243      4.878 4
   0   18    -10.252     -1.963     -4.973 4
  80  138      1.234     -8.491      3.252 4
  41  108      6.325     -7.510     -6.656 4
   2   12      4.811     -9.274      1.267 4
  34   27     -6.783      6.647      2.501 4
  28   14      1.391      8.277      7.654 4
  -1   -2      5.867      8.354      3.272 4
  74    1      0.803      7.641     -4.266 4
  46   58     -3.748    -11.278     -4.364 4
  67   33     -8.900     -6.906     -9.193 4
  49  182     -4.166     -9.457     -8.964 4
  43  101      5.995     -7.818     -4.188 4
  20    2      3.947     -2.250      0.014 4
  84   82     -6.090      0.840      9.319 4
  54  147     -7.282     -0.957      0.078 4
  73   68    -11.100      4.430     -2.489 4
  22    8     -3.276     -7.543      1.447 4
  60  106    -10.556      4.734     -9.570 4
  27   83     -8.805      9.104     -3.587 4
  31   28     -2.080     10.333      2.671 4
  81   78     -1.899      9.679      2.645 4
  -1   -2      4.190      5.680     -2.807 4
  -1   -2      3.456      6.762      0.271 4
  29   35      5.016     -3.503      4.636 4
 184  183      3.570    -11.401      5.357 4
   6   46    -10.887      3.232     -5.398 4
 125   77      3.034      3.733      5.555 4
  56   13      3.345     -1.100      2.088 4
  38   64     -5.576      6.657      3.823 4
  95   79     -7.709     -7.526     -2.175 4
 189   26     -0.295      7.289      2.682 4
 127    7    -12.282     -9.573     -5.608 4
  19   76      1.091     -6.498      4.451 4
 105   81     -6.026      2.058      4.923 4
   5   24      1.777      1.883     -5.284 4
  96   73      2.937      2.470      6.404 4
 110   94      0.454     -3.866      3.337 4
  -1   -2     10.758     -4.572     -8.095 4
 101  120     -1.419      9.823      5.898 4
  58   59     -3.568      4.180     -0.357 4
 103   21     -3.082      0.272     -1.751 4
  30   49     -0.924      6.695      7.521 4
  68   55     -7.272     -4.879      9.403 4
  26  123     -8.586     -8.431     -9.706 4
  78    4     -5.738      0.717      1.410 4
  37   44      9.299     -7.278      6.291 4
  64   42      7.109     -2.840      2.726 4
  70   75      1.768     -8.987     -1.644 4
  92   -2      5.076     -5.806      9.811 4
  -1   -2      7.309      3.629      1.444 4
  16   91      3.625    -10.830      6.211 4
  -1   -2      7.326      1.595     -7.086 4
 124  103     -6.410     -6.276     -1.582 4
  -1   -2      8.317     11.037      1.461 4
  15  141     -2.700     -4.685      9.867 4
  -1   -2     11.080      6.017     -8.042 4
  14   67      7.576     -8.721      2.907 4
   3    3     -5.934     -0.679     -1.805 4
  48   23      7.960     -9.906     -9.379 4
  45   45     -8.997      7.066      2.100 4
 131  122      8.778     -4.615     -5.727 4
  47   72      0.243      0.341      0.483 4
 163   20      1.334      2.645     -3.149 4
  99   -2     -6.671      1.717      9.947 4
 128  148     -7.775      2.926     -8.746 4
  -1   -2     11.116     -4.823      2.727 4
  -1   -2      1.733      1.482     -3.435 4
  75   87      2.577      1.150     -3.965 4
 147  199      6.309     -2.236     -8.459 4
  85   90     -2.552     -1.332      1.143 4
  17  178     -9.403     -2.292     -9.546 4
   7   93     -7.655      4.899     -4.804 4
  86  134     -0.408     -7.607     -9.374 4
  71  107     -7.548      8.830      5.924 4
 104  121     -7.986     -3.357     -0.845 4
 204   37     -0.834      3.181     -9.084 4
 120  130      2.403      1.966      6.208 4
 108   16     -8.107     -9.696     -9.545 4
   1  151     -9.915      3.059      0.365 4
  66   50     -0.360     -9.501     -4.308 4
  -1  131      9.149     -1.436      4.139 4
 209  119     -0.249      7.142     -4.182 4
 145  210      2.647    -11.592      4.174 4
  87  142     -7.011      3.563      1.452 4
  59   70      4.692     -5.376      5.627 4
  93   66      2.782     -0.349     -7.987 4
 107  157     -4.589      1.257     -0.636 4
 100   69     -4.239      1.486     -4.073 4
  88  185     -6.511      5.322     -3.236 4
  -1  118      8.330      3.099      1.580 4
 155  125     -1.629     -0.560     -5.359 4
  55  127     -7.025     -8.599      4.855 4
 133   80      5.596     -2.749      3.839 4
  -1   -2      5.291      8.490      3.147 4
  50   86     -1.959      6.873      2.637 4
  63   92      3.073      9.694      7.393 4
  61   60      3.594     -2.981      1.252 4
  39  116     -3.261      6.004     -5.178 4
 116  112      2.908    -10.344      9.223 4
  -1   -2      3.264      7.686      3.350 4
 159  212      6.022     -3.720     -4.086 4
  -1   -2      8.265      8.898      3.204 4
 140  209      5.664    -11.540     -1.032 4
  -1   -2    -11.327      5.162     -0.683 4
  52  137     -0.927      3.633      9.373 4
  -1   -2     10.216     -2.497     -1.950 4
  79  161     -2.886     -6.123      3.436 4
 134  163     -0.458      8.073      5.496 4
 206   63      1.659      3.244     -7.771 4
 136  165     -1.213      1.561     -4.530 4
  97  110     -3.800      2.185      6.914 4
  -1   -2      6.308      1.330     -6.267 4
 168  170    -12.035    -11.150     -0.265 4
 102  109     -4.723     10.825      7.677 4
 211   53     -2.258     -4.673      7.741 4
 143   65     -8.174     10.961     -6.227 4
  53  144     -7.347    -11.680     -5.782 4
 135  115    -11.440      9.865     -4.356 4
  -1   -2     11.599      8.023     -6.736 4
 146  105     -5.573    -10.963      8.696 4
 123  166      0.494     10.376      5.760 4
  94  158      2.464      4.031     -8.594 4
 118    5      0.048     10.304      9.774 4
 139  198     -1.260     10.030     -8.654 4
  -1   -2      7.969     11.106     -7.291 4
 183  214     -5.845     -0.901     -8.175 4
 109   89     -6.765    -10.319      7.487 4
 207  164     -5.263    -11.339     -2.020 4
  -1   -2      4.909      0.486     -0.694 4
  -1   -2     10.914     -2.613     -0.983 4
 170  113     -7.544     -8.239      4.665 4
 158  168      4.948      1.845      1.687 4
  98  207      2.608    -10.036      9.240 4
 154   61      0.664     -3.501      1.805 4
  -1   -2      9.623      1.411     -8.906 4
 132   51      2.470    -10.755     -3.249 4
  42  206      2.686      4.570      3.783 4
 218   74      4.460      4.780     -5.498 4
  62  159     -2.912      5.754     -2.395 4
 141  135     -3.925     10.618      4.064 4
  65   43      6.801    -11.070      7.746 4
  -1   -2      5.494      2.804      1.877 4
  -1   -2      5.814      5.846     -4.379 4
 172  171      5.705     10.729     -8.806 4
 121   32      1.813     -0.585      3.661 4
 200  156     -2.720    -10.359     -0.135 4
  -1   -2     11.552     -6.844     -1.050 4
 185  169     -8.167      3.570      8.555 4
 165   85     -3.533      0.804     -5.088 4
 192  132     -3.886      4.312      3.099 4
  -1   -2      6.248      3.288      2.604 4
 151  192      3.891    -10.409      3.454 4
  -1   -2      9.398     -4.392     -2.257 4
 215  205     -6.720    -11.045     -9.568 4
   9   -2      1.266    -12.177     -3.393 4
 161  162      0.679      7.670      8.688 4
 188  175      4.257     -7.115      7.657 4
 175  176     -7.657     -8.127     -2.148 4
 193  191     -6.510    -11.952     -2.305 4
  -1   -2     11.383      5.641     -5.140 4
 212   19      1.688      7.885      9.239 4
  -1   -2      9.248      4.586     -4.896 4
  -1   -2     -2.521     -4.885      2.229 4
 169  188     -5.256     -4.701     -4.957 4
  -1   -2     11.354     -8.447      2.380 4
 186  215      8.341     -7.480     -8.906 4
 187  155      7.857     -1.580      4.859 4
  -1   -2      5.447      4.286      5.237 4
 166  202      2.825     -8.111      1.136 4
 182  186      4.156     -0.592      7.080 4
  -1   -2     -8.158     -9.489      5.902 4
  89  193      6.594     10.645     -4.412 4
 153   15      5.026     -2.178     -4.374 4
 148  211     -9.015      3.709     -7.678 4
 180  197     -8.237      0.676     -9.164 4
 152  190     -7.605     11.335      3.130 4
 176  213      5.799      8.681     -8.290 4
  -1   -2     10.261     10.785     -1.951 4
  -1   -2      8.315     -0.518     -5.247 4
 213  218      2.226      5.970      3.481 4
 197  136     -6.980    -11.389     -8.614 4
 149  203    -10.580     -5.354      1.420 4
  -1   -2     -3.001      6.366      8.235 4
  -1   -2     -6.177     -1.098      5.209 4
 195  200      8.271     -9.944     -4.488 4
 199  140    -11.610     10.722     -5.299 4
  72   -2     10.739    -12.104     -3.421 2
 122  195      5.467     -4.040     -7.939 2
 150  184      3.781     -3.371     -1.014 2
 220  221      5.237      1.176     -2.841 2
 114   54      1.867      8.246      1.339 2
 162   56     -2.160      0.366      8.842 2
 210   -2     -3.425    -11.134     -0.544 2
 205  216    -10.926     -2.078     -5.226 2
 117  172     -8.898     -9.600      8.098 2
 160  152     10.995      8.703     -8.046 2
 196   99    -11.531      5.164     -3.598 2
 202  173      8.022     -1.484     -3.052 2
 217  220      0.768     -8.819      1.095 2
 219  149      4.873     -2.259      8.111 2
 222  223    -12.484     -3.839     -3.161 2
 214  219     -8.788      0.759     -7.649 2
 221  222    -10.235      1.549      6.460 2
 224  224    -12.958     -5.985     -3.877 2
 223  139    -11.014     -1.128     -7.028 2
