242
  23    9      9.225     -1.422      6.627 4
  -1   10     11.065     -0.629     -7.453 4
   8    1    -10.921      2.419     -3.507 4
  25    6     -7.363     -8.339     -9.020 4
   9   25      3.818      6.319      0.853 4
  -1   20      0.571     -8.029     -9.945 4
   6   15     -5.180     10.389     -7.478 4
  38   35     -9.734     -2.148     -0.628 4
   4   40      2.755     -3.727      5.082 4
  46   57     -0.306     -4.677      4.961 4
   7    4     -8.512      3.800      3.483 4
 176   42     11.727      4.154     -6.776 4
  34   83      8.436      4.774      4.536 4
  43   32      2.225     -7.533     -7.165 4
  47   55    -11.386      7.327      0.629 4
  27   21     -3.124     -4.341     -4.831 4
  80   48      6.594      5.462      6.693 4
  13   24      0.422    -11.460     -7.900 4
  40   18      7.346     -3.292     -2.437 4
  81   64    -10.564     10.482     -1.649 4
 163   44      2.264      6.126      2.873 4
  39    0      8.876     -1.020     -6.812 4
 139  148      3.682     -0.355     -7.279 4
  78   89      5.673     -9.267     -2.091 4
  19   96      2.754      4.816      7.115 4
   0   33    -10.807     -5.294     -4.337 4
   2    5      3.872     -4.815      0.360 4
  57   23     -9.889     -8.611     -0.801 4
 128   16      1.605    -10.477      7.814 4
  85   87     -6.909     -1.350      5.259 4
  88   68      5.923     -5.634      1.365 4
  51   52     -1.565    -10.773     -7.246 4
 152   99     -3.245     -2.584     -8.296 4
  30   38     -5.075     -3.843      3.234 4
  17   13     -7.096     -0.742      0.257 4
  28  119     -5.201     -1.030      0.088 4
  52  140     -5.463     -9.983      9.687 4
  98   85     -5.615      9.556      1.042 4
  67   30      2.466      7.334      5.464 4
 146   97    -11.920      2.161     -6.727 4
  79  170      1.871      8.249     -7.762 4
  42   37      4.010      7.536     -0.012 4
  76    2      1.148     -7.837      0.116 4
  68  222      9.382      1.760      6.209 4
  63    3      7.470     -4.790      5.376 4
  18   14     -9.171     -5.457     -6.331 4
 100   36    -10.591     -0.686     -5.335 4
  31   65     -5.202      8.148     -7.870 4
 141  129     -6.247      2.964     -1.158 4
  12   11     -9.447     -3.571     -2.063 4
  59  128     -4.839    -10.677     -8.385 4
  -1  126      9.670      5.656      6.391 4
 147  201      2.133      8.886      5.437 4
  53   -2      1.032     -3.098     -6.332 4
  26   17     -2.338      7.829      4.029 4
 126   19     -1.296    -10.493      9.499 4
  77   67      2.073      1.384      0.893 4
 125   50      0.047     -6.159      2.632 4
  55   49      6.897      3.013      9.677 4
  35   31      7.264     -8.744     -0.834 4
  44  114     -4.750     -2.598     -3.523 4
  66  146      0.564     -9.342      8.637 4
   3   74      4.737      6.748      5.460 4
 123   41     -5.923      6.761      8.192 4
  49   34     -8.734     -6.339     -2.619 4
  89  100     -4.431     -1.111      8.644 4
  62   73      8.148      1.226     -1.102 4
  11  167     -2.892     -9.263      4.145 4
  91   26     -5.741     -8.223     -3.505 4
  75   51     -6.470      4.475      5.807 4
  15   53     -3.578     -5.538     -6.973 4
  94   94     -6.604     -5.611     -1.994 4
  14   39     10.673      2.305     -2.688 4
  20   69     10.696     -4.661      2.358 4
  60   62     -5.774      0.067     -1.209 4
 151   59      2.677     -6.215     -2.531 4
 145  112      5.632      6.100     -7.783 4
 144  111     -4.225      9.199      5.350 4
  95  134     -9.326    -10.665     -6.451 4
 119  130     -4.508      6.480     -3.194 4
  65    8      9.334      0.885     -9.766 4
  48  221      1.032     -2.581      5.212 4
 150   -2      1.750      8.070      9.996 4
 219  109      0.559      3.740      3.939 4
  50   12     -8.972     -3.951     -4.023 4
 140   84      1.499      5.311      2.264 4
  58   54      0.879      1.598     -7.267 4
  92  135     -1.392     -4.796      4.746 4
  90   82      3.353     -6.396     -9.960 4
 122   22      7.811     -5.944     -9.901 4
 113   93     -3.673     -1.948      4.581 4
  -1   -2     -3.433      5.085      6.100 4
 117   46      4.275      8.519      1.742 4
  54  205     -9.910      7.059     -7.569 4
 105  110      9.365     -9.727      5.086 4
 164   -2      7.862      5.794     -9.955 4
  72   92      9.490      2.448     -3.836 4
  87   61     -0.400      9.997     -9.201 4
 130  155     -2.010      3.519     -5.006 4
  69  150     -4.441      4.497      1.664 4
 136  186    -10.806      5.630     -5.105 4
 118  202    -11.652     -6.973      2.300 4
 171  149     -3.353      0.646     -6.326 4
  22  181      1.046    -11.518      4.305 4
  -1   -2      3.482     -5.065      4.837 4
 112   45     -5.580      3.887      2.582 4
 131   75      3.558     -8.190      2.980 4
 102   58     -5.716      7.366      1.500 4
  -1   91      8.307     11.301     -4.134 4
 127  192      1.926     10.934     -5.045 4
  -1   -2     -4.173    -10.038      9.805 4
  71   71      1.850     -7.734     -4.425 4
  -1  138     11.742      6.600      1.769 4
  24  198     -5.322      5.484     -1.792 4
  -1  165      9.887      6.842     -8.082 4
 160  200     10.294     -8.186     -2.788 4
 109   -2     11.298      1.821      0.914 4
  -1   -2     -2.461      2.637      2.775 4
 104   79     -6.535    -11.400      4.439 4
  10  220     -3.651      4.621     -7.067 4
  -1  164      7.709      9.345      2.503 4
  84   60      7.446    -10.755     -1.759 4
  29  104      7.199     -3.659     -9.611 4
 165  190     11.236     -1.011     -2.025 4
 101  162    -11.837     -3.773      0.951 4
 225  168     -5.888     -4.035      4.240 4
 155  106     -9.244     -6.828     -8.743 4
 194  151      6.646      7.538      9.412 4
 205   43     -5.237     -8.069      4.840 4
  37  113     -0.160     11.049     -4.307 4
 180  169      6.816     -8.890     -8.171 4
 108   28     10.601      4.325      1.869 4
 121  139      4.440     -0.465      1.231 4
 173   77     -2.107      2.789     -1.342 4
  56   47      5.250      3.521      2.312 4
  45   95     -1.257     -2.274      9.533 4
 169  102      7.217     -4.330     -1.922 4
  -1  179     -5.071      2.913      6.182 4
 114   63     -7.100     -2.015      1.462 4
  86  178      8.567     -1.551     -6.095 4
 143  145    -10.743    -10.569     -5.715 4
 103  132      5.258      5.817     -8.078 4
 202  215      2.902      4.005      9.137 4
 138  147      2.608      2.501     -1.007 4
  -1   -2      6.849      8.151     -9.920 4
 134  137      5.108     11.185     -2.279 4
  96   90     -0.910      2.542      6.152 4
  21  105     11.987     -7.201     -2.918 4
 201  159      4.467     10.343     -6.502 4
  82   70      1.779     -3.770     -3.296 4
 192   -2      8.717    -11.103      7.044 4
 168  141      9.904      3.941      2.043 4
 116   98     -3.879      3.910      7.383 4
 177  206      9.314     -1.833      2.418 4
  74  118      1.102      9.087     -4.819 4
 149  193      0.584     -3.739      6.210 4
 204  103     -1.277     -4.095     -7.514 4
 227   -2      0.618      7.655      2.370 4
 175  117     -8.093     -6.936     -4.335 4
 137  116     -8.539     -1.598     -3.977 4
 156  136     -6.077      6.288      7.757 4
  64  101      7.697      7.575     -5.415 4
 158  166    -11.936      5.939     -6.771 4
  -1   -2     -2.145      7.505      1.591 4
 183  142    -10.312      3.337      2.547 4
 208  185     -8.428      5.296     -7.204 4
 129  176     10.582     10.677     -8.095 4
 187  211     11.872     -9.094      0.372 4
  -1  208      6.585      9.673     -4.511 4
 154  124     -4.188     -9.204     -4.008 4
 153  187     -9.522     -6.183      2.318 4
  16   29      3.562     -3.641     -3.012 4
  -1   86     11.619      7.838     -2.165 4
  93   -2     -0.806     -2.657      4.113 4
 193  213      0.899      4.504      7.696 4
  -1   -2      5.076      1.115     -8.086 4
 161  127      8.928      5.593      5.950 4
 181  183     -7.406     -9.278      9.479 4
 191  203    -10.992      6.450     -9.037 4
 220  184      1.547      1.804      0.227 4
 196   76     -9.541     -9.204     -8.382 4
 185  163     -6.497      4.281     -8.865 4
 148  161      1.557      7.020      3.380 4
 120  174      0.725     -9.857      3.653 4
  73  189      3.622      1.706      1.442 4
 124  217     -3.386      4.700      9.048 4
  -1   -2      5.475     -1.090     -1.060 4
 188  188      8.272     -5.463     -9.118 4
  61  156      1.945    -10.866      3.316 4
 229  180      9.169      6.605     -6.841 4
 189  122      1.517     -8.226      1.262 4
 198  191     -7.283      0.516      1.716 4
  -1   -2      8.079     -6.568      4.221 4
 174  197      6.739      8.497      5.196 4
 223  177     -3.151      9.219     -7.624 4
  41   27      5.093      3.925     -5.003 4
 106  224      0.615    -12.234     -8.854 4
 186  228      1.676     10.775     -8.718 4
 162  227     -2.680     -9.678     -4.621 4
  70  223     -1.574      0.961     -8.285 4
 157  175     -9.548    -10.239     -0.439 4
  -1  172      7.105     11.872     -7.908 4
 179   88     -9.009      8.944     -5.814 4
 200  229      6.925     -6.915     -0.997 4
 228  214      3.300     -4.137      7.672 4
 199  107      3.424      9.150      5.840 4
  97  195      2.580      4.419     -2.457 4
 214  231      6.138      7.081      9.255 4
  -1   -2     -4.332      5.862     -8.612 4
 178  131      0.853      9.553     -8.897 4
 212  219    -10.637      1.690      3.087 4
   5  182      4.218     -9.862      2.287 2
 222    7     -3.195      8.356      7.271 2
  83   -2      8.761     -2.218      8.810 2
 207  230    -10.019    -12.308     -7.512 2
 213   66     -5.775      7.576     -8.371 2
 166   -2      2.804    -12.408     -5.662 2
 115  160      3.551     -3.605      4.495 2
  33   -2      5.902    -12.380     -9.314 2
 182  210     10.557      8.754     -3.027 2
 195  120     -4.673      7.386      2.340 2
 135  154      2.895      2.794     -1.243 2
 226  234     -2.565    -10.944     -2.020 2
 142  226     10.797     -7.135     -8.872 2
 184  123     11.822      5.715     -6.215 2
 216  173      6.279     -0.951      1.151 2
 211  143      3.522      3.494     -2.376 2
 110   -2      0.274      4.468      3.064 2
 218  216    -10.873      9.907     -9.526 2
 224  196     -0.258      4.532      0.770 2
 230  235      8.918     -9.109      9.227 2
 221  233      4.524     -7.745      9.534 2
 233  237     -2.480     -8.530      7.279 2
 232  194     -0.715     -2.624     -1.678 2
 215  232     -2.639     -0.942     -6.320 2
 231  236     -4.031     -9.247     -2.780 2
 167  171     -1.613      2.515      1.677 2
 236  153      4.423      5.948     -1.676 2
 234  199      7.976    -11.084      8.508 2
 111  225     -0.909      7.302      6.534 2
 235  108     -7.626      5.731     -7.375 2
 237  238     -9.846      5.902     -1.999 2
