215
   2    8      3.026     -3.252      1.367 4
  31    2      6.776     -4.954     -6.366 4
 208   26     -6.254     -3.621     -8.439 4
  32   18      4.389     -2.053      9.503 4
   3   10     -0.369     -2.128      4.353 4
  43   17      5.005      9.404      1.384 4
  -1   12    -11.200     -4.280     -1.973 4
  81    7     -6.455     -3.426      3.004 4
   7    5     -5.178     -3.957      9.623 4
  22   37     -1.519      1.777     -7.995 4
  37   11      3.017     -9.671     -5.019 4
  40   35      9.289      1.072     -2.186 4
  -1   30      0.385      1.802      9.988 4
  23  199      4.356     -0.417      9.586 4
  28    9      1.817     -7.226     -6.518 4
  47   49    -10.619      1.709      3.705 4
  21    4     -9.081     -2.108     -2.016 4
  35   33     -5.567      5.014      8.984 4
  10   23     -5.342      7.893     -0.324 4
   0    0     -9.259    -10.354     -9.452 4
  18   29     -3.864     11.083      4.503 4
 118   60      0.543      3.287      5.696 4
  17   43     -2.271      6.268      4.941 4
 155   24    -11.511      7.068     -6.895 4
  51   57     -2.446     -4.413     -6.454 4
  73   44     -9.900     -2.832     -9.113 4
  85   -2     -1.202      0.877     -9.648 4
  62   39     -7.088      2.846     -4.249 4
  33   15    -10.072      2.238     -3.098 4
  11   21      3.110      0.020      2.880 4
  14    1      3.558     -0.613     -0.201 4
  65   27      0.706      2.685     -5.116 4
  71   -2      7.414      2.479     -9.982 4
  19   31     -0.314     -9.105     -0.444 4
 107   28      1.637     -7.903      0.655 4
 129   89      1.679     -7.740     -6.359 4
  54    3     -9.477     -1.181     -0.708 4
 153   48      8.645     11.209     -5.718 4
 132  150     -4.120      6.887      4.950 4
 140   13     -8.171     -6.672     -9.020 4
  50   32    -10.969     -1.288      0.747 4
  13   38      5.378     -0.985     -6.870 4
  24   19      4.106     -6.688      0.408 4
  55   36     -8.398      2.511      7.866 4
  48   25    -10.306      0.411     -7.577 4
  83   42     -2.683      3.283      2.975 4
  61   51     -4.611      0.141      1.987 4
  38   41    -11.536     -9.742     -0.645 4
  72   14     -2.875      6.086     -5.846 4
  34   34      7.270     -3.889      0.715 4
  45   58      0.253    -10.733      5.697 4
   8   84     10.570    -11.340     -8.408 4
  -1  170      6.998     -1.157      9.592 4
  68  101     -7.814     -8.534      6.667 4
  79   66      0.501     11.058      7.601 4
 112   94      7.144     -4.959      8.097 4
  39   52     -6.686      8.498      5.368 4
 139   50      9.168     -7.374      3.887 4
  16   63     -6.093     11.448      1.152 4
 113   40     -3.539      3.792      9.924 4
  41   54      2.895     -3.743      2.610 4
 104  202     -3.078    -11.603      8.040 4
 127  123     -8.194      1.265     -5.419 4
  27   53     -6.419     -6.806     -0.359 4
  -1   46     -5.777      6.542      6.593 4
  30   99      4.866      7.900      0.811 4
   6  139      3.862      3.101     -6.732 4
  63  174    -12.304     -8.448     -6.317 4
 179   87      7.458     10.368      8.124 4
  58   16      1.216     -6.553      1.046 4
  89  116     -5.548     -0.925     -9.503 4
 130  141      1.679     -8.998      6.425 4
 137   47      1.518      8.454      7.080 4
  67  166     -2.184     -9.362     -1.536 4
  80  172      3.609     -3.360      8.880 4
 126   78      6.107     -4.804      0.496 4
  25   59      2.594      3.175      6.016 4
  66   62      2.542      6.693     -8.431 4
  12  104     -8.478      3.132     -4.069 4
  96   71      9.362      9.082     -6.044 4
  87   77      7.120     -9.209      1.083 4
  84   69     -0.662     -0.285      6.436 4
  57  109      1.034     -2.883      0.423 4
  90   65      1.097      9.999      0.404 4
 138  203      3.108    -11.464      6.682 4
 164  110     -3.001      3.281      9.758 4
 128   93    -10.008     -2.403     -2.735 4
 148   75      5.048      8.707      9.189 4
  42   67     11.318      8.996      2.159 4
  44  176      9.615     -4.940     -0.249 4
 106   86      3.581      8.213     -9.602 4
  78   92      0.715     -8.952      9.730 4
  91  138     -0.342      8.522     -0.612 4
 170  208     -3.540     -4.085     -8.120 4
 115   74     -7.872      5.360      2.897 4
 123  106      6.730      0.365      3.295 4
 109   82      1.919      6.706     -3.491 4
 195   56     12.178    -10.269     -1.298 4
   4  126     -3.754    -10.451     -1.880 4
  70  130     -1.844      2.332     -4.854 4
  82   81     -4.681      0.608     -2.717 4
  77  175      5.885    -11.495     -4.378 4
  26   68    -10.637      4.460     -7.096 4
 111   90     10.391      8.233     -3.063 4
  52   76     -2.207     10.506      6.621 4
 142   -2      3.706     -1.919     -9.625 4
 169  159     -1.758      3.548     -9.486 4
  94  163     -1.260      0.317      7.688 4
 177  121      3.808      6.995      8.860 4
   9   22     -9.327      4.643     -0.723 4
 124  146      3.966     -4.195     -8.613 4
  56  107     -3.721      2.066      4.381 4
 110   97     -3.506      9.022      1.489 4
  88  160      6.080      9.128     -1.948 4
   5  115      6.217     -3.151     -3.691 4
  36  158     -3.930     -2.790      1.028 4
 166    6     -2.711    -10.940      7.996 4
  92  133     -0.230     -3.363     -2.357 4
 181   96      5.746      0.754     -7.559 4
  86  112      2.490    -10.361      1.509 4
  74  103      2.061     10.142     -3.574 4
 121  117     -6.931      8.217     -5.318 4
 134  137     -3.003     -1.000     -0.535 4
 199  105     10.811     10.446      0.168 4
 119  182     -1.842    -11.928      1.642 4
   1   88     -3.398    -10.406      8.922 4
 117  155     -1.609     -1.860     -3.191 4
  99   20      8.179     -4.227     -7.779 4
  69   55      9.150     -1.964      3.215 4
  29  200      7.612      7.835     -6.372 4
 100  118    -10.930     -0.794     -5.393 4
 175  131      7.377      0.158     -1.110 4
 135  136     -4.752     -9.021      8.626 4
 143  132    -12.155     -6.337     -3.841 4
  49   80     -5.441     -8.055      6.978 4
 102   91     -7.898     -3.515      2.004 4
  53   -2    -11.262     -7.502      3.743 4
 136  147    -10.425      3.422      1.683 4
 103  201     -7.064    -10.234     -9.513 4
  -1   79    -11.707      4.782     -8.412 4
 108   95     -6.625     -9.048     -4.580 4
 163  128      6.985      3.465      2.746 4
 145  165    -10.433      8.410     -2.024 4
 162  207      2.086     -1.285      5.469 4
  64   -2      2.187     -0.693      7.519 4
 205  142     -4.082      9.771     -7.268 4
 165  152      4.960     -7.302     -3.474 4
 158  119      1.857     -1.625     -8.572 4
 180  124      3.960      8.229     -7.360 4
 159  127     -2.816     -8.851      1.002 4
 171   64      2.443     -7.495      5.149 4
 147  171      0.019      0.690      4.652 4
  -1   -2      0.122     -0.014      5.823 4
  98  157     -4.630      6.825     -7.459 4
  95   61      0.413      9.405     -6.018 4
 152  154    -11.220      8.937     -3.062 4
 141  148     -6.338      9.917      8.390 4
 168  129    -11.099    -10.739      2.870 4
 125  180     -1.820     -1.512     -3.282 4
 151   85      3.311     -6.128      3.063 4
 150  108      2.652     10.051     -7.327 4
 120  143      2.642     10.876      0.499 4
 161  140     -8.324      0.656     -4.197 4
 157  194      9.629     -5.787     -5.625 4
  59  156     -6.746     -9.940      4.735 4
  76   83      3.751      3.922     -8.893 4
 160  151      5.217     -3.954     -7.887 4
  75  169     11.786      4.279      2.255 4
 184   98      6.403     10.376     -6.422 4
  60  135     -1.436     -6.192      1.731 4
 114  153     -4.155     -3.229     -7.682 4
 122   72     -5.168     -5.615      4.231 4
 105  161      6.550      1.572     -1.026 4
 176  178    -11.030     -9.355     -9.408 4
  20   73     -6.411     -7.503      4.979 4
  46  149     11.417     -1.779      0.263 4
  -1  145     -5.895      7.110     -6.472 4
  -1  164     -0.977      8.931      0.521 4
  -1  125     -4.784    -12.015     -1.272 4
  -1  102      2.668    -11.218     -4.317 4
  -1  179     -7.999     -5.804     -9.940 4
  -1   -2     10.302    -11.534     -1.356 4
 183  177     -8.571     -9.153     -5.491 4
 144  204    -10.224      4.246     -1.814 4
  -1   -2      1.134     -9.101     -8.074 4
  93  173      6.638      1.148     -4.195 4
  -1   -2     10.118      3.310      4.964 4
 154  206      4.215    -12.180     -4.003 4
  -1   -2     10.032    -11.263      6.904 4
 198  184     -5.264      6.313     -8.489 4
 173   -2     -5.033     -6.065     -6.040 4
  -1   -2     -5.496     -0.019     -6.257 4
 201  181      5.951      3.828      5.019 4
  -1   -2      8.156      9.976      1.775 4
 196  196    -11.643     -4.930      4.950 4
  15  193      2.693      1.300      4.730 4
 210  187    -12.961      1.359     -3.505 4
  -1   70     -7.026     12.084     -1.111 4
  -1  192     12.923     -6.126     -2.519 4
  -1   -2      9.097      6.718      9.187 4
  -1   -2     10.547      6.154      5.657 4
  -1   -2     10.780      6.603      2.549 4
  -1   -2      4.375     -0.941      7.214 4
  -1   -2     -1.456      7.683     -4.655 4
 167   -2      5.491    -12.524     -9.870 4
 149   45      8.959     -9.379     -2.371 4
 101  100      8.057      8.920      3.347 4
 146  205     -6.547     -7.856     -0.741 4
 204  195     -9.317      5.373      8.252 4
 131   -2      3.752      3.475      9.984 4
 207  211     -7.899    -12.304     -4.976 4
 197   -2     13.555      4.093     -1.896 4
 194  210    -10.638    -11.489      5.548 4
 192  209     10.823      7.939      5.810 4
 209  188    -12.874      7.275     -0.880 4
