263
  17   11      4.136     -2.893      0.845 4
   0    9      2.565     -6.768     -7.522 4
 200    4    -10.709     -4.864     -4.377 4
  21   44     -3.180      1.598      0.386 4
  43   19     10.816      0.453     -6.998 4
  57   33      6.012      5.269      2.198 4
  26   25    -10.766      2.838     -3.436 4
  18   22     -9.623     -1.708     -0.608 4
   1    7     -7.323     -7.681     -9.063 4
 111   17     -9.053     -5.063     -6.338 4
 101   34     -1.243     -1.506      9.531 4
  38   45     -7.017     -1.484      1.506 4
  42  112     -1.573      1.492     -8.191 4
  32   71     -3.202     -2.124     -8.359 4
 113  126      5.484     -7.659     -1.818 4
 137  123     -8.874     -3.513     -4.049 4
  27    8     -9.802     -8.044     -0.769 4
  85   43      1.970     -6.780     -4.607 4
  35   14     -3.041     -3.817     -4.810 4
  50   46      3.426     -2.465     -2.563 4
  20   35     -6.773     -0.765      5.265 4
  52   29     -5.005     -3.102      3.312 4
  22   16     -8.112      4.314      3.451 4
  73   27      9.187     -7.771      5.027 4
 208   24      0.505    -10.639     -8.078 4
  13  148      8.415     -7.957      9.103 4
   4   23     -6.979     -0.239      0.348 4
 184   78      0.956    -10.369      4.050 4
  64   67      4.294     -8.251      2.336 4
  -1   -2      5.625      0.751     -0.799 4
  56   13     -5.490     -9.411      9.510 4
  31   31      9.065      6.713      4.366 4
  76   66      7.104     -6.886     -0.458 4
  46   64     -0.103     -3.495      5.072 4
 128   58     -5.033      4.783      2.689 4
  37  113      9.388      0.548      7.004 4
  15  152     -3.401      1.142     -6.214 4
  62   70     -9.353     -3.144     -2.069 4
  60   10     -4.776     -2.078     -3.526 4
   9    0      3.101     -2.011      5.262 4
  66    6      1.464     -6.301      0.350 4
  44    1      7.664     -2.739      5.687 4
  63   26      0.791      2.107     -7.117 4
  28    3      1.374     -9.476      7.517 4
 152   82     11.968      5.656     -6.325 4
  65  213      8.329     -9.659      6.877 4
   7   12      0.396     -8.394      8.438 4
  59  107      7.179     -7.657     -8.375 4
  33   63      2.551      3.122      0.988 4
 181   69      3.182      7.479      2.857 4
  75   42     -9.758      7.361     -7.486 4
  24   18      0.883     -2.630     -6.159 4
  48   38     -3.406     -5.033     -7.012 4
  34   32      9.091      1.960     -9.403 4
 175   28      4.752      7.895      0.572 4
  58   84      7.131      4.461      9.657 4
 107   59      8.751      3.423     -1.306 4
 121  136     -3.212      5.241      9.000 4
  -1   75     -8.595     -5.877     -2.697 4
  82   89     -8.831      9.196     -5.677 4
  11   50      3.761     -3.291      4.994 4
   5   15      6.270     -3.534      1.744 4
  54   21      8.558     -0.031     -6.371 4
  71   77      0.750     -8.630      3.492 4
 109   20      7.270     -1.697     -2.027 4
  67  246     -0.682      7.925      9.326 4
  68   56      5.060      9.256     -0.338 4
  -1   73     -1.232     -3.760      4.811 4
  12   39     -5.084     -0.371      0.263 4
  99   49     -5.994      5.124      5.645 4
 119   76      3.289      6.116      7.517 4
  72   53      2.902      5.643     -2.417 4
  74   47     11.135      4.430     -2.878 4
   3   55      1.378     -1.051      5.324 4
  70   36    -10.994      7.613      0.699 4
 131   95      9.804      3.915      6.333 4
 120  135      4.363     10.475      5.746 4
  45  206      9.921     -6.696     -2.349 4
 108   61     -2.918     -8.455      3.922 4
 100  130      2.527      8.288      3.370 4
  61  120     -6.490     -5.053     -1.889 4
 132   51      7.084     -2.387     -9.304 4
   2  122      2.955      4.057     -0.936 4
  86   68     -5.697      0.627     -1.048 4
  69  183      5.273     10.008      1.504 4
 188   -2      3.355      8.679      5.586 4
 185  253      1.315      5.331      4.190 4
  98   52    -10.115     10.704     -1.485 4
  49   57      6.204    -10.727     -9.562 4
  16  103      7.157     -2.656     -1.494 4
 122   37     -3.825      5.614      1.839 4
  53    5     -1.474    -10.010     -7.384 4
 102  215      3.466      0.222     -7.035 4
  -1   -2     11.465      6.615      0.310 4
 155  124      7.660     10.282      5.109 4
  91   62      1.389    -11.328      0.448 4
  41  195      3.133      4.917      9.389 4
  39   -2      7.463    -11.596      3.704 4
 149  143      7.511      9.356      9.177 4
  93  185    -11.824      2.543     -6.740 4
   8   93     -5.589      7.927     -8.214 4
  89  132      8.531     -0.924      9.110 4
  97   92     -5.554      7.211      8.066 4
 139   -2      0.962      9.939     -8.626 4
 126  162      6.917      1.132      1.154 4
  80   79      7.145     -9.076     -1.399 4
 125  106      5.052      1.592      1.303 4
 203   90     -4.817    -10.015     -8.454 4
 104  109      3.742     -6.510      3.139 4
  -1   97      1.982      8.726     -7.454 4
  96   60     -3.427     10.194      5.617 4
  30  170     -7.082      1.046      1.815 4
 173   87     -9.119     -6.264     -8.932 4
  94   98    -11.768     -3.355      0.964 4
 127   86    -10.600      5.941     -5.019 4
 171  110     -9.336    -10.050     -6.354 4
  81  115     -6.631    -10.804      4.252 4
 103  247      4.254     -6.672      9.603 4
  83   -2      4.987     11.167     -6.065 4
 172   54      7.308      7.232      6.661 4
  87  131     -9.984    -11.679     -7.357 4
 165  119      2.395      6.758      2.281 4
 212   -2      1.298      9.480      9.869 4
 174  139     11.834      4.090      0.708 4
  25  197     -0.964      8.199     -6.139 4
  95   65     11.088     -2.419      2.405 4
  36    2     -0.562     -1.398      4.316 4
  -1  153     12.324      7.632     -5.717 4
 129  142     -4.116      7.169     -2.766 4
 156   -2    -11.405     10.794      3.391 4
  40   85      5.537      8.273      5.443 4
 144  149      9.733      4.127     -3.867 4
 135  117      5.804      6.875     -7.439 4
  79   -2     -2.841      6.186      6.086 4
 183   81     -0.582      4.288      2.996 4
  55   80      1.745     -2.794     -2.996 4
 176  116      0.703    -11.385     -8.922 4
 204  145      3.271      4.378     -1.195 4
 106   99     -6.303      4.742     -8.687 4
  90   -2     11.311      2.522     -9.289 4
  14  169      9.837      0.315      2.432 4
 141  174      8.249     -0.525     -5.623 4
 150  105     -3.500     -1.143      4.647 4
  19  157     -3.886     -8.303     -4.019 4
 182   30     -1.422     -9.722      9.248 4
 168  144     -7.878     -6.468     -4.277 4
 148  118     -3.879      8.498      2.571 4
 177  147     -8.486     -1.128     -3.967 4
 159  141      1.973     -9.561      3.124 4
 138   48      0.414     11.800     -4.208 4
 158  199     -2.426     -8.809     -4.677 4
 154  251     -2.697     -0.462     -6.243 4
  88  198      1.936      3.391      0.324 4
 142  151      4.302      3.569      1.420 4
 164  134      3.081     10.132      5.380 4
 110  182    -10.736     -9.968     -5.527 4
  -1  133     11.469     11.445     -2.396 4
   6  104    -10.496     -0.259     -5.294 4
 180  172      1.011     -9.411     -5.417 4
 166  160     -9.466     -5.707      2.275 4
 153  166     -5.686      6.787      7.587 4
 230   91     -0.315     10.319     -8.981 4
 170   96     -8.236      5.662     -7.065 4
 199  155    -11.634     -6.504      2.295 4
 211  190     -0.165      8.479      6.900 4
 157  219      0.500      5.991      0.859 4
 112  201      6.798     -5.130     -0.735 4
 161  173     -1.090      3.995      1.860 4
 235  224      6.914      8.792      9.092 4
 133  164      2.755    -11.458     -5.669 4
 205  156     11.611     -5.707     -2.686 4
 167   -2     -0.444      8.653     -2.938 4
  -1   -2     -4.688      6.224     -4.028 4
 123  171     -1.867      3.764     -0.995 4
 178  200    -10.845      6.792     -9.036 4
  -1   -2     -4.230     -9.399      9.588 4
 162   -2     -3.497      5.072     -6.766 4
 197  165      1.640      8.921      2.250 4
 247  212      1.276      5.518      8.040 4
 218  161     10.884     -5.614     -8.789 4
  -1   -2     -2.579      9.199      7.487 4
 210  179      1.476      9.860     -4.648 4
 134   74     -0.454      3.854      6.219 4
 163  176     -5.929      3.575     -0.940 4
 202  255      2.720     -4.898     -2.356 4
 196  192     -7.443     -8.779      9.369 4
  -1   72      5.417      6.560     -7.764 4
  -1  121     -2.289    -10.035     -2.184 4
 231  256      7.593     -9.918      8.299 4
  -1  129      7.985     -4.356     -9.997 4
  -1   -2      7.870      6.855     -8.066 4
  -1   -2     -5.934      3.869     -2.159 4
 225  235     10.618    -10.989      4.933 4
 213  158     -1.212     -3.634     -7.506 4
 186  167     10.521      6.097      1.797 4
  29   41     -5.003      8.323      1.751 4
 160  193     -2.722      3.466      7.260 4
 206  188    -11.784      6.234     -6.801 4
  -1   -2     -0.852      9.233      0.347 4
 201  218    -10.573    -11.194      2.762 4
 190  189    -10.719     10.162     -9.501 4
 145  214     -6.088      1.301      3.674 4
  -1   -2      7.408     11.381     -0.472 4
 115  180      8.381     -4.083     -9.001 4
  23  137     -5.472     -7.554     -3.412 4
  47  245     -4.898     10.428      1.319 4
  -1  178      1.071      5.974      3.536 4
 207  208      9.592      7.988     -6.232 4
 146  127      2.586     11.845     -4.790 4
  -1  194     -1.900      4.067     -4.680 4
  10  241     -7.337    -12.060     -3.952 4
  51  191     -7.653      9.461     -9.959 4
  -1   -2      5.070      4.833     -4.973 4
 214  210    -11.051      5.499      1.558 4
 219  186     -9.411     -9.722     -0.353 4
 130  216     -9.559     -8.552     -8.393 4
  -1  220     11.752     -7.055      0.638 4
  -1   -2     11.495     -5.890     -0.055 4
  -1   -2      3.273     -2.937      7.734 4
  -1   -2     11.196      8.156     -6.805 4
  -1   -2      4.812      1.885     -7.843 4
  -1   -2      3.307      4.938     -6.258 4
  -1   -2      8.475     11.600     -4.228 4
 223  150      9.684      7.660      5.818 4
 217   -2     10.770      9.687      1.988 4
 224  226    -10.481      2.072      3.097 4
 221  207     11.541      1.105     -2.102 4
  -1   -2     -2.063     -7.971      3.411 4
  -1   -2     -8.049     -4.886      1.678 4
  -1  163     11.204     12.345     -7.343 4
 228  168      8.326      9.091     -5.100 4
 226  230     -9.512    -10.004      9.705 4
 227  229    -11.241     -6.699      7.305 4
 232  237    -13.787     -8.993     -1.711 4
  -1   -2     13.221      8.316     -3.005 4
 229   -2      9.042      2.488      9.322 4
 233  233     11.758     -3.367      5.712 4
 234  238    -12.817     11.336     -2.394 4
  -1   -2     10.403      5.008      9.650 4
 220  243      1.818     11.141     -8.312 4
 237  242    -12.894     11.875     -3.827 4
  -1  244    -12.276     -8.596     -4.108 4
  -1   -2     11.599      9.323     -0.412 4
 117  138     -4.816      6.240     -1.437 2
 118  125     -5.038     10.616     -7.253 2
  77  111     -5.037      8.472     -7.688 2
 124  248     -0.680     -1.488     -1.413 2
 195   -2     -2.487      6.210      3.779 2
 198  204     -5.279     -7.518      4.656 2
 136  249     -5.868     -3.425      4.243 2
 194   -2     -3.213      6.115     -6.002 2
 243   -2      7.105      9.034     -9.349 2
 192  140      0.773     -2.487      6.239 2
 189  254     -3.077      9.521     -7.423 2
 140  250    -12.513     10.641     -4.194 2
 116  177      5.707      8.891     -9.601 2
 244  257     -7.428      6.091     -7.202 2
 209  202    -10.008      3.761      2.623 2
 249  258     -9.481      6.236     -1.891 2
 169  252     -5.148      3.414      2.286 2
 248  209      1.844     -6.691      1.432 2
 250   -2     10.419      7.799      6.266 2
 245  108      3.988     -1.679      4.763 2
