226
  -1   -2      9.089     -2.430     -5.377 4
  59   -2      5.964     -8.267     -1.800 4
  31   -2    -12.045     -0.624     -4.079 4
  15   -2     -8.799     -8.838      4.808 4
  -1   -2      5.130      9.049     -5.585 4
  -1   -2      6.227      0.514      6.911 4
   7   -2     -4.769     -9.251      0.570 4
  -1   -2     -7.906      5.154     -6.126 4
  25   -2     -7.177      6.276      1.726 4
  -1   -2      3.118      4.097      2.107 4
  -1   -2      7.008      7.827      7.682 4
  48   -2     -7.150      0.131     -0.286 4
  -1   -2      3.152     -4.138      1.803 4
  38   -2      2.861     -9.937     -8.554 4
   2   -2     -0.372      1.407      1.043 4
 158   -2      2.585      8.846     -8.250 4
  -1   -2      7.992      7.337      5.057 4
   6   -2     -1.226     -8.174     -1.382 4
  -1   -2      3.531     -3.789      4.463 4
  61   -2      4.211     -8.526     -3.091 4
   0   -2      1.630     -0.478     -4.581 4
   4   -2     -0.596     -4.801     -8.318 4
  32   -2      2.031      9.401      7.565 4
  22   -2     -7.459     -1.508     -3.328 4
  -1   -2     -1.112     -3.009     -4.990 4
  -1   -2     11.305     -8.540     -4.431 4
  68   -2      7.169      4.415     -5.212 4
  16   -2      0.621     -5.703      3.712 4
  46   -2     -9.191    -10.013      6.185 4
  45   -2     -1.132     -1.622     -5.106 4
   5   -2     -8.949      7.444      0.710 4
  -1   -2      2.455     11.740     -3.668 4
  -1   -2      3.335     -0.880      0.491 4
  75   -2    -11.050      4.151     -6.322 4
 199   -2     -7.428      0.570      3.851 4
 187   -2     -1.787      1.080      7.529 4
  50   -2     -1.460      3.876     -6.064 4
 151   -2      0.026    -11.575      2.179 4
  -1   -2     -1.333      5.926      4.185 4
  -1   -2     10.436     -9.929     -1.271 4
  71   -2     -5.960      0.213     -2.060 4
 175   -2      1.737      5.155      8.671 4
  12   -2     -1.807     -0.753     -2.393 4
 211   -2      5.698     -7.201     -9.516 4
 166   -2      1.900    -12.002     -7.548 4
  30   -2     -1.304      2.685     -1.000 4
  13   -2    -12.285    -10.383     -6.050 4
  -1   -2      1.613     -7.252      1.320 4
 161   -2      8.377      0.453     -7.143 4
  72   -2     -9.202      4.266     -9.105 4
 108   -2     -4.891     -1.486     -2.606 4
  58   -2     -1.484    -11.634     -6.598 4
  -1   -2      3.461     -5.983     -8.060 4
  17   -2      1.553     -1.554     -7.783 4
  36   -2    -10.586      2.820     -0.647 4
  -1   -2     11.257      8.887      2.024 4
  -1   -2      5.956      9.098      8.583 4
  88   -2     -6.415     -6.151      3.432 4
   9   -2     -2.245      8.948      4.739 4
  -1   -2      9.916      3.247     -1.181 4
 156   -2     -0.274      6.408      6.805 4
  -1   -2      9.522     -0.193     -6.269 4
  54   -2      7.014      2.806      3.862 4
  34   -2    -11.430      4.965     -3.107 4
 209   -2      5.986     -4.246     -0.465 4
 147   -2     -6.397      5.577      3.849 4
   1   -2     -0.212     -9.542      3.907 4
  97   -2      1.330     -7.685      2.124 4
   3   -2     -2.637      2.582     -8.791 4
  -1   -2      6.180     -3.255     -5.932 4
  52   -2      2.604     -5.592      0.717 4
  -1   -2      7.401     -5.005     -0.617 4
  79   -2      1.721     -7.782     -0.335 4
  29   -2     -8.524      9.245     -5.130 4
  -1   -2      0.228     -0.761      0.163 4
  67   -2      5.856     -9.232      3.921 4
  37   -2     -1.093     -4.227      6.018 4
  -1   -2      8.366     -5.189      4.496 4
  -1   -2      4.184     10.969      8.432 4
  10   -2     -8.393     -4.579      9.270 4
  19   -2    -11.624      6.095     -4.395 4
  78   -2      1.264      8.170     -3.180 4
  23   -2      1.742     -1.790      7.627 4
  74   -2     -0.137    -10.837      0.185 4
 123   -2     -5.662     -7.481      2.116 4
 132   -2      0.778      7.176      4.308 4
  83   -2     -7.675      3.514     -0.054 4
  80   -2     -5.530      8.851      8.573 4
  -1   -2      9.727      2.163      5.593 4
 131   -2     -2.820      6.763      5.656 4
  43   -2      2.815     -1.066     -5.896 4
 113   -2     -0.417      9.345      5.805 4
  -1   -2      8.727      9.407     -9.679 4
  84   -2      3.106     -9.826      6.786 4
  81   -2      1.361      5.408      6.583 4
  91   -2     -5.261      9.908      6.184 4
  57   -2      3.772     -8.373      5.222 4
  -1   -2      7.955     11.526     -7.696 4
  -1   -2      8.301      6.849      3.991 4
  65   -2     -3.420     -6.574      7.419 4
  35   -2      6.502     -8.339      5.364 4
 120   -2     -5.082     -0.736     -6.473 4
 118   -2    -10.955     -1.644     -6.386 4
  92   -2      3.154     -8.622      6.037 4
  -1   -2      7.135     -8.148     -9.797 4
  -1   -2     11.943      3.152     -1.576 4
 101   -2     -4.701     -3.814      0.149 4
  -1   -2      8.914      0.538      5.323 4
  -1   -2      8.412      9.042      8.800 4
 212   -2      5.352     -7.529     -5.294 4
  -1   -2      2.917      7.768     -8.779 4
  56   -2     -3.919     -2.775     -5.952 4
  85   -2     -8.546      6.644      5.527 4
  -1   -2     -3.731     -6.452      9.665 4
  26   -2     -6.191    -11.761     -3.258 4
 174   -2     -4.506      6.121     -4.391 4
  28   -2      2.521     -6.625     -3.502 4
 116   -2     -8.753     -7.839     -3.531 4
 102   -2      0.257     -1.788      8.171 4
 119   -2      1.231      7.169     -6.591 4
 103   -2     -3.699      0.042     -3.854 4
 183   -2     -6.999      0.597      9.694 4
  -1   -2      7.455      2.261      9.571 4
  27   -2     -9.538     -4.103     -1.981 4
  62   -2     -7.240     11.775     -7.330 4
  -1   -2      3.865     10.729     -4.369 4
  -1   -2     -5.141      0.026      7.379 4
  -1   -2      8.483      5.379      2.264 4
  89   -2     -4.490     -7.043      1.169 4
  -1   -2     11.103     10.555     -2.810 4
 139   -2     -8.620     -8.408     -3.480 4
  -1   -2      5.767      6.930      7.275 4
  -1   -2     -1.272     -1.907     -2.715 4
 125   -2     -8.259     -9.331      4.892 4
  -1   -2      8.440    -10.783     -0.720 4
  -1   -2      3.406      2.683      2.532 4
 198   -2     -0.773      0.831      4.461 4
 146   -2    -11.528     -1.788     -6.501 4
  -1   -2     -2.128      8.458      4.735 4
 104   -2     -4.576     -7.986      2.563 4
  -1   -2      1.587      4.888      3.552 4
  -1   -2      3.938     -4.048      3.503 4
  -1   -2      9.706     -7.129     -8.499 4
  -1   -2      9.508    -11.252     -0.104 4
  -1   -2      3.308     10.353     -2.054 4
  -1   -2      6.805      2.255      0.780 4
  98   -2      2.336     -4.547      2.482 4
 164   -2     -7.657    -10.977      7.514 4
  40   -2      6.122      7.869     -3.897 4
  -1   -2     10.663     -3.170     -7.664 4
  -1   -2      2.380     -3.209      4.644 4
 107   -2    -11.082     10.853     -5.100 4
  -1   -2     -1.624     -6.851      1.639 4
 179   -2     -0.173     -1.862      8.479 4
  96   -2     -0.907      5.974      7.626 4
  -1   -2     -1.364     -6.906      3.358 4
 138   -2      4.790      4.359     -7.508 4
 163   -2     -6.475     -5.373     -7.162 4
  -1   -2      7.758     -2.514     -7.148 4
  -1   -2     10.048     10.154     -4.971 4
 152   -2      7.408    -11.180     -4.758 4
  -1   -2     -4.836     -7.855     -0.559 4
 105   -2     -3.866    -11.921     -1.242 4
  -1   -2     -5.574      0.252     -5.489 4
 149   -2    -10.481     -6.272      2.293 4
  -1   -2      6.363     -0.420      3.670 4
  -1   -2      3.151      2.510      2.454 4
 124   -2      7.965      2.869     -8.872 4
 219   -2      1.131      5.478      8.976 4
  -1   -2      8.002      6.482      1.381 4
  -1   -2      5.002      9.743     -5.684 4
 196   -2      8.526      5.086      4.343 4
  -1   -2      2.999     10.325     -0.534 4
 210   -2      4.654      4.741     -3.319 4
 189   -2     -0.852      8.065      7.310 4
 218   -2     -4.724      5.996      0.054 4
  -1   -2     10.293      6.354     -2.089 4
  -1   -2    -11.884     11.741     -5.649 4
 160   -2     -0.840      2.652      3.431 4
  -1   -2    -10.688     11.571      2.425 4
 206   -2      5.942      6.107     -7.444 4
  -1   -2      0.235     -0.833     -9.802 4
 155   -2      2.726     -4.796     -2.056 4
  -1   -2      1.756    -12.057     -0.237 4
  -1   -2      6.852     -4.219     -8.777 4
 185   -2    -11.234     -1.247     -8.301 4
  49   -2     -1.298     10.846      9.003 4
  -1   -2     10.931      0.729     -7.184 4
  11   -2     -2.908      5.322     -3.221 4
  -1   -2      8.451      8.826     -3.569 4
 221   -2     -0.259    -12.028     -0.184 4
 184   -2     -8.392     10.562      2.758 4
 215   -2     -7.823     -7.036     -2.962 4
  -1   -2      9.288      5.727      7.416 4
 194   -2     -5.243      2.912      0.352 4
  -1   -2      3.961      6.219      3.546 4
 190   -2      2.738     -5.578     -6.958 4
 110   -2     -2.770     -2.554      2.176 4
  -1   -2      7.580      6.867      9.537 4
 121   -2    -11.861     -5.542      0.927 4
 129   -2      8.353     -8.570      3.748 4
  -1   -2     10.171     11.053      0.077 4
  -1   -2     -9.816      3.604     -1.710 4
 171   -2     -9.242      1.070     -9.196 2
  39   -2      4.591    -12.019      1.154 2
 115   -2      5.576    -12.470     -6.883 2
 142   -2     -0.626      4.957      9.346 2
 145   -2     -2.190      9.244     -6.955 2
  95   -2     -0.770     -4.206     -6.464 2
  64   -2      7.718    -12.149     -0.227 2
 195   -2     -4.446    -12.414     -6.343 2
 207   -2     -5.197      3.047      3.859 2
 128   -2     -0.323     -2.500     -3.522 2
 169   -2      4.279      6.193      6.406 2
 130   -2      1.609     -5.399      9.823 2
 135   -2    -11.140     11.764     -6.087 2
 173   -2     -6.444    -11.591      8.500 2
 167   -2      7.032      8.919      3.007 2
 217   -2     -8.804     -1.514     -1.276 2
 144   -2     10.183      7.022     -0.572 2
 214   -2      2.943    -11.242      8.892 2
 205   -2      0.375     -0.524     -1.679 2
 204   -2      3.955      2.122      6.726 2
 220   -2    -12.491    -10.557     -0.255 2
 222   -2    -11.014      1.386      5.748 2
 202   -2      3.080     -9.255     -9.327 2
