228
   1   11      3.878    -10.636     -7.523 4
   7    8     -4.222     -2.702      3.907 4
   9   13      0.689     -8.368     -3.959 4
  32   52     -0.071     -7.015      9.814 4
   6    1     -5.090     -0.560      3.241 4
   2    5      6.175     -7.836      7.274 4
  11   16     -8.838     -0.512     -0.101 4
 108    2    -10.508      2.431     -8.315 4
  30   35      3.951      7.801     -1.744 4
  26   33    -11.565     -7.426     -8.131 4
  21   63      8.027     -9.084      5.997 4
  51  103     -2.384      2.982     -4.083 4
  18   31     -6.698     -0.866     -9.519 4
 106   10      7.719     -4.724     -6.604 4
  12    4     -8.885     -1.914     -1.564 4
  17    0     -6.268     -4.306      9.885 4
  28    7      0.705      1.454     -9.505 4
  38   29     -0.468     -5.283     -5.621 4
  40   27      1.770      8.227      0.016 4
  19   46     -3.142     -8.209      7.389 4
  10   25      4.547     -1.401      2.231 4
  23   28    -10.103     -0.939      0.874 4
   0   12      9.005     -3.198      0.843 4
   8    6      3.746      2.756      3.845 4
  33  160     11.001      0.363     -4.584 4
  27   36      1.520     -3.763      1.515 4
 164  127     -5.774      6.871     -4.762 4
   3   18      4.560     -3.177     -2.341 4
  25   17      1.084      2.439      6.626 4
 104    3     -3.770     -8.932      7.434 4
  -1   64      1.898      6.759      7.129 4
  41   75     -7.739     -7.239      5.502 4
  86   34     -6.776    -11.191      3.309 4
  53   32      8.419     -0.580      4.000 4
  35   67      4.252      7.291      5.775 4
  64   22      3.585      1.872      4.799 4
  15   61      9.980     -8.531     -5.663 4
  54   55     -9.237      3.732      3.607 4
  34   86      1.631      0.236     -4.781 4
  45   30     -6.922     -8.229      3.602 4
   5   79      1.043      4.269      8.462 4
  94   66    -11.289    -10.422     -2.753 4
 142   19     -7.133      2.930     -2.758 4
   4   21     12.130     -4.409     -3.730 4
  52   45    -10.110      7.052      5.423 4
  50   47     -8.240    -10.822     -7.754 4
  20   26     -1.521     -7.340     -0.257 4
  44  121     -2.857     11.152      2.599 4
  36  132    -10.695     -4.185     -2.455 4
 122   56      5.839      5.109     -5.321 4
  77   68     -2.811      3.378      4.063 4
  89   44      4.899      7.015      3.355 4
  99   54    -11.424      5.833     -6.613 4
  63  182     -8.820     -7.654     -7.279 4
  16   39     -9.879      2.028     -2.755 4
  69  141      3.302    -10.100     -2.807 4
 158  108      6.046      3.092     -8.979 4
 131  101      4.652      4.395     -2.440 4
  67  123     -6.558      1.935     -9.116 4
  78  205     -6.486     -7.816     -2.010 4
  47   58     -3.280    -11.224     -9.259 4
  61   97     10.990      6.503      3.110 4
  37  149     -0.527      7.335      5.284 4
 107   95      5.972      1.329     -0.058 4
  14   76     -0.457    -11.068      8.961 4
  60   48     -6.428     -6.311     -0.959 4
  70   53     -8.540      6.288      8.747 4
  22   20      0.600     -9.627     -7.044 4
  83   77    -12.112      2.197     -2.474 4
 169   99      9.176      5.698     -7.476 4
  62   51     -1.664      9.318     -1.081 4
 167   87     -0.604     -5.718     -5.721 4
  73   43      5.972    -11.069      7.370 4
 195   38      7.164     -8.844     -4.681 4
  84   78     -2.674      0.705      2.192 4
  56   14      6.710      1.887      3.514 4
 133  135    -11.928      8.495     -6.557 4
  66   40      6.544     -4.345     -6.925 4
  13    9     -1.382    -10.768     -9.528 4
 126  157     -3.653     -7.275      0.559 4
  88   70     -7.385     -7.960     -6.088 4
  65  128      8.959      3.265     -5.341 4
  29   74      5.525      1.642     -5.252 4
 180   89      1.740      4.857      9.006 4
  92   62      7.412      6.229     -0.182 4
 105   85      3.859      6.021      9.763 4
  58  100     -3.794      8.479      7.750 4
 152   81      4.157      8.933      7.395 4
  98   98    -10.454     -7.070      2.459 4
  74   83      5.895     -2.226     -2.902 4
  46  115     -2.362      2.482     -6.022 4
 186  138      3.581     -7.188      8.581 4
 116  102      9.088      9.100      0.997 4
 170   60     -3.782      7.064      9.679 4
 155   23     -9.821     -2.359     -2.659 4
  85   65      4.214      2.486     -1.948 4
  55  105    -10.795     -0.332     -5.991 4
  97  117      1.743    -10.982     -4.431 4
  -1   72     10.596     11.630     -1.665 4
 136  162      5.947      2.381     -8.491 4
 139   80     -4.176     -8.430      8.431 4
 101   59     -5.494    -10.028      3.183 4
  71   96     -6.717     -1.267      2.115 4
  90  106     -1.782     10.921      6.582 4
 114   -2      0.048    -11.749      4.717 4
 151  181     -5.119     -1.248     -7.646 4
 127   57      3.510     11.077     -7.208 4
  59  130     -8.567      1.638     -5.044 4
  42   84    -11.479     -6.157     -5.326 4
  81  109      1.781     -2.050      2.073 4
 168  151     -2.527      4.836     -5.042 4
 109  119     -9.728      4.022     -1.200 4
 166  142    -10.666    -10.331      4.012 4
 135  111     -1.732      5.212      6.679 4
  43   37     -7.804      3.678      8.331 4
  68  110     -3.090     -8.971     -2.216 4
 111   93     -1.375      5.665     -1.049 4
 128  133      0.882      5.411     -9.138 4
 159  139     -8.523      0.558     -3.713 4
 134   49     -5.503    -11.240     -8.164 4
 110  112      5.727     -9.894      1.241 4
  87  104      2.722      9.994     -4.196 4
  31   50     11.020      3.956      1.549 4
 141  126      4.138     -2.540     -8.491 4
 154  131     -0.795     -0.647     -9.917 4
  24   15      2.363    -10.359     -8.252 4
 118   91     -5.333    -10.864     -7.766 4
 163  140      3.319     -2.115      6.548 4
 162  134      4.439     11.629     -6.010 4
 153  113     -0.997     -2.616      2.164 4
 121  208      0.039      0.192     -4.306 4
 183  146     -4.199      2.980     -0.725 4
 173  158     -5.165     -7.331      7.787 4
 148  114     -2.929     -0.138     -9.831 4
 193  168     -8.619    -11.151      4.618 4
  75  203      9.656      0.152     -7.435 4
 119  143      4.211     -0.279      5.008 4
 140  209      5.219    -11.500      4.353 4
  39  125      0.647     -6.122      4.603 4
 143  210      1.480     -2.259     -4.705 4
 100  165     -4.496    -10.669     -3.574 4
 145  116      7.639      7.503      4.859 4
 125  176     -2.970    -10.208      0.615 4
 113  107     -3.490    -10.885      3.845 4
  91   73     -1.624      1.181     -0.732 4
  95  207     -1.978      2.565      1.383 4
 149  122     -1.793      1.464     -0.808 4
 157  169      3.171      4.181      7.916 4
 165  154    -10.900      8.619     -2.231 4
  96  164      8.269      3.694      3.612 4
 123  175     -4.469     10.565      6.714 4
 210   82     -6.664      7.952      4.116 4
 220  163      3.896     -7.075      8.827 4
 171  213      7.973    -12.015     -9.061 4
 147  167      3.230     -5.040     -0.946 4
 156   69     11.884     -0.115     -4.208 4
  -1  124      2.865     11.512      8.163 4
 182  214     12.292      1.746     -6.300 4
 137   92      8.497     -2.317     -1.407 4
 185  173     -3.180     11.508     -2.196 4
  -1   -2      3.046      7.231     -3.772 4
 187  129     -0.487      3.621     -9.371 4
  82   -2      0.383     -6.214      9.180 4
 150  145     -9.297      5.092      1.953 4
 176  171      2.607     -3.742      6.647 4
 178   88     -5.678      7.612     -3.076 4
 160  170      2.559      7.071     -5.286 4
 124  166    -11.759     -8.596      2.119 4
 129  174     -6.205      8.890     -2.198 4
  -1  120      0.407    -10.019     -4.227 4
 138  172     -2.172    -10.930      3.561 4
  49   24     -5.905     -5.403      4.028 4
 212  216     10.871     -4.122      1.787 4
 174  155     -3.301    -11.145      4.171 4
 192  144     -4.906    -10.810      6.541 4
  79   71     -3.900     -2.911     -5.870 4
  -1   -2      7.628     -4.637     -2.881 4
  57   42      5.190     -5.637     -8.624 4
 188  148      9.574      7.446      1.150 4
 115   41      6.105     -9.444      3.065 4
  -1  136      7.723     11.641      4.609 4
 191  179     -8.499      2.891     -3.011 4
  48  178     -4.929     -2.577      9.138 4
 196  180     -2.194      3.374     -9.678 4
  -1   -2     11.207     10.759     -1.303 4
 130   90     -6.092     -4.114     -7.311 4
  -1   -2      5.351      7.802      9.473 4
 204  186      5.593      9.833      6.126 4
 117  118      0.186     -1.945     -9.523 4
 222  217     -0.354     -6.365     -8.751 4
  -1   -2     11.775     -1.011     -3.345 4
  -1   -2     11.132      9.538     -3.369 4
  -1   -2     10.562     -6.388      0.409 4
  -1   -2     10.697     -4.552     -2.027 4
  -1   -2     12.305    -10.816     -7.488 4
  -1   -2     11.568     -9.920     -3.667 4
 205  215    -12.317      6.957     -0.616 4
 207  188    -12.639      1.185     -4.104 4
 161  212      4.236     -5.115      5.490 4
 214  196    -12.695     -1.671     -2.790 4
  -1   -2     11.678     -5.611      4.927 4
 202  161     -4.391     -1.751     -8.318 4
 211  189     10.824      9.777      4.925 4
  -1   -2     11.606     -8.756      7.357 4
 209  192    -12.047      5.920      2.367 4
  -1  193    -12.509     10.210      0.558 4
 206  177      5.644     -7.869      6.619 4
  -1   -2      3.861     -8.762     -8.586 4
 213  195    -13.502     -3.410     -2.346 4
  -1   -2     11.498     -8.070      1.646 4
 216  200    -11.501     -1.440      0.740 4
  -1   -2    -12.431     -8.090     -1.730 4
 226  202    -11.290     -3.600      2.908 4
  -1   -2     10.653      2.581      2.955 4
  76  204     12.360     -2.217     -7.274 4
 103   -2     -0.139      0.382     -0.104 4
  80  206      6.982    -12.148     -3.826 4
 112  153      5.069     -5.529      5.641 4
 189   -2      1.841     -6.313      1.616 4
 120  150      2.623     -2.103     -3.419 4
 179   -2      8.607    -12.079      1.347 4
 198   -2     10.248    -12.348     -9.342 4
 132  147     -0.004    -10.184      6.697 4
 146  211     -4.538      7.589     -3.392 4
 184  137     -4.948     -5.616      5.943 4
 224  218      2.081      2.414      2.809 4
 228   -2    -11.348     -7.662      7.085 4
 227  219      0.315     -9.586     -7.983 4
