216
   0   15     -1.616     -4.914      2.790 4
  72  192      8.271      5.602      7.190 4
  33   59      4.220     -7.165      7.171 4
  27   73      3.118     -4.819     -2.929 4
   2   10     -5.506     -5.460     -9.113 4
  14   35     -6.746      5.950     -2.528 4
  47   62     -1.054      4.354     -0.226 4
   7   11     -7.642     -4.872      2.767 4
  20    8     -9.509     -2.123     -3.169 4
  18   25      4.567    -11.143     -8.607 4
   1   30     -6.159     -7.057      4.527 4
  12    3      2.734      0.647      0.885 4
  48  189      3.157     -3.891      9.915 4
   5   20    -10.223     -1.283     -1.637 4
  56   28    -11.726     -4.126     -2.217 4
  -1   -2      9.631      9.456      5.384 4
  16   46      8.273      2.608     -2.701 4
 141  115      0.874     -9.153     -0.281 4
  54  191    -11.899     -1.248      0.279 4
  -1   -2      8.235      6.179      0.385 4
  21    5     -2.607     -2.097      6.035 4
  -1   63      0.589      0.183     -8.691 4
  41   24     -8.055      7.421      3.922 4
  22    4    -11.082      6.011     -7.934 4
 158  130      6.077     -2.538      2.526 4
  19    1     -0.937     -1.621      8.728 4
 107  101      2.089      9.447     -1.918 4
  36   18     -3.817      2.992      3.440 4
  13    7     -9.179      1.936      7.280 4
 194   12      3.698      0.073     -9.059 4
 147  133      1.794      9.383      8.170 4
 138   43      8.990      0.550      1.130 4
  63  112      4.075     -9.705     -1.689 4
 183   13      9.226    -11.371     -6.764 4
   3   37     -0.149    -10.140     -1.874 4
  -1   -2      3.572      3.009      1.722 4
 105  195     -4.899     -9.980      8.845 4
 110   27     -4.588      1.773      9.334 4
  44   36      2.609     -6.866     -0.741 4
  31    0      6.693      4.403     -2.238 4
  37   91      3.375     -7.495      6.151 4
  17   -2      2.561     -4.313      0.888 4
  -1   -2      7.133      5.535     -3.260 4
  69   72     -4.092      5.669      5.904 4
 198   96     -5.158      2.456      9.761 4
  46   38     -4.115      1.218      0.744 4
  39   17     -5.944     -4.646      9.644 4
  68   31      7.160     -5.289     -6.922 4
 197   16      0.849      8.872      9.556 4
 114  197     11.725    -10.205     -0.819 4
 191  148    -10.845      4.522     -2.705 4
  34   88     -6.981    -11.002      5.298 4
  80   69      9.546      1.123      4.239 4
 137  167     -8.412      0.644     -5.613 4
  29   42     -7.815      9.976     -0.954 4
 120   64      1.951      5.448     -9.404 4
  76   41    -10.427      2.585     -4.042 4
  55   40     -3.512    -10.533     -2.405 4
 152   26      6.866      7.337     -1.515 4
  -1   -2      7.658      4.932      1.075 4
  57   58      7.259     -8.728     -2.255 4
  38  137    -11.846     -9.093      0.212 4
  59   74     -7.961    -10.067     -5.170 4
  26   76     -0.702     -1.066      3.941 4
  32    6      6.351      2.812     -3.520 4
  15   48     -3.645      9.337      3.637 4
  77  114     -1.923     -9.876     -2.776 4
 101   71     -0.655      9.906      9.266 4
  25   22     -9.278     -5.762     -9.554 4
  28   51      9.546    -10.900     -2.954 4
  53   19     -8.841     -6.954     -9.304 4
 108  196     -1.754      7.001      6.483 4
  84   49      6.641      1.862      3.261 4
  70   53      3.002      5.357      7.580 4
 160   21     -9.852     -0.798     -8.046 4
 125  107     -5.940     -9.231      7.386 4
  23  120     -7.210      5.077      5.428 4
 102   45     -7.305      2.794     -6.277 4
 118   89     -5.101     -0.339     -5.063 4
 115   86     -6.850     -7.888     -0.956 4
  24  108      0.467      2.151      7.435 4
  -1   -2     11.664     10.588     -1.864 4
  78   52     -8.262     10.591     -3.731 4
  -1   -2      4.883     10.926     -6.338 4
  79   47     -6.054     -1.793      0.590 4
  52   78      1.465      4.234     -9.422 4
 113   54     -5.857     -9.843     -4.793 4
  -1   -2     -3.403     -4.874     -9.550 4
  89   79     -5.369      0.237      2.232 4
  61  138     -2.801     -9.921      0.586 4
  -1   -2      6.762      8.979     -7.148 4
 135   81      6.072     -4.785      1.866 4
  58   67     -4.746    -11.378     -1.050 4
 117  135      2.307     -7.232      0.624 4
 139  113     -7.139      8.399     -8.081 4
  92  104    -11.117      8.777     -3.118 4
  -1   60      6.221     11.472      5.753 4
 104  179     -5.148      6.740     -0.655 4
  40  188     -1.707     -5.784     -8.717 4
 134  181      4.349     10.169      8.896 4
  65   44      4.313      9.013      1.042 4
  11   80    -11.085      2.656     -9.141 4
  -1   -2      7.543     10.523      8.036 4
 103   93     -5.340      8.347      3.503 4
  98   -2      3.307     -8.856     -9.853 4
 159  150      6.834      0.985      6.250 4
  74  141      1.789     -4.473      5.565 4
  35  175     -7.099     -8.528      5.486 4
 201   87     -5.580      4.834      3.388 4
  96  129     -1.922     -8.267      1.019 4
 131   84     -9.368    -10.763     -9.240 4
 119   65     -4.991     -4.650     -0.010 4
 180   77     -0.138     -5.246     -5.282 4
 124  166      0.181      4.290      1.614 4
  -1   -2     10.916     10.412     -6.301 4
  -1  153      7.534      7.107      5.068 4
  -1   -2      8.438      6.846     -5.137 4
  64   32     -8.062      1.051     -6.887 4
  30   92     -0.621      6.901     -1.666 4
  -1   -2      5.201      9.339     -3.934 4
 111  125      1.552    -10.886      5.051 4
 123   75      0.315      7.308     -5.190 4
  90  165      3.933      6.840      6.450 4
  83   66      4.150     -6.294      7.928 4
  50  190      6.383      8.707     -4.580 4
  -1  172      7.203      9.082      5.028 4
 100   85     -0.813      5.216      7.716 4
   8   -2    -10.073      3.248     -8.335 4
  60  142      2.838      1.983      2.784 4
 163   70      4.074      5.340     -2.959 4
 170   56    -11.579      9.603     -4.093 4
 164   34    -10.328     -2.273     -3.632 4
 146  127     -1.969     -3.150      4.547 4
 144  200     -7.769     -8.813     -8.168 4
 174  134      7.153     -6.520      8.378 4
 140  121     -0.468     11.355     -0.564 4
  99  176     -1.924      3.939     -2.948 4
 128  198      3.847     -2.930      2.929 4
  81  171      7.421     -4.077     -3.393 4
  75   -2     -2.845     -5.933     -9.791 4
 148  126      0.540      8.262      6.308 4
  -1  128     11.737      6.966     -5.234 4
  51   90      0.401     -6.263     -1.546 4
  -1   -2      6.020     10.419      4.289 4
 157  139     -2.018      0.871     -8.395 4
  -1   -2      9.232      7.159      0.143 4
  87  116     -1.340      7.967      2.158 4
 143  110      2.015      7.652      6.925 4
 136  154      8.639      4.763     -5.631 4
  49   -2      9.045      6.745     -7.451 4
 132   -2     11.208     -7.924     -9.253 4
  -1  132    -11.482      2.587      1.393 4
  -1   -2      5.474      9.294     -5.409 4
 145  201      4.262      6.831      7.931 4
  -1   -2      1.660     11.438      5.824 4
 150  103     -9.443     -4.693     -8.742 4
 121  123      6.182     -8.617     -7.390 4
  88  106     -1.035      7.292     -6.007 4
 168   94      6.835     -9.344      6.242 4
  -1    2      9.564     -4.465     -3.319 4
  -1   -2      5.656      7.936     -6.454 4
 190  178    -11.104      5.515      3.175 4
 151   83     -8.188     -9.142      7.403 4
 184   68     -8.807      3.941      1.743 4
 116  100     -3.971     -3.188     -2.348 4
 203  119     -1.231     -2.850      2.605 4
 204  111    -10.922     -0.970     -5.911 4
 169  122      5.255     -1.347      6.041 4
 179  156    -11.167    -11.030     -8.285 4
 173   55      2.218     -2.970      3.254 4
  93  140     -6.887      4.089      8.647 4
 126  160     -5.676     -7.301      4.782 4
 153  152     -7.748      8.444      8.901 4
 129   39     -7.600     -8.174     -9.020 4
 200  158    -10.226      4.290     -1.501 4
 167   -2     -1.534     -3.353     -6.390 4
  -1   -2     12.114      3.698     -0.540 4
 142  155     -6.030      6.889     -9.439 4
  -1   -2      9.606      1.894     -8.534 4
  -1  164     -3.282      5.232     -9.223 4
 182   -2     -1.228     -3.067      5.184 4
 178  185     -0.914    -11.282     -9.343 4
 122  163      1.975      4.838     -6.006 4
  -1   -2     10.141     -0.718      2.546 4
  62  174      1.942     -1.843      5.196 4
 205  205      6.109     -8.932     -2.274 4
 109  183     -2.637      4.521      1.397 4
  91  194      3.830    -12.300     -6.732 4
  -1   -2     10.882      2.405     -0.770 4
 166  203     -9.222    -12.275     -7.938 2
   4   57      2.255     10.629      1.378 2
  42   29      1.585    -10.111     -0.741 2
 195   -2     11.114    -12.083     -1.152 2
  82  161      8.078     -8.501      1.647 2
  -1   -2      1.652     -4.522      5.889 2
  45  149     -4.607     -7.412     -6.580 2
 199   97     -6.772     -7.108     -0.833 2
 133  199      3.244     -9.342     -9.534 2
  73  193     -9.038     -4.576      1.739 2
 154  202      6.831     -2.116     -5.984 2
 165   -2      6.390      8.156     -6.910 2
  95   61      0.639      3.089     -4.742 2
 149  182     -8.701      3.273     -5.628 2
 208  206      6.189     -2.599     -3.125 2
 185   -2     -6.488    -12.416     -7.856 2
 177  169      1.356     10.321      3.347 2
 187  180      1.285      6.857     -4.293 2
 106  157      5.641      6.521     -0.278 2
 206   -2     -2.167      5.640     -7.388 2
 196  204      9.365      4.443      7.549 2
 209  207    -11.488    -10.778      3.926 2
 207  187      4.559     -5.323      5.551 2
 211   -2      6.951    -12.540     -8.112 2
 210   -2    -11.890      0.791      3.881 2
 212  208    -12.510     -6.156     -3.518 2
 213   -2      2.652     -9.719      1.626 2
