218
  45    5     -9.459     -4.353      6.654 4
  30  125      4.226      2.927      8.571 4
   9   10     -5.262     -9.122     -4.465 4
   6   21      3.497      4.361     -5.684 4
   1   14      5.043     -2.492     -2.693 4
 218  132     -2.041      5.099      7.984 4
   5   20      1.900      4.944      0.491 4
  76  154     -8.982     -1.452      0.121 4
  11    3     -2.975     -9.205     -6.530 4
 132    4     -2.978     -9.556      6.434 4
  13    8     -6.156      3.585     -5.426 4
 148  130    -12.126      5.895     -3.536 4
  15   18    -11.443      3.199     -0.458 4
  73  111    -11.568      5.489     -7.006 4
 117   12     -0.567     -7.444     -6.490 4
  69  158      4.095      5.818     -2.582 4
  14   13     -6.122     -0.409      2.101 4
  43   41      7.877     -0.281     -0.646 4
  67   23      9.463      7.042     -3.735 4
  24    9     -5.773    -10.636      0.876 4
  36   15     -3.619      1.914      9.087 4
   3    0      9.827     -3.556     -1.824 4
  83  123     -5.185      9.940     -5.745 4
  64   39     -4.539      3.303      2.814 4
  28   16    -11.786      0.903     -4.518 4
  20   29      4.241    -10.245     -0.879 4
  21  101     -6.794      2.231      4.110 4
 100   24     -0.857     -7.723     -0.501 4
  17   38     -6.957     -6.045     -2.708 4
  97   89      0.477    -11.027     -3.807 4
 103   30     -4.836     -4.753     -3.594 4
   4  165      8.020     -4.828      6.788 4
  34   71     -6.327     -7.110      3.011 4
   0   28      3.527     -1.616     -2.742 4
  32   55      7.660     -4.253     -4.847 4
 164   87      1.416      1.159     -9.509 4
  39   31      8.311    -11.257     -6.171 4
 112   43     -9.631     -2.737      0.807 4
 144   27    -12.064     -8.054     -1.975 4
 131   69     -5.794    -10.058     -7.476 4
  35   36     -8.202     -0.052      3.959 4
   7   -2     -5.748     -2.120      2.325 4
  10    7     -1.557     -5.568      2.891 4
  23   22     -8.319     -6.817      1.459 4
  -1  137     -6.576     -3.049      5.711 4
  38   33     -8.501      6.778     -7.771 4
 109   19     -1.335     -0.263     -2.678 4
  47  187     -3.414      3.975     -1.033 4
  79  102     -0.240      1.431     -7.352 4
  62   45    -11.379     -3.848     -0.577 4
  49   80     -1.733      1.007      2.786 4
  57   74      4.330     -1.162      0.836 4
  70  164     -7.168    -10.955     -6.378 4
  58  128      8.995     -3.585     -2.333 4
 102   75      7.158     -3.184      0.352 4
  41   47     -9.287      4.282      6.400 4
  55   54      2.829     -7.400     -6.923 4
  50   92     -2.369     -7.429      6.687 4
  89    2     -3.335     -7.807     -3.214 4
  42   48     10.000     -2.035     -0.313 4
  71  200     -2.557    -10.011      4.236 4
  16   40      9.347      4.806      4.700 4
 214    1      3.096     -0.713      8.545 4
 129  141     -4.484      6.223      8.600 4
 141    6      0.191     -9.846     -4.440 4
  74   76    -10.725     -7.667     -2.273 4
  46   91     -1.660    -10.910     -3.275 4
  92   42      6.306     -1.097      9.222 4
  96  146      9.383      3.634     -9.009 4
  54   88      6.543      7.010      9.732 4
 208   65     -7.405      1.112      6.737 4
 160   63    -10.094     11.026     -8.321 4
 130   98    -11.437      1.605      1.356 4
 101   35     -3.200     -7.252     -3.022 4
 108  104     -3.886      3.171      9.331 4
  44   78     -8.195     -6.103     -7.117 4
 119  114     -0.784     -4.145     -2.112 4
  19   64     -1.697     10.420      7.643 4
 171   25     -3.390      5.013      5.753 4
  53  199     -0.591      9.381     -6.651 4
  25   46     -4.050      9.989      1.303 4
  40  116     -2.706     -1.380     -7.514 4
  99  120     -7.996      3.283      9.462 4
 126  143     -6.338      1.624      9.146 4
 107   79     -3.494     11.170     -9.423 4
 195  148      1.530      4.003     -3.293 4
   2   61     -9.375    -10.505      6.369 4
 134  181     -5.908      1.445      0.544 4
 146  134     -9.103     -9.584      4.572 4
  66   59      1.604     -9.614      1.789 4
  61  193      6.293    -11.323      8.025 4
  68   -2      9.814      3.867      1.106 4
  95  121      5.013      7.038     -3.278 4
  81   51     -7.010      5.354      0.899 4
  12  196      1.386      1.593      7.152 4
  29   17     -2.255     -5.976      4.045 4
 110  153      7.468      9.044     -7.531 4
  59  151     -4.341     -5.210      0.076 4
  82   97      4.189     -4.505      4.922 4
 142   66     -1.587     -6.511     -5.876 4
  56   60      1.116     -2.983     -9.574 4
  51   70     -9.914     -1.883      4.973 4
 175  210      4.916     -6.189     -9.106 4
 159  150    -12.052     10.818     -4.161 4
 122  163      1.047      6.799     -2.592 4
  93  118     10.588     10.150     -2.678 4
  86   77     -2.602      8.146     -7.556 4
 121  117     11.046      8.350     -4.333 4
 161  113      3.650      7.623     -9.712 4
  78   73     -1.249      1.719      4.540 4
  -1   90      1.537     11.545      9.479 4
   8   68      3.862      3.010     -9.774 4
 213   67     -0.649     -1.480     -1.356 4
 163  136     -5.827      9.720      3.468 4
 206  127     -7.837     -9.105     -1.199 4
 222   84      0.420      4.297     -6.337 4
  65  142      2.058      4.289      2.680 4
 106  178    -11.593    -10.261     -7.519 4
 113  103    -11.010     11.085     -2.429 4
 194  109     -7.864      4.546     -8.224 4
  72  107      7.058      9.966     -6.353 4
 135  140      3.801     -2.904      4.935 4
  88   50     -2.978      5.762     -1.131 4
 116  122     -9.003      0.373      3.866 4
 192   95     -3.533      4.714     -3.694 4
 196   93     -4.225      6.790      8.311 4
  33   81      6.402      0.988     -3.891 4
 155   94    -10.831      5.015     -1.258 4
 152  126     -7.607     -5.010     -5.905 4
 189  144     -1.460      4.614     -8.271 4
 170  168      1.941      9.921     -2.123 4
 172   99    -12.009      0.414     -6.673 4
 104  147     -8.623     -9.942      3.954 4
 115  139     -6.393      4.824      3.410 4
 210  135     -5.377     -3.089     -4.428 4
  18  115     -1.873      6.077      4.197 4
 143   85      0.435      0.420     -7.525 4
 139   53      6.834     -6.526     -5.310 4
 136  138     -9.435     -3.202     -4.154 4
  87  172      4.796      2.801      6.494 4
 191   11    -11.915     -2.154     -6.357 4
 162  106     -8.557     10.302      2.201 4
 120  162      1.283      3.418      6.677 4
 133   62      6.269      4.900     -7.154 4
  84  105      1.791     10.879      8.902 4
  80   58     -5.534      8.280     -2.815 4
  75  108     -8.587     -8.497      2.713 4
 182  145      1.287      7.980      8.979 4
  22   86     -7.118      5.143     -8.369 4
 147   26      0.911     -8.230     -6.474 4
  27   82     -1.011     -2.631      8.005 4
 165  179     -3.745     10.563     -9.732 4
  31  198     -2.114     -2.586     -6.612 4
  37   49     -4.590    -10.474     -3.669 4
 145  156      1.423     10.965     -2.122 4
 153  124      3.163      9.479      0.071 4
  52   57     -2.675      0.272      5.980 4
 174  119    -10.990     -5.163     -1.209 4
 114  161      0.894     -5.058     -4.051 4
  60  191     -4.509    -11.871      0.616 4
 178  152      8.424      7.443      7.140 4
 180  133     -8.492      9.120     -8.159 4
 209  155     -0.081    -10.248      3.896 4
 151  204     11.357     -0.968      3.284 4
 185   44     -7.047      0.791     -4.778 4
 111   56      4.212      0.131     -6.705 4
 212  176      6.425     10.338      9.194 4
 127  185     -3.071     -5.934      9.912 4
 207  159      3.338      5.523      4.268 4
 186   96      6.237      7.678     -4.168 4
 176  166    -10.768      4.848     -9.064 4
 149   37     -4.595      5.857     -5.710 4
 177   83     -1.606      6.206     -7.443 4
  90  201     -8.563     -3.781     -0.880 4
 137   52     -6.286     -7.703     -2.942 4
 201  169     -7.390     -2.297      2.999 4
 179  211      8.331      6.876      9.547 4
 187  183     -1.497     11.495      5.703 4
 167  208     -6.495      3.673      6.929 4
  91  186     -5.455     -2.666     -2.657 4
 128  184    -10.878     -0.791      2.038 4
 156  206      2.648      9.338      1.856 4
 169  112      8.334     -2.571     -0.252 4
 140   34     -2.000     11.160     -1.476 4
 166  182     -5.643    -11.417      1.096 4
 138  174     -0.380     -4.710      2.329 4
  -1  171     -4.898      1.106      4.218 4
 123  203     -1.744      8.836      5.146 4
 205   72      2.480     -1.681      6.424 4
  85  177      1.163     -0.982      0.945 4
  -1   -2      8.107     -9.354     -0.460 4
 124  170      3.085      9.039     -6.311 4
 173  209      5.607      9.826     -4.490 4
 168  190     -7.447      2.498     -6.410 4
 188  175      9.697      4.716     -8.353 4
  -1   -2    -10.913      4.504      0.156 4
 181  192    -10.261     -3.479      3.758 4
 197  194    -10.333      0.571      4.588 4
 199  189     -5.663     -3.419      8.228 4
  -1   -2     10.768      6.206      2.089 4
  26  197     10.275      1.146      5.397 2
 203  216     10.563     -9.316      5.911 2
 125  160      0.886    -11.911     -4.931 2
 150  149      0.377     -5.417      7.062 2
 221  220     -5.070     -2.767      9.862 2
 211   32     -9.615     -6.829      0.353 2
  98  202     -4.452      0.314      1.774 2
 184  212     -9.264     -2.084      1.080 2
 200  215     -0.061      6.289     -3.544 2
 158  207     -5.246     -0.172      7.007 2
 157  173      2.736     11.530     -6.457 2
 190  213     -7.267     -4.813      1.612 2
 193  214      3.452     -7.874     -4.044 2
 219  219     -3.212     10.469      9.458 2
 215  217      5.612     -8.183     -9.375 2
 154  205     -5.091     -4.514     -0.640 2
 217  218    -11.223     -9.504      3.990 2
 220  157      0.137     -4.605      1.260 2
