239
  21   18      8.962     -1.355     -6.984 4
   2   15    -10.975      2.288     -3.522 4
  42   75      1.046     -8.345      0.063 4
  44  103      7.403     -5.472      5.298 4
  10   11     -8.654      3.639      3.496 4
  26   14      3.781     -5.437      0.198 4
   3    3     -7.380     -8.554     -9.012 4
 212   91     -3.408      8.091      7.194 4
  80   -2      9.405      0.535     -9.911 4
   0    0      9.147     -2.094      6.493 4
   1   24     11.121     -0.989     -7.629 4
  49   48     -9.482     -3.702     -2.070 4
  84   88     -9.013     -4.090     -4.028 4
  34    2     -7.145     -0.906      0.227 4
  45   92     -9.220     -5.580     -6.321 4
   6   33     -5.224     10.334     -7.549 4
  28  170      1.673    -10.816      7.924 4
  54   12     -2.657      7.415      3.971 4
  18   20      7.368     -3.798     -2.596 4
  55   45     -1.263    -10.751      9.583 4
   5   10      0.417     -8.292     -9.839 4
  15   42     -3.169     -4.504     -4.838 4
  89  115      7.720     -6.453     -9.847 4
  27   29     -9.931     -8.793     -0.817 4
  17    4      0.381    -11.733     -7.866 4
   4   30      3.492      5.819      0.935 4
  68   52     -5.828     -8.449     -3.524 4
 195  176      5.054      3.641     -5.062 4
 131   28     10.375      3.582      1.911 4
 171   27      3.549     -3.996     -3.144 4
  38   59      2.168      6.915      5.369 4
  59   71      7.323     -9.355     -0.967 4
  13    6      2.132     -7.763     -7.076 4
  25   99    -10.847     -5.431     -4.317 4
  64   39     -8.788     -6.485     -2.597 4
   7   46     -9.777     -2.290     -0.635 4
  46    8    -10.631     -0.825     -5.350 4
  41   60      3.657      7.008      0.082 4
  33   36     -5.116     -4.099      3.207 4
  72   57     10.505      1.586     -2.615 4
   8    9      2.642     -4.285      5.041 4
  63   -2     -6.050      6.631      8.240 4
  11  149     11.643      3.667     -6.956 4
 128   16     -5.240     -8.247      4.903 4
  20   19      1.946      5.687      2.870 4
 105  116     -5.766      3.603      2.547 4
  92   49      3.927      8.068      1.804 4
 134   51      4.963      2.964      2.397 4
  16   56      6.337      4.885      6.694 4
  58   69      6.795      2.533      9.683 4
  57   21     -0.078     -6.625      2.537 4
  69   43     -6.634      4.279      5.868 4
  31    7     -1.610    -11.023     -7.207 4
  70   23     -3.646     -5.700     -6.968 4
  86   44      0.905      1.439     -7.325 4
  14  105    -11.521      7.244      0.603 4
  -1   84      9.959     11.057     -1.886 4
   9   41     -0.382     -5.067      4.920 4
 107  201     -5.977      7.070      1.414 4
  75   58      2.638     -6.648     -2.599 4
 121  120      7.530    -11.302     -1.879 4
  97  124     -0.431      9.910     -9.275 4
  74   55     -5.812     -0.109     -1.263 4
 138  173     -7.132     -2.189      1.433 4
  19   68    -10.711     10.425     -1.700 4
  47   95     -5.256      8.056     -7.934 4
 215   76     -5.846      7.477     -8.428 4
  56   35      1.937      0.809      0.734 4
  30    1      5.791     -6.318      1.238 4
  73   70     10.560     -5.417      2.334 4
 149  130      1.779     -4.074     -3.398 4
 111   31      1.819     -8.054     -4.396 4
  -1   -2      3.393     -5.644      4.788 4
  66   38      7.932      0.506     -1.049 4
  62   82      4.446      6.266      5.436 4
 106   32      3.493     -8.741      2.944 4
 180   26     -9.537     -9.415     -8.368 4
 133   90     -2.180      2.476     -1.430 4
  -1   -2      9.989      1.071      0.930 4
 118  227     -6.523    -11.602      4.501 4
  -1   -2      0.325     -3.096      4.001 4
  -1   -2      7.446     -7.265     -2.007 4
  88   79      3.167     -6.775     -9.939 4
  12   89      8.204      4.136      4.550 4
  85   61      1.185      4.841      2.239 4
  37  112     -5.851      9.278      0.926 4
 172  169     11.332      6.924     -2.315 4
  29   50     -6.962     -1.540      5.264 4
 202  185     -9.063      8.899     -5.907 4
  23  164      5.733     -9.784     -2.208 4
 146  160     -1.066      2.131      6.144 4
 108  125      7.979     10.587     -4.338 4
  96  157      9.395      1.871     -3.836 4
  90  111     -3.737     -2.220      4.553 4
  71   81     -6.654     -5.794     -2.013 4
 135   -2     -1.277     -2.526      9.523 4
  24  204      2.556      4.397      6.985 4
  39  203    -11.951      2.044     -6.739 4
 152  229     -4.010      3.660      7.427 4
  32  172     -3.267     -2.728     -8.209 4
  65  110     -4.472     -1.316      8.675 4
 161   98      7.489      7.123     -5.548 4
 136  146      7.229     -4.863     -2.057 4
 156  106     -1.307     -4.238     -7.456 4
 122  143      7.213     -4.091     -9.686 4
 147  166     12.108     -7.696     -3.010 4
 126  186     -9.292     -7.009     -8.677 4
 205   64      3.096      8.768      5.885 4
 240  142     -7.704      5.623     -7.421 4
  83   62      0.306      3.215      3.873 4
  94   25      9.434    -10.357      5.126 4
  77   66     -4.498      8.888      5.255 4
  76  114      5.548      5.858     -7.913 4
 129   63     -0.359     10.821     -4.339 4
  60  225     -4.751     -2.765     -3.519 4
  -1   -2     10.039      6.389      5.776 4
 159  175     -8.560     -1.748     -3.975 4
 158  194     -8.165     -7.085     -4.364 4
 154  123      0.958      8.844     -4.889 4
  35  195     -5.245     -1.248      0.046 4
 220  108     -4.933      7.036      2.277 4
  -1   -2      0.506      7.214      3.974 4
 190  198      1.401     -8.729      1.230 4
 224  136     11.641      5.124     -6.382 4
 169   85     -4.315     -9.486     -4.001 4
  -1  183      6.746     11.210      4.326 4
  51   80      9.399      4.924      6.447 4
 176   87      8.662      4.904      5.998 4
  50   54     -4.837    -10.892     -8.340 4
  48  101     -6.352      2.771     -1.243 4
  79  117     -4.647      6.279     -3.349 4
 209  127      0.831      9.479     -9.002 4
 141  168      5.180      5.588     -8.194 4
  -1  129      5.896      8.646     -0.633 4
  78  178     -9.332    -10.865     -6.486 4
  87   83     -1.455     -5.142      4.713 4
 160  189     -6.211      6.142      7.809 4
 145  104      4.704     10.576     -2.325 4
 112  159     11.480      5.765      1.727 4
 132  184      4.233     -1.159      1.177 4
  36  224     -5.467    -10.177      9.748 4
 151  200      9.678      3.235      2.079 4
 164  100    -10.417      3.206      2.542 4
 226  182      3.422      3.070     -2.412 4
  -1  148     -3.188      2.297      7.370 4
 140  199    -10.756    -10.766     -5.767 4
  61  139      0.615     -9.661      8.703 4
 143  109      2.505      1.993     -1.024 4
  22  121      3.751     -0.542     -7.374 4
 102   22     -3.323      0.504     -6.374 4
  99  202     -4.646      4.142      1.586 4
 127  150      6.346      6.963      9.509 4
  -1  135     -3.391      0.252      0.022 4
 237   67      4.130      5.385     -1.593 4
 221  137      2.781      2.282     -1.263 4
  98  107     -2.046      3.348     -5.117 4
 188  163      1.932    -11.301      3.361 4
  -1  213      0.505      8.387      9.833 4
  -1   -2      0.789     11.731      3.132 4
 148  132      4.284     10.098     -6.656 4
 217   -2      3.418     -4.233      4.455 4
 182  158      1.220      6.625      3.365 4
 124  131    -11.866     -3.905      0.962 4
 181  215     -6.559      4.128     -8.891 4
 120   34      7.361      8.714      2.435 4
 114  226      9.770      6.438     -8.312 4
 162  153    -11.988      5.851     -6.765 4
  67  147     -2.869     -9.539      4.229 4
 125  118     -5.908     -4.238      4.233 4
 130  128      6.707     -9.285     -8.127 4
  40   65      1.822      8.107     -7.872 4
 236  193     -1.773      2.041      1.621 4
 201  145      6.904     11.595     -8.124 4
 225  192      6.060     -1.640      1.122 4
 183   74      0.700    -10.257      3.720 4
 200  155     -9.605    -10.405     -0.470 4
 166   73     10.380     10.199     -8.362 4
 194  190     -3.180      9.139     -7.686 4
 139  179      8.662     -1.881     -6.279 4
 137  181     -5.230      2.657      6.238 4
 189  165      9.016      6.182     -7.028 4
 103   -2      1.065    -11.892      4.386 4
 211   96      4.192    -10.380      2.289 4
 177  171     -7.406     -9.444      9.518 4
 179  151      1.430      1.285      0.198 4
 165  218     -8.494      5.186     -7.258 4
 100  167    -10.876      5.536     -5.138 4
 170  231     -9.549     -6.341      2.334 4
 187  197      8.217     -5.913     -9.124 4
 184  205      3.396      1.085      1.468 4
 123  196     11.121     -1.729     -2.029 4
 191  177     -7.366      0.338      1.698 4
 109  126      1.693     10.661     -5.125 4
 155  162      0.524     -4.142      6.214 4
 233    5     -0.702     -3.012     -1.868 4
 206   -2      2.445      4.009     -2.590 4
 229  141     -0.507      4.064      0.765 4
 193  102      6.405      7.930      5.187 4
 113  161     -5.517      5.204     -1.903 4
 238   -2      8.114    -11.473      8.610 4
 115  210     10.415     -8.653     -2.905 4
  52  219      1.803      8.502      5.437 4
 101  187    -11.666     -7.133      2.303 4
 178  206    -11.043      6.349     -9.050 4
  -1   94     -1.070      7.638     -6.540 4
  93   -2     -9.959      6.961     -7.598 4
 153  134      9.107     -2.567      2.400 4
  -1   -2      5.591    -12.095     -4.659 4
 168  230      6.262      9.129     -4.604 4
  -1   -2      5.034     -1.784     -0.366 4
 219  152     10.251      7.909     -3.202 4
 167  208     11.927     -9.754      0.253 4
  -1   -2     11.092     10.974      3.823 4
 174  232      0.745      4.165      7.592 4
 204   -2      3.300     -4.530      7.660 4
 142   37      2.780      3.742      9.193 4
 228  212    -10.918      9.833     -9.593 4
 185   13     -3.549      4.557      9.070 4
  -1   47     -3.584      4.391      3.656 4
 210  221    -10.694      1.572      3.077 4
 119  228     -3.725      4.478     -7.127 2
  81   17      0.909     -3.068      5.173 2
  43   86      9.240      1.044      6.141 2
 199  133     -1.589      0.826     -8.305 2
 196   -2      0.584    -12.492     -8.851 2
 239  144     -1.169      6.902      6.448 2
 223   -2     10.757     -7.643     -8.915 2
 198  234     -2.774     -9.956     -4.611 2
 197  233      1.622     10.686     -8.860 2
 203  113      6.949     -7.570     -1.260 2
 214   -2    -10.039    -12.500     -7.557 2
 207  209      5.863      6.541      9.315 2
 234  239     -2.629     -1.099     -6.343 2
 231  237      4.607     -8.114      9.561 2
 222  235     -2.665    -11.244     -1.977 2
 230  236      9.072     -9.495      9.272 2
 235  240     -4.155     -9.558     -2.780 2
 232  238     -2.470     -8.775      7.356 2
 241  241     -9.973      5.801     -2.034 2
