239
  36   65     -6.098     -2.815     -8.331 4
   0    2     -4.642      0.955      3.372 4
   1    1      3.507     -2.143     -1.751 4
   3    0      2.733     -8.897     -8.760 4
  31  113     -0.108     -4.924      8.945 4
  34  139      5.832     -5.208      6.842 4
  16   10      0.568     -4.093      4.306 4
   8   13      4.077      5.824      4.718 4
   6   43     -3.503     -6.877      6.950 4
  26   75      5.223     -3.190     -6.276 4
  65  173      6.394    -10.836     -0.011 4
  -1    5     -9.904      2.066     -3.033 4
  37   41     -2.320     -6.577     -0.691 4
 149   11      1.367     -1.736      1.521 4
   7  118     11.042     -0.902     -5.379 4
 100   60      1.265     -4.409      1.444 4
  72    6     -2.889      3.275     -3.422 4
  23   28     -3.016    -10.624      5.460 4
  19   19      1.512     -8.565     -9.657 4
  13   49     -0.742     -5.798      9.484 4
  15    9      8.873      3.738      5.078 4
  39   79     -0.989    -11.009      2.115 4
 132  123     11.409     -4.933     -6.929 4
  12  102      6.288     -3.597     -5.919 4
  17   24     -9.930     -0.618      0.741 4
 167  176     11.557      3.601     -4.376 4
 143   33     -3.680     11.518      7.136 4
 105  150    -11.172     -5.840     -6.186 4
  70  184     -2.322      2.380      2.659 4
  28   36     -7.200    -10.184      2.670 4
  20   20     -0.281     -8.177      6.187 4
   4   45      7.053     -9.712      0.836 4
  22   72      0.266      1.484     -9.910 4
  87   23    -11.132     -6.691     -9.035 4
   9  142     -0.966    -10.194      4.992 4
  56  103     -4.843    -10.831     -4.915 4
  -1   44      1.563      4.557      7.330 4
  14    7      1.246    -10.059      7.299 4
  83   74     -4.405     -2.065     -6.531 4
  29   15     -6.552     -3.741      9.481 4
  61   26     11.817      7.881      1.641 4
  63   62    -11.923      6.065      2.239 4
  21   30      0.646      0.865     -3.865 4
 151  228     11.227     -3.800     -9.521 4
  71  127      3.556      9.297     -9.514 4
  48   34      0.527      2.663     -8.756 4
  11  108      8.523    -11.679     -5.154 4
  42   56     -6.668      3.419     -9.557 4
 111   40     -1.511     -9.693      8.695 4
 115   68     -1.406     -4.221     -6.276 4
  38    4     -3.991     -1.202      3.823 4
  18   67      4.772     10.850      0.338 4
  57   27      0.403      9.450      5.916 4
  45   12     -8.948     -1.686     -1.757 4
  68   46      5.492     -7.894     -4.845 4
 135   85      4.488     -2.176      5.621 4
  -1  143    -10.615      0.110     -6.683 4
  24   88      6.876      6.068     -9.485 4
  46   -2     -8.656      2.941     -3.167 4
  59  104     -5.958     -8.972      2.734 4
  60   83      5.637     -6.859      2.849 4
  50   53     -6.541     -6.002     -1.634 4
  94   47     -3.067      9.572      8.166 4
  62   16      4.455     -4.142     -8.733 4
  49   48     -9.985      7.603      5.455 4
  64  149    -10.534     -3.986     -2.963 4
 140   -2     -9.823     -2.188     -3.002 4
  53   70      5.247      6.528     -3.321 4
  69   87     -3.585     -8.786     -3.250 4
  88   59     -0.832      5.977     -9.107 4
  97   97      0.294     -0.409     -9.810 4
  32   31      5.399      3.974     -7.103 4
  79   86    -12.019      2.236     -2.868 4
  44   73     -2.320      4.908      4.830 4
  73  196     10.232      2.393     -2.871 4
   5   37     -8.695     -6.688     -8.313 4
 142   64     11.293      0.390     -5.054 4
  41  164     11.088     -4.733     -6.879 4
 114   39      8.562      7.630      4.615 4
  25   78     -7.884     -6.478      4.965 4
  99  145      5.024     -7.395      1.217 4
   2  115     10.690     -8.060     -6.437 4
  55  121     -7.314      3.087     -2.674 4
  43  186    -10.852     -9.720      3.306 4
  93  170      4.392     -9.246      4.011 4
  66   21      7.274     -6.888      5.871 4
 133   77      5.230      3.263     -6.702 4
 109  100      6.903      5.354      4.512 4
  92   96     -8.908      4.786      3.600 4
  74   50      1.952     -9.518     -3.359 4
  96   93    -12.189      6.949     -0.708 4
 104   55     -0.533     -9.666      4.301 4
 124  137      8.342      5.087     -3.377 4
  27    3     -8.730     -0.045     -0.064 4
 102   52     -8.406      6.856      8.910 4
 196  130      8.559      1.265     -5.475 4
 110   91     -0.763     11.269      0.739 4
  75  129     -6.578     -7.757     -3.043 4
  85   14     11.261      6.122     -7.721 4
  30  111    -10.330     -6.780      1.758 4
 101  191      5.413    -11.656     -7.412 4
  54  225      6.610    -11.786     -3.638 4
 166   -2      2.466      7.251      9.394 4
 103   -2      8.382      9.314      1.106 4
  52  120     -2.968      2.925     -5.525 4
 229  101      8.175     -7.376     -5.516 4
 144  134      4.043      4.760     -0.516 4
 139   58    -10.421      3.652     -8.938 4
 186   29      2.255     -4.023     -0.858 4
  76  209    -12.418      1.321     -4.670 4
  -1  147     -2.957      5.218     -4.059 4
 208   18     11.154      2.193     -2.596 4
 108   84      7.582    -11.581     -4.304 4
  82   90      1.852      0.097      2.305 4
 130  106     -9.695      4.014     -1.234 4
 112  202     11.008     -2.607     -2.245 4
  89   63      8.591      7.033     -5.212 4
  -1   -2      0.792    -11.906      4.135 4
 126   35      4.564      1.121      2.736 4
  95  133     -5.942      9.528     -1.341 4
  81   25     -0.212      2.163      0.375 4
 224  124      5.954     11.229      4.812 4
 141  112     -4.497      8.185     -2.317 4
 131  128      5.805      3.970      1.088 4
 137  119      4.569      6.781     -0.634 4
 206  105      3.420      0.182      7.012 4
 116  177     11.751     11.006     -7.810 4
  -1   -2     10.108     -6.398      5.092 4
  77  109     -3.626     -9.493     -0.211 4
  10  222      3.304    -11.537      5.427 4
  -1  185      2.956     11.578      1.909 4
  -1   -2      7.497    -11.750      2.036 4
 193   76     -6.398      0.031      2.080 4
 148   61     -8.662      0.655     -4.068 4
 119  110      4.914     -1.120     -1.993 4
 156  122      1.673      6.442      8.863 4
 188  156     -5.862     -4.238      3.642 4
  -1   -2      5.521    -11.221     -2.719 4
 182   51     -0.492     12.352     -8.967 4
 160  135      2.898      9.919      7.844 4
 189  181    -10.313     -3.523      3.563 4
  84  158     -5.094     -1.822      8.883 4
 122   42      5.171    -11.025     -4.923 4
  98  114     -6.234      9.195      4.538 4
 121  146     -2.773      6.076     -9.513 4
 117  136     -0.944     -0.804      2.187 4
 176  161     -5.583     -9.571      6.342 4
 157  160    -10.905      8.613     -2.227 4
 174  144      0.245      6.205     -7.468 4
 153   -2     -1.125      7.410      0.222 4
 129  166      2.678     -1.510      6.875 4
 128  151     -4.367     -0.424     -9.163 4
 187  171     -1.902      2.992     -0.299 4
  -1  168     -8.690      1.969     -5.509 4
  -1   -2     -9.936    -10.616     -3.883 4
 161  179      3.704      6.849      8.552 4
 173  167     10.298      3.187     -8.945 4
  33   22      8.820     -0.036      1.893 4
  40  117     -5.828     -9.537     -9.518 4
 171  159    -11.589      6.480     -6.955 4
 179  116     -1.737      2.720     -0.253 4
 120   -2     12.139     -9.186     -6.982 4
  91  175      3.131     -7.195     -9.661 4
 164  198     -3.503     -1.120      4.078 4
 184  138     -7.560     -7.304     -7.143 4
  -1  157      8.322     11.319      5.744 4
 163   89    -11.686     -8.346      1.379 4
 168   57      3.269      9.387     -1.498 4
 125  192     -3.168      8.194      9.861 4
 219  200     -0.855      0.639     -3.681 4
 147  193      5.308     -2.425      5.775 4
 235  165     -4.246     -6.536      0.058 4
 162  154      2.472      4.948      3.703 4
  80  199     -0.340     -7.742     -4.745 4
  51  132      4.729     -8.719      7.280 4
 169  163      3.203     -5.059      8.133 4
  -1   81     -8.278     -9.869     -8.995 4
 152   95      4.606     -9.980      3.854 4
  90   92     -6.783    -11.054      2.540 4
 107   32    -11.932      9.247     -6.932 4
 172  178     -1.792      4.233      2.070 4
  -1   -2     12.006      7.861     -5.790 4
 240  220     10.857     -0.220      3.249 4
  -1   -2    -11.676     10.481     -0.714 4
 118    8      4.531      2.627     -3.608 4
 181  183     -5.645      8.057     -2.274 4
 177  187      5.624    -10.406      8.022 4
 197   -2      3.607     -1.336     -7.966 4
  -1   -2    -10.269    -10.323      3.696 4
  -1   66     -7.167     -7.426      2.999 4
  58   69     -7.810      4.268      8.454 4
 236  174      0.553    -10.140     -5.544 4
 180  197      0.326     -1.677     -4.322 4
 127  212     -9.078    -11.548      7.389 4
  -1   -2     10.691     -9.227      4.937 4
 106   82     -5.731     -9.257     -9.051 4
 213  206     -9.015      5.930      2.003 4
 202  131     -1.087      6.654      7.385 4
  -1   -2    -10.945    -10.238     -0.362 4
 194  195      3.219      6.072     -8.197 4
 138   -2     -9.454      8.402     -0.892 4
 221  188     11.242     11.315      1.096 4
  -1  141      3.754      4.473      5.509 4
 201   -2      7.628    -11.650      6.195 4
  -1   -2      7.700     -2.891     -5.232 4
  -1  203     -4.035     -9.413      3.486 4
  -1   -2      9.299      7.844     -3.714 4
  -1   71      3.258     12.192     -4.891 4
  -1   -2     -0.752    -11.748      8.169 4
  -1   -2      7.915     -6.328      7.133 4
  -1   -2     -1.255     -4.538     -4.592 4
 200  172     -4.262     -7.686      7.035 4
  -1   -2     -0.793     -9.009     -6.910 4
 205  207    -10.530     -1.070      3.025 4
  -1   -2     10.751     -9.737      0.144 4
  -1   -2     11.226     -2.890     -2.087 4
  -1   -2      6.747     -5.365     -1.393 4
  -1   -2     11.637      4.028     -6.094 4
 146  227     12.215     -6.378     -2.644 4
 218  214     11.456     -8.619     -9.551 4
  -1  215     11.958     10.349      2.732 4
 215  211     11.808     -1.606      5.459 4
 216  216      2.376      8.594     -3.016 4
  -1   -2      1.497     -1.360     -2.808 4
 242  233    -11.492     -7.189      6.709 4
 234  232    -12.278     10.206      0.539 4
 222  219    -13.274     -3.226     -2.734 4
 170   -2      7.581    -12.030      2.750 4
  47   80     -0.625     -9.310     -5.240 4
 154  229     10.973     -9.689      4.764 4
 232  148      4.310      2.330      5.544 4
 136  226      8.027     -0.190     -0.487 4
 238  153     -6.878      8.535     -7.131 4
 145  194     -2.621      4.641     -9.090 4
 237  125     -5.205     -0.114     -8.445 4
 195  230     -0.421     -7.782     -9.293 4
 241   98     -4.206      4.194     -0.306 4
 230   38     -2.777     -9.335      3.175 4
 233  231     12.582      5.834     -4.677 4
