199
  52   16      7.588      6.564      2.740 4
  -1  152      3.938     -0.790      9.895 4
  10   77     -5.915     -2.533      3.087 4
   3    0    -10.457      1.036     -7.664 4
   0    3     -8.953     -2.076     -1.695 4
  94   57      3.174     -1.833      3.466 4
   1   14     -4.785     -4.662      4.182 4
 179  192     -8.082      2.883      8.078 4
   4   29     -9.188     -1.009     -0.392 4
  32   28      9.019     -7.455     -0.858 4
  63   30     -3.944      1.227      2.748 4
  60   17      9.820      1.046      3.469 4
   2    1      0.985     -6.534     -5.720 4
  18   27     -6.747     -9.359      4.376 4
  38   53     -2.631      6.936     -4.076 4
  29    6     -1.788      2.300     -6.299 4
  42   51     -7.721     -8.148      6.255 4
  22   26     -4.502      8.973      0.744 4
 124   20      7.631     -6.421      1.977 4
  92   47      9.513    -10.393     -6.453 4
  74   44      4.122      7.649      9.985 4
  55    9      4.250     -4.950      1.185 4
  11   24     -0.615     -8.510     -0.162 4
  26   41      1.639     -6.558      1.103 4
  41  117     -3.981    -10.512     -2.177 4
  16   19      7.781     10.148     -7.652 4
  64   13     -6.007      0.078     -9.078 4
  24   48    -10.590     -1.225      0.863 4
  12   22      9.541      4.163     -1.637 4
 154  188      9.486     -6.471     -9.399 4
  57   45     -8.942      4.932     -0.419 4
  21  103      1.451     -1.107      1.257 4
  14  177      6.901      3.569     -8.649 4
  86    4      0.200     -0.585      5.149 4
  50   40     -5.683     -5.474     -6.230 4
  89  118      4.308     -3.216     -5.900 4
 155  166     -7.046      2.833     -3.513 4
  34   49     -1.488      8.317      5.687 4
  28   25    -11.434    -10.041     -1.295 4
  35   -2      6.299     -7.576     -9.800 4
  39  178      7.084      3.966      0.071 4
  31   31     -4.985     -3.509      9.508 4
  -1   -2     11.907      4.182     -0.042 4
 104   68     -8.322      1.374     -5.038 4
  68   58     -2.773     -9.990      7.848 4
  85  183     -6.624     -2.735     -8.577 4
  65  121     -6.953     -8.719     -4.906 4
 122   61     -3.332      8.122      5.658 4
  62   35      2.629      7.803     -7.367 4
  67   60     10.462     10.977     -5.366 4
 108  184     -5.051      7.174      7.033 4
 114   88    -10.915     -0.685     -5.425 4
   5    7      5.972     -4.362     -4.512 4
  93  130     -1.733      3.315     -3.279 4
 147   97     -6.362     -6.652     -0.401 4
  19   32      2.248     -9.160     -4.076 4
  79  160      2.658      1.502      8.409 4
 101  126     -2.668     10.529      2.441 4
  78   90      4.134    -10.321      9.501 4
  73   65      3.690      4.489     -5.089 4
 140   36     -5.242     -7.324      6.665 4
  44  110     -6.702      8.341     -4.026 4
   7   12     -9.957      2.129     -2.817 4
 100   80      0.835     -7.029     -5.621 4
  48  123     -8.066    -11.890     -5.929 4
  36   23     -9.938     -1.834     -9.607 4
   6    8     -5.886      9.230      5.914 4
  47   10     -8.744     -8.670     -5.955 4
  46   63      0.632      2.684      5.723 4
  13  176     -5.058    -11.696      3.804 4
 131  159      2.002     -7.884     -9.880 4
  59   43    -11.707      7.554     -6.575 4
  69   21      3.012      6.078      6.646 4
  72   69     -2.115    -11.346      1.425 4
 145  155     -0.616      1.634      8.443 4
  -1   -2      0.112     11.620      1.288 4
  97  115      6.041     -1.910     -2.152 4
  25   98      3.890      1.808      1.186 4
 116  135     -4.896      5.650      9.233 4
 138  169      1.929    -10.789     -3.863 4
  90  136      6.862     11.283     -3.839 4
  77  100     -1.542      1.635     -8.002 4
 119   89      3.452      5.041     -7.291 4
   9   11      3.334     -1.274      2.292 4
 107  151     -7.447      6.212      3.393 4
  23   85      6.318     -2.618      1.676 4
  -1  101     10.015     -1.747      0.787 4
  -1  141     -8.361      0.611     -3.802 4
  20   93     -2.970      3.133      5.344 4
  75   92     -7.409     -2.832      2.082 4
 150  143     -4.596     -2.556     -7.303 4
 139   -2     10.072      1.409     -8.931 4
  56  179      7.587     -1.430      1.989 4
   8   99     -6.494     -7.860     -0.991 4
  70  149    -10.983    -10.671      2.197 4
  76  113    -10.992     -4.300     -1.976 4
  -1   -2     11.807      9.969      1.013 4
 133   96      7.002      2.779      3.730 4
 102   64      3.253      5.464     -8.816 4
 132  153     -4.636      7.013     -5.811 4
 158  165      0.762     -8.039      9.529 4
 120   94    -10.034      2.334      3.641 4
  53   86     -1.920      4.602      3.883 4
  91   56      1.437     -5.047      1.541 4
  54  150     -1.974      4.164     -7.680 4
  51   54    -10.888     -7.388      3.357 4
  40  131      9.144     -4.781     -3.798 4
 106   18     -2.985     -3.902     -5.877 4
  45   42      3.050      3.747      5.601 4
 113   79      4.405     -6.564     -2.135 4
  88   83    -10.084      8.353     -1.580 4
 118   76     -0.186     -2.168     -1.328 4
  83   46      4.766      0.027     -4.892 4
  98   66     -2.672      4.737      9.990 4
  17   33      3.366      2.356      3.846 4
  95   75     -5.515     10.874      8.250 4
  58   73     -3.397     -1.660      1.461 4
  43  111      3.067     -0.977     -7.554 4
  81   78      1.211      5.890      6.539 4
 105  162      7.337     -3.525     -5.680 4
 103   70      5.126    -11.189     -9.704 4
 111  102      3.584     -9.355      5.937 4
 185   72      6.660      2.596     -2.743 4
 148  116      3.162     -3.396     -6.825 4
 115   67     -1.259     -5.017      1.956 4
 130  124      0.859     10.624     -5.254 4
  -1  139      0.784     11.461      0.160 4
 152  122     -0.034      1.237      7.275 4
  -1   -2     10.409     10.728      4.099 4
  99  132     -3.245    -10.665      7.803 4
 187  157     -1.628     -0.959     -2.063 4
 121   81    -11.938     -6.362     -4.248 4
 151  134     -3.557     -9.719      8.810 4
  61  180      4.779    -12.214     -9.368 4
  -1  105      0.829      4.383     -3.251 4
 109  107     -1.827     -0.633     -2.146 4
 126   52      2.301    -11.809     -6.058 4
  87  133      2.631      8.886     -2.549 4
 166  161     -5.850      7.219     -5.051 4
 144   37     -3.942     -3.308     -7.840 4
 136   71     -4.824     -8.487      8.388 4
  -1  106     -8.084     -5.547     -9.838 4
 164   84     -6.166     -6.843      4.687 4
 159  129      3.701     -4.112      3.819 4
 135   95     -9.908     -2.430     -2.544 4
 112  144      6.998     -2.510      9.135 4
 184  137      3.287     11.320     -7.782 4
 186  146     -2.153      4.303      9.910 4
  15  120      9.211     10.114      7.391 4
 178    5      8.178     -6.071     -9.371 4
  82   62      1.249     -0.816     -6.666 4
  80  158      5.194      1.827     -5.655 4
 117  127     -3.943      9.990     -5.400 4
 110  145     -4.278     -4.741      4.397 4
 160  114      2.383      0.517      6.422 4
  -1   -2      4.036     10.830      8.176 4
 153  109      3.856      9.466     -9.361 4
 162  140      4.395      9.631     -7.552 4
  -1   -2      1.763    -11.812     -6.653 4
 127  148    -11.058      8.769     -2.656 4
 141  164      4.467     -9.926      6.234 4
  30   50    -10.950      4.956     -6.837 4
 157   38      0.504     -9.131      5.210 4
 137   15      6.937      0.235     -8.773 4
  66  181      2.855     -5.616      5.681 4
  -1  142      5.376    -10.672     -8.404 4
 188  196      0.560      1.617      7.949 4
 170  108     -2.589      0.241      0.192 4
 125  185     -2.660     -8.196     -9.138 4
 142  125     -5.398      6.568     -6.758 4
 197  173     -4.473      1.321     -1.867 4
 146  187      4.555      4.357      4.621 4
 149   34      0.431     -8.226     -7.728 4
  -1   -2      4.527      1.787      8.036 4
  -1   -2     11.761     -2.051     -6.375 4
  27  170     10.010     -3.919      4.724 4
  33  119    -10.012      4.149     -1.502 4
  84  182      3.026     11.639     -4.324 4
  -1   -2     -1.880     -9.361     -5.780 4
  -1  171    -11.778     -8.183     -5.034 4
 169  163      7.174      2.254     10.148 4
 181  193     -8.978      5.638      8.455 2
  37   -2      6.852    -11.699      7.664 2
 190   -2      5.959    -11.789      7.298 2
 143  147     -5.655      6.320     -9.489 2
 165  191      5.100    -11.051     -3.337 2
 163  190      3.448    -11.839     -3.648 2
 156  189      2.086     -7.106      6.332 2
 128  186     10.600     -9.223      0.014 2
 161  156     -8.433      3.014     -3.514 2
 168  104      4.514    -10.246      9.614 2
 192  167      7.784      2.544      0.075 2
 191  138     -9.955      3.970      1.797 2
 194  197    -10.463      6.352      5.308 2
 183  195    -10.597    -11.120      5.032 2
 196  198    -11.208     -4.735      4.608 2
 182  194     -3.006     -8.302      0.999 2
 198  199    -12.839      1.241     -3.591 2
 199  200    -12.332      2.345     -2.240 2
