238
  -1   35      0.443     -0.536     -1.791 4
   4    0    -11.192      0.769     -4.292 4
  16   30      4.752    -11.303      0.169 4
   2    2     -8.696     -4.430      7.098 4
  22   22     -3.367    -11.151      5.800 4
  49   37     -6.469      1.521      4.523 4
 182   74      4.783     -1.162      8.879 4
  11    3    -10.386      4.423     -1.236 4
  25  222      9.466    -11.011     -0.770 4
  26   29      7.801     -4.528      8.173 4
  50   58      2.987     -7.485     -6.697 4
   6   55     -1.888     -5.402      9.993 4
  48  148     -0.972     -0.880     -6.722 4
  36   52     -7.293     -4.419     -5.413 4
  14   15      5.703      3.115     -4.805 4
  20    9     -5.989     -3.449      6.003 4
  34   68     -0.241     -9.548     -3.869 4
  63   97     -8.864     -3.020      0.993 4
 166   69     -6.975    -11.321      0.964 4
  30   18      4.255      3.046      1.539 4
   9   13     -1.101     -0.425      6.132 4
  52  112      8.573      2.883     -6.496 4
  10   16     -6.243     -6.032     -2.642 4
  13   26     -5.625     -1.071      2.604 4
  15    8     -4.763      3.273     -4.941 4
  95  160     -7.715    -10.357     -5.382 4
   7   10     11.287     -3.779      0.615 4
 195  201      5.146     -4.660      9.407 4
  29   21     11.737     -7.841      0.635 4
 173   50     -0.284     -6.412      2.451 4
  31   25      0.348      5.776     -6.539 4
  51   81      3.247     -3.693      8.988 4
  27   17     -8.485      3.599      6.813 4
  70   28      5.890     -8.160     -9.258 4
  33   64     -8.389     -7.442      1.458 4
  41   11     -3.789     -0.438      2.463 4
  81   80      3.347     -2.245     -8.933 4
  40    7      4.413     -6.291      9.679 4
  23   60      0.911     -2.039     -0.430 4
   3   46      2.189     -2.178      7.042 4
  86  205     -0.533     -6.579      8.829 4
  76   31      0.567      4.208     -7.436 4
  61   87     -2.797     -7.167     -2.429 4
  17   39     -1.497     -6.694      3.157 4
  62   12     -3.679     -4.420     -3.214 4
 111   63      0.018     -5.969     -5.945 4
  60   32     -7.521      6.325     -7.099 4
  43   24     -6.550      0.571      7.287 4
  45   51      3.916      1.198     -8.836 4
  46   44      0.044      8.998      7.537 4
  12   42    -10.859     -3.850     -0.243 4
 172  118      9.884     -6.100      1.466 4
 149  105      4.313     -7.000      3.205 4
 185  187     -6.168      2.411     -6.049 4
 155   84     -8.818    -10.740      6.550 4
  80  129      3.168     11.661     -5.626 4
   1   40      5.471     -2.967     -2.044 4
  64   36     -6.057      4.687     -7.628 4
 115  104     -8.631     -9.298      2.961 4
  79   95      8.046     -9.162     -2.914 4
  55   49     -2.864      8.155      1.901 4
  -1  151      0.034     11.909      5.247 4
 108   73      0.640     -5.841      1.298 4
  -1   99      2.995     12.051     -3.400 4
 137   38     -7.677     -3.985     -0.706 4
  66  108     -2.190     -7.191      4.073 4
 228  188     -2.174      3.951     -2.776 4
 192   96    -11.946     -7.836     -1.335 4
  56   70      4.185     -8.208     -3.771 4
  32  103     -2.598      5.862      7.978 4
 129  226      6.401      3.253     -1.723 4
  69   56     -2.954     11.761     -8.530 4
   5   59      7.342     -4.129     -1.916 4
  82  109     -2.207    -11.126     -2.569 4
  85   62     -1.773     10.069     -8.313 4
  28   34      5.550      7.917     -5.283 4
  37   43      5.420      6.596      2.758 4
  54   76      9.070    -10.500     -0.821 4
 122    1     -5.079     -2.599      2.860 4
  68   79      0.822      0.731      5.271 4
 106  115      0.008      7.341      5.544 4
  87   98     -0.282      0.223      3.642 4
  21   48     -7.963     -0.655      4.458 4
  75   45      9.033      8.221     -1.538 4
  57   33     -0.150      4.822      4.351 4
 175  137     -3.937     -2.721     -3.795 4
  53   -2      1.452      8.853     -5.599 4
  91  146     -4.483    -10.662     -3.317 4
  89   61     -0.323     -1.776     -5.776 4
 186  203     -1.887    -11.658     -9.494 4
 174  126     -9.882     -3.897      4.137 4
  65  143     -0.343      9.268     -0.475 4
  -1   -2    -12.132      4.348     -6.648 4
  98   91      6.044     10.634      2.308 4
  -1    4      7.378     -6.836      9.883 4
  73   65     -0.659      7.550     -6.528 4
  67  168      9.052     -1.079     -2.748 4
 133  180     -3.391      9.284     -4.974 4
  78  206     -0.806     -5.387     -5.295 4
  44  182    -11.098      2.800     -0.447 4
 130  111     -9.385     -2.290      5.494 4
  99   88    -10.241     10.557     -2.002 4
  35  166      2.050     -5.112     -3.506 4
 110  123      1.434      4.939     -2.499 4
 101   -2     -6.623     -7.646      3.081 4
  83  190      0.180      4.254      7.428 4
 179   83      5.798     -6.049     -8.645 4
  77  116      2.764      4.895     -1.577 4
 114  102    -11.454      0.230     -6.323 4
 109  107     -4.094      6.956     -2.293 4
 157  132    -11.556      5.770     -3.327 4
 150   47    -10.752    -11.986     -8.831 4
  96   77     -8.782     -0.302      4.428 4
   8  135      4.688      2.305      3.524 4
  84  150      7.182     -9.534     -3.696 4
 140  179    -11.351     10.462     -3.652 4
 117   85     -2.475     -9.411      6.179 4
  18  120      6.126      7.129     -8.961 4
  -1    5     -7.082     -2.856      3.359 4
 100  130      0.016     -9.672      7.838 4
 124  117     -7.440      8.484     -7.323 4
 116  114      2.934      0.732     -6.791 4
 227  139      5.700      6.270      0.957 4
 134  175      2.671     -2.459      1.568 4
 162  110     -5.819     10.622      4.400 4
 120   57      1.128     -7.066     -5.981 4
 214   71      0.521     -4.284     -1.503 4
  88   67     -3.884     -5.519      0.491 4
  58   -2      8.351      2.787      9.849 4
 103   78      2.337     -4.766      6.224 4
 121  125      6.393     10.529      9.009 4
  71  122     -3.126      5.409     -4.979 4
 148   82     -9.220     -7.158      0.315 4
   0  161     -4.249      0.507      4.578 4
 113  138      7.415      3.865     -2.566 4
  42  144      6.008     -3.625      0.808 4
  72  131     -8.305    -10.752      4.237 4
 194   54     -8.464     -2.495      1.343 4
 170   19     -5.011     -8.916     -4.047 4
  24   27      2.214      1.599     -6.677 4
  59  106      4.987      8.546      8.706 4
 204  159     -9.300     10.290     -7.469 4
 123  136     -7.715      9.069      1.979 4
 104   72     -7.102     -5.307      1.781 4
  38   14     -6.884      4.119      1.229 4
  93   92     -3.393     -2.511      9.689 4
 127  128     -2.760      5.437      8.302 4
 125  156    -10.578     -7.398     -1.588 4
 126  140    -10.907      5.161     -6.537 4
 138  155      5.190      9.398      4.874 4
  39  141     -1.465      1.941      8.917 4
 180  178     -6.652      2.988      9.757 4
 145  157     -5.090      8.522      3.567 4
  92  194     -6.171      3.917      3.620 4
 153   23    -11.564     -2.149     -6.107 4
 136  147     -8.627    -10.168      4.834 4
 209   94     -3.571     10.968     -0.282 4
 158   -2     -5.940     -7.733     -2.953 4
 163  142     -8.252     -1.984      0.404 4
 146  101    -11.220      1.111      1.560 4
 161  171    -11.648    -10.038     -6.879 4
 222  158      3.427      8.390     -1.161 4
 165  152      9.093     10.038      2.428 4
  47  162      4.310      9.321      9.122 4
 169  124     -4.986     11.886     -9.171 4
 191  164     -0.470     11.541      9.141 4
  -1   89     -2.527     12.356     -8.549 4
  -1  154     -4.084     -0.506      7.334 4
 164  176      3.177      0.502      6.396 4
 132  186      8.085      6.144     -3.895 4
  90  127     -2.958     -7.708     -2.651 4
 128  169     -4.286     -4.771     -0.238 4
 156  227     -2.023      4.140     -0.120 4
 119  119     -4.341     -3.302      8.321 4
 159  199    -12.375     10.911     -5.373 4
 171  133      8.743      4.047     -3.592 4
 160  174     -1.864      2.852      9.117 4
 131  198     -8.731     -3.098     -3.764 4
 144  167    -10.888     -9.846      4.428 4
 190  183      5.171     10.667     -5.439 4
  -1   -2     -3.336    -11.834      3.492 4
 141   -2    -10.507     -1.216      2.317 4
 168  192      4.032      7.290     -1.165 4
 225   66     -0.668     -8.210     -0.361 4
  -1   -2     10.154      2.497      0.816 4
 143  204     -6.053      3.883     -9.410 4
 105  121    -10.207      5.239     -5.654 4
 198  208     10.797     -7.187      1.112 4
 154  149      4.082      6.586      8.505 4
 181  193     -7.812     -9.688     -1.382 4
 178   93      6.012     -1.380      7.035 4
 184  202    -10.186      4.291     -8.600 4
 107  145     -2.795     -8.170     -5.936 4
 135   -2      1.566      8.596      1.925 4
 230  181    -11.692     -5.067     -2.861 4
 213   20    -10.399     11.698      3.015 4
 196  163     -3.950      2.360      3.282 4
 187  210      6.465      2.834     -9.242 4
 142  195     -0.346    -11.176     -3.468 4
  -1   -2    -12.244     -7.636     -3.726 4
  -1   -2      9.100     11.813     -0.469 4
 193  134     -5.445      2.754      7.165 4
  -1  177    -11.083     -2.488     -9.901 4
 199  197      3.955     11.916     -8.403 4
  -1   -2     10.235      6.346     -7.074 4
 201  211    -12.183      8.577     -3.072 4
 152  113      3.069     10.281     -0.322 4
 139  212    -10.470     -5.116     -0.812 4
  -1   -2    -11.892      4.344     -5.000 4
  -1   -2    -10.857      0.546      4.954 4
  -1   -2      9.610      8.403      2.135 4
 177   -2      2.547      4.104     -5.238 4
 188  207      3.463     12.187     -8.945 4
  -1  216    -11.174     -2.289      3.861 4
  -1   -2     -1.641      9.243     -5.566 4
  19   -2      9.799     -8.315      6.921 4
  -1   -2     13.569      4.380     -2.058 4
 221  233     13.060      3.678     -3.195 4
 211  220    -12.842     -6.892     -4.791 4
 189  228      0.273      9.847      6.147 4
  -1    6      9.875     12.034      1.214 4
 216  221     -7.249     -9.092     -9.655 4
 220  232    -11.132     11.297      2.347 4
 215  230     -4.608     10.706      1.556 4
  -1   -2     12.394      5.836     -9.596 4
  -1   -2     -1.474     10.732     -7.207 4
  74   75      4.049     -5.712      3.751 4
 226  100      6.454     -1.277     -5.977 4
 112  225     -5.578      0.386      1.092 4
 210  229      9.733      6.700      8.706 4
  94  224     -8.221     -5.454     -6.680 4
 206   41      1.919    -11.398     -8.578 4
 223  217      3.451      2.661     -2.197 4
 224  189     -6.294     -9.109     -6.425 4
 217   -2     -6.987    -12.101      1.042 4
 207  219     -5.740      0.724     -4.523 4
 229  170     -4.821      1.435      9.465 4
 219  231    -13.066     11.735     -1.626 4
