242
   9   91      9.060     -2.774      6.339 4
  68  135      5.660     -6.994      1.103 4
  13   73     -7.197     -1.070      0.192 4
   6   30     -7.400     -8.765     -9.015 4
  24   86      0.339    -12.007     -7.827 4
 194  214     -0.728     -3.356     -1.952 4
  32   94      2.040     -7.984     -6.991 4
  52   67     -1.657    -11.276     -7.182 4
  36   39    -10.674     -0.958     -5.361 4
  40   33      2.526     -4.841      5.002 4
  20   64      0.264     -8.545     -9.738 4
   4   25     -8.798      3.489      3.505 4
  17   31     -2.980      7.012      3.925 4
 217  172     -3.681      4.369      9.081 4
   5   72      3.684     -6.050      0.036 4
   1   12    -11.036      2.164     -3.552 4
  43   11     -5.248     -8.424      4.970 4
 221   58      0.786     -3.548      5.136 4
   0   57      9.040     -1.693     -7.174 4
  44  225      1.612      5.256      2.847 4
  18   15      7.377     -4.293     -2.723 4
  50    7     -0.209     -7.090      2.435 4
 149   23     -3.331      0.349     -6.422 4
  53   66     -3.724     -5.857     -6.960 4
  10  130     11.167     -1.353     -7.836 4
 110  213      9.499    -10.980      5.159 4
  76  196     -9.529     -9.617     -8.373 4
  29    4      3.562     -4.343     -3.269 4
  28  142     10.135      2.852      1.918 4
  23   14     -9.976     -8.972     -0.832 4
  25    5      3.155      5.335      1.007 4
  71   44      1.786     -8.381     -4.382 4
  75  128      3.423     -9.294      2.913 4
  15   61     -5.263     10.287     -7.620 4
 164  188      7.002      8.103      2.377 4
  67    3      1.752      0.240      0.824 4
  38  103     -5.165     -4.352      3.195 4
 215  155      2.694      3.442      8.974 4
  73   42      7.712     -0.210     -1.020 4
  34   62     -8.839     -6.633     -2.564 4
  -1   -2     -0.937     -2.797      6.918 4
  57   40     -0.460     -5.459      4.887 4
  21   24     -3.223     -4.662     -4.856 4
  51  109     -6.797      4.084      5.934 4
  54   53      0.925      1.290     -7.375 4
  19   46     -1.233    -11.014      9.667 4
  35    9     -9.826     -2.424     -0.648 4
 218  235     -3.868      4.011      3.631 4
  11  101     -9.522     -3.831     -2.060 4
  46   54      3.569      7.639      1.843 4
  87  148     -7.017     -1.723      5.251 4
  47   52      4.681      2.402      2.438 4
  26   45     -5.918     -8.674     -3.550 4
  -1   27      3.297     -6.215      4.738 4
 128   29     -4.883    -11.100     -8.353 4
  62   78     -5.853     -0.284     -1.316 4
  48   22      6.070      4.315      6.681 4
  39    2     10.327      0.867     -2.549 4
  59  167      2.601     -7.081     -2.666 4
  30   68      1.858      6.516      5.295 4
  37   28      3.301      6.502      0.162 4
  84  150      0.879      4.378      2.222 4
 109  104      0.054      2.695      3.832 4
 113   75     -0.563     10.600     -4.371 4
 107   70      2.756      8.385      5.893 4
 170   89      1.758      7.990     -7.990 4
 111   96     -4.768      8.596      5.183 4
 153  137      3.830      4.831     -1.510 4
  64   32    -10.856     10.376     -1.758 4
  49    8      6.681      2.054      9.692 4
  69   98     10.408     -6.172      2.309 4
  31   92      7.389     -9.964     -1.108 4
  -1   41     10.895      0.324      0.998 4
 176  149     10.178      9.769     -8.642 4
 174  145      0.637    -10.666      3.757 4
   2  224      0.958     -8.857     -0.074 4
  66   20     -5.905      7.389     -8.493 4
  -1   19     -1.425      6.864      9.032 4
  -1    6     -1.138     -3.511      4.004 4
  82    0      2.992     -7.138     -9.918 4
 126   18      9.125      4.190      6.474 4
  94   13     -6.707     -5.969     -2.041 4
  74   77      4.141      5.798      5.398 4
 135  140     -1.522     -5.488      4.693 4
  56   85      9.621     10.232     -2.165 4
 124  212     -4.429     -9.777     -3.986 4
 222    1      9.082      0.332      6.070 4
 127  156      8.385      4.215      6.024 4
  12   55     -9.059     -4.228     -4.032 4
  83   -2      7.961      3.511      4.550 4
  77   84     -2.249      2.161     -1.523 4
   7  138     -3.624      7.834      7.141 4
  14  111     -9.270     -5.711     -6.300 4
  -1  123      9.734      5.611      5.799 4
 204   16     -1.113      7.540     -6.638 4
  65   93     -5.315      7.976     -8.001 4
 182  195      4.162    -10.915      2.282 4
  -1  129     11.751     11.618     -6.822 4
 101   47      7.275      6.689     -5.668 4
  33   50    -10.892     -5.567     -4.300 4
 142  114    -10.524      3.076      2.532 4
 129  139     -6.461      2.586     -1.321 4
 197  173      6.063      7.384      5.170 4
   3  110      7.321     -6.145      5.233 4
 137  178      4.299     10.004     -2.350 4
  55   88    -11.657      7.170      0.581 4
 103  160     -1.338     -4.368     -7.428 4
 155  143     -2.082      3.185     -5.225 4
 120  199     -5.193      6.706      2.204 4
 147   26      2.399      1.489     -1.043 4
 100  106     -4.518     -1.518      8.691 4
  93   87     -3.809     -2.491      4.527 4
  85  205     -6.091      9.013      0.851 4
 229   71      6.985     -8.182     -1.384 4
 112  121      5.453      5.630     -8.061 4
  22  200      7.617     -6.951     -9.793 4
  45  127     -5.952      3.325      2.506 4
 130  122     -4.785      6.094     -3.490 4
 168  118     -5.939     -4.440      4.226 4
  -1   48      3.911     11.529     -3.870 4
  60   -2      7.606    -11.847     -1.980 4
 148   81      3.812     -0.729     -7.467 4
  -1   -2      8.348    -11.984     -9.899 4
 118  126      0.804      8.610     -4.952 4
  61  108     -0.463      9.836     -9.357 4
  91   36      7.643      9.931     -4.516 4
 192   63      1.481     10.421     -5.196 4
 131   43      0.789      9.395     -9.105 4
 169   51      6.595     -9.670     -8.055 4
 133  131      5.508      8.036     -0.654 4
  70  152      1.770     -4.366     -3.491 4
 162  158    -11.894     -4.033      0.960 4
 159  229      4.101      9.872     -6.825 4
 223  107     -1.593      0.673     -8.364 4
 206   10      8.895     -3.284      2.374 4
 152   38     -3.444     -0.060     -0.076 4
 123  227     11.465      4.552     -6.564 4
 154  119      2.664      1.771     -1.275 4
  -1   -2     -1.186      7.059     -3.371 4
 146  228      0.656     -9.975      8.773 4
  -1   82     11.897      5.902     -2.881 4
 196  240     -0.610      3.515      0.651 4
 108  154     -7.779      5.518     -7.473 4
 104  151      7.208     -4.525     -9.751 4
 225   80     -1.423      6.546      6.355 4
 172  184      6.739     11.359     -8.367 4
 102  100      7.234     -5.393     -2.167 4
 167   60     -2.893     -9.809      4.322 4
 144  124     -3.308      2.040      7.428 4
  42  117     11.556      3.188     -7.126 4
 151   74      6.044      6.405      9.614 4
 184   65      1.308      0.772      0.171 4
 210  174      9.951      7.094     -3.369 4
 166  153    -12.044      5.771     -6.743 4
  -1  102      0.159     11.497      1.424 4
 175  218     -9.667    -10.565     -0.502 4
  -1   -2     12.053      3.826     -3.420 4
  92  162      9.293      1.288     -3.838 4
 161  165      0.883      6.237      3.336 4
 138  180     11.209      4.936      1.690 4
  90  166     -1.222      1.733      6.155 4
 198   79     -5.690      5.001     -2.055 4
 193  168      0.460     -4.542      6.196 4
 156   -2      1.903    -11.736      3.421 4
  89   49      5.796    -10.287     -2.311 4
 180  232      8.858      5.770     -7.232 4
 105  221     12.204     -8.177     -3.099 4
 186  159    -10.952      5.450     -5.171 4
 132  164      5.090      5.371     -8.321 4
  86  217     11.040      6.043     -2.439 4
  16  116      1.724    -11.145      8.078 4
 183  134     -7.415     -9.610      9.560 4
  99  120     -3.288     -2.869     -8.173 4
  63   95     -7.163     -2.372      1.420 4
  -1  171     11.992     -8.326      1.600 4
 116  146     -8.583     -1.895     -3.983 4
  27  177      5.019      3.358     -5.131 4
 191  141     -7.449      0.164      1.675 4
 134  179     -9.343    -11.064     -6.513 4
 178  133      8.751     -2.212     -6.468 4
  -1  112     -0.072      6.883      2.404 4
 179  231     -5.393      2.404      6.293 4
 143   59      3.318      2.645     -2.434 4
 125  170      6.344     10.610      4.213 4
 139  183      4.021     -1.837      1.126 4
  88  226     -9.122      8.842     -5.960 4
 106  132     -9.338     -7.189     -8.630 4
 202  194    -11.683     -7.289      2.297 4
  -1  169     -1.577      1.770      2.744 4
 136   90     -6.344      6.003      7.873 4
 177  230     -3.206      9.068     -7.732 4
  -1   -2     -4.166    -10.470      9.957 4
 173  163      5.837     -2.331      1.066 4
 171  176     -1.934      1.579      1.567 4
 117  186     -8.242     -7.227     -4.381 4
 119   99     -5.288     -1.460      0.005 4
 190  210     10.987     -2.437     -2.051 4
 188  105      8.133     -6.356     -9.133 4
 122  211      1.279     -9.233      1.206 4
 145  113    -10.775    -10.960     -5.821 4
 141  181      9.437      2.530      2.110 4
  58   97     -6.210      6.758      1.238 4
 150  202     -4.848      3.795      1.507 4
  97  191    -11.991      1.925     -6.741 4
  96   83      2.334      3.995      6.926 4
 189  157      3.153      0.465      1.455 4
 203  185    -11.093      6.250     -9.053 4
  -1   -2      5.212      0.615     -8.265 4
 211  187     11.981    -10.408      0.113 4
 231  201      5.589      6.029      9.418 4
 200  193     10.531     -9.118     -3.023 4
  -1   -2    -10.433      6.801     -3.481 4
 216  197    -10.969      9.766     -9.582 4
 157  175      0.291      8.154      9.831 4
  -1  215      5.581     11.337      6.804 4
 163  207     -6.627      3.998     -8.972 4
  -1   -2     -8.137     -6.494      5.280 4
  -1   -2      2.060      3.663     -4.596 4
 185  216     -8.556      5.085     -7.324 4
 201  125      1.474      8.163      5.442 4
  -1   -2     11.129     -8.034     -4.759 4
 219  220    -10.756      1.454      3.067 4
  -1   -2      8.212     -7.573      4.123 4
  -1   -2      3.504     -4.871      6.081 4
 140   37     -5.475    -10.358      9.829 2
 114   21     -4.764     -2.924     -3.451 2
 165  192      9.646      6.066     -8.554 2
  79   -2     -6.516    -11.807      4.574 2
 220  182     -3.782      4.351     -7.237 2
  98  144     -4.145      3.419      7.437 2
 208  233      5.940      8.633     -4.711 2
 187   76     -9.590     -6.479      2.469 2
 213  234      0.590      3.843      7.478 2
 228  206      1.566     10.613     -9.001 2
 227  236     -2.875    -10.229     -4.594 2
 234   34     -2.770    -11.540     -1.934 2
 235  237      9.221     -9.885      9.319 2
 233  219      4.690     -8.486      9.486 2
 237   -2     -2.466     -9.026      7.416 2
 232  190     -2.616     -1.241     -6.371 2
 236  238     -4.283     -9.857     -2.761 2
 238  239    -10.103      5.705     -2.091 2
