235
   1    4    -11.371      0.824     -4.371 4
   3    0     -4.475      0.751      4.488 4
  42   19      9.266     -7.294      6.877 4
  70   56      3.847     -8.080     -3.835 4
  19   17     -1.569     -6.316      3.071 4
  13    2     -8.957     -4.378      6.973 4
  20    5      6.589     -3.539     -2.125 4
  31   62     -4.065     -4.479     -3.364 4
  11   29     11.329     -6.140      0.440 4
  10   22     -3.341    -10.701      5.974 4
  29   13     -5.809     -0.845      2.450 4
  17   26      7.356     -3.464      8.416 4
   4   46     -0.444      9.452      7.556 4
  45   15     -5.187      3.400     -5.106 4
  23    3      1.946     -1.081      7.012 4
 121  225     -0.795     -8.047     -0.435 4
  12   16      4.463    -11.000     -0.130 4
  24   23      0.377     -1.808     -0.719 4
  16   90     -3.131     -7.716     -2.845 4
  46  101     -6.613     -7.471      3.013 4
  28   49     -6.589      1.769      4.396 4
  59   50      2.818     -7.450     -6.801 4
 141   24      1.459      1.620     -6.842 4
 127   48     -1.526     -0.976     -6.969 4
  15    6     -2.329     -5.450     10.000 4
  47    1      4.853     -2.487     -2.219 4
  32   12    -11.030     -3.828     -0.351 4
   2   31     -0.244      5.935     -6.821 4
  26    9     -1.621     -0.157      6.078 4
   7   28      4.844      8.363     -5.570 4
  79   72     -8.427    -10.508      4.156 4
  21   25      9.711     -8.879     -1.002 4
  40   41     -4.028     -0.175      2.253 4
  35   14      5.013      3.578     -5.066 4
   5   36     -7.433     -4.557     -5.582 4
  30   67      8.231     -0.362     -3.044 4
  61   33     -8.415     -7.249      1.436 4
  38  221     11.996      4.649     -3.354 4
  48   45      3.135      1.255     -9.065 4
  58   27     -8.723      3.823      6.698 4
   8   43     -6.827      0.754      7.135 4
   9   11    -10.528      4.618     -1.273 4
  75   34     -0.219     -9.633     -4.046 4
  14   -2     -0.114     -0.369     -2.060 4
  49   39     -2.134      1.981      8.972 4
  83   74      3.911     -4.883      4.137 4
  65   55     -3.200      8.695      1.733 4
  95   10     -6.493     -6.017     -2.691 4
  44   60     -7.805      6.479     -7.319 4
  96   30      3.535      3.676      1.210 4
  56   63     -9.112     -2.912      0.926 4
  43   92     -6.248      4.214      3.556 4
 156   37      4.582      7.442      2.488 4
  53   44    -11.212      2.938     -0.455 4
  78   99    -10.461     10.735     -2.128 4
  66   42      5.476     -2.862      0.830 4
 140  104     -7.188     -5.141      1.723 4
  67  142     -0.217    -11.178     -3.598 4
  41   66     -2.277     -6.800      4.049 4
  55   54      9.169     -8.466     -1.155 4
 101   52      7.850      3.570     -6.691 4
  34   83     -0.474      4.589      7.587 4
 130   80      2.524     11.928     -5.885 4
  86   73     -1.230      7.755     -6.832 4
   0  122     -5.321     -2.423      2.715 4
 191  103      2.316     -3.878      6.345 4
 185   75      8.309      9.852     -1.787 4
  54  195      4.865     -3.720      9.638 4
  50   81      2.614     -2.390     -9.163 4
  82   65     -0.815      9.872     -0.754 4
 153   35      1.613     -5.054     -3.650 4
  51   58      7.831      4.129      9.860 4
  98   85     -2.272     10.407     -8.640 4
 122   84      6.957     -8.512     -4.146 4
 150   96     -8.884     -0.085      4.272 4
 105  172      9.023     -5.102      1.186 4
  84   68      0.148      1.117      5.051 4
  36   64     -6.376      4.850     -7.866 4
  71   21     -8.070     -0.452      4.315 4
  64   77      2.257      5.513     -1.866 4
  73   61     -2.978     -7.170     -2.626 4
 132   51      3.139     -2.792      8.804 4
  76    7     10.253     -2.583      0.251 4
  90   32     -3.064      6.181      8.082 4
 125   71     -3.563      5.584     -5.208 4
 126  226      5.747     -0.757     -6.188 4
 103   87     -0.769      0.505      3.400 4
  52   95     -7.606    -10.503     -5.726 4
 145  116      2.147      0.720     -7.019 4
 116  156     -2.334      4.651     -0.399 4
  88  141    -10.636     -1.069      2.223 4
  97   76     -0.051      4.375     -7.696 4
 133  110      0.984      5.387     -2.807 4
  80  108      0.453     -5.434      1.294 4
 159   89     -0.910     -1.949     -6.039 4
 100  117     -2.518     -8.825      6.287 4
 110  121      5.459     11.184      9.112 4
  74   82     -2.137    -11.069     -2.800 4
  60  130     -9.576     -2.152      5.343 4
  87  109     -4.497      7.375     -2.471 4
  91  112     -5.716      0.728      0.877 4
 134   -2      9.441      7.197     -7.219 4
 138  106     -0.502      7.827      5.471 4
  77  196     -4.132      2.661      3.171 4
 192  182      4.569      0.069      8.800 4
  93  120      0.933     -7.377     -6.167 4
   6  139    -10.652     -5.075     -0.832 4
  18  173     -0.346     -5.891      2.415 4
  94  115     -8.670     -9.056      2.877 4
  -1   98      5.292     11.764      2.116 4
  62   -2     -0.866     -5.675     -5.505 4
 190   59      4.022      9.239      8.748 4
  22   79      7.899     -7.649     -3.401 4
  81  107     -2.923     -8.436     -6.175 4
  69   53      1.096      9.074     -5.902 4
 144   -2      8.921      7.503     -6.047 4
 136  123     -7.969      9.455      2.033 4
 170   20     -6.206     -3.296      5.832 4
 157  210      8.794      7.870      8.794 4
 123  216     -7.176     -9.302     -9.870 4
  25  111     -0.263     -6.364     -6.150 4
 155  157    -11.723      5.828     -3.401 4
  57  170     -5.138     -8.963     -4.212 4
 139  149      4.203     -6.251      3.740 4
  -1  152      2.514     11.188     -0.617 4
 104   57     -0.666      5.262      4.300 4
 149  125    -10.651     -7.456     -1.834 4
  85  179      5.409     -6.054     -8.840 4
 137  129      5.713      4.065     -1.997 4
  63  127     -3.257      5.716      8.397 4
 143    8      3.882      2.986      3.253 4
  -1   93     -3.939     -2.530      9.744 4
 164  177      1.878      4.270     -5.721 4
 204   -2     11.325      3.636     -8.083 4
  39  214      0.059     -4.193     -1.673 4
 166  124     -7.741      8.687     -7.579 4
 119  136     -8.821     -9.985      4.758 4
 163  146    -11.295      1.271      1.492 4
 223  135      0.756      9.377      1.671 4
 115  114    -11.617      0.301     -6.437 4
 151  227      4.959      7.268      0.687 4
 198  138      4.370     10.194      4.692 4
 174  131     -8.960     -3.102     -3.897 4
  92  222      2.848      9.206     -1.444 4
 154  145     -5.295      8.906      3.545 4
 165   94     -8.243     -5.626     -6.826 4
 142  113      6.710      4.832     -2.777 4
 206  187      5.657      2.974     -9.442 4
 176  158     -6.086     -7.716     -2.985 4
  -1   -2     -2.858      2.949     -0.394 4
 179   47      3.480      9.990      9.219 4
 129   91     -4.549    -10.617     -3.448 4
  -1  165      8.193     11.313      2.290 4
 188  175     -4.406     -2.783     -3.923 4
  -1   -2     -4.465     -0.363      7.238 4
 183  181     -7.851     -9.527     -1.380 4
 146  140    -11.547     10.578     -3.805 4
 102   70      5.643     -8.183     -9.348 4
 180  168      3.440      8.133     -1.438 4
 173  154      3.224      7.116      8.655 4
 181  102    -11.783      4.462     -6.801 4
 167  126    -11.088      5.286     -6.782 4
 171  192    -12.006     -7.885     -1.541 4
 182  137     -7.975     -3.890     -0.834 4
 108  133     -3.923      9.524     -5.221 4
 169  148     -9.358     -7.047      0.293 4
 120  206      1.839    -11.803     -8.567 4
  -1  169     -5.275     12.342     -9.484 4
 222  190      4.468     11.014     -5.725 4
 147  128     -4.564     -4.666     -0.372 4
 113  194     -8.744     -2.336      1.181 4
 124  209     -3.975     11.567     -0.396 4
  -1  160     -2.468      2.996      9.208 4
  89  162     -6.030     10.991      4.533 4
 226  178      5.605     -0.139      6.996 4
  68  166     -6.691    -11.108      0.894 4
  -1   -2      9.628      4.040      2.357 4
 161  171      8.006      5.168     -3.758 4
 158  163     -8.499     -1.808      0.309 4
 131  153    -11.672     -2.142     -6.218 4
 160  164      2.593      1.444      6.466 4
 175  185     -6.555      2.470     -6.185 4
 107  223      2.845      3.129     -2.500 4
 178  189     -0.232     10.356      6.030 4
 168  184    -10.353      4.472     -8.760 4
  27   -2     -0.946     -5.373      8.615 4
 128   88     -4.081     -5.406      0.386 4
  33   38     -6.954      4.491      1.136 4
  37  167     -2.453      4.224      5.682 4
 193  150    -10.670    -12.085     -8.943 4
  99   18      5.402      7.338     -9.184 4
 114  180     -7.038      3.105      9.772 4
 194   69     -3.399     12.143     -8.933 4
  -1   -2     -7.095     -2.641      3.888 4
  -1  199      3.326     12.332     -8.658 4
  -1   -2    -12.216     -7.781     -3.911 4
 196  186     -1.879    -11.905     -9.779 4
 187  198     10.103     -5.741      0.833 4
 148  204     -9.527     10.508     -7.658 4
 111  224     -6.208     -9.388     -6.729 4
 184  161    -11.609    -10.111     -7.077 4
 135  217     -6.658    -11.901      1.029 4
  -1  201    -12.420      8.679     -3.166 4
  -1   -2     -2.012     10.999     -7.499 4
 205  207     -6.119      0.753     -4.486 4
 197  143     -6.338      4.196     -9.753 4
  -1   -2    -11.075      4.329      2.466 4
  -1   -2     -2.054      9.591     -5.437 4
  -1   -2     11.532      6.090     -2.181 4
 162   -2      5.470      3.433      5.029 4
  -1   -2     10.870    -11.809      0.679 4
  -1   -2    -12.711     -2.288     -3.823 4
 232  211    -12.806     -6.957     -4.958 4
 221  212     11.211      1.032      5.718 4
 152   -2      0.517    -12.094      1.045 4
 118  100      0.039     -8.491      7.592 4
 211  229     -5.281      1.537      9.388 4
 225  119     -4.782     -3.288      8.278 4
 216  215     -4.968     11.216      1.537 4
  -1  213    -10.591     12.002      2.978 4
  -1  219    -13.202     11.818     -1.747 4
  -1  188      2.917     12.632     -9.323 4
 219  220    -11.393     11.429      2.420 4
  -1   -2     12.008      3.054     -4.170 4
  -1   -2     -7.534    -11.767     -6.188 4
  -1   -2      8.674      9.802      1.955 4
  -1   -2     10.411      0.357     -3.091 4
 112  155     -9.018    -10.662      6.488 2
 189  228     -2.638      4.233     -3.049 2
 186  134      2.179     -1.916      1.367 2
 227   -2      9.701      3.693      9.977 2
 228  174    -10.028     -3.757      3.990 2
 208   -2     11.989      4.069     -7.198 2
 230  230    -11.771     -5.094     -2.978 2
 231  144    -11.012     -9.733      4.274 2
