238
   2    5     -8.251     -4.637      9.284 4
  12    0     -6.992      0.161     -0.085 4
  75  105      4.019     -7.713      5.098 4
  31   35      6.181     -7.475     -1.974 4
  28   15      3.458     -3.336      1.766 4
 144   45      1.961      0.211     -4.369 4
   0    8    -11.953     -0.703     -3.956 4
   8   10     -0.183     -4.343     -8.248 4
 145   50     -1.202      4.243     -5.941 4
  21   24     -1.411     -0.426     -2.476 4
  10    7     -7.261     -1.431     -3.156 4
  60   38     -0.713     -2.653     -5.063 4
 148  174      4.949      4.912     -7.641 4
   3   95      6.682     -7.543      5.355 4
   6   -2      7.894    -11.242     -0.484 4
  35   20     -4.565     -9.053      0.668 4
   4   17     -0.980     -7.801     -1.277 4
  32    1     -7.179      6.286      1.835 4
  23   11      0.111      2.003      1.168 4
  13   22     -8.628     -8.777      4.779 4
   7    4      2.115     -1.143      7.562 4
 138  230     -6.316    -11.525      8.516 4
  36   16      7.521     -4.076     -0.422 4
  37   49     -0.746     -3.865      5.743 4
  39   41      9.393     -1.449     -5.253 4
  93   36      0.949     -5.206      3.574 4
  42    3      3.889     -2.929      4.455 4
 103  107     -8.476     -8.377     -3.299 4
  49   19     11.971      0.305      1.636 4
  24   32      1.913      9.854      7.795 4
 107   48      8.708      1.369     -7.259 4
  20  109     -2.829      6.788      5.337 4
  50   47     -9.001      7.383      0.882 4
  84  100     -2.326      9.183      4.555 4
  15   23     -0.592     -0.336     -8.092 4
  11   -2      4.796    -11.246      1.147 4
  92  101      4.475     -3.248      1.749 4
  46   58      0.001     -9.178      3.957 4
   5   39      1.979     -7.251     -0.377 4
  66   76     11.584     -7.372     -4.387 4
  64   13     -9.341     -4.043     -1.845 4
  55   42      7.099      9.015      7.852 4
  17   67     -0.885     -1.526     -2.790 4
  43   26     -0.913      3.288     -0.904 4
  47  226      2.814      0.203      0.693 4
  45   56      2.840     -6.108     -3.589 4
  67   21      3.953     -5.117     -7.975 4
  73    9     -9.052     -9.955      6.145 4
  59   62     -8.605      9.194     -4.964 4
 182   51     -3.607     -2.532     -5.857 4
 171  133      1.346      5.849      6.871 4
  79  114      8.317      8.044      4.134 4
  30   70    -10.515      2.833     -0.517 4
  -1   -2      2.901      8.466     -8.486 4
  54   81     -6.154     -6.000      3.515 4
 110   65     -0.749     -1.251     -5.125 4
 203  149      6.241      8.713     -4.035 4
  89   59      6.087     10.235      8.716 4
 156   34     10.001      4.135     -1.208 4
  48   29     -7.897      5.086     -6.055 4
  82    6     11.955      4.238     -1.620 4
   9   57      1.905     -0.787     -7.493 4
  76  112      3.342     -9.293      6.661 4
  44   64     -3.262     -6.356      7.474 4
  77   60      0.034    -10.416      0.333 4
  26  123     -2.444      2.618     -8.845 4
 147  111      7.200      4.019      4.190 4
  40   53      3.196     -9.243     -8.430 4
  78   98      9.139      1.696      5.667 4
  53   55    -11.047      4.010     -6.215 4
  81   80      7.313      5.199     -5.449 4
  62  135     -4.350     -7.779      2.645 4
  16  150      8.262      3.714     -9.073 4
  61  201     -2.406     -2.304      1.946 4
 109   72     -3.392      0.176     -3.923 4
 108   75     -5.423     -7.320      2.198 4
  14  168     -1.017      6.167      7.461 4
 155  106     -4.215     -6.807      1.296 4
 129  108      6.013     -8.453      3.838 4
  71   93     -1.295    -11.376     -6.306 4
  29   66    -11.410      4.881     -3.047 4
  51   85    -12.269    -10.264     -5.983 4
  52   43     -9.186      4.184     -8.938 4
 176   40      3.387     -8.017      5.900 4
 170  145      4.433     -7.950     -3.200 4
 114  142     -8.465      6.893      5.610 4
 200   37      6.591      1.453      7.384 4
  70   12      3.657      0.094      0.766 4
  80  129     -7.393     11.692     -7.220 4
  85  137      1.376      7.872     -6.156 4
 121  206      7.764      7.793      9.816 4
  34   31      6.610     -2.320     -5.755 4
  74   90     -8.601     -7.807     -3.362 4
  -1  130     -7.752      3.502     -0.613 4
 140   30      1.620     -7.141      2.059 4
 115   99     -5.790      0.295     -1.903 4
 166  170     10.166     -5.965     -8.443 4
 106   94      3.217     -0.239     -5.677 4
  87   87     -4.879     -0.572     -6.294 4
  68  175     -0.371     -3.827     -6.485 4
 133   -2      3.494      7.201     -1.826 4
  -1   -2     -3.794     -6.298      8.430 4
 197  157     -2.200      8.666      4.554 4
 192  103      1.469      8.954     -2.734 4
 113   68      2.899     -4.892      0.584 4
  -1   -2      3.883     11.560     -4.174 4
 131   84      9.817      3.382      5.808 4
  98  160    -10.303     -6.240      2.283 4
 134   86    -11.629      5.977     -4.324 4
 174   52      8.185     -1.519     -7.098 4
 125  119     -4.423     -3.581      0.280 4
 137   96     -7.534    -10.906      7.497 4
  72  195      0.057     -2.073     -3.574 4
 101  104     -5.447      9.123      8.489 4
 159  181      8.673     -9.807     -0.963 4
  -1   -2      7.987      8.576      5.230 4
 139   54      9.788      0.744     -6.305 4
 130   71      0.559     -1.398      7.863 4
 161  232     10.181      8.174     -0.640 4
 100   97     -6.045    -11.701     -3.098 4
  -1   -2      5.909      8.081      7.519 4
  96  120      5.200      9.948     -5.578 4
 188  152    -10.690     11.644      2.610 4
  58  167    -11.449     -1.838     -6.348 4
  94   33     -4.647     -1.318     -2.498 4
 162  209      8.449     -7.722      3.897 4
  97  131     -5.112     10.051      5.985 4
  91   83      1.911     -6.657      1.240 4
 104  187     -2.616      5.401     -3.461 4
 167  127      0.761      7.617      4.625 4
  90  118     11.206     10.044      2.071 4
 135  207    -11.692     -5.550      0.998 4
 117  138     -0.574      9.776      5.863 4
  -1   -2      9.391      9.987     -9.094 4
 164  144     -6.308     -5.310     -6.885 4
  -1   -2      1.910      5.567      4.138 4
 126  189     -1.394     11.159      8.964 4
  22  126     -5.402      0.371     -5.335 4
 152   77    -10.863     -1.696     -6.213 4
   1  155      3.562      3.807      2.806 4
  69   69      2.682     -3.815      2.386 4
  27   46     -0.390      6.678      6.744 4
  83   78      0.215    -11.173      2.266 4
  -1   -2      3.288     11.171     -1.791 4
  95  121      7.542    -10.396     -4.926 4
  63  203     -0.722      5.214      9.207 4
 127  146      9.682    -10.242     -0.302 4
 154  128      8.464     10.264      8.880 4
 187   63     10.639     -8.856     -1.338 4
 112  148    -11.156     10.728     -5.019 4
 120  229      5.700    -11.866     -6.848 4
  57  227     -2.140      9.308     -7.233 4
 132  161     11.061     -2.089     -7.729 4
  -1   -2     -6.341      5.686      3.874 4
  -1   -2     -4.604     -7.637     -0.435 4
 168  102     10.259      7.510     -2.151 4
 213  163      6.009      6.755     -7.695 4
 169  183      3.499      5.366      2.450 4
 158  166      2.811     -2.409      4.582 4
 165  125      7.061      0.634      0.993 4
  -1   -2      8.583     -4.234      4.735 4
 122   -2     11.847    -11.664      0.658 4
 149  180     -8.087     -9.249      4.877 4
  -1   -2     -0.649     -6.457      6.778 4
  -1   -2      1.848    -11.744      1.870 4
 224  197      0.426     -0.285      6.323 4
  38  225      4.471      7.366      6.706 4
 143   61      2.607      9.577     -8.011 4
 223   -2     -6.624     -0.894     -9.998 4
 221  116     -4.977      0.240      7.320 4
 146  231    -11.207     11.638     -5.896 4
  33  162      7.029      3.344      1.039 4
 151  214     -9.188      1.018     -9.009 4
 186  234     -0.531      2.899      3.338 4
  -1   -2      8.453     10.046     -9.943 4
 136   18      2.093    -11.598     -7.347 4
 128  164      7.067     10.006      3.010 4
 181  122      6.144     -3.352     -0.291 4
 118   14      1.679      5.549      8.843 4
 183  184      3.184     -4.822     -6.927 4
  -1   -2     -4.408      6.052     -4.546 4
 111  185    -11.211     -1.239     -8.145 4
 185  182     -3.683    -11.719     -1.086 4
 157  140      3.799      3.986      2.897 4
  -1   -2      9.888     11.401     -4.961 4
  86  158      0.104     -1.524      8.131 4
  -1   -2      2.922     11.094     -0.198 4
  -1   -2     -0.987      8.328      7.218 4
  -1   -2     -1.320      6.086      4.005 4
 193  191     -7.627     -6.960     -2.773 4
 198  115     -6.960      0.625      9.632 4
  41   25      7.549     -7.122     -9.734 4
  56   28     -1.638      1.253      7.211 4
 190  196     -8.824      3.495      8.551 4
 141  176      8.138      7.513      1.323 4
  65   -2      9.528    -12.148     -8.360 4
 195  193     -8.343     10.633      2.856 4
 225  238      3.027     -4.135     -2.127 4
  -1   -2     -4.034    -12.162     -4.011 4
  -1   -2      8.226     -4.064      1.064 4
  18  204     -5.081      3.027      0.283 4
  -1   -2     -7.282      5.140     -7.112 4
  -1   -2    -12.642      9.585     -2.300 4
  -1   -2      8.527      6.330      4.493 4
  -1   -2     10.960     11.968     -2.789 4
  -1   -2      7.730      3.109      9.925 4
  -1   -2      6.631     12.043     -0.692 4
  -1   -2      1.891     -4.927      9.465 4
  -1   -2     10.718    -11.603      6.006 4
  -1   -2      3.998      5.519     -7.070 4
 172  194      7.372     -3.207     -8.683 4
  -1   -2     -6.723    -12.081     -1.426 4
 206  117      6.199     -6.270     -9.518 4
  -1   -2      0.226    -11.471      2.281 4
  -1   -2      5.307     10.719     -7.230 4
 209  216    -13.106     -3.520     -3.950 4
 211  217    -10.923      1.401      5.844 4
  -1   -2      2.357     12.334     -3.359 4
  -1   -2     10.554     10.402      9.516 4
  -1   -2     12.875     -1.014     -2.805 4
  -1   -2     13.295     -5.313     -1.973 4
 216  236    -11.612      2.447     -3.737 4
  19  132     -0.394      1.131      4.257 4
 220   27     -7.238      0.717      3.990 4
 163   -2     -2.745    -12.475     -7.799 4
 215  178      5.697     -6.776     -5.343 4
 222  237      0.772      0.215     -1.566 4
 229  177     -4.613      5.906     -0.281 4
 227  239      4.309      3.150      7.120 4
 178  233     -8.612     -1.466     -1.172 4
 119  228     -5.068      3.143      3.774 4
 191  223      3.139    -10.744      8.712 4
 208   -2    -12.350     11.900     -7.873 4
 214  235    -12.419    -10.625     -0.240 4
 228  240    -12.887    -11.307     -0.736 4
 226   -2     10.852     -2.260     -5.890 4
 194  153      1.042      5.799      9.039 4
 231  241     10.128      4.889      9.322 4
