217
   4   18     -5.643     -6.380      4.411 4
   9    7     -7.035     -4.199      2.897 4
 160   78     -4.991     -6.743     -6.164 4
  19   41      3.256     -2.825     -1.562 4
  14    3      3.833    -10.343     -6.615 4
   0    5     -9.267     -2.124     -2.512 4
   1   10      2.588     -7.965     -7.892 4
   2   17     -0.982     -3.593      3.533 4
  30   22      4.188     -3.608      8.894 4
  24   52      3.919      1.677     -8.046 4
  23   28    -10.095     -0.187     -7.715 4
  98   11      7.622     -5.695     -8.393 4
  56   32      6.778     -0.358     -5.327 4
  25   30      6.035     -2.134     -8.820 4
  13    8    -11.409     -1.301      0.544 4
  40   46      2.255      0.572      5.552 4
  21    0      6.540      0.420      2.712 4
  41   15      3.789      4.055      1.118 4
  45   27     -6.118      6.829     -1.425 4
  83   57     -6.814    -10.479      5.028 4
  44   34     -6.235      4.488      8.789 4
   3   33    -11.306      6.558     -7.335 4
  51   79     -6.552     -6.955     -0.515 4
  29   16     -9.820     -1.269     -1.121 4
  43  108      6.024     -6.873     -0.775 4
  26   40     -0.335     -0.049      9.368 4
  17   23     -3.033      4.526      4.229 4
  28   19    -11.449     -4.218     -1.987 4
  67   36     -3.597    -10.432     -1.972 4
   7   29      2.843     -2.164      1.942 4
  27   25      2.768     -5.076      0.360 4
 123  122      1.346      4.857     -4.304 4
  59   85     -5.668     -8.673      7.226 4
  20    4      3.423     -0.370      9.992 4
  36   63      7.827      7.620     -4.036 4
  35   -2     -1.433      1.028     -9.847 4
  11   43     -9.297    -11.339     -8.663 4
  22   20     -4.368      3.038      9.836 4
 181   68     -3.163      7.948      6.221 4
  12   31      2.428     -0.900      3.966 4
 116   98     -1.994     -5.007     -7.402 4
  62   71      0.967      5.137      7.167 4
 118   77     -6.728     -8.043      5.231 4
  50   53      1.925     -2.668      6.541 4
  77   66     -2.013     -9.558     -1.973 4
  18   47     -3.410      2.151      1.929 4
   6   26     -9.531     -4.653     -9.851 4
  46   48     -4.651      9.536      4.001 4
  10   58     11.164     -7.208     -0.232 4
  38   -2      7.244      6.815      9.931 4
  96   14      8.977    -10.600     -4.427 4
  81  144    -10.922     -0.883     -5.552 4
  16   65      1.608     -9.075      0.051 4
   5   50    -10.354      3.889     -7.587 4
 178  128      8.278    -10.573      3.038 4
 161   12      8.514     -5.138      2.591 4
  82   61      9.780      4.684     -0.843 4
  61  180     -0.044      6.964      0.254 4
  52   70      3.726      3.248      9.667 4
  95   55     -9.713     -3.765     -8.819 4
  39   51      9.463     -8.093     -1.529 4
  87   95      2.490     -8.473     -7.690 4
  74  107     -1.265      5.906     -1.711 4
  -1   42     -8.761      2.194      7.603 4
  66   74      8.984      5.797     -4.366 4
  70   44     -9.063     -5.832     -9.705 4
  72   38     -5.299     -0.891      1.275 4
  99   59     -6.994     10.702      0.149 4
 122  105      7.042     -7.236      7.061 4
  -1   -2      9.116     10.502     -9.367 4
  76   62     -6.504      5.830      6.067 4
 154   35     -7.418      7.871      4.667 4
  -1  118      0.789      8.573     -2.631 4
  94   81     -1.282     -1.716      5.518 4
   8    2      3.439     -5.532      7.661 4
  71   49      0.731      1.374     -6.950 4
 164  117     -6.658     -7.860     -0.733 4
  69   69     -2.632     11.083      3.522 4
  48  120     -3.040      5.556     -7.585 4
 167   92     -6.882    -11.361     -8.742 4
 155   39      9.625      9.378      6.465 4
  68   67     -0.066      0.990      4.796 4
  31  212    -11.250      1.191      3.736 4
  37  204     -3.822      2.445      9.549 4
 113   75      8.800     10.455      6.093 4
 146  136     -3.358    -11.105      9.053 4
  49   87     10.604     -8.978      4.439 4
  55  124     -8.101      1.159     -6.058 4
 190   84      2.179      5.500     -9.064 4
  -1   90    -10.229      2.383     -3.510 4
  80   80      8.904      9.265     -0.990 4
 110  110     -8.444     -4.090      1.886 4
 141  112     -7.039      8.299     -6.717 4
  84   93     -4.328      7.783      0.470 4
  54  171     10.001      5.929      2.497 4
  33  194      9.327     -1.664     -2.761 4
  92   37     -0.168     -9.632     -1.025 4
 137  169      1.891     -3.072      4.473 4
 127   97      5.388      7.636     -4.704 4
  89  158     -4.548      1.077      3.296 4
  85  133    -11.670     -9.421     -0.130 4
  60   73     11.653      7.634      1.984 4
  42  111     -9.496     -9.771     -9.764 4
  57   83      6.398     -2.080      2.688 4
 117  113      8.399      9.323     -4.331 4
  88  101      5.005      6.272     -0.352 4
  -1  165     -5.151     -6.572      4.676 4
 115   94     -7.813     11.075     -2.397 4
  97  109     -8.060     -7.742     -8.444 4
  -1   -2      9.389     11.426     -0.739 4
  64   64     -4.878      0.089     -3.779 4
 120   96     -0.815      9.664      6.234 4
 102   72     -4.466     -3.766      0.543 4
 101  125    -10.147     -2.350     -3.104 4
 124    9    -11.408      3.722     -8.756 4
 125   45     -4.716    -11.628     -0.993 4
 106   91      2.604     -5.492      1.684 4
 184   -2      9.059     -5.162     -9.852 4
 150   60      7.130     10.410     -2.096 4
 128  134     -1.875      1.571     -6.607 4
 129  104      1.018     -7.910      0.438 4
 170  119      0.683     -4.577     -0.485 4
 112  116      6.611     -4.167     -5.387 4
 193  160      3.105     10.690      5.028 4
  75  129      2.379    -11.611      1.199 4
 208  159      7.508      4.473      4.821 4
 100  106      1.423      7.408      1.326 4
  34   89      7.588      6.061      1.785 4
 119  130     -7.176      2.790     -5.195 4
 147  126     -7.103      9.094      8.616 4
  -1   -2      9.790      9.682     -5.632 4
 133  153      0.048     10.429      1.431 4
 143  148     -4.170      9.711     -8.902 4
  -1   86     11.806     -4.854     -0.431 4
 109  131     -6.244     -9.394     -4.517 4
  -1   99      3.874     11.951     -3.662 4
 145   13      4.260     -4.824      8.519 4
 134  147     -1.574     -2.608     -4.651 4
 157  184     -8.339      0.660     -4.819 4
 173    6     -1.921     -0.890      6.898 4
 104  142      3.290    -11.688     -5.277 4
 105  179      5.538     -7.908     -5.278 4
  58  100      4.036     -8.259     -0.497 4
 108  146      1.645     10.931      4.614 4
  53  170      6.264     -0.561     -2.195 4
 177  181     -0.630     -1.536      6.155 4
 114  214     -8.314      4.593      2.333 4
 111   24     -0.200     -4.323     -3.667 4
 172   -2      5.980     -4.954     -9.964 4
 130   56     -4.872      5.778      4.182 4
 156  141     -4.771     -9.512      8.784 4
 144  167     -2.751     -9.391      0.879 4
 162  139      1.610      8.610     -6.349 4
 163  163     -1.656     -7.257      1.428 4
 103  102     -5.887     -4.512     -8.629 4
  86   -2     -4.660      6.579     -9.122 4
 140  137    -11.270    -10.773      3.441 4
 142  138     -3.466     -2.192     -1.363 4
 151  150    -11.406      9.204     -3.552 4
 159  149    -12.338     -6.252     -3.597 4
  32  168      6.484    -11.503     -0.107 4
  65  140      6.208      9.274      8.899 4
 191  185    -11.149    -10.216     -8.813 4
 165  172     -7.969     -8.864      7.058 4
 152  173      4.020      8.660      5.805 4
 107  186     -1.794     -2.241     -4.744 4
  -1   -2     10.648      3.833     -0.788 4
 158  135    -10.792      8.533     -2.543 4
 136   21     -1.849      6.420     -0.528 4
  73  162      1.189    -10.633      6.963 4
  90  103     -8.572      3.192     -4.769 4
 183  156     -8.288     -9.575     -5.189 4
 185  175      2.022     -9.316      4.911 4
 149  166     -3.726     -3.966     -8.472 4
 179  187    -12.379     -8.676     -5.896 4
 186  195     -7.887     -6.988     -9.303 4
  -1  191      8.498     11.667      4.040 4
 192  157     -5.930      7.000     -7.970 4
  63  154     -0.172      8.016      7.602 4
 138  188     -9.778      4.411     -0.992 4
  47  132      7.131     -6.315     -0.669 4
  91   -2      7.130      5.342     -4.891 4
 188  193      5.110     10.634      4.522 4
 211  115     -0.589     -1.164      3.632 4
 209  205     -3.148     -4.924     -8.789 4
 175  177      7.275     -1.981     -2.299 4
 195  183     10.359      7.033     -8.616 4
 139  178      2.983      6.841     -9.500 4
  -1  190      7.119     -4.065      9.045 4
  -1   -2      2.702      8.401     -5.783 4
  -1   -2     12.046     -4.199     -2.807 4
  -1  176      7.042     12.112     -4.967 4
  -1  123      2.489     11.866      6.509 4
  -1   -2     10.505      8.035      2.826 4
  -1   -2      6.860      1.269     -2.225 4
 197   -2     -5.164      5.930     -9.900 4
 202  206     10.244      0.683      8.449 4
 201  220    -13.154      7.499     -1.083 4
  -1  203    -13.092      1.516     -3.535 4
 180  219     -7.727    -12.439     -9.808 4
  -1   -2     11.832     -1.230      3.402 4
 131  215     10.311     -6.731     -7.550 4
 199  207     10.720      2.627      7.162 4
 204   -2    -10.940      2.940      1.542 4
 205   -2    -11.282      5.943     -1.807 4
  -1   -2     13.033      8.949     -3.401 4
 166  216     -5.494     -4.345      9.673 4
  79  161      3.970      5.429      2.320 4
  78  213      6.454    -12.004     -5.992 4
 148  151     -0.203      8.309     -6.223 4
 132  155      3.140      6.638     -6.771 4
 126  164      6.253     -0.540     -9.107 4
 153   -2     -1.851      6.621      2.023 4
 171  217    -10.531      4.366     -2.209 4
 174  218      2.947     -7.970      2.281 4
 212  221     13.019     -9.438     -3.724 4
 213   -2     -9.699      5.169      8.038 4
