191
   4    6      3.493     -0.034      2.820 4
 153    8      5.515     -4.028     -3.619 4
   1    1     -5.612     -1.927      3.135 4
  71   66      9.628      1.919     -7.745 4
  87  127     -4.910     -8.134      8.213 4
  61   68     -5.858     -5.057     -6.485 4
   9   29     -7.698     -7.874      6.007 4
  23   18     -4.574     -4.048      4.114 4
  83   92     -6.256      0.665     -8.981 4
   0   14     -1.981      2.538     -5.420 4
  17   28      5.947     -6.907     -9.213 4
  31   87     -2.633     -9.161     -1.595 4
  54    2      1.732    -11.099     -6.269 4
  62  154      8.931     -5.864     -8.304 4
  22  149      7.672     -5.478     -8.381 4
 170   69      7.881     -4.610      2.627 4
  19   38      3.021      2.919      8.902 4
  56   10     -5.149    -11.135      3.601 4
  12   44      6.652    -10.418      7.607 4
  26   49      9.044     -6.140     -0.222 4
  18   55      2.578     -0.529     -6.472 4
  20   31    -11.113      5.257     -6.664 4
  11    7      4.522      0.726     -3.675 4
  24   24      0.499     -6.132     -5.519 4
 145   16     -9.919      2.082     -2.735 4
   8    0      1.726     -8.893     -3.830 4
   5   58     -6.780     -8.999      4.138 4
  44   81     -6.695     -2.161     -8.830 4
  21  162     -7.965      3.130      8.176 4
  29    9    -11.385    -10.192     -1.747 4
  67  106     -4.626      7.558      7.281 4
  14   30     -9.047     -0.872     -0.250 4
 155   61     -4.505      6.085      9.366 4
  72   27      7.719     11.259     -8.177 4
  80   62     -3.305     -3.599     -5.721 4
  60   70      6.531      4.055     -7.606 4
 109  190     11.706     -1.357     -6.936 4
  36   39     -4.928     -3.210      9.410 4
  25   63     -4.144    -10.551     -2.517 4
  59   77     10.208      2.847      3.380 4
  16   15    -10.398     -1.154      0.893 4
  84   12     -8.908     -2.037     -1.587 4
 119  159     -4.622      7.176     -4.899 4
   7   36    -10.878     -4.284     -2.093 4
  30   96     -0.981      9.743      6.197 4
  57   80      2.615      8.452     -6.458 4
  15   25     -8.803      5.828      8.554 4
 177   48      1.687      0.010      1.777 4
 136  192     -3.178     -7.975      0.905 4
  33   54     -2.359    -10.970      1.213 4
  53   45     -3.952      9.650      1.364 4
  50   11     -8.743      5.145     -0.278 4
  69   23      8.743     -9.852     -5.556 4
 144  100      0.350     -6.615     -5.465 4
  43   32      4.164      3.434      1.929 4
  51  113     -5.930      6.792     -8.759 4
  40   33    -10.508      1.450     -7.835 4
 120  118      3.677      5.438     -3.943 4
  68   65     -3.127     -0.906      1.702 4
  64   57      7.661      5.585      0.570 4
  28   20     -0.871     -8.127     -0.104 4
  55  185    -10.596    -10.878      4.703 4
  -1   21     -9.875     -1.189     -9.986 4
  73   -2      3.196     10.432     -1.942 4
 150    5      3.594      3.912      4.471 4
  77   98     -3.724     -9.300      8.705 4
  94  110      1.024      3.956      6.265 4
  13   34      1.617     -5.667      1.296 4
  39   60     -7.182      6.768      3.665 4
  27   43     -5.395      9.684      6.199 4
  99   78      3.952     -9.279      9.102 4
   6   40     -8.152    -11.564     -6.532 4
  -1   22     -2.862     -9.409      7.712 4
 106   73     -2.836      8.978      6.008 4
  66   64      3.364      8.077      7.045 4
  49    3     -2.393      7.639     -3.053 4
 110  146     -6.095     -6.397      4.481 4
 172  116      4.554    -10.741     -2.978 4
 126  104     -7.122     -8.493     -5.227 4
  48  139      4.940      2.546     -4.515 4
   3   53     -3.544      1.914      3.216 4
 112   93    -10.710     -7.298      3.076 4
  -1   56      4.556    -11.425     -9.769 4
  93   74     -2.543      3.805      5.832 4
  38  105      6.012     -0.945     -1.384 4
  97  103     -3.771     10.340     -4.268 4
 169  163      1.053      5.561     -1.908 4
  79   17      0.251     -3.313     -9.808 4
  34  136     -9.871     -2.428     -2.527 4
  96  108      3.460     11.982     -7.741 4
  -1  115     -2.173     11.542      2.994 4
  35   84      6.467     -1.223      2.373 4
 113  126      8.908     -4.101     -2.857 4
  58  150      4.688     -8.496      5.879 4
  32   95      3.345     -0.651      3.947 4
 118   97     -2.780     -1.561     -9.863 4
  -1   -2     -0.109    -12.023     -9.949 4
 101  132      3.320      5.321      6.187 4
 179  172     -9.737      2.765      3.635 4
 171   79      6.816      3.672     -1.852 4
 116   35      7.990      8.473      2.583 4
 117   88    -11.800      7.849     -6.543 4
  -1   -2     10.530     -0.833     -9.942 4
 105   91      6.866     -3.099     -4.567 4
 142   83     -4.147     -2.825     -7.854 4
 115  153      7.214      4.237      4.053 4
  -1  169     -5.006     11.479      8.220 4
  76   46     -6.530      8.446     -3.344 4
  86   67      4.044     -6.056     -1.574 4
  75  155      3.759     -2.803     -4.875 4
  81  128     -1.629      4.004     -2.470 4
  41   19     -0.159     -1.344     -0.828 4
 103  107      2.605     -2.987     -5.938 4
 107  133      1.124     11.504     -4.591 4
 185   85      0.834     -0.456     -5.710 4
 139  131      6.934     -0.870      9.746 4
 122  122    -10.894     -0.598     -5.534 4
  42   26      1.553     -4.086      1.769 4
  82  130     -1.625      5.017      9.971 4
 124  191     -4.909    -12.157     -6.309 4
  95  119      9.885      6.331     -1.463 4
 121  145      3.058     -4.472      5.992 4
 141  176      0.693     -7.460      9.410 4
 100  124     -9.896      8.333     -1.371 4
 175  137     -4.067     -4.090      4.303 4
 164  134      2.316     -5.973      6.452 4
 160  101     -8.812     -8.374     -6.334 4
 131   41      1.678      7.615      7.044 4
  85   76      9.978      4.757     -9.667 4
  90  120      2.916    -11.592     -3.738 4
 114  112      0.605     -8.126      5.026 4
  78  156     -8.448      2.954     -3.285 4
  74   86     -1.624     -0.293     -1.525 4
 152  135      0.961      2.652      8.374 4
 125   47    -11.792     -6.334     -4.567 4
 132  164      2.620      1.685      6.968 4
 148  102    -10.984      8.704     -2.457 4
 128  111     -2.145      4.432     -6.672 4
 151  166      3.904     -2.825      4.230 4
 157    4      7.834      0.149      2.626 4
 154  177     -3.388    -10.088      7.680 4
  65  175     -9.879      4.105     -1.354 4
 140  143      0.330      2.240      7.754 4
 138  125     -1.164     -4.253      2.057 4
  46   37      4.364     -3.820      1.579 4
 158  144     10.736     -7.626      0.643 4
 147  165      4.810      6.047      5.098 4
   2  181      5.092    -12.141     -6.566 4
 173  194      1.426    -11.499     -4.952 4
 159  123      4.850    -10.416     -9.739 4
 184   51     -7.145     -2.363      2.091 4
 149  147     -6.473     -7.865     -1.258 4
  70   75     -1.802      1.973     -7.254 4
 108  140      0.516      0.362      5.625 4
 134  151     -5.522      6.657     -5.986 4
  52  138      3.009      5.994     -7.657 4
  -1  114     -2.741     -7.485     -9.617 4
 129  142    -10.943    -10.612      1.766 4
 161  167     -5.132     -6.801      6.434 4
 156  117      3.832     -7.977      5.544 4
 133  160     -5.795      7.345     -4.287 4
 167   82      5.878    -10.508      7.086 4
  10  182     -9.710      4.319      1.862 4
 168  178      8.216      4.043      0.582 4
 166  173     -2.351      0.988      0.542 4
 163  174     11.722     -9.767     -6.922 4
 102   -2      6.296    -11.853      3.039 4
  -1   -2     -5.940      0.780     -6.805 4
  -1   -2     10.040     -1.933      1.344 4
  92  189      3.355    -11.938     -7.136 2
  45  183    -10.324      6.566      5.357 2
  47  184    -11.958     -7.972     -7.285 2
  91  188     -6.368     -6.548     -0.522 2
  37   90     -8.406      1.444     -4.940 2
 165  193     -8.402      0.575     -3.696 2
  63  186    -10.971     -4.572      4.395 2
 176  195     -7.052      2.843     -3.176 2
  89  152     -1.815      0.010     -1.605 2
 186  170      4.310     -9.192      9.285 2
  88  187     -1.452      5.465      4.362 2
 146   -2      4.477     10.336     -7.275 2
 183   -2      6.734      8.201      4.849 2
  -1   -2      8.340      3.745      0.565 2
 174  141      4.591     -3.789     -9.658 2
 180   -2      8.566    -11.528      5.917 2
 182  148      6.497      0.708     -7.578 2
 104  158      3.830     10.076     -8.892 2
 187   52     -4.359      1.831     -1.398 2
 143   42     -4.816     -2.148     -7.265 2
 188  196    -12.772      1.193     -3.717 2
 189  197    -12.251      2.270     -2.265 2
