234
   1    2    -11.103      0.736     -4.248 4
  78    6     -4.953     -2.695      2.949 4
   3    4     -8.557     -4.465      7.160 4
   7   41    -10.308      4.318     -1.254 4
  94   43      7.597     -7.301      9.644 4
 118   15     -7.013     -2.957      3.425 4
 220  163     10.260     11.278      1.277 4
  37   32      4.559     -6.698      9.513 4
  24    3     -4.545      3.199     -4.852 4
  15   14     -5.862     -3.543      6.045 4
  26  223     11.773     -4.396      0.759 4
  35   31     -3.656     -0.581      2.572 4
  44   24     -3.474     -4.404     -3.127 4
  20  172     -0.822     -0.576      6.165 4
 144   81     -6.876      3.924      1.283 4
  14   11      6.064      2.847     -4.672 4
  22   10     -6.105     -6.049     -2.606 4
  32   30     -8.365      3.480      6.870 4
  19   28      4.630      2.694      1.717 4
 138  147     -4.921     -8.896     -4.026 4
 195  112    -10.305     11.545      3.033 4
  28   46     11.920     -8.703      0.737 4
   4   97     -3.359    -11.385      5.721 4
 154   25    -11.503     -2.157     -6.103 4
  47   12     -6.403      0.472      7.364 4
  30   20      0.650      5.686     -6.394 4
  23    9     -5.524     -1.195      2.683 4
 139   18      2.618      1.575     -6.497 4
  33   95      6.059     -8.159     -9.193 4
   9   21      8.028     -5.080      8.051 4
   2   13      4.934    -11.474      0.298 4
  41   86      0.885      4.112     -7.304 4
  46   60     -7.379      6.243     -6.987 4
  84   58      0.109      4.575      4.385 4
  75   48      5.901      7.660     -5.137 4
   0   27      0.734     -0.646     -1.648 4
  57   34     -5.893      4.596     -7.500 4
   5  149     -6.402      1.384      4.572 4
  64   23     -7.531     -4.041     -0.690 4
  43   19     -1.444     -6.909      3.203 4
  56  148      5.797     -3.237     -1.961 4
 231  121      1.997    -11.040     -8.602 4
  50   17    -10.768     -3.867     -0.180 4
  76   44      5.855      6.147      2.884 4
  49   59      0.289      8.755      7.527 4
  83  193      9.399      7.375     -1.413 4
  39   39      2.302     -2.700      7.078 4
 111   36    -10.787    -11.933     -8.777 4
  82  104     -7.900     -0.766      4.532 4
  60   33     -2.699      7.881      1.982 4
  29   52     -0.240     -6.682      2.475 4
  48  166      4.322      1.148     -8.715 4
  13    0     -7.213     -4.361     -5.317 4
  -1   54     -9.877      0.106      6.700 4
 137    8     -8.321     -2.583      1.379 4
  11    1     -1.645     -5.444      9.977 4
  71   78     -2.744     11.562     -8.378 4
 125  110      1.264     -6.927     -5.877 4
  10   92      3.107     -7.514     -6.635 4
  72   80      7.743     -4.458     -1.808 4
  38  113      1.203     -2.183     -0.277 4
  88   70     -0.007     -1.709     -5.635 4
  74  150     -1.528      9.891     -8.149 4
  45   42      0.193     -5.794     -5.832 4
  34   90     -8.363     -7.545      1.476 4
  95   63     -0.372      7.440     -6.377 4
 183   71     -0.581     -8.287     -0.359 4
 127   75     -3.771     -5.589      0.563 4
  16   68     -0.227     -9.511     -3.784 4
  18   16     -7.103    -11.423      0.987 4
  68   55      4.390     -8.289     -3.745 4
 126   65      0.774     -4.347     -1.412 4
 143  146     -7.050     -5.402      1.817 4
  62  114      0.747     -6.063      1.295 4
   6  154      4.903     -1.775      8.927 4
 226  111      4.137     -6.131      3.538 4
  77   -2      9.002    -11.501     -0.668 4
 112  183     -8.723     -0.419      4.507 4
 129  101      2.367     -5.207      6.151 4
  79   62      1.167      0.500      5.367 4
  36   37      3.735     -2.196     -8.809 4
  31  213      3.331     -4.167      9.048 4
 132   -2     -9.145     -7.219      0.339 4
 106  161      6.032     -6.070     -8.535 4
  54   38     -8.711    -10.783      6.559 4
 116  119     -2.434     -9.707      6.146 4
  -1   -2    -12.254     -7.572     -3.623 4
  42  162     -2.690     -7.176     -2.322 4
 101   76    -10.134     10.463     -1.935 4
 166  108     -2.313     12.152     -8.409 4
  -1  202      2.104      8.725     -5.447 4
  93   82      6.427     10.062      2.396 4
 145  142     -3.101     -2.511      9.636 4
 190    7      6.202     -2.005      7.057 4
 156   96     -3.361     10.666     -0.191 4
  59   56      8.123     -9.921     -2.686 4
  67   79    -11.909     -7.821     -1.228 4
  17   47     -8.739     -3.084      1.035 4
  81   45     -0.021      0.063      3.764 4
  63   72      3.275     11.748     -3.278 4
 227  155      6.829     -1.558     -5.873 4
 159  196    -11.178      1.028      1.596 4
 108  137    -11.370      0.191     -6.266 4
  69   87     -2.367      5.686      7.926 4
  58  109     -8.595     -9.425      3.009 4
  52  134      4.393     -7.380      2.980 4
 140  105      5.463      8.200      8.664 4
 109   94     -3.897      6.734     -2.193 4
  65   50     -2.130     -7.403      4.084 4
  73   57     -2.218    -11.158     -2.446 4
 124   89     -5.703     10.417      4.417 4
 100  117     -9.283     -2.367      5.567 4
  21  138      8.957      2.503     -6.398 4
 206  122      3.347      9.844     -0.203 4
 121   93      3.347      0.713     -6.670 4
  80  107      0.261      7.079      5.571 4
 107  124      3.027      4.562     -1.434 4
 120  120     -7.289      8.376     -7.192 4
  51   69     10.337     -6.684      1.604 4
 173  169     -4.106     -3.325      8.345 4
 117  216      6.491      7.009     -8.837 4
 186  128    -10.098      5.189     -5.602 4
 131   67     -2.906      5.311     -4.858 4
 103  102      1.673      4.695     -2.347 4
 164  158     -4.841     11.661     -9.010 4
 130  143      6.881     10.172      8.963 4
  90  168     -9.809     -3.974      4.165 4
 170  227     -2.863     -7.708     -2.547 4
 146  164     -2.517      5.282      8.248 4
  55   51      3.488     11.501     -5.499 4
 119   66      0.030    -10.222      7.962 4
 136   83     -8.235    -10.880      4.277 4
 110  144    -11.471      5.736     -3.289 4
 175  206      9.120      3.464     -3.498 4
 201    5     -5.286      2.604      7.193 4
 113   77      5.111      1.919      3.672 4
 142  126     -7.593      8.866      1.957 4
  85  185     -3.680     -2.706     -3.689 4
 134  106      7.775      3.365     -2.453 4
 122  226      6.082      5.749      1.087 4
 148   91    -10.810      5.099     -6.482 4
 150  170     -1.114      1.902      8.869 4
 158   84     -8.114     -2.082      0.407 4
  91  225     -0.098      8.945     -0.339 4
 135   26      6.292     -4.027      0.802 4
 192  153     -2.726     -8.034     -5.986 4
  87  139     -4.444    -10.686     -3.244 4
 155  131     -8.514    -10.266      4.870 4
  12  222     -0.671     -0.852     -6.588 4
 188  152      4.536      6.268      8.423 4
 114   74      7.331    -10.104     -3.477 4
  61  151      0.266     11.630      5.308 4
 162  157      9.551      9.375      2.493 4
  -1  136      1.510      8.200      2.047 4
 167  187     -3.885     -0.597      7.382 4
 149  133      5.604      8.993      4.965 4
 147   -2    -10.540     -7.370     -1.538 4
 152  140     -4.993      8.301      3.601 4
 161  135      3.714      7.967     -1.031 4
 141  145     -9.191     10.169     -7.337 4
  25  115     -7.762    -10.301     -5.202 4
 133  159     -4.131      0.370      4.652 4
 163   73      4.737      8.985      9.085 4
 196   -2     -3.847      2.180      3.384 4
 165  184     -0.265     11.306      9.086 4
  -1   -2      9.806     -8.938      4.402 4
 102   99      2.295     -5.158     -3.439 4
 178  132    -10.806     -9.912      4.486 4
  96   49      9.484     -1.511     -2.608 4
 171  116     -4.135     -4.839     -0.162 4
 236  231     -4.586      1.368      9.477 4
 160   98    -11.640    -10.004     -6.764 4
  -1   -2    -12.166      4.285     -7.050 4
  -1  186     -6.722      4.039     -7.501 4
 176  160     -1.550      2.767      9.084 4
 123  100      2.934     -2.769      1.664 4
 168  123      3.478     -0.025      6.383 4
 202  194    -11.039     -2.532     -9.862 4
 151   35     -6.450      2.915      9.785 4
 115   85    -11.254     10.399     -3.570 4
  97  191     -3.125      9.154     -4.855 4
 194   22    -11.653     -5.054     -2.755 4
  99  165    -11.040      2.722     -0.439 4
 179  174      5.521     10.461     -5.294 4
  -1   -2    -10.390     -1.305      1.912 4
  -1   -2     11.861     -5.756     -5.783 4
 169  175      8.441      5.568     -3.823 4
  53  171     -5.970      2.373     -5.978 4
  66   -2     -1.950      3.793     -2.631 4
 233  118     -6.317     -8.980     -6.329 4
 105  127      0.516      4.060      7.357 4
  -1  176      8.834     11.034      3.701 4
 182  173      4.328      6.852     -1.032 4
 189  199     -7.782     -9.769     -1.371 4
 153   88     -6.132      3.756      3.666 4
 198  130     -0.376    -11.208     -3.353 4
  -1   -2     10.633      5.880     -7.001 4
 203  141      4.255     11.700     -8.276 4
 177  177     -8.629     -3.098     -3.697 4
 174  167    -12.301     10.825     -5.284 4
  -1  178      6.653      1.913      5.116 4
  27   40      5.288     -5.148      9.296 4
 191  179    -10.108      4.193     -8.519 4
  89  203     -1.870    -11.534     -9.362 4
 185   -2     -5.914      3.728     -9.267 4
  40   53     -0.442     -7.181      8.978 4
  98  125     -0.621     -5.265     -5.156 4
 212  228      3.766     11.924     -8.994 4
 187  204     11.126     -7.938      1.243 4
  -1   -2     10.868      1.667      4.800 4
 197  205      6.894      2.765     -9.169 4
 205  198    -12.065      8.521     -3.020 4
 207  195    -10.387     -5.110     -0.747 4
  -1  201     -4.674      8.542      4.070 4
  -1   -2    -11.721      4.295     -4.500 4
  -1   -2      2.840      4.027     -5.342 4
 213  207    -11.091     -2.329      3.978 4
 232  189      3.761      2.358     -1.986 4
  -1   -2     -6.938     -7.738      1.158 4
 235  209     -5.542      0.669     -4.526 4
 218  212    -12.856     -6.863     -4.702 4
 221  219     -7.271     -8.992     -9.552 4
   8   -2      9.333    -12.071     -0.664 4
  -1   -2     12.364     -6.646     -3.491 4
 230  230     -8.203     -5.376     -6.593 2
 228  215     -5.493      0.205      1.172 2
  70  224      6.751      2.818     -1.565 2
 172   -2     -1.868      3.865      0.020 2
 219  200      0.517      9.578      6.201 2
 229  214     10.197      6.088      8.660 2
 223  229     -4.430     10.443      1.571 2
 237  232    -13.004     11.691     -1.553 2
 222   -2    -11.004     11.224      2.320 2
 217   -2     13.568      3.148     -3.020 2
