241
  79  173      2.816     -7.491     -9.896 4
  86  162      8.914     -0.373      5.986 4
  57   45     10.137      0.140     -2.488 4
  35    3      1.581     -0.331      0.766 4
  27   60      3.570     -4.676     -3.387 4
  30   10      2.815      4.865      1.071 4
  78   29     -1.270     -3.923      3.938 4
  21   69     -0.340     -7.552      2.346 4
  69   97      6.557      1.580      9.706 4
  46   86     -9.877     -2.559     -0.650 4
 134    8      8.708     -4.016      2.345 4
  16   50     -5.261     -8.602      5.038 4
  15   24    -11.094      2.044     -3.580 4
  81  165     -6.766     -6.144     -2.086 4
  29   46    -10.027     -9.147     -0.859 4
  20   28      7.392     -4.777     -2.854 4
  94   34     -1.167      7.432     -6.740 4
  -1   52     -1.329     -3.015      9.499 4
  80  182      8.847      3.464      6.483 4
  77   75     -1.579      6.686      8.971 4
  76   96     -5.972      7.311     -8.547 4
 225   42     -4.776     -3.077     -3.554 4
  56   14      5.792      3.757      6.653 4
  22   30     -3.329      0.207     -6.475 4
  42   33     -3.282     -4.816     -4.865 4
  11   15     -8.944      3.345      3.512 4
 109  158      2.296      0.991     -1.064 4
  53  101      3.201     -6.782      4.693 4
  60   43      2.935      6.017      0.246 4
  54   71     -4.907    -11.307     -8.359 4
   3    6     -7.422     -8.969     -9.005 4
  12    4     -3.305      6.624      3.882 4
  68  103    -10.998     10.335     -1.811 4
   9   25      2.408     -5.388      4.948 4
 235  244     -2.877    -11.834     -1.901 4
  -1   32      2.192      3.254     -2.622 4
 125   48      7.298      9.330     -4.685 4
 224   37     -5.486    -10.560      9.885 4
 135   64     -3.509     -0.357     -0.177 4
   8   62    -10.721     -1.088     -5.370 4
  41    7     -0.547     -5.852      4.850 4
  72  151     10.674     -0.418      1.027 4
  38   85      7.482     -0.924     -0.998 4
 127  203      0.744      9.323     -9.208 4
  31   83      1.747     -8.701     -4.370 4
  52   12     -6.017     -8.895     -3.575 4
  45   23     -1.206    -11.275      9.749 4
  98   40      7.060      6.278     -5.798 4
 119  126      3.523     11.000     -3.955 4
 164  233      5.836    -10.796     -2.539 4
  99   36    -10.939     -5.700     -4.272 4
 128   47      6.480    -10.051     -7.983 4
  51  100      4.388      1.844      2.486 4
  44   89      0.941      1.145     -7.437 4
  49   78      3.207      7.238      1.877 4
  88   80     -9.109     -4.357     -4.016 4
  -1   -2      7.767      2.898      5.076 4
  18   20      9.114     -2.027     -7.379 4
  17   39      0.654     -4.022      5.090 4
 182  150      3.214      2.228     -2.454 4
 147   41     -2.918    -10.078      4.417 4
  33   17     -5.304     10.255     -7.690 4
  39   44     -8.898     -6.776     -2.546 4
 126  133      1.256     10.186     -5.268 4
  10  114      0.111     -8.787     -9.638 4
 151    0      1.175      0.263      0.126 4
  23   18     -3.806     -6.010     -6.959 4
   7   53     -1.708    -11.527     -7.147 4
  59   67      1.538      6.133      5.206 4
  -1  119      7.555     -8.343     -2.255 4
  64   92      2.407      8.026      5.895 4
 113   35      7.025     -8.785     -1.504 4
  14    9      3.583     -6.658     -0.155 4
   2   49     -7.252     -1.232      0.165 4
 150  139      5.738      5.877      9.724 4
  63  116     -0.767     10.390     -4.403 4
 231  241     -9.627     -6.630      2.491 4
  82   55      3.827      5.348      5.360 4
  55   57     -5.901     -0.456     -1.376 4
 161   74     -5.862      4.803     -2.193 4
 144   31     -1.686      6.190      6.261 4
 121  108      3.879     -0.919     -7.570 4
 140   58     11.628      5.033     -3.081 4
 204   95      2.114      3.569      6.786 4
  90  125     -2.312      1.854     -1.627 4
  84   91      9.277      9.445     -2.491 4
   4   -2      0.290    -12.275     -7.805 4
 111  163     -3.887     -2.763      4.498 4
 105   59    -11.794      7.102      0.556 4
  65  127      1.691      7.881     -8.115 4
 189  184     -6.478      5.876      7.928 4
   0  169      8.961     -3.465      6.205 4
  71   93      7.456    -10.572     -1.265 4
  95   94     -5.370      7.907     -8.071 4
   6    1      1.952     -8.196     -6.892 4
 173   88     -7.201     -2.548      1.394 4
  66   63     -5.041      8.313      5.106 4
 201  130     -6.447      6.504      1.317 4
  70   13     10.248     -6.932      2.271 4
 195   38     -5.340     -1.703     -0.070 4
 146  106      7.239     -5.923     -2.289 4
  48   68     -9.565     -3.959     -2.062 4
 154  160     -0.216     11.204      1.496 4
  36   76     -5.223     -4.607      3.182 4
  62  117     -0.197      2.194      3.788 4
 197  149      8.053     -6.788     -9.188 4
 110  140     -4.564     -1.712      8.711 4
 133   90     -1.600      0.530     -8.419 4
 124  111     -0.500      9.780     -9.438 4
  43   56     -6.961      3.902      5.997 4
 103  136      7.247     -6.807      5.162 4
  92  147     -9.325     -5.837     -6.300 4
 180  167     -0.430      6.520      2.417 4
 199  193    -10.797    -11.154     -5.876 4
 100  121    -10.637      2.954      2.527 4
  -1   70    -10.065      6.826     -7.636 4
 170   -2      1.795    -11.511      8.100 4
 149   11     11.472      2.715     -7.309 4
 118  229     -5.976     -4.641      4.245 4
 137  137      2.559      1.270     -1.286 4
 172  199     -3.317     -2.996     -8.183 4
 114  164      5.345      5.414     -8.197 4
 117   21     -4.929      5.925     -3.641 4
  93  124      9.418      4.837      5.826 4
 148  115     -3.433      1.791      7.477 4
 219  239      1.140      7.804      5.416 4
 123  134      0.640      8.385     -5.019 4
 116  110     -6.143      3.058      2.470 4
  32  154      3.354     -9.841      2.897 4
  97   19     11.439     10.917     -6.998 4
  24   27     11.207     -1.716     -8.065 4
 129   84      5.115      7.448     -0.668 4
 186  102     -9.388     -7.369     -8.590 4
 179   72      8.836     -2.546     -6.674 4
 171  234     -7.429     -9.776      9.602 4
   1  131      5.532     -7.667      0.981 4
  -1   16      3.129     -5.481      4.328 4
  67  142      3.528      4.285     -1.440 4
  91   98     -3.844      7.589      7.090 4
 101  183     -6.572      2.407     -1.417 4
  83  132     -1.594     -5.833      4.668 4
 177  148     -7.540     -0.006      1.654 4
  28  113      9.893      2.123      1.928 4
 107  181     -2.116      3.031     -5.330 4
 229  190     -4.281      3.187      7.524 4
  74  105      0.598    -11.069      3.842 4
 175  153     -8.608     -2.038     -3.989 4
  -1    2     -0.545      2.988      2.943 4
  50  128     -7.078     -1.906      5.260 4
  73  188      9.980      9.375     -8.931 4
  61  222      0.568      3.924      2.208 4
 143  145      7.206     -4.949     -9.811 4
 130  141      1.755     -4.643     -3.581 4
 153   -2    -12.083      5.696     -6.910 4
 142   54     -7.852      5.425     -7.540 4
  37   66      2.563      3.165      8.952 4
  87  172      8.104      3.535      6.025 4
 205  189      2.912     -0.162      1.432 4
 131  170    -11.929     -4.159      0.952 4
 167  104    -11.023      5.369     -5.211 4
 106  227     -1.378     -4.502     -7.397 4
  -1  144     -4.038      4.083      6.129 4
 157   82      9.181      0.701     -3.832 4
 192  248      5.574     -3.010      1.188 4
 168  186      4.989      5.165     -8.442 4
 158  232      0.534      5.863      3.294 4
 160  166     -1.381      1.349      6.153 4
  58   51      2.566     -7.512     -2.745 4
 162  209      0.396     -4.937      6.189 4
 188  235     -1.756      1.307      2.705 4
 183  179      5.940     10.051      4.106 4
 174   81     11.931     -9.083      1.556 4
  13  122     -3.716      4.222      9.097 4
 102   99      5.710      6.859      5.158 4
 152  174      9.641      6.307     -3.506 4
 213  135      0.073      7.939      9.819 4
 193  237     -2.086      1.128      1.509 4
 176  185      4.965      3.081     -5.203 4
 104  226      3.879      9.468     -2.354 4
 178  195     -9.357    -11.263     -6.543 4
 159  211     10.930      4.114      1.638 4
 200  238      9.192      1.834      2.144 4
 228  123     -3.847      4.220     -7.316 4
 184  157      3.804     -2.502      1.041 4
 145  155      6.569     11.164     -8.614 4
 206  219    -11.146      6.163     -9.069 4
 194  208     -8.315     -7.365     -4.398 4
 208  207     12.035    -11.057     -0.020 4
  34  178      6.638      7.525      2.294 4
  -1   -2     10.440      8.860      4.173 4
 239  159     -2.607     -1.390     -6.409 4
 203  180    -12.025      1.813     -6.744 4
 226  197      9.531      5.711     -8.832 4
 210   -2     10.659     -9.631     -3.057 4
 187  198    -11.705     -7.445      2.300 4
  96  221      4.110    -11.442      2.284 4
  26  210     -9.526     -9.822     -8.382 4
 212  175    -11.013      9.710     -9.566 4
  -1  156      8.838     11.328     -5.188 4
 108  120     -5.461      6.385      2.155 4
 115  228      7.509     -7.445     -9.743 4
 209  206      5.307      5.547      9.499 4
 202  204     -5.043      3.459      1.426 4
  -1  168      1.123     -3.548     -6.524 4
  -1   -2     11.084     -8.493     -4.788 4
 112    5     -6.324      8.747      0.664 4
 233  205      1.499     10.553     -9.153 4
 215  187     -6.697      3.846     -8.994 4
  -1  196     -3.684      5.352     -6.724 4
  -1   -2     -8.132     -6.697      5.084 4
 196  138     10.848     -3.140     -2.065 4
 198  201      1.151     -9.736      1.211 4
  85   77     -4.536    -10.071     -3.961 4
  25   -2      9.553    -11.590      5.199 4
   5   87     -0.759     -3.737     -2.060 4
 214  146      5.134     10.743      6.815 4
 218  217     -8.627      4.992     -7.400 4
 169  109     10.717      5.211     -2.430 4
 155  192     -9.734    -10.723     -0.532 4
 237  194      4.774     -8.877      9.434 4
 221  220    -10.820      1.345      3.059 4
 166   -2     11.994     -8.668     -3.204 4
  -1   -2     10.671      5.989      0.758 4
  -1   -2     11.196     -7.908      3.076 4
  75  191      0.839     -9.386     -0.082 2
  19   26      1.278      4.834      2.814 2
 185  107     -9.174      8.805     -6.014 2
 136  230     11.274      4.006     -6.640 2
 139  231      0.699    -10.292      8.860 2
 132  152      3.911      9.663     -7.011 2
 190  236     -3.232      9.009     -7.821 2
 181  212     -5.551      2.165      6.346 2
 165  143      8.692      5.376     -7.453 2
 230  240      5.628      8.169     -4.812 2
 232  242      0.415      3.524      7.402 2
  47  225     -4.128      3.616      3.630 2
 234  243     -2.976    -10.498     -4.574 2
 236  245      9.371    -10.282      9.381 2
 240  246     -4.418    -10.156     -2.739 2
 241  247    -10.234      5.613     -2.201 2
 141  202     -0.984      3.167      0.692 2
