228
  -1  129     -3.931      4.741     -4.702 4
   1   77     -1.062     -6.051      2.349 4
  21    3      0.249     -3.557      5.153 4
  56   94     -2.667      1.185      1.056 4
 184    2     -0.471    -11.388     -9.313 4
   6   33      6.160     -6.516      8.944 4
  15   25     -7.887      3.162     -4.324 4
   7   28      7.482     -6.034      3.018 4
  55   -2      5.305      5.742     -2.714 4
  -1   -2      8.188     -5.016      5.709 4
  19    8     -4.092     -9.902      2.690 4
  47  141      3.597      0.229      4.110 4
  53  179     -5.962    -11.473      6.184 4
  57   15     -8.432     -0.903      1.362 4
  50   30      4.528      1.606     -4.711 4
  60   72     -8.426     -3.278     -0.284 4
  46   39     -0.971      1.645     -0.019 4
  20    5     -5.652     -7.589     -7.162 4
 111   80      9.541     -0.301     -5.746 4
 221   89    -11.652     -2.388     -5.874 4
  40   20     -6.969     11.430      2.003 4
   0   51     -5.056     11.054     -8.333 4
  73  206     -5.687      8.146     -8.809 4
  29   47      5.784      1.997     -3.693 4
  36   99     -7.884     -0.018      0.491 4
 132  197     -0.852      5.846      7.096 4
 158  157     -2.549     -0.291      1.583 4
  14    1      6.088     -5.978      4.420 4
  11    7     -9.537      6.251     -0.329 4
   8   12      6.045    -10.083     -2.630 4
  41  116     -5.583     11.230      8.280 4
  13   64     -4.071     -3.931     -8.247 4
  17   57    -10.551     -5.351     -1.949 4
  45   42      0.561     -5.331     -8.126 4
 183   52     -4.510     -2.935      2.441 4
  48   23      0.625      5.514      6.689 4
  72   -2     -2.554     -5.598     -7.347 4
  34   79    -10.589      6.522     -8.276 4
 117  159      9.451     -1.103     -7.512 4
 124  124      5.791      7.032     -7.744 4
 154  125      0.837      1.724      1.285 4
 129   86    -10.280     -9.614     -8.312 4
 126  104     -0.847     -2.173     -0.880 4
  70   75     -3.608    -10.940      4.746 4
  16  118     -3.700      2.690      3.830 4
  42   83     -6.429     -4.811     -1.042 4
  -1   95      0.367     11.398      7.724 4
   4   26     -2.230     -6.210      9.291 4
  76   87      4.522     -7.984      1.132 4
  32   45      6.903     -5.618     -4.579 4
  27   17     -0.880      0.175      8.072 4
  18   36    -10.963     -3.980     -0.847 4
  37   48     -2.703    -11.385     -8.048 4
  85   29     -1.743     -0.655     -9.382 4
  24  122      9.426     -1.194      2.628 4
 114   56    -11.476    -11.286     -1.463 4
 143   11      1.959     11.490     -7.839 4
  93  108      7.592     -7.540     -4.553 4
  49  109    -12.054     -7.257     -3.736 4
  -1   -2     11.352     -1.372      1.804 4
  65   50     -9.179      0.262      1.993 4
  28   62     -6.991     -8.261      2.670 4
  98   13      3.015    -10.474     -3.368 4
  39   65      3.755      7.029      0.302 4
  90   93     -9.197     -2.016      1.122 4
  64   73      8.889    -10.155     -2.411 4
  86   59     -1.930      7.317     -8.137 4
  80   67     -6.835     -2.556     -2.213 4
 128   -2     -2.799    -11.654      4.927 4
 169  181     -7.661      2.402     -9.935 4
  83   74     -1.606      6.602     -4.068 4
  22   14      0.266    -10.516     -6.462 4
  10    0     -5.176     -6.600     -5.395 4
 130  183      9.807     -8.276      1.707 4
 149   71      2.993    -10.851     -1.845 4
  61    4      7.951     -0.990     -2.161 4
  51   88     -9.325      3.106      1.459 4
   3   38      4.063     -0.720      8.228 4
 206  173     -4.197     -2.904      6.500 4
  71   -2    -12.187      5.116     -3.027 4
  38  100      4.660     -2.232      1.800 4
  35   19     -8.866      5.495      4.848 4
  31   55      0.173      7.143     -0.706 4
  25  139     -4.358      5.520      7.631 4
  92   54      3.860     -5.507      4.477 4
 112   53     10.512      9.418     -7.314 4
  44   34      7.944     -3.549     -2.489 4
  43  164     -2.396      3.840      1.917 4
 156  101      3.617     -6.673      4.819 4
 182   78      9.331      9.704      4.822 4
  63   46     -4.574      3.509     -8.777 4
 102   40     -8.797      4.860     -8.623 4
  33   90      6.641    -11.613     -4.589 4
  23    6    -10.710     -8.784      2.967 4
 122   96     -1.669      1.020      4.179 4
 140   66      7.117      3.347     -3.387 4
 142   35     -8.830     10.428     -2.183 4
 141   -2      5.423    -11.500      0.707 4
  74   61     -5.743     -3.806      9.030 4
  30   97     -4.762      1.700      2.841 4
 162  218      6.204     -7.151     -5.191 4
  77   49     -1.422     -6.657     -1.538 4
 199  112     -8.167      2.096      3.845 4
  -1   31      2.703      4.424     -6.485 4
 193   10      2.310      3.703      9.221 4
  79   27     -8.870     -9.012      5.579 4
  96   82     -9.382      9.172     -6.847 4
  54   41      2.597     -8.910     -5.153 4
 118   58      0.544     -8.117     -5.008 4
 157   69     -5.835      2.367      5.353 4
 123  132     -8.524     -4.079      5.340 4
  59  204     -2.798      5.551      4.658 4
 134  105     -1.456      8.771     -5.693 4
  -1   -2      0.236      5.342      1.807 4
 166  166      4.601    -10.835      3.712 4
  75  207     -4.354     -4.075      3.311 4
  52  120    -10.428     -5.786     -4.040 4
 148  143      0.908     -2.910     -3.176 4
  -1  130      6.240     10.872      6.793 4
 173  161      2.985      1.435      5.119 4
 110   70     -6.523      7.253     -9.303 4
  84   98     -8.508     -5.128      1.013 4
 167   32    -10.217     -8.423     -2.535 4
 186  165     -3.184     -0.157      6.525 4
  87  106      2.692      6.256      6.947 4
 103  140     -7.326     -7.393      4.138 4
  12   43     -0.162     -0.931     -2.969 4
 146  117     -8.380     -8.241     -2.758 4
 100   37     -9.361     -3.596     -4.186 4
  66  113      9.794     -4.721      0.530 4
  -1  169     11.956      1.654     -3.776 4
 198   84     10.479      4.848     -6.353 4
  99  107     -4.453      9.524      2.837 4
  94   85     -0.056      1.646      4.308 4
 214   81     -6.900      5.160      6.563 4
 120  168     -9.638     -8.001      2.650 4
  62  162     -4.014      5.283      3.977 4
 144  137     -7.616      6.134      8.890 4
 194   21      9.098      1.322     -1.218 4
 215  114      1.361      4.446     -5.601 4
  82   91      8.225      5.925      0.687 4
  -1   44     10.956     10.644     -9.441 4
  97  210    -10.682     -7.355     -6.079 4
 178  102     -9.922      3.947      0.355 4
 161  217     -5.890     -6.692      4.050 4
 180  131      7.584      9.299     -3.995 4
  -1  149      5.313      6.467      6.582 4
 121  214     -9.338      2.435      7.277 4
 197  151      2.751     -5.625      4.356 4
   2   92      3.834      2.617      3.403 4
  78   -2      0.064    -11.916     -0.995 4
 133  186     -7.926     -0.027      7.661 4
 205  156    -11.825     -8.866     -6.291 4
 165  177     -7.869     -0.451      3.769 4
 174   -2      2.592     -5.216      3.249 4
 185  142     11.529    -10.885     -3.858 4
 196  184     -7.898      5.385      8.784 4
 213  174     -2.259      4.262     -1.410 4
 145  187     -3.095      9.617     -8.412 4
 179  163      3.778     -7.839      1.434 4
 151  216      2.115    -11.790     -2.587 4
 168  150     10.858     -8.650      0.870 4
  89  189     -2.409     -1.530      5.598 4
  68  126     -2.555     -2.441     -7.354 4
 216  190      5.814      8.830      4.209 4
 209  123      0.863      0.308     -8.870 4
 171  154      0.426     10.148     -4.810 4
 192  185     -1.463     -9.094     -0.191 4
  91  208     -4.766     -4.614      1.663 4
 190  121     -3.349     -1.288     -3.196 4
 131   16     -3.878     -0.013      2.579 4
 139   22     -8.173    -11.530     -9.088 4
 195  220     -2.996      7.130      9.730 4
 163  170     -0.020     -5.055     -2.283 4
  69   24      3.900      2.983     -8.161 4
 127   -2     -4.966      8.099     -0.575 4
 160  152     -2.534      2.095     -6.883 4
 188  115     -5.262      3.497      9.193 4
 137  215     11.025     -8.258     -0.303 4
 189    9     -9.473      4.322     -8.248 4
 107  128     -1.544     -8.101     -1.267 4
 172  153      6.796      5.423     -6.145 4
 170   -2     -5.705     -4.523     -4.291 4
 219  148     -1.824      6.797     -5.903 4
 200  221     10.002      9.967      5.648 4
 187  194    -12.045      4.914     -5.861 4
 150  176     -6.705      4.890     -5.846 4
 231  180    -11.201      9.452     -9.651 4
 177  191     -4.121     -2.186      0.074 4
 113  111     -6.277      1.446      8.582 4
 159  198     -0.198      7.470      3.705 4
 135   68      6.260      1.351      7.960 4
 201  199     -8.400     -7.943     -2.260 4
 116  213      6.254    -12.276     -8.986 4
 222   -2     -9.341      1.902     -5.497 4
  -1  201     12.185     -9.232     -3.420 4
  -1   -2      7.410     -0.021      3.916 4
 164  219      3.571      4.054      5.933 4
  -1   -2     -5.359      4.692     -9.928 4
  58   -2     -0.230     -5.471     -2.151 2
 104  158     -3.483     -0.928     -7.479 2
   9  195     -3.591      8.404     -4.290 2
 136  172     11.068      1.483      3.410 2
 115  212      5.464    -12.395     -9.243 2
 101  211      5.628     -5.200     -3.598 2
 175  200     -2.091    -10.812      4.684 2
 203  171      4.990     -2.326     -4.692 2
 176   -2     -4.506     -4.406     -1.729 2
 153  178      8.405     -2.226      3.430 2
 218  119     -5.408     -0.228      8.311 2
  67  205    -12.113      0.900     -4.122 2
  95  209      6.445     -8.835      8.888 2
 106  133     -8.776     -2.305      3.494 2
 212  202     -8.217      0.482     -3.190 2
 211  222      7.322    -11.076      9.840 2
 208   60     -2.640     -8.017     -3.762 2
 191  193     -9.826     -8.824     -4.712 2
 181   -2      4.318      5.574     -8.115 2
 138  167      3.091      2.575      1.105 2
 147   -2     11.087    -12.144      0.356 2
 223  224    -11.424      2.049      3.766 2
 220  223     -7.043      0.961      7.050 2
 155  155      3.337      0.055     -6.376 2
 230  110     -4.404     -4.638      0.028 2
 225  225      2.183    -11.328      7.232 2
 228  227    -12.497     10.643     -2.596 2
 227  226     -5.783      2.423      2.307 2
 229  228     -9.943    -12.464     -8.772 2
