245
  33   75     -5.673     -5.393      4.333 4
  23   26      2.061     -5.141      9.039 4
  16   85      0.453     -5.590     -1.255 4
  66   18     -0.547     -7.184      9.882 4
  15  119      8.848     -1.407     -9.420 4
   2    7     -0.012     -7.335     -3.755 4
   9   31     -5.381     -4.441     -3.508 4
 125  107    -10.849     -5.464     -1.110 4
   1   40     -2.713     -9.428     -2.415 4
  -1   -2     10.313    -11.256     -9.965 4
  80  124      4.008    -10.908     -5.580 4
  56  211      9.769    -11.734     -3.515 4
   4   19     -4.455      6.755      3.981 4
  10   17      0.233     -2.266      1.892 4
  36   63     -3.131     -6.029      6.485 4
  11   12     -3.144     -7.299     -1.477 4
  31   80      2.353     -3.560      8.371 4
  87  136      0.217      8.784     -6.463 4
  17   25      3.580      3.926      7.085 4
 130   29      9.016     -0.575     -4.563 4
   3   14     -9.832     -0.156     -3.293 4
  13   50     -0.618     -6.884     -9.712 4
  40   13    -10.701     -2.771     -5.092 4
 121   67      7.250      0.966      9.565 4
  27   43     -7.523     -4.968     -4.751 4
  24   79     -2.030     -8.344     -7.823 4
  68   68     -8.284     -1.410      7.981 4
  91  157      1.121      0.247     -0.542 4
  38    0     -9.131     -4.735      0.994 4
 205    3     -0.937      1.530     -3.109 4
  32   57      5.253      3.324     -4.357 4
  26  147      6.507      5.656     -3.535 4
   7   39     -0.494      5.864      0.599 4
   0    6     -2.744     -5.239      4.004 4
 109   56      3.110     10.091      3.561 4
   5   21     -0.588      3.236      3.000 4
  70    1     -1.079     -3.909      4.172 4
 103    9     -7.353     -4.053      6.620 4
  30   77     10.992     -9.825     -1.495 4
  96   16     -0.622     11.663     -7.612 4
  58   30     -2.840     -0.269      7.858 4
  25   88     -9.607      3.886     -5.098 4
  12   76     -5.827     -5.844      7.928 4
  95  120      8.501      5.709      6.831 4
  77  213      4.683     -5.188     -3.321 4
  51  188      6.288     -4.676      1.001 4
  35   22      4.610     -1.640     -4.129 4
   6  208      1.848    -10.660      0.252 4
 104  105     -1.003     -7.834      1.840 4
  64   82      5.753     -0.552     -0.062 4
  53   92      0.636     -1.180      1.962 4
 146   87     -1.993     -2.987      5.848 4
  37    4      1.966      7.215     -5.940 4
 128   74    -12.221      3.363     -4.910 4
  90  109     -5.051      5.639     -7.791 4
  43   73      5.085     -5.387      6.731 4
  92   36      7.270      6.172     -1.649 4
 129   78     -2.232     -1.318      4.552 4
  89  215      9.127     -1.010      1.080 4
  61  112     -4.889     -5.852      0.091 4
 107    5      3.757      5.023     -4.294 4
 106   81     -8.747      8.711     -0.799 4
 206   46      7.239     -9.299     -5.265 4
  78   91     -0.953     -0.460      9.723 4
  57  212      0.343     -9.139     -8.759 4
 148  102    -10.362      4.863     -2.413 4
 100   34      6.779      3.252      9.375 4
 114   53      3.022      0.373      8.537 4
 175  151      1.067     11.425     -9.427 4
  22   65      1.240     -0.731      6.176 4
  -1   42     -6.085    -10.983     -9.938 4
  67   48      2.774     -9.987      9.452 4
  50   70     -0.063     -8.793     -0.512 4
 198  146      7.720     -1.906      1.089 4
  69  149      3.710    -11.763     -4.140 4
  79   66      7.196     11.072     -4.024 4
   8   69      0.660     -4.946     -0.317 4
 111  161     -5.084     -8.642     -7.937 4
  71   -2     11.940     -9.582     -6.427 4
  39  148     -3.063    -11.487     -1.663 4
  52   84      5.790     -9.743     -6.669 4
 120  220     11.455    -11.344     -0.235 4
 124  193      5.980     -2.523     -3.093 4
  34   27      0.699     -3.871     -1.608 4
  73  195     -5.080    -10.098      3.570 4
  29   62      3.669      1.715      5.515 4
  74   45      8.045      4.286      1.671 4
  46  113     -3.993     -5.633     -9.757 4
 229  121      3.052      2.997      1.455 4
  55   60      4.292     10.161     -6.711 4
 237   47      4.119     -0.490      5.065 4
  44   28      5.663     -4.959      5.754 4
 126   98     11.435      3.626     -6.934 4
  59   58     -3.231      2.913     -5.300 4
  60   72     10.097      8.624     -2.585 4
  86  133     -7.051     -7.980     -7.298 4
  83  196      1.990     -9.730     -2.026 4
 119  167     -2.548     10.474     -8.654 4
 217   -2     -6.022     -3.141      7.675 4
  41  110      6.396     -6.940      2.020 4
 132   89     -3.812     -4.172     -9.076 4
  28   86     -9.135     -3.170      3.246 4
 151  108      1.601      6.494     -6.020 4
  65   24      6.446      0.049      7.154 4
  94  139     -2.576      8.536     -6.854 4
  85  203      7.074     -6.430      6.635 4
  76   35      3.962     -1.923     -9.402 4
 110  218      7.661      2.026      9.801 4
  63   61    -10.883     -8.167      0.752 4
 179   97     -9.021    -11.441      5.233 4
 123  197      5.415      0.739     -8.040 4
  49  128    -10.478      3.164     -5.128 4
 174   54    -10.222      1.299     -0.018 4
  -1   -2     -3.569    -11.912     -1.662 4
 108   49      0.728      3.114     -2.790 4
 164  134     -3.836      4.652      3.575 4
 155  165      1.445      9.793     -9.350 4
  93  101    -11.030    -11.237     -7.320 4
  -1   -2     -2.393      1.088     -1.582 4
 168   93      9.185     -3.639      1.118 4
  47  143      4.237     -0.043      8.063 4
  98  137     -9.312     -7.746      0.243 4
 105   41      1.738     -2.440     -8.667 4
  -1   -2      1.510     12.063     -7.588 4
 207  166     -0.163     -3.496     -8.758 4
 204  186     -1.098     -7.100      1.271 4
 102  217     11.902     -4.100     -2.616 4
 141  114     -2.181      8.653      1.033 4
  21  209     11.625    -10.327     -7.278 4
  42  122      0.583      9.243     -6.643 4
 136   96     10.625      9.463      2.517 4
 158  106      0.706      6.710     -3.078 4
 101  100      3.847     -4.988     -2.720 4
 165    2     11.074     -1.424     -6.408 4
  48   38     -5.694     -4.376      1.438 4
 118   59    -10.060      9.307     -2.164 4
 160  177      0.271      7.575      2.314 4
 194  231      5.062    -10.838      6.956 4
  72   64      0.941    -11.786     -2.097 4
  84  104     -7.290     -9.792      2.149 4
 142  138     -5.164      6.702     -5.045 4
 166  227      8.222      1.182     -3.428 4
 169  140     -3.585     11.628     -9.751 4
  18  117     -6.304      5.300      1.849 4
 150  153      5.254     -6.787     -3.652 4
 113  115     -9.056      8.861      3.371 4
 115  118     -3.513      1.197     -6.882 4
 201  126     -8.978     -8.133      0.293 4
 153  142     -5.384     11.483     -1.062 4
 144   37     -5.589     -7.658      2.604 4
 149   -2     -9.221      2.369     -0.758 4
 161   -2     -9.187      9.435      1.474 4
 186  123     -6.897    -11.486     -0.443 4
 152  164      0.288     -8.379     -0.316 4
 127  145     -7.670      8.331     -5.244 4
 154  132     -2.137     -0.448     -2.905 4
 215   51     -1.242      2.477     -0.367 4
 156  160    -10.352     -0.820     -5.019 4
 138  135     -4.300      2.466     -5.490 4
 122  125      7.437      1.558      1.440 4
 173  176     -2.096      6.048      1.855 4
 203  204      1.702    -11.118     -2.777 4
  54  156      8.019      8.035     -3.874 4
  -1   -2     10.042     -1.534     -4.719 4
 185   83     10.450      7.958      3.775 4
 134  223      4.143    -11.284      4.783 4
 191  199    -11.996     -7.382     -1.705 4
  88   52      1.244    -11.510      2.479 4
 167  141      2.093      7.287      8.366 4
 171  185      7.209      7.897     -7.250 4
  45  210      6.136      1.819     -5.306 4
 145  159     -5.598      8.738     -0.117 4
 172  170     -2.576      9.227     -9.014 4
 137  168    -11.295     -9.749     -4.512 4
 147   10      3.151      6.915      6.035 4
 202  191      3.368     10.472      6.149 4
  14   15     11.070      2.471     -3.355 4
 157  174     -7.331     -2.661      5.641 4
  -1   20     -3.332     -8.580     10.059 4
 116  131     -8.560     -5.922      0.691 4
 163  116      5.010      8.518     -0.226 4
  99  216     11.805      9.875     -7.572 4
 182  179     -6.454      0.511      2.170 4
 176  130      9.153      6.287      4.956 4
  -1  189     11.454      9.564     -6.133 4
 196  173      4.099      7.496      6.280 4
  82  172      7.923     -9.743      6.671 4
 139  155     -5.157     -1.496      5.513 4
  81  214      5.113      0.813     -7.970 4
  -1   -2      0.618      1.915      7.593 4
 190   11    -10.587     -3.749     -8.954 4
 188  175      6.221     11.736     -5.375 4
 200  144      9.744      6.471      6.336 4
 220  163     -6.648     10.392     -2.082 4
 223  235      6.871     -9.620      1.793 4
 170  162     10.650      5.570     -3.342 4
 192  194     -3.441      4.854      3.957 4
 195  232      7.372     -3.470     -9.841 4
 231  103      3.724      4.509      6.399 4
 143  225     -5.764     -8.062     -3.802 4
 225  236      5.667     -7.414      0.370 4
 184  229    -11.162     10.185     -9.262 4
 208  200    -10.735     -7.279      3.733 4
  62   -2    -11.434      9.494     -3.764 4
 230  238      5.280      1.476      3.245 4
 212  233     -2.641     10.253      3.802 4
 211  171      8.004      0.266      0.650 4
 197  180     -3.711     -8.753     -1.770 4
 242  205     -8.663      4.088     -4.326 4
 218   -2     -9.695     -3.290      6.221 4
  -1   -2      0.486     12.111     -7.406 4
 213  234    -10.513     -0.685      2.621 4
 210   -2    -11.053     -9.327      3.029 4
  -1   -2     12.141     -6.297     -6.933 4
  20   -2      7.868    -11.613      9.126 2
 112  219      0.834     -7.503     -9.373 2
 162  226     -7.610    -10.360     -2.390 2
 133  222     -0.089    -10.223     -7.082 2
 214  152     10.670     -4.104     -6.268 2
 140  169     -5.320      4.768     -4.923 2
 159  129     -2.900      8.411      3.871 2
  75   95     -7.644     -8.861      0.935 2
 117   55     -1.660    -12.062     -3.920 2
 224   33      3.190    -10.975      0.664 2
 180  228     -8.222     -5.739      5.135 2
 222   -2     -6.950    -11.978      3.769 2
 234   -2     11.923     -6.137     -8.465 2
 131  221     -6.220     -4.755      2.446 2
 238   -2     -9.208      2.410     -6.828 2
  -1   -2     -0.396     -3.445     -9.001 2
 187  201      2.476      8.164     -5.198 2
 189  230     -3.769      8.504      0.005 2
 199   -2     -3.650      8.352      0.057 2
 233   -2     11.202     -5.327      4.814 2
 227  237     -8.960      4.851     -8.476 2
 135  224     11.928     -6.241      1.407 2
 226   -2     11.538     -7.408      5.831 2
 235  239     -3.926     -1.656      8.317 2
 181  181     -6.590     -4.841      1.938 2
 239  240      0.493     -5.341      8.179 2
 183  183     -5.574      0.695      4.356 2
 232  158      1.107      5.397      7.909 2
 240  241     -3.548     -3.955      3.891 2
 236  184     -6.663     -3.925     -2.384 2
 241  242      8.190      8.221     -6.484 2
