241
   1    7      0.127    -10.592     -6.493 4
  26   36     -7.948      3.145     -4.445 4
   8   10      7.160     -6.756      2.843 4
 110  134     10.647     10.064     -9.298 4
   3   14      5.742     -6.603      4.250 4
  -1   71     -2.787     -8.179     -3.855 4
  16    2      3.685     -1.350      8.227 4
   9   27     -4.118     -3.912     -8.261 4
 108   33     -0.309     -1.060     -2.960 4
  58  218      6.505    -11.933     -4.724 4
  19  179      5.831     -7.042      8.950 4
 163   26     -4.157     -0.192      2.568 4
  90   13      2.003      3.145      9.279 4
 119   98      0.361      5.070      6.715 4
   2   23     -4.298    -10.228      2.622 4
  17   12      2.859    -10.831     -3.489 4
   4  160     -1.734     -0.652     -9.441 4
  47   15     -7.027     11.391      2.146 4
  98  114     -8.400      1.935      3.898 4
  35  152      7.869     -5.942      5.602 4
 230   31     -5.502     -0.226      8.371 4
  85   39      4.105     -8.487      1.052 4
  91   75    -10.085      3.883      0.294 4
  57   38      4.317      1.348     -4.684 4
  23   20      5.594      1.670     -3.768 4
  21    9     -0.112     -3.855      5.022 4
 170   55      3.779      2.972     -8.303 4
  86   19     -8.504     -3.357     -0.317 4
 152   11      8.777      0.556     -1.162 4
  27   73    -11.591    -11.373     -1.472 4
  59   72     -1.845      6.478     -4.018 4
  38   50     -1.135      0.117      8.000 4
  30   16      7.633     -4.123     -2.680 4
  15   80     -6.508     -4.945     -1.125 4
  22   65    -10.803     -8.884      3.020 4
  41   53     -0.025      7.045     -0.772 4
  40   86     -2.891    -11.473     -7.982 4
  53   37     -7.132     -8.454      2.646 4
  42  217     -2.970      1.041      1.103 4
  24   28      2.507      4.355     -6.549 4
  52   32     -9.689      6.177     -0.386 4
 187   48     -5.322      3.561      9.181 4
  12   49      5.739    -10.602     -2.652 4
  48   64     -1.429     -6.454      2.283 4
  77   56    -12.133     -7.310     -3.710 4
 132   24     -3.385     -1.353     -3.264 4
  82   61      9.138     11.663     -8.764 4
  18    0     -2.301     -6.333      9.278 4
  54   79     -1.920      7.407     -8.179 4
  74   63    -11.033     -4.020     -0.852 4
  28   17     -5.325     -6.641     -5.445 4
  32   93     -9.337      0.170      1.977 4
  65  101     -4.731     -3.194      2.406 4
  80   62      9.156     -2.278      2.575 4
  34   47      2.466     -9.060     -5.264 4
  78   21    -10.581      6.546     -8.311 4
 167   95     11.670      0.923     -3.631 4
 202  148     -4.716      4.924     -8.384 4
  60   83     -1.292      1.487      0.039 4
  -1   57     12.357     -4.078     -5.944 4
  92  146      0.089      5.249      2.331 4
  72  140     -4.576      3.541     -8.840 4
  14   30     -5.782     -7.620     -7.177 4
 103  129      0.520      1.574      1.257 4
  36   76     -8.931     -9.122      5.613 4
  61   78     -4.962     11.161     -8.327 4
 126   81     -7.439     -7.524      4.140 4
 204  124      5.966      0.455      7.828 4
  44   22     10.124      8.725     -7.100 4
  81   91      6.600     -6.061     -4.668 4
 151   52     -4.052      4.720     -4.740 4
 105  102      0.755     -3.099     -3.220 4
  55   25      3.261     -7.145      4.609 4
  -1   -2     -5.862      2.263      3.737 4
 130  122      0.306     11.154      7.766 4
  62  138     -1.063     -2.433     -0.854 4
 122  120      3.603      6.578      0.264 4
  46    8      3.500     -5.964      4.298 4
  56   74     -8.608     -5.246      0.989 4
  25  137     -3.976      2.623      3.788 4
 102  107      9.480     -5.557      0.318 4
  76   69      9.236     -0.817     -5.838 4
  45   68    -10.617     -5.396     -1.930 4
  73   87    -10.321     -8.473     -2.550 4
 113   88     -9.329      9.240     -6.869 4
  29   34      8.554    -10.791     -2.430 4
 128  116      2.387     -6.022      4.187 4
 173   46      0.856      0.364     -8.964 4
  68    5     -8.631     -4.160      5.348 4
  69  104     -8.559     -0.997      1.332 4
 123    6      9.388      8.930      4.969 4
  84   67     -9.039      5.414      4.887 4
  70   44      5.541      6.827     -7.789 4
 109   96     -0.357      1.533      4.236 4
  31  119     -2.541     -2.419     -7.420 4
 186  135     -8.252    -11.649     -9.080 4
 138  105     -9.431      2.437      7.363 4
  75   42      7.676     -1.559     -2.338 4
 125  117      0.431     -8.229     -5.078 4
  49   84      7.316     -7.995     -4.635 4
  39    3      0.488     -5.371     -8.242 4
  37   90      2.701    -11.350     -1.957 4
  33  143     -0.703    -11.495     -9.219 4
 140  128     -8.846     10.369     -2.269 4
 114  113     -4.262      5.277      3.897 4
  93  109     -6.499      7.309     -9.319 4
 166   -2    -12.278      5.137     -3.078 4
  64   18    -12.167      0.876     -4.115 4
 118  125      1.921     11.481     -7.903 4
  79    4     -5.032      1.559      2.841 4
  87   45      4.290     -2.685      1.655 4
  89   54    -10.525     -5.822     -4.034 4
 139   94     -7.626      6.194      8.902 4
 145    1     -6.876     -2.633     -2.255 4
   6  194     -8.036     -0.130      0.445 4
 200   35     -1.748     -8.527     -1.421 4
 127   -2     -7.690      2.358     -9.979 4
 147  223      2.450      5.420      6.975 4
 106  133      1.167      4.400     -5.597 4
  83  126     -1.976      0.930      4.110 4
  88   99    -11.707     -2.422     -5.926 4
 131  168     -8.501     -8.291     -2.770 4
  95  127     -4.561      9.548      2.929 4
  94  110     -8.813      4.878     -8.676 4
  -1  182     10.926      0.321      3.486 4
  -1  158     11.954     11.414      0.560 4
 182  171     -4.253     -2.406      0.028 4
  63  103     -7.029      5.088      6.555 4
  71  164     -1.622     -6.987     -1.681 4
  99  106     -5.820     -3.858      9.065 4
 149  153     -3.420     -0.274      6.504 4
 154  224      4.207    -11.426      3.616 4
  50  185     -5.602     11.286      8.243 4
 148  132     -9.513      2.991      1.429 4
 209  131      7.139     -1.059      3.757 4
 150   82      3.531      2.104      3.372 4
   5   41      3.282     -0.216      4.027 4
  -1   -2      4.406      5.412     -2.840 4
 161  123     -9.741     -8.098      2.695 4
 134  165      5.112      5.521      6.499 4
 169  115      2.225     -5.590      3.131 4
  -1   97      4.655     -2.651     -4.668 4
  67  136     -3.779    -11.223      4.796 4
 104  121     -1.530      8.781     -5.643 4
 124  145      9.196     -1.526     -7.612 4
  -1  176      8.411      2.747      9.533 4
 117   89      7.964      5.206      0.980 4
  -1   -2     -5.888      8.104     -4.965 4
 160  130      7.295      8.899     -3.650 4
 179  149     -4.392     -3.043      6.540 4
 180   40      6.529      5.103     -6.202 4
 175  175     -9.492      4.331     -8.293 4
 194  141     -1.916      6.810     -5.914 4
 206  228     -4.541     -4.883     -0.110 4
  10  172     -3.476     -0.919     -7.542 4
 146  156      0.331     10.041     -4.783 4
 183  205     -2.536      2.131     -6.955 4
  -1   -2     -5.023     -4.567     -4.378 4
  -1  151      4.904     11.357      5.531 4
 129   70      6.922      2.974     -3.423 4
  11   29     -2.841     -0.477      1.575 4
 193  227     10.159      9.187      5.818 4
 136  161     -8.894     -2.402      3.495 4
 162  139     -9.935     -8.871     -4.730 4
 228  232     -0.440     -5.753     -2.259 4
 153  154      6.134     10.168      6.796 4
  13  169     -2.669      3.791      1.926 4
   7  203     -6.351      1.469      8.642 4
 107  202     -9.294     -2.099      1.095 4
 171  173      3.354     -8.324      1.359 4
 112  219     -4.473      5.530      7.627 4
 177  112     -6.750      4.921     -5.934 4
 155  166    -10.336     -9.707     -8.298 4
  -1   60      9.722     11.391      2.107 4
 137  222     -8.036     -0.063      7.755 4
 120  196     10.544     -9.446      0.695 4
 195   77      5.057     -7.472      0.090 4
 181  147     -0.227     -5.322     -2.373 4
 235  178      2.804      2.266      1.005 4
 141  186    -11.166      9.469     -9.639 4
 157  167     -1.728     -9.544     -0.342 4
 197  180      8.519     11.198     -2.258 4
 219   -2     -5.362      4.624     -9.997 4
 196  204     -4.943     -4.895      1.530 4
  -1  193     -9.344      1.880     -5.404 4
 158  192     -8.053     -0.575      3.799 4
  20  216     -6.060    -11.629      6.268 4
 116  183    -11.908     -8.952     -6.292 4
 185  187     -7.913      5.438      8.818 4
 201  184     -1.083      5.798      7.072 4
 234  111      3.224     -0.021     -6.456 4
 100  155     -9.420     -3.640     -4.200 4
 174  225     -2.577      4.080     -1.335 4
 176  177      5.650      7.961      4.368 4
  51  201      2.678      0.898      5.072 4
  43   51      9.488     -9.043      1.623 4
 192  190     -9.418     11.700      3.796 4
 165   -2     11.299    -11.494     -3.946 4
 142  150     11.055     -2.472      1.800 4
 115  100    -10.777     -7.385     -6.142 4
  -1   -2     -4.919      8.066     -4.254 4
 188  214    -12.078      4.934     -5.920 4
  -1   59     -2.657     -5.588     -7.201 4
  -1  174      8.120     -3.252      3.314 4
 184   85     -2.701     -1.723      5.539 4
 156  191     -3.013      9.735     -8.405 4
 168  207     -3.701      8.330     -4.256 4
 191  195     10.090      4.342     -6.162 4
  -1   -2     11.149     -0.605     -0.885 4
 190  226     -3.078      7.227      9.792 4
  -1   -2     -8.552     -8.012     -2.282 4
 229  144     -2.314    -11.181      4.747 4
  -1   -2     -5.287     -4.383      3.258 4
  -1  197      0.128     12.367     -5.436 4
 207  118     11.922     -9.887     -3.538 4
 213  209     -8.280      0.447     -3.243 4
 215  211    -11.729     -9.777      7.544 4
  -1   -2      7.112    -11.528      9.867 4
 217  212    -12.523     10.700     -2.634 4
  -1   58     -4.213     -1.923      1.926 4
 198  208     -0.385      7.445      3.658 4
 172   -2      1.928    -12.197     -2.733 4
  -1   -2     12.677     -6.508     -4.086 4
  -1   -2      2.050    -11.729      7.268 4
   0  108     -3.024      5.581      4.515 4
 227  231    -11.559      2.027      3.785 4
 205   -2      6.121    -12.509     -9.000 4
 164  163     10.700     -9.050     -0.488 4
 133  220     -6.050     -6.877      4.007 4
 232   -2      5.233    -12.581     -8.999 4
 218  159      6.197     -9.277      8.845 4
 135  221      5.971     -7.459     -5.286 4
 231  233      5.295     -5.650     -3.641 4
 208  170      3.318      3.207      5.903 4
 143   92      6.143     11.937     -6.623 4
 238  234     10.856      8.201      8.569 4
 220   -2    -10.003    -12.568     -8.808 4
 225  230     10.556      7.377     -2.608 4
 223  229     12.773      6.640     -3.866 4
 237  189     -7.179      0.904      7.131 4
 239  235    -10.859     11.505      1.450 4
