205
  11   15     -0.857     -3.310      3.694 4
   7    1     -5.544     -6.230      4.385 4
   8   10      2.439     -7.813     -7.575 4
  47   43      9.480     -7.467     -1.250 4
   3   29    -11.351      6.661     -7.237 4
 124   24     -2.883      4.854      4.379 4
   1    3     -6.918     -4.054      2.922 4
  14   70     -8.681      2.254      7.658 4
   0   14     -9.748     -1.259     -1.031 4
  41   13      2.892     -1.724      2.138 4
   5    0    -11.316     -1.303      0.591 4
  24   62      3.311     -2.400     -1.288 4
  56   74      8.012      8.263     -4.362 4
  37   33      3.462     -5.114      7.939 4
  66   56      0.178      7.552      0.312 4
 191   21      1.964     -2.288      6.737 4
  42   11      3.925      1.973     -7.808 4
  18   37     -9.227     -2.124     -2.399 4
  62   50     -6.103      4.583      8.821 4
   9  149      6.617    -11.076      0.124 4
   2   19      6.625      1.016      2.734 4
  15   58      0.730      1.626     -6.590 4
  12   20      3.669    -10.194     -6.252 4
  16   55      1.616     -8.854      0.188 4
  29   85      5.898     -1.883     -8.449 4
  48    5     -4.207      3.174      9.854 4
  38   28     -4.507      9.812      4.104 4
  32   59    -11.398     -4.232     -1.966 4
 118   80      7.069     -6.793      7.266 4
  71   32     -9.296    -11.144     -8.816 4
  46   46      2.813     -4.716      0.569 4
  -1   -2      8.628     10.174     -4.499 4
  13   68    -10.194      2.349     -3.420 4
  74    6      1.070      5.765      7.142 4
  27   38    -10.141     -0.065     -7.672 4
  33   34     -3.263      2.362      2.151 4
 109   45     -3.007      5.651     -7.256 4
  44   36     -6.518     -6.924     -0.468 4
   4   71     -9.759     -3.581     -8.861 4
  83   90      9.949      5.490     -1.307 4
 147  153      5.855     -4.719     -9.559 4
  61  116      9.302     -1.122     -2.658 4
  75   87      6.515     -3.963     -5.051 4
  59  115     -4.724    -11.694     -1.024 4
  -1   69     -2.407     11.468      3.481 4
  96  192     10.157     -6.531     -7.162 4
  94   61     -9.093     -5.609     -9.813 4
  57  105     -8.222      4.742      2.450 4
 184  123      6.340     -0.158     -1.959 4
 103   47     -6.360      5.982      6.177 4
  -1    2    -10.407      4.007     -7.483 4
  64  189      6.341    -11.897     -5.629 4
 171  137     -1.579     -2.456     -4.328 4
 116   92      2.477     -0.478      4.109 4
  65  102     -0.626     10.205      6.172 4
  28  187     -0.062      8.528     -6.231 4
  55  188    -11.124      1.285      3.758 4
  67   16      4.010      4.791      1.093 4
 122  118      5.413     -7.783     -4.882 4
 119   26     -5.971      7.041     -1.203 4
  36   -2      3.743      2.850     -9.823 4
 134    7      3.481      0.385      9.985 4
  -1   -2     11.179     -6.177     -0.067 4
 148  150      1.290    -10.331      6.844 4
 150   25      4.203     -3.019      9.050 4
  22  134      4.040     -7.968     -0.312 4
 165  199      1.810     -9.795     -8.726 4
  31  166      6.290      9.944      8.571 4
 144   76     -5.159     -0.689      1.420 4
  -1   40     -3.626    -10.430     -1.931 4
 131  119     -7.017      8.274     -6.485 4
 185   97     -2.041     -9.509     -1.856 4
  -1   73     -9.571     -4.433     -9.940 4
  72   79      7.287      7.519      9.578 4
 159  198     -1.689      7.074      2.131 4
 128   94     -4.723      5.991      4.335 4
  68   75     -1.435      1.210     -9.479 4
  80   67      9.089      6.437     -4.712 4
 110    9      7.453     -5.524     -7.951 4
  -1   -2      9.123     10.275     -1.324 4
 156   78     -8.101     -7.531     -8.541 4
 112   63     -6.323     -9.321     -4.514 4
  84  175     -0.036      8.628      7.600 4
  35   30     -3.657      2.598      9.586 4
 130  107     -1.106      6.378     -1.476 4
 142  197    -12.303     -6.271     -3.634 4
  87  103      3.755      3.992      9.490 4
  98   96      2.420    -11.369      1.287 4
  77  100      1.461      5.213     -4.172 4
  85   57     -7.683     11.233     -2.130 4
  52  156     -8.552      3.188     -4.614 4
  -1   -2     11.760      8.743      1.685 4
 186  168    -10.719      8.502     -2.473 4
  63  169     -1.799     -2.092     -4.428 4
  86   44     -0.203      0.298      9.495 4
 101  157     -0.210     -4.146     -3.383 4
 111   -2      0.514     -9.725      9.951 4
 126  122     -7.156      2.804     -5.001 4
  45  121    -11.369      9.141     -3.451 4
  34   31     10.144      6.837      2.086 4
 133  117     -6.957      9.244      8.563 4
  81   99      2.316      1.070      5.637 4
  21  148     -5.970     -4.315     -8.566 4
 158  179     -3.368     -1.960     -1.195 4
  82   54     -4.162      8.015      0.663 4
  70   12      8.970    -10.410     -3.988 4
  43  111    -11.643     -9.487     -0.217 4
  78  108     -4.382      1.263      3.514 4
 141  104      5.244      6.872     -0.647 4
  17   88     -0.186     -9.532     -0.876 4
  -1  114     -9.502     -9.573     -9.892 4
  39  129     -4.758     -9.417      8.755 4
  25  120      6.024     -6.463     -0.495 4
  -1   -2      7.398     11.247     -2.366 4
  -1   83      1.887     11.542      4.265 4
 181  101     -3.356    -10.965      9.024 4
 178  174      7.133     -5.819     -0.397 4
 143  138     -8.328      0.663     -4.679 4
 102  136      5.617      8.131     -5.062 4
  49  182      3.077      7.116     -9.547 4
 107   81     -6.820     10.847      0.351 4
  93  106     -1.158     -1.436      5.735 4
  99  173      7.787      6.880      1.423 4
 180  125      2.669     -5.154      1.906 4
 114   23     -6.797    -10.375      4.954 4
  -1   72      6.754     -0.049     -5.148 4
 108  194      7.251      5.811     -5.247 4
  73  190      4.199      6.164      2.177 4
  -1   -2      8.886     11.397      5.915 4
  19   60    -10.925     -0.864     -5.507 4
 161   65     -6.666     -7.946      5.188 4
  69  162      4.232      9.375      5.415 4
  91  113      3.172    -11.584     -5.044 4
 123  128      6.463     -1.567      2.837 4
  97  135     -4.837      0.177     -3.553 4
  54  109      2.333     -8.324     -7.375 4
  40    8     -4.363     -3.581      0.640 4
  76   49      0.057      1.425      4.983 4
 183   39      1.846      8.903     -6.578 4
  -1   -2      9.660     10.350      6.244 4
  58  178     -9.675      4.458     -1.008 4
  90  132     -8.330     -3.984      1.914 4
 164  158     -7.928     -6.751     -9.416 4
  88   18     -2.072     -4.878     -7.207 4
 173  146      1.669      8.087      1.208 4
  89   98     -5.618     -8.553      7.182 4
 104  193      6.170     -0.248     -8.828 4
 100   41      1.054     -7.649      0.566 4
 152  142     -4.154      9.702     -8.606 4
 151   27    -10.116     -2.363     -3.016 4
 146  159     -1.869      1.711     -6.252 4
 121   86     -8.116      1.178     -5.917 4
  20  151      4.270     -4.311      8.764 4
 129  133     -3.809     -3.811     -8.278 4
 154  147    -11.233    -10.767      3.336 4
 115  141      0.355     11.016      1.212 4
  23   95      8.623     -4.498      2.733 4
  53   -2     -0.053    -11.828      5.947 4
  -1   -2     10.541      8.206     -8.590 4
 136   93     -7.278      7.976      4.817 4
 167  161      1.926     -2.719      4.670 4
 166  163     -1.677      6.891     -0.302 4
 189   35     -4.646      6.626     -8.807 4
 160  177     -1.608     -7.055      1.500 4
 137  145     -6.633     -7.860     -0.714 4
 138  126     -2.756     -9.284      0.917 4
 139  160     -0.519     -1.235      6.380 4
 125  195      3.338      6.972     -6.903 4
  50   17     -5.102     -6.620     -6.111 4
 140  165    -11.142    -10.048     -8.928 4
  -1   -2     10.132     11.438     -2.505 4
  30  152     -7.936     -8.806      6.988 4
 179    4      0.744     -4.245     -0.277 4
  -1   -2     10.519     -3.604      4.747 4
 169  201      3.012     -7.612      2.399 4
  92  191     -5.411     -4.281      9.663 4
 135  196     -1.789     -0.667      7.052 4
 162  124     -2.963      8.458      6.359 4
 155  172      7.270     -1.559     -2.062 4
 168  200    -10.463      4.330     -2.093 4
  -1   -2     -7.723    -12.225     -9.995 4
 153  167     -8.353     -9.492     -5.220 4
 120  130      8.455     -9.989      3.223 4
 176   -2     -2.707    -11.674      8.148 4
 149  154      2.110     -8.974      4.940 4
  -1   -2      4.669     11.375      4.594 4
  -1   -2     11.264     10.761     -5.467 4
 190  164     -5.910      7.021     -7.702 4
  -1   -2     10.652      4.859     -1.065 4
  -1   -2     10.552      2.494      4.729 4
  60   82      2.273      5.724     -8.913 2
 163   -2      7.127     -3.508      9.437 2
 117  140      8.884     -4.943     -9.463 2
 113  171     -3.219     -4.743     -8.628 2
 182   89      1.059      8.902     -2.854 2
 105  139      7.628      5.253      4.565 2
 145   -2      5.672      1.748      5.324 2
 175  202     -5.171      6.025     -9.635 2
 188  183     -0.466     -0.792      3.824 2
 187  203    -10.832      3.032      1.574 2
 193  204    -11.613     -7.549      4.087 2
 196   -2     -5.043     -0.495     -8.436 2
 194  205      4.115     -0.139      3.510 2
 197  206     -9.619      5.204      8.057 2
 198  207    -12.668      2.670     -2.372 2
