195
   8   24      0.177     -5.861     -5.483 4
  24   14     -8.965     -0.763     -0.183 4
   9    1     -5.424     -1.494      3.167 4
  10    2      4.682    -11.665     -6.839 4
 105  101      3.549      6.450      6.578 4
  25    7    -10.806     -4.260     -2.194 4
  74   40    -10.529      1.751     -7.969 4
  11   23     -4.448     -3.617      4.075 4
 102   62      8.544     -5.478     -7.662 4
  87   67     -4.342      7.843      7.437 4
 176   92      3.018    -11.410     -7.506 4
  91   38      6.015     -0.216     -0.917 4
  17   98     -1.033    -11.980     -8.368 4
  47   49     -2.189      8.148     -2.387 4
  51  137      0.186    -11.475      7.016 4
  13   13      1.592     -5.049      1.394 4
  98  131      2.037      8.826      7.420 4
   2   17      5.692     -6.482     -8.936 4
 116  179     -9.556      3.072      3.616 4
  36    4      3.579      0.838      3.173 4
  16   83     -6.365      1.072     -8.996 4
  30    8      1.381     -8.722     -3.784 4
 154   25     -4.259    -10.577     -2.808 4
  64   94      1.300      4.852      6.581 4
   6   61     -5.955     -4.758     -6.707 4
  59   78     -8.456      2.944     -3.185 4
  28  157      7.979      1.285      2.960 4
  69  102      6.255    -11.086      3.046 4
 132   75      3.395     -2.546     -4.290 4
  37  171      6.983      4.482     -1.291 4
  49   71      9.387      2.310     -6.911 4
  67   56     -5.242    -10.763      3.459 4
  52   45    -10.243      6.720      5.389 4
  21   30     -0.617     10.803      6.460 4
  66   64      8.102      6.721      0.800 4
  -1   84     -8.886     -2.011     -1.563 4
   3   18      2.251     -0.270     -5.840 4
  19   32      3.446      0.150      4.258 4
  48   22      7.311     -5.099     -7.810 4
 142   19      3.279      3.906      9.209 4
  35    5     -6.818     -8.749      3.966 4
  33   47    -11.833     -7.810     -7.544 4
 180  115      7.343      5.273      4.318 4
  -1   50     -8.600      5.305     -0.432 4
  38   21     -7.896      3.307      8.236 4
  46   29    -11.353    -10.277     -2.064 4
   7   36     -4.915     -3.000      9.337 4
 123   27     -5.077      9.982      6.383 4
  54   26      9.048     -5.204      0.134 4
  57   39     -7.007      7.155      3.834 4
  22  170      8.050     -3.330      3.095 4
  68   80     -3.513     -3.387     -5.706 4
  55   91     -6.385     -6.476     -0.635 4
  81   37     -8.462      1.498     -4.926 4
  86   69      8.229     -9.502     -5.136 4
  61  110     -5.989     -6.070      4.341 4
  88   44     -6.723     -1.755     -8.999 4
  23   54      1.359    -10.621     -6.511 4
 147  181     -4.528    -11.644      6.754 4
 159   55    -10.607    -10.704      4.474 4
 149  118     -2.853     -1.098     -9.790 4
  50   28     -1.066     -7.865     -0.129 4
  53   95     10.114      7.989     -1.410 4
  43    6     -8.190    -11.335     -6.947 4
  44  172      4.157    -10.526     -2.842 4
  79   57      2.613      8.895     -5.743 4
  99    0     -2.113      2.698     -4.859 4
 108  165     -8.437      0.561     -3.652 4
 124   34     -9.847     -2.415     -2.543 4
 128   16    -10.288     -1.099      0.894 4
  -1   82     -1.268      5.531      9.995 4
 106  177      1.825      0.789      2.124 4
  82  126     -7.216     -8.328     -5.481 4
  62  154     -3.498     -9.712      7.622 4
 125   65     -9.813      4.074     -1.280 4
 121  121      3.166     -3.692      6.175 4
  80    9     -7.699     -7.678      5.848 4
  63    3     -3.286      2.388      3.508 4
  76   68     -2.964     -0.378      1.870 4
  60  112    -10.608     -7.228      2.884 4
  15  150      3.784      4.992      4.895 4
  -1   -2    -10.370      6.451     -9.986 4
  77   42      1.630     -3.423      1.892 4
 118   63    -10.832     -4.443      4.241 4
  71   48      4.816      3.100     -3.787 4
 143   79      0.210     -2.849     -9.649 4
  70   35      6.567     -0.251      2.784 4
  75   77     -3.856     -9.015      8.632 4
  84   41     -0.145     -0.777     -0.550 4
  90   76     -6.419      8.561     -2.934 4
 183  185      0.569     -0.221     -5.168 4
  42  125    -11.688     -6.289     -4.810 4
 191  103      2.229     -2.728     -5.435 4
  14  145     -9.905      2.052     -2.705 4
 153   31     -2.783     -9.106     -1.754 4
  97  138     -1.103     -3.723      2.105 4
 127  124     -5.060    -11.748     -6.806 4
  -1   -2      9.158     -0.463     -2.766 4
   0  153      5.197     -3.788     -3.091 4
   5   15     -8.701      5.969      8.627 4
  92  123      6.089    -11.403      1.132 4
 130  161     -5.055     -6.429      6.254 4
  95   52      2.841      6.354     -6.866 4
  -1   73      3.616     11.542     -1.643 4
  58  156      3.965     -7.027      5.553 4
 182  105      6.551     -2.823     -3.908 4
 162   70     -1.974      2.178     -6.731 4
  72  120      3.688      6.157     -3.167 4
 117   90      2.529    -11.412     -3.896 4
  40  116      8.295      9.847      2.497 4
 145   43      4.383      4.566      2.396 4
 136   53     -3.592     10.122      1.750 4
 157   99      3.826     -8.587      8.906 4
 103  142     -4.254     -2.486     -7.951 4
  26   74     -1.616      0.189     -1.221 4
  93  140      0.576      2.896      8.031 4
 134   86      3.786     -5.717     -1.299 4
 100  122    -10.871     -0.525     -5.661 4
  -1   -2      1.627     -7.452      4.819 4
  96   81     -1.546      4.513     -1.977 4
 120   10     -9.561      4.572      1.895 4
  27   66      3.669      9.496      7.337 4
 139   87     -4.985     -7.882      8.086 4
  20   12      6.484     -9.559      7.506 4
 158  158     10.806     -6.496      1.011 4
  85  175     -3.942     -3.638      4.273 4
  94  119     -4.597      7.310     -4.342 4
 192   33     -2.549    -10.716      1.036 4
 129  136     -3.319     -7.746      0.809 4
 104  152      1.218      3.364      8.636 4
 133  113      8.763     -3.560     -2.312 4
 101  176     -7.067      2.861     -2.995 4
 146  147      5.020      7.254      5.418 4
 163  109     11.472     -0.829     -6.109 4
  12   46      4.407     -3.052      1.812 4
 151   -2      6.303      1.722     -9.934 4
  73  173      1.065    -11.166     -5.218 4
  34   51     -6.111      7.100     -8.348 4
 115  178     -5.301    -12.187     -7.123 4
 114  163     11.160     -9.320     -6.347 4
 110   89     -1.804      0.478     -1.304 4
 107  148    -10.948      8.665     -2.349 4
  89  155     -4.243      6.386      9.404 4
 131   58      4.818     -7.517      5.757 4
  -1  134     -5.605      6.721     -5.537 4
  -1  129    -10.925    -10.557      1.451 4
 113  135     -2.839     -8.996      8.331 4
 186  186      4.162     -8.484      9.121 4
 137  133     -5.752      7.423     -3.836 4
 155  117    -11.855      8.041     -6.555 4
  78   -2      0.691      1.077      5.778 4
 119  151      4.029     -1.968      4.517 4
  -1  141      0.615     -7.059      9.336 4
 150  159      4.657     -9.836     -9.982 4
 185   88     -1.154      6.091      4.538 4
 148  100     -9.783      8.316     -1.271 4
  -1   -2     -2.116    -12.178     -2.309 4
 169  167      5.790     -9.637      6.907 4
   4  160     -8.832     -8.137     -6.664 4
  41   93     -2.242      4.276      6.134 4
  -1   85      9.690      5.095     -9.073 4
 184   -2      1.096    -10.387     -3.919 4
  56  166     -2.219      1.503      0.868 4
  29   60      6.307      4.370     -6.940 4
 141  146      4.478     10.775     -6.995 4
  65   97     -3.599     10.665     -3.549 4
  -1   -2      0.033     11.614     -1.246 4
  -1   -2     -8.144    -11.616      6.557 4
 160  183      7.053      9.342      4.784 4
 122   -2     10.537      1.383      1.382 4
  -1  168      8.617      5.125      0.820 4
   1  169      1.222      6.402     -1.402 2
  31   20    -11.232      5.447     -6.587 2
 177   -2     -6.571    -11.875      3.718 2
  83  174      4.454     -3.347     -9.207 2
  32   -2     12.311     -1.496     -5.647 2
  18   -2     -3.211    -11.884      4.119 2
  45   59     10.465      4.044      3.318 2
 161   -2    -11.861     -8.735      2.526 2
 138  144      0.029     -6.331     -5.484 2
 187  128     -2.270      4.558     -6.064 2
 126  180      8.430    -10.702      5.934 2
 164  132      2.792      2.495      7.333 2
 156  182      6.187      1.015     -6.747 2
 178  106     -2.492      9.591      6.210 2
 140  104      3.744     10.432     -8.460 2
 188  187     -4.293      2.207     -1.151 2
 194  143     -4.942     -1.805     -7.353 2
 166  184     -6.987     -2.021      2.112 2
 109   11      4.338      1.240     -3.199 2
 190  149     -6.467     -7.852     -1.459 2
 167  164      2.440     -5.227      6.514 2
 152   -2     -0.101     -7.266     -8.087 2
 195  188    -12.729      1.177     -3.818 2
 196  189    -12.197      2.236     -2.311 2
