222
  16   42      6.450     -0.167      2.688 4
  -1    3     -4.123    -11.879     -9.962 4
  74   23      3.421     -5.942      7.359 4
   4    9      3.991    -10.492     -6.989 4
  33    0      3.366     -1.119      9.988 4
   5    2     -9.311     -2.125     -2.633 4
 139   24     -2.054     -1.122      6.742 4
   1    4     -7.154     -4.341      2.872 4
  14    8    -11.502     -1.294      0.495 4
 114   79    -11.343      3.505     -8.826 4
   6   63      2.735     -8.122     -8.231 4
  11    7      7.800     -5.881     -8.790 4
  55   43      8.413     -5.790      2.438 4
 136    6      4.247     -5.320      8.291 4
  50   29      9.009    -10.785     -4.882 4
  17   15      3.576      3.321      1.114 4
  23   19     -9.896     -1.275     -1.217 4
   7   13     -1.106     -3.869      3.375 4
   0   14     -5.743     -6.525      4.436 4
  27   17    -11.501     -4.201     -2.021 4
  37   11     -4.531      2.906      9.818 4
 168  175     -2.025      5.979     -0.742 4
   8   16      4.175     -4.180      8.738 4
  26   36     -3.185      4.205      4.079 4
 147  105     -0.189     -4.494     -3.964 4
  30   26      2.728     -5.434      0.155 4
  46   88     -9.487     -4.873     -9.776 4
  18   28     -6.259      6.630     -1.648 4
  10   21    -10.049     -0.307     -7.768 4
  29   38      2.798     -2.602      1.744 4
  13   47      6.157     -2.402     -9.188 4
  39   40      2.380     -1.319      3.824 4
  12  145      6.807     -0.679     -5.486 4
  21   32    -11.262      6.453     -7.443 4
  20   61     -6.367      4.396      8.757 4
  71   25     -7.553      7.768      4.522 4
  28   37     -3.574    -10.440     -2.030 4
  96   34     -0.160     -9.727     -1.161 4
  66   68     -5.445     -1.084      1.135 4
  80   80      9.575      8.380      6.694 4
  25   53     -0.463     -0.383      9.245 4
   3   51      3.216     -3.238     -1.835 4
  63   55     -8.841      2.138      7.541 4
  36   39     -9.293    -11.527     -8.507 4
  65   33     -9.028     -6.055     -9.609 4
 115  117     -4.712    -11.566     -0.977 4
  15   35      2.196      0.084      5.475 4
  45   73     -3.553      1.950      1.702 4
  47   57     -4.787      9.276      3.893 4
  75   27      0.725      1.128     -7.333 4
  53   41    -10.299      3.766     -7.707 4
  60   50      9.454     -8.700     -1.810 4
   9   18      3.904      1.374     -8.276 4
  43   71      1.891     -3.039      6.345 4
  -1   -2     -4.460      3.318     10.001 4
  59   22     -9.665     -3.948     -8.792 4
 149  103     -5.013      5.579      4.023 4
  19   44     -6.842    -10.585      5.084 4
  48   30     11.145     -8.219     -0.397 4
  67   58     -7.166     10.555     -0.067 4
 118  121      6.849      9.587     -1.759 4
  56   86      9.612      3.876     -0.406 4
  70   91     -6.648      5.678      5.953 4
  34   56      7.631      7.010     -3.717 4
 110  102     -4.918      0.002     -4.024 4
  52   59      1.600     -9.289     -0.093 4
  44   85     -1.987     -9.610     -2.104 4
  81  101     -0.186      0.564      4.614 4
  38   83     -3.352      7.455      6.156 4
  77   87     -2.850     10.711      3.559 4
  58   -2      3.693      2.512      9.866 4
  41  118      0.868      4.524      7.196 4
 112  106     -4.570     -3.948      0.438 4
 101   66     11.559      6.550      2.287 4
  64   72      8.868      5.172     -3.987 4
  84   82      8.705      9.495      6.312 4
  -1   89      8.804      9.339     -9.585 4
  42   90     -6.797     -8.145      5.285 4
   2   81     -4.916     -6.876     -6.235 4
  22   78     -6.590     -6.986     -0.567 4
  90   70      8.676      8.322     -0.620 4
  73    1     -1.411     -2.000      5.333 4
  -1   31      9.159     10.251     -0.602 4
 103  138      6.337     -2.608      2.545 4
  88  107      2.066      5.247     -9.155 4
  32  167     -5.718     -8.789      7.264 4
 133  128     11.758     -5.946     -0.469 4
  86   92     10.448     -9.645      4.330 4
  -1   -2      6.978     11.655     -6.226 4
 127   84      7.388      5.223      2.128 4
  89  193    -10.246      2.423     -3.792 4
 116  116      2.542     -5.837      1.485 4
  79  111     -6.837    -11.574     -8.606 4
  93  109     -4.494      7.560      0.255 4
 107   94     -7.930     10.943     -2.665 4
  61   95      2.645     -8.627     -8.024 4
 111   97     -1.005      9.125      6.283 4
  98  147      5.147      7.172     -4.371 4
  40   10     -1.919     -5.148     -7.648 4
 135  113      3.544     11.419     -3.350 4
 142   20      4.029     -8.560     -0.725 4
 105  115      4.757      5.657     -0.067 4
 154   64     -5.839     -4.686     -8.703 4
 170  125     -8.597      3.209     -4.943 4
 120  153      0.985     -8.166      0.302 4
  68   98      7.013     -7.675      6.870 4
 126  137      1.173      6.744      1.429 4
  62   62     -1.409      5.468     -1.961 4
  24  173      6.029     -7.285     -1.061 4
 108  122     -8.016     -7.953     -8.361 4
  91  131     -8.559     -4.194      1.861 4
 102  151     -9.481     -9.969     -9.645 4
  92  120     -7.058      8.323     -7.000 4
 104   77      8.161      8.511     -4.140 4
  -1  142      1.158     10.797      8.588 4
 183  156     -0.715     -1.506      3.430 4
 122  136      6.714     -4.372     -5.714 4
  76  119     -6.688     -7.861     -0.761 4
  72  112      0.513      8.239     -2.430 4
 121    5      0.611     -4.918     -0.627 4
  78  162     -3.080      5.467     -7.924 4
  -1   -2      9.692     11.149     -4.525 4
  31  135      1.224      4.502     -4.428 4
 192  220      2.335     11.352      6.833 4
  87  123     -8.088      1.142     -6.212 4
 113  110    -10.179     -2.336     -3.197 4
 129  140     -7.242      8.950      8.672 4
  -1  197     10.386     11.564     -6.065 4
  54  158      8.110    -11.145      2.839 4
 124  211      2.330    -11.849      1.097 4
 128  104     -7.200      2.779     -5.405 4
 134  176     -6.164     -9.473     -4.543 4
 180   67      7.145     -6.779     -0.954 4
 100   48    -11.705     -9.356     -0.021 4
 119   69     -1.887      1.427     -6.970 4
 167  144    -10.863      8.573     -2.659 4
  85   76     -3.363    -11.246      9.077 4
 156  170    -11.313    -10.779      3.538 4
 157  161     -3.567     -2.415     -1.559 4
 152  108      1.364      8.320     -6.116 4
 161   65      6.121      8.613      9.232 4
 150  127     -4.786     -9.608      8.799 4
 140  129      3.404    -11.800     -5.530 4
  -1  177      8.030     11.323     -2.091 4
  51  124    -10.921     -0.901     -5.608 4
  -1   -2      1.025     12.193     -2.505 4
 143   96      1.414     10.351      4.951 4
 137  159     -1.566     -2.759     -4.993 4
 132  165     -4.197      9.715     -9.182 4
 159  146    -12.362     -6.233     -3.568 4
 158  152    -11.442      9.274     -3.659 4
 209   52     -0.360      8.094     -6.214 4
  -1   -2      9.558      8.648     -5.700 4
 131  149     -0.245      9.877      1.618 4
 178   54     -0.291      7.432      7.619 4
 210   12      2.932      6.298     -6.631 4
 171   74     -8.228     -9.665     -5.160 4
 177  164     -5.943      6.974     -8.305 4
  99  187     -4.717      0.892      3.086 4
 125  130      7.387      3.726      5.092 4
 123  143      2.877     10.032      5.406 4
 207  154      3.746      4.696      2.514 4
 169  139      1.090    -10.923      7.047 4
 153  172     -1.708     -7.461      1.358 4
 211  222      6.325     -0.845     -9.370 4
 106   49     -5.252     -6.725      4.698 4
 173  160     -3.654     -4.131     -8.656 4
 151  171     -2.752     -9.498      0.833 4
 160   -2      6.410    -11.863     -0.359 4
  97  155      1.856     -3.418      4.273 4
 144  195      6.280     -0.972     -2.401 4
  94   -2      9.867      4.985      2.911 4
 163  148     -8.005     -8.926      7.151 4
 164  182      3.808      7.964      6.173 4
  -1  141      5.537      0.700      5.555 4
 172  163      1.951     -9.650      4.959 4
 191  219      6.728     11.227     -5.055 4
 185  180      7.288     -2.396     -2.543 4
 187  114      2.752      6.562     -9.508 4
 141  179      5.667     -8.040     -5.694 4
  57   93     -0.272      6.384      0.276 4
 145  133     -0.744     -1.843      5.975 4
  -1   46      5.662     11.960     -0.060 4
 186  190     10.185      5.915     -8.634 4
 138  203     -8.350      0.652     -4.966 4
 162  186    -11.161    -10.385     -8.699 4
 165  217     -1.785     -2.391     -5.087 4
 174  174    -12.389     -8.724     -5.817 4
 179   -2     -9.868      4.407     -1.067 4
  -1   -2      7.666      4.645      1.274 4
 188  168      7.132     -4.581      8.927 4
 176  157      8.315     10.784      4.187 4
  -1  169      9.989     11.869     -0.067 4
 182  126      4.885      9.854      4.901 4
  95   75      9.365     -2.237     -2.895 4
 175  198     -7.845     -7.220     -9.207 4
  -1   -2     -5.013      6.441     -6.727 4
  -1   -2     10.625      2.800     -0.534 4
  -1   -2     -4.928     -0.761     -8.952 4
  -1  191    -10.730      5.804      1.819 4
  -1  194    -11.734      2.821     -2.430 4
  -1   -2     11.812      7.084     -4.387 4
  -1   -2     -2.004      6.327     -6.422 4
 198  202    -13.122      1.554     -3.556 4
  83  207     -3.979      2.299      9.503 4
 184  218     -3.081     -5.098     -8.960 4
 196  221     10.210      0.156      8.709 4
 202  208     10.733      1.938      7.455 4
  -1  210     11.146      2.956      7.722 4
  -1   -2      4.531     -3.675      6.176 4
  -1   -2     12.019      7.511     -1.902 4
  -1  215    -10.499      5.418    -10.301 4
  82   -2    -11.382      1.102      3.791 4
 208  196      6.564    -12.102     -6.382 4
 146   -2     -8.410      4.456      2.225 4
 201  166     10.480     -6.946     -7.914 4
 206   60     -5.575     -4.413      9.676 4
 213  223    -10.590      4.393     -2.306 4
 214  224      2.883     -8.326      2.144 4
 199   -2     -7.725    -12.590     -9.612 4
 197  206    -13.212      7.552     -1.128 4
 215  225     13.024    -10.016     -3.981 4
