213
   8    2     -7.245      3.557     -5.625 4
   3   55      3.970     -7.265     -4.059 4
 205  147    -10.013     -1.637      4.504 4
 161   27     -8.002      0.309      3.487 4
 111    9      6.734     -1.660      7.258 4
  51   16     -3.253      6.561      4.000 4
  20  191     10.660    -11.695     -4.906 4
  23  106     -9.589    -10.301      6.150 4
   4    8     -6.767      2.502      3.785 4
  61  120      4.621      2.134     -5.123 4
  11   31      4.778     -8.669     -1.386 4
  19   35    -11.632     -3.988     -0.791 4
  82   42     -1.375      0.218      7.254 4
  45  138      0.001     -4.092     -9.677 4
 179   84     -7.833      1.421      6.186 4
  54   82    -11.004      5.412     -1.143 4
  31   28      8.270     -8.388     -0.213 4
  40   33      8.240    -10.077      3.781 4
  92  126      2.742      0.382     -7.176 4
   7    5     -5.849     -1.880      1.948 4
  38  104     -0.069     -3.346      2.261 4
   5   20     -1.407     -1.502     -2.120 4
  49   53      2.479     -1.010     -3.499 4
   9   24    -11.558      3.405     -0.372 4
  13  149     -6.110     -0.050      1.707 4
 144   70      7.562      2.350     -2.048 4
 105   86      7.991     11.132     -5.156 4
 120   41      4.588     -2.073      6.733 4
  22   29      2.021      4.717     -6.400 4
  29    1     -2.454    -10.159     -6.840 4
  -1   62     -5.211     11.590      0.629 4
  66   73     -4.690    -10.983     -8.327 4
  37   26     -3.142     -7.875     -3.470 4
   6   15     -5.303     -6.652      3.242 4
  93   90      8.004     -3.780     -6.860 4
  50   18     -7.827     -6.819     -7.263 4
  99  115     -0.396      8.077     -3.591 4
  44   61     -7.760     -6.193      1.620 4
  21   11      3.951     -1.688     -3.433 4
  -1   -2      9.875     10.692      3.854 4
  25   21     -3.800     -2.215     -8.042 4
  78   68      3.225      0.903      0.535 4
  -1   50     -3.369     11.351      7.784 4
  33    4     -9.762     -4.479      6.189 4
  52  180      9.266      5.945      4.319 4
 127   32      2.109    -10.312     -3.987 4
  39   34     -0.236     -7.141     -0.353 4
  30   13      0.832     -9.109      5.850 4
  18   65     -3.808      5.008     -1.989 4
  64   51     -9.389      6.959     -8.220 4
  34  118      9.125      3.201     -3.570 4
  84   30     -2.684      9.489     -7.608 4
  89   44     -3.034      4.520     -8.877 4
  88   98      1.864     -9.128     -6.531 4
  59   76      9.818      9.147     -2.939 4
   1   22     10.838     -7.048     -7.083 4
 115  200      6.594      9.706      3.055 4
 117   43      5.342      1.858     -1.737 4
  67   77     -4.484      5.644      6.001 4
 114    6     -7.252     -1.905      2.783 4
 128   10    -11.234     -5.365     -1.490 4
  -1   79     -5.165      1.422      9.070 4
  28    3     -0.135     -8.755     -6.566 4
  58   19     -6.967      6.303      0.559 4
  36   37      2.395    -12.014     -5.318 4
   0  112    -10.951     -0.556      1.920 4
 130  103     -9.301     -1.133      0.030 4
  86   78     -2.001      0.740     -7.828 4
  41   45     -9.053     -3.777     -0.845 4
  73   47     -7.297      4.254      6.697 4
  65   87    -12.123     -2.295     -6.422 4
  17   99     -9.902      4.678      5.957 4
 123   46      1.519     -9.846     -4.901 4
  32  134     -6.988     -4.408      1.593 4
  95  102      3.460     -5.975      2.600 4
  57   97     -9.401    -11.129      2.482 4
  63   75    -11.873     -8.373     -2.394 4
   2   71      0.838      9.203     -7.268 4
 134   92     -9.629     -1.835      1.019 4
 118   91      2.820      9.531     -4.024 4
  48  105     -0.279    -10.388     -3.692 4
 141  101     -5.738      7.151      8.620 4
 110   85    -10.034     -2.648      0.749 4
 104  113     -2.584     -0.705     -3.331 4
  94   93      8.059      5.429      4.215 4
  87  196      5.380     -6.165     -9.000 4
 183  208     -1.216     -7.812      5.104 4
 136  110     -6.791     10.127     -6.384 4
  47  127     -5.785      2.176      0.009 4
  77   39     -2.372      1.894      4.088 4
 101   59     -3.079     -3.702     -7.119 4
  62   63     -4.291      8.305     -8.429 4
  35   96      0.031      5.280      2.104 4
 140  137      0.326      4.620     -4.248 4
 125   56     -4.988     -9.306     -4.631 4
  24   17     -1.799     -7.926      7.221 4
  60   48     -9.695     -6.539      0.435 4
 148  141     -9.819     -3.459     -4.367 4
  55  123     -2.981     -7.331     -3.319 4
  70  135     -1.158     -4.302     -2.729 4
 153  117      0.401     -0.269      0.459 4
  91   88     -3.696      6.938     -2.159 4
 146   89    -10.300     -3.243      3.559 4
 198  109      6.847     -7.501     -9.065 4
  69   52     -3.481      0.413      6.275 4
 154  114      8.398      2.404     -4.736 4
  72  193      3.869     -6.942     -6.780 4
 155  132      9.754     -5.776      3.497 4
 151   14    -10.482     -8.051     -2.654 4
  80   67      6.807      8.576     -0.209 4
 107  128      3.508      1.801      8.617 4
 206  143     -0.497      5.353      6.950 4
 126  172    -11.160     -9.249      3.573 4
  79  122      4.144     -0.008      5.827 4
 203   60      2.010      2.438     -9.965 4
 197  111     -6.516     -2.832     -2.835 4
  42  144     -5.046      1.168      3.835 4
  -1   -2      9.083     -1.225     -2.667 4
 103  107      2.146      7.704     -3.385 4
  97  131      6.098    -10.358     -0.208 4
  10  181      0.809      5.051      7.465 4
 121   58     -3.292      9.748      4.594 4
 180  130    -11.728     11.324     -2.714 4
 119  125     -3.779    -10.564      1.557 4
 131  169      0.342     11.598      1.007 4
 109  199      4.799     10.288      9.555 4
  74  183     -6.963      9.212     -3.023 4
 143   38      0.935     -5.150     -4.542 4
  71  100     -7.450     -5.768     -6.101 4
 147  160     10.674     -0.073      3.558 4
  -1  142     -6.159     -3.682      7.650 4
 157   23     -7.228     -6.110     -2.476 4
  46   66    -11.808     -5.552     -3.712 4
  56  192      0.193     -3.674      1.314 4
 113  171      1.320     -0.897      6.586 4
 116  166      4.957     10.788     -7.830 4
 188  158     -6.165     -7.562     -2.508 4
  53   57     -4.825      3.782      2.361 4
  -1   -2      9.873     11.534      1.671 4
 160  116    -11.410      1.940      1.262 4
 142  119     -7.496     -8.401     -0.634 4
 145  165     -8.682      4.671     -8.567 4
 150  121      3.156      1.695      6.537 4
  27  146     -1.491     -7.675     -6.048 4
  -1   -2     11.420     -8.741      1.547 4
  14   72      6.662      9.723     -4.563 4
  -1   -2      0.947     11.946     -0.769 4
 132  202      8.677      2.826      2.532 4
 138   81     -5.479      2.923      9.373 4
 152  139     -1.226     -0.490     -7.925 4
 165  152      0.879      7.139      3.877 4
 100  129     -9.061     -9.115      4.335 4
 137  168     -6.066      6.439      8.836 4
  98  164      3.860      6.643      8.211 4
 189   -2     -8.796      0.859      3.044 4
  -1  140      5.780     11.468      6.530 4
 172  154     -6.539     10.553      3.288 4
  90  156     -0.295      0.615     -9.711 4
 175  178      9.376      8.472     -7.689 4
 182  175     -5.443     -4.376     -0.759 4
 102  198     -4.394      4.963     -4.395 4
 174   36     -6.472     -2.946      5.501 4
 192  153     -5.816      5.862     -6.235 4
 181  157      1.777     -5.721      4.266 4
  68  184      4.689      5.901     -7.766 4
 193   12     -5.393     -5.191     -3.484 4
 185  136      0.132      6.037     -0.299 4
 171  163    -10.917     11.503     -9.026 4
  43   95     -3.334     -6.689      9.619 4
 159   -2      0.517     11.581     -7.265 4
 163  150      3.834    -11.139      5.200 4
 208    7     -2.360      1.214      1.983 4
 166  133    -11.354    -10.404     -7.944 4
 122  201      6.488     10.894      9.031 4
  -1   -2      0.082     11.769     -3.046 4
  -1   -2     -6.538      5.313      4.401 4
 112  179    -11.702     -8.684     -4.635 4
  -1   -2     -2.395     -4.996     -0.952 4
 158  174     -6.209     -3.681     -4.750 4
 177  185     -6.275     10.768      3.679 4
 168  155      3.947     10.542     -4.796 4
 204  167     -1.034      8.498      9.341 4
  -1   83     11.376      9.404     -0.821 4
  -1  170     -7.439      1.385      8.690 4
  15  161     -2.630    -11.021      1.297 4
  -1   54     -8.004      0.642     -4.674 4
 139  204     -5.762     -0.292      6.706 4
  -1   64    -11.295      5.179     -9.348 4
 176  145     -7.994      5.271     -8.842 4
 173   94      7.889     -1.443     -6.975 4
  -1   -2     -4.454     -9.978     -1.549 4
 170  207    -10.510      0.751      4.269 4
 162  176      6.262     -0.410     -2.266 4
 124  108     -1.011     -4.689      2.873 4
 184   -2     -8.162      0.689     -5.024 4
  -1   -2     11.346     -7.555      2.788 4
 207  189     -8.513      2.344     -6.687 4
  -1   -2     11.393     -6.182     -0.776 4
  -1   -2     -6.242     11.608      0.507 4
 156  205     -6.219    -11.522     -6.990 2
  96  197      7.017    -12.205     -8.496 2
 199   69      5.448     -1.530     -1.294 2
 194  209    -12.312     -7.442     -5.682 2
 133  203     -6.036     -3.319      9.747 2
  85  195      3.768      6.661      5.834 2
 135  186      0.308    -11.374      6.618 2
 186   40     -3.883      5.170      8.557 2
 106   74     -1.270      7.071     -4.504 2
  75  194     -1.177      3.831     -6.989 2
 167  206     -8.032     -7.701      2.656 2
 201  210     -3.210      6.170     -8.151 2
 209   -2    -11.603      5.482     -6.178 2
 210  211     -9.855    -12.481     -9.246 2
