214
   1   12     -0.023     -1.207      4.833 4
  13  112     -4.936     -5.048      4.220 4
   0    2      3.207     -2.077      1.924 4
  15   41      1.642     -7.117      0.939 4
  27   27      3.261      1.388      3.472 4
   4   17     -5.047     -3.695      9.562 4
  46    9      6.280     -4.598     -5.228 4
   6   28     -8.996     -2.091     -1.801 4
   9   16     -9.296     -1.087     -0.502 4
  47   10     -6.256     -7.109      4.809 4
   2   13    -10.734     -1.256      0.828 4
  21    0      3.058     -2.612      3.125 4
  48   15      3.309     -1.317     -8.354 4
   8   62     -2.740    -10.370      7.893 4
   5    4      7.450     -7.561      1.566 4
  19    6      4.182     -5.663      0.895 4
  12   26      2.544     -9.352     -4.367 4
  16   29     -6.739     -9.594      4.529 4
  59   53     -3.166    -11.040      7.902 4
  38  100     -9.089      4.809     -0.535 4
  18    8      1.313     -6.805     -5.960 4
  -1   11     -9.177     -9.738     -9.948 4
  31   20    -10.406      0.779     -7.598 4
  75   31     -5.553     -5.736     -6.118 4
  36   35     -5.833     -0.314     -9.211 4
  14   25     -1.663      2.125     -6.946 4
  54   67     -7.748     -8.313      6.426 4
  24   55      7.753      9.272     -7.177 4
  26   21     -4.849      8.536      0.319 4
   3   23      0.425     -9.794      5.388 4
  71   47    -12.202     -8.295     -6.635 4
  70  156      3.914      9.303      8.433 4
  67   33     -2.769     -4.103     -6.057 4
 112   54     -6.129     -2.908      3.056 4
  45   81      9.555     -0.166      3.450 4
  20   56     -0.475     -8.755     -0.240 4
 168   39     -8.451      3.059     -3.706 4
   7   58     -9.999      2.170     -2.912 4
  37   74    -11.628      7.361     -6.719 4
  74    3      9.969    -10.762     -7.171 4
  49  187     11.711      1.785      0.165 4
  64   32      3.758      0.803      0.638 4
  43   64     -4.214      0.785      2.438 4
  53   77      2.891      2.746      5.244 4
  33   22      4.601      1.760      9.882 4
  -1  128      4.592     -0.091      9.990 4
  95   24      9.836     -3.025      0.408 4
  51   66      1.285     -1.828      0.909 4
  23   36     -1.806      7.455      5.383 4
  10   70    -10.266      2.073      3.668 4
 171   44      2.438      0.596      8.056 4
  83  113      0.383      1.865      5.309 4
  52   46     -6.214      8.932      5.716 4
  69   78     -5.322     -7.632      6.793 4
  76   85      1.905     10.517      7.060 4
 128  126     -1.625     -1.347     -2.480 4
  35   45    -11.470     -9.925     -1.018 4
 107   19      2.830      4.860      6.367 4
  11  117      7.329      5.301      2.751 4
 140  122      1.168     -7.309     -5.842 4
 106  102      3.390      5.061     -9.508 4
  42  101      8.995     -8.286     -1.391 4
  25   61     -9.946     -2.244     -9.392 4
  32   80      3.751      3.919     -5.790 4
  65   79      2.621      7.367     -7.862 4
 174   -2      2.130     -8.349     -9.987 4
  56    5      4.248    -11.014      9.735 4
  41   30      1.353     -5.666      1.359 4
  68   -2     -9.895     11.774     -9.965 4
  58   18      9.399      2.864     -1.824 4
 133  169    -10.551      6.216      5.180 4
  44  125     -7.598     -3.119      2.052 4
 103   63     -0.289      0.619      6.945 4
 108   92     -2.327     -9.282     -1.453 4
  66  130      0.932      4.803      6.209 4
  90   60     -5.164      5.383      9.129 4
  50   72     -2.747      6.542     -4.790 4
  -1  120      1.853     11.993      0.228 4
 135  162      4.635     -6.882     -2.606 4
  80   99      9.453     11.281     -7.114 4
  92   14     -6.379     -6.714     -0.359 4
 111  115     -1.786      2.902     -3.881 4
  40   76      6.619      1.965     -3.323 4
  72  188     -8.683     -8.859     -5.731 4
 105   68     -2.232      4.051      3.536 4
  86   84      6.231     -3.511      1.207 4
  91  127     -8.338      0.632     -3.933 4
  57  134     -1.392      1.361     -8.629 4
  30  131    -10.079      4.203     -1.612 4
  -1   -2      0.215      0.955      8.244 4
 131  124     -6.830     -8.851     -4.744 4
  82  108     -8.139     -6.007     -9.494 4
 182  140      9.699     -5.329      4.373 4
 104  137      6.883      1.824      3.554 4
 119  114     -3.004      9.894      2.071 4
  94   73     10.497      9.894     -4.497 4
  61  195    -10.598    -11.277      5.154 4
  79   75     -3.598     -2.131      1.288 4
  81  197     -5.323      6.476     -7.335 4
  34  176      3.938      5.927      9.953 4
 154  164      3.500     -3.694     -7.508 4
 114  135    -11.024    -10.703      2.477 4
 146  179      5.729    -11.073     -8.626 4
  22  180      3.778     -1.878      9.521 4
 122  139    -10.926     -0.731     -5.392 4
 150  116     -1.873      3.939     -8.392 4
 109  121     -6.511     -7.859     -0.864 4
  -1   -2      7.003     -2.458     -2.366 4
  77   42     -0.211     -2.681     -1.697 4
 116  110     -1.986    -11.585      1.527 4
 129  148     -2.748     -0.254     -0.089 4
  89  132     -9.101      5.524      8.321 4
 100  103      2.318      7.965     -2.944 4
  73   93      3.385    -10.240      6.269 4
  88  171     -6.806      8.281     -4.518 4
  -1   -2     10.379      1.020     -9.630 4
  99  157     -4.635      6.949     -6.454 4
  -1   -2     -0.329     10.529      1.031 4
 110   59     -3.893    -10.489     -2.021 4
 121   95     -3.652      7.604      5.395 4
  78  123      3.584      4.611     -7.997 4
  63   43      5.373     10.300      0.353 4
 149   89     -7.621      5.860      3.201 4
  93  207      2.644    -12.190     -5.740 4
 115   50      0.758      3.656     -4.014 4
 125   98    -11.028     -7.438      3.537 4
 102   65      5.281    -11.723     -9.734 4
 138  172     -9.945     -2.424     -2.599 4
 132  150    -10.218      8.371     -1.746 4
  97   83     11.746      7.668      1.732 4
 127  106      0.692     10.107     -5.615 4
  98  144     -8.267      1.332     -5.151 4
 123  145     -4.016      9.869     -6.158 4
  84   94    -11.074     -4.303     -1.950 4
 113  105      1.502     -1.102     -7.388 4
 179   37      2.449     -9.565      1.571 4
 117  190      9.136      8.736      8.071 4
 145   87      0.309     10.257     -0.081 4
  -1  151      2.675     11.035     -4.052 4
 134  138    -12.031     -6.364     -4.067 4
  96   91      3.797      8.998     -9.534 4
 163  177      4.293    -10.819      6.568 4
 169  160      4.690     -3.489     -6.662 4
  -1  154      6.898     12.186     -7.581 4
 167   34     -0.646     10.262      3.123 4
  -1  133      3.780    -11.985     -3.722 4
  62  119      3.548     -4.946      3.524 4
 144  152     -5.850     10.482      8.296 4
 164   90    -10.140      3.744      1.753 4
 136  155    -11.118      8.828     -2.805 4
 118  147      2.252     -0.216      6.049 4
 141  158      5.191     10.838      8.335 4
 188  168      2.697     -6.367      5.458 4
 130  159     -4.782     -8.706      8.504 4
 137  146     -2.500      3.867      9.854 4
 197  210     10.720     10.820      4.717 4
 120  208     -4.431     -5.151      4.440 4
 156  161      9.321     -5.187     -4.505 4
 143  129     -1.830     -1.015     -2.571 4
 148  174     -3.483     -9.992      8.854 4
 158  166     -4.420     -2.822     -7.406 4
 139   51      4.646    -10.957      9.824 4
 126  149     -1.323     -5.504      1.879 4
 151  173      3.083     10.838     -7.662 4
  17   48      4.992     -0.404     -5.672 4
 160   -2     -5.870      7.150     -5.597 4
 124  178      6.594     10.545     -3.128 4
 165  175     -3.787     -3.620     -7.892 4
  87  181    -10.807      4.758     -6.942 4
  29   -2      7.248     -0.103     -9.755 4
 153   97      4.272      9.106     -7.574 4
 213  104      5.420    -11.244     -3.682 4
  -1   -2     -8.106      2.829     -3.747 4
 162   -2     -0.874      1.112      8.125 4
 184  186    -10.876     -8.809     -9.838 4
 175  182      7.583      1.565     -0.371 4
  85  191     -8.004    -12.066     -5.534 4
 178   96      0.771     -8.413      9.601 4
 181   38      7.119      3.189     -9.241 4
  -1   -2     -4.467      1.005     -2.913 4
 172   88      7.626     -3.787     -6.487 4
 203   40     -5.530     11.935      1.757 4
  -1   -2      6.546     -2.407      1.194 4
 217  184     -2.912     -8.527      1.035 4
  -1   -2     -2.551     -8.647     -8.872 4
 200  202     -5.569      0.316     -7.280 4
 214   -2      0.707     -8.580     -7.784 4
  -1   -2     11.329     -3.544      1.707 4
  -1   -2      6.757      0.913      7.395 4
 190   -2      6.514      5.429      7.540 4
  -1  194    -11.644     -1.736      9.151 4
  -1   -2      4.416      0.640      7.725 4
  -1   -2     13.901     -6.313     -2.072 4
  -1   -2    -12.403      2.402     -2.221 4
  -1   -2     12.785      3.441     -1.234 4
 177  209      2.238    -10.956     -3.982 4
 194  200    -11.907      5.398     -8.385 4
 196  201    -11.374     -4.824      4.743 4
  -1   -2    -10.134     12.060     -2.418 4
 209  212     -6.466     -3.092     -8.479 4
 216  142     -8.209      2.727      7.999 4
  39  206     -3.024      4.338      9.971 4
 210   69      6.825      2.982     -0.328 4
 192   -2     -5.341      6.931      6.865 4
  55  107     -3.265      2.700      4.984 4
 173  163      5.412      1.405     -6.436 4
 147  165     10.475      8.749      4.763 4
 212   57      1.934     -7.866      6.316 4
  28   -2      2.085    -12.275     -6.397 4
 191   -2     10.015     -9.902      7.885 4
 215  213    -12.723      7.174     -0.777 4
 193  193     12.493     -8.260     -0.512 4
 206  211    -10.383     -4.021     -0.056 4
 218  214    -12.888      1.282     -3.542 4
