247
  92  100     -7.634      3.275      6.253 4
  17   -2     -3.358     -0.291     -6.700 4
  61   87      1.899     -7.512      4.746 4
   5   85      0.886     -2.525      0.449 4
  34  149     -1.569      1.199      2.828 4
   4   22     -6.469     -9.783     -3.644 4
  28    9     -1.011     -5.052     -2.482 4
  42   42     -9.808     -7.233      2.588 4
  37   40     -0.952     -7.395      4.686 4
  73   19      0.352    -11.239     -0.043 4
  19   26     -4.200     -6.569     -6.986 4
  29   23     -9.557      2.842      3.556 4
 123   66     -9.364     -4.846     -4.026 4
  33   17      0.184      4.797      4.744 4
  56   43     -6.522      4.109     -2.708 4
 119    0     -7.531     -9.741     -8.998 4
  23   14     -7.229      7.871      0.446 4
 113   12      4.789     -5.059     -1.901 4
 108  130     -1.655      0.030     -8.626 4
  50    4     -5.532     -2.587     -0.286 4
  89   65      1.713      5.843      1.938 4
  18   64     -1.861     -5.544      3.691 4
   0   41      1.614     -8.930     -6.672 4
  32    6     -5.416     10.228     -7.950 4
   1  219      9.267     -2.715     -2.453 4
  58   80     -3.049    -11.181      4.813 4
  26   38     -3.608     -5.406     -4.934 4
  69   96      8.151     -3.161      5.525 4
  16   61      7.151    -11.085     -2.095 4
 176  110      2.489     -7.882      4.064 4
  57    1     -4.662      5.220      3.752 4
 112   37     -6.125     -1.102     -1.594 4
 237   35     -5.136      2.158      3.578 4
  15   10      1.437      3.165      1.250 4
 129   -2     11.107    -11.515     -3.645 4
  10   44      7.951      6.653     -3.527 4
 136  145     -2.589     -1.875     -6.576 4
  94  207      6.470     -3.663     -1.057 4
 117   27      7.754     -6.957      2.150 4
  53   16     -4.145     11.040      8.726 4
 121  164     -0.628      9.689     -9.795 4
 107   89      4.245      4.925      5.079 4
  81  188     -7.009      1.746     -1.807 4
  63   63      1.140     -4.116     -6.823 4
  64   74      3.946     10.127      1.034 4
 156   25      8.446     -6.201      5.734 4
   3    3    -11.351      1.623     -3.690 4
 173  127     10.454     11.133     -5.271 4
  71   73    -10.266      6.595     -7.819 4
 152   20     -0.069      3.276      2.724 4
  30   24      1.434      4.301      0.535 4
  93  101     -2.557    -10.271      7.799 4
 137   60     -4.716      6.712      6.908 4
  85   72     -1.479     -3.974      9.471 4
  -1   90     -2.735     -0.591      1.245 4
  60   53     -5.326     -9.328      5.317 4
  77   30     -5.811      2.243      1.178 4
  95   47      9.669     -3.345      1.041 4
   2   45     -7.507     -1.854      0.063 4
  48   70      8.989      5.336      3.517 4
  22    5      7.374     -6.670     -3.277 4
 127  146     -1.576      9.655     -4.487 4
  47   34     -2.786      4.894      5.886 4
 215  143      4.560      4.484     -9.049 4
  44   84     -5.578      7.728     -8.322 4
 101  111      3.493      5.371     -0.593 4
 139   28      8.816     -0.710      1.881 4
  68   54     11.139      0.936     -8.084 4
  90  223     -7.346     -2.587      5.239 4
  88   82      6.882     -9.478      5.001 4
  55   51     -1.644     10.281      1.782 4
  78   46     -1.272     10.638     -1.810 4
  67   32     -1.591     -4.957     -7.258 4
   6   75     -9.152     -7.314     -2.479 4
  72   94      2.754     -9.008      4.574 4
  84  140      5.014    -10.335      9.534 4
  86   57     -3.774     -1.497     -0.563 4
  43   56     -9.767     -4.415     -2.047 4
 125    8     -6.770      6.070      8.507 4
  97  116     -9.365      8.718     -6.261 4
 159  118      6.605      0.506      4.523 4
  -1   -2      8.647     10.198      8.066 4
  39  126      7.710     -8.455     -9.197 4
  24  112      9.319     -3.344     -8.327 4
  21   48    -11.162     -6.195     -4.160 4
  75   81      5.099    -10.282      0.498 4
 224  114      1.942      2.132      8.752 4
 131   88      9.167      8.442     -1.206 4
 204  235     10.523      1.809     -3.520 4
   9   95     -0.905      4.478      3.090 4
 161   39      2.025     -0.633     -1.436 4
   7   86      3.534     -5.943     -3.820 4
 140   55     -4.258     -3.847      4.407 4
  65   52     -4.116      3.746      9.125 4
  59  209     -5.064    -12.109     -8.389 4
  38  115     -6.915      2.101      2.330 4
 135  168      5.165      5.462      1.970 4
  66  102    -11.527     10.258     -2.036 4
  -1   -2      7.502      0.605      7.454 4
   8  123     -1.411      7.108     -7.156 4
  45   49     -2.268      6.098      8.708 4
 130  128      6.168      4.868     -6.305 4
  51  129     -4.847      2.904      6.230 4
 103  133      4.595      1.609      6.439 4
  31   59     -7.380      5.557      1.003 4
  27   13     -6.114      7.299      4.891 4
 230  240      4.860      4.718     -8.849 4
 100   98      0.107     -5.868      4.927 4
 241  179     -0.354      2.323      7.097 4
 153  189      1.579     -9.953     -4.420 4
 128  134      2.905     -5.104      0.646 4
  98   11      8.122      1.843      5.792 4
  -1   -2     11.684      8.849      0.087 4
 111   68      1.998      9.326     -4.174 4
  35  203      1.659      1.882     -2.720 4
  83   69     -2.572      0.735     -2.031 4
  87   67      9.550      2.080     -2.894 4
  25   15     -8.165      5.118     -7.837 4
 228   97      2.763      0.630     -2.565 4
 157  108      4.315      8.137      3.639 4
  11  220     -1.202      0.316      3.687 4
 245   33     -4.102      3.809     -7.713 4
  82  105      2.242      7.611     -2.282 4
 126  124     -4.897     -3.634     -3.639 4
  13  176     -9.598     -6.311     -6.223 4
  -1   -2     11.769      5.838      0.341 4
  80  154      2.494      3.739      5.147 4
  54   76     -9.507    -10.563     -8.444 4
 109  135     10.228      8.568     -7.728 4
  -1   -2     -6.533      5.278      1.944 4
 160  171      8.389      3.503     -3.925 4
  -1   -2      6.945     10.940      5.880 4
 118  152     -6.975      3.353     -9.241 4
 172  158     -2.258      2.509     -5.767 4
 105  142    -10.942     -1.556     -5.460 4
  -1  104     -7.927     -0.622      1.483 4
  70  222     -2.521     -0.429      2.521 4
  96   71      1.777     -0.917     -1.228 4
 133  136     -1.949     -7.200      4.550 4
 120   -2     -3.950      0.924      7.693 4
  -1  151     10.317     10.565     -1.997 4
 151  137      4.452      6.601     -5.120 4
 166   -2      3.186      9.062     -7.820 4
 182  200      4.236     -5.431     -0.969 4
 115  225     -0.957     -9.395      2.143 4
  49   62      0.391      9.452     -5.529 4
 145  160     -7.060     -6.820     -2.301 4
 158  227    -12.084     -4.612      0.970 4
 181  229     -3.330      8.889     -8.056 4
  -1   -2      7.961     10.043      4.355 4
 177  132     -6.201     -5.424      4.215 4
 138  117     10.858     -0.112     -3.589 4
 134  139      0.553      9.186     -9.703 4
 207  181     -3.467     -3.433     -8.213 4
 165  103     -1.907      5.185      2.374 4
  14  163      2.131     -8.793     -9.773 4
  79  161      7.216     -7.980     -2.748 4
 149  190    -10.112     -3.048     -0.688 4
 167  138    -11.169      9.528     -9.627 4
 168  121     -8.738     -2.561     -4.003 4
  -1   -2      7.842      8.530      5.223 4
  -1  165     -4.840      2.397      7.763 4
  99  224      9.014     -3.891     -7.539 4
 116  120     -6.220      7.089     -8.760 4
 174   93      8.615     -1.617     -4.011 4
 164  153     10.276     -5.886     -2.135 4
  -1   77      8.040      4.071     -8.389 4
  -1   79      8.902     -5.449      8.247 4
 175  193    -10.783      5.329     -2.386 4
  -1  186      3.152     -0.353      2.566 4
 155  162      5.939     10.654     -9.646 4
 183  172     -4.034      4.995     -7.193 4
 154  191     -7.548    -10.434      9.755 4
 234  205     -6.210      1.330      6.544 4
 185  175    -11.095      2.530      2.501 4
 189  230     -9.467    -12.040     -6.702 4
  52  187    -10.283     -9.803     -0.973 4
 178  173      0.111     -6.476      6.106 4
 150  174     -5.538     -5.619      3.064 4
 180  197      8.104     -0.866      2.136 4
  40  180      7.744    -10.366     -2.856 4
 184    7     -0.525     -9.672     -9.183 4
 122   58      9.755      0.975      1.347 4
 146  217      3.367      8.665      6.937 4
 124  177      1.137      2.032      6.354 4
 104  119     -9.595     -8.038     -8.459 4
 141  157    -11.332      5.106     -5.373 4
 195  167      1.889     -2.623      1.278 4
  -1   -2      5.943     -0.264      9.890 4
 170   91      4.702      2.026     -5.496 4
  20    2      6.044    -11.504     -7.774 4
 188   -2      0.566    -11.681      1.222 4
 203  199    -11.847     -8.049      2.341 4
 132   99      5.982      7.294     -5.332 4
 213  150      1.396      7.632     -8.668 4
  76  198      3.221     -9.053     -0.743 4
 190  231    -10.941    -11.909     -6.088 4
 242  208     -3.453    -11.565     -4.555 4
 201  185     -8.254     -7.352      5.215 4
 187  166     -1.861      1.496      0.593 4
  -1  169     -7.214     -0.657      3.610 4
 205  204     -5.080    -11.235     -3.905 4
  -1   -2     11.280    -11.577      2.931 4
 142   -2      0.777    -11.560      9.156 4
 196  131      9.321     11.259     -6.920 4
 222  107      0.607     -1.689     -0.085 4
 208  206    -10.038    -11.322     -0.658 4
 209  156      3.598     10.043      4.641 4
 220  183      3.248     -6.883      7.463 4
 197   -2      1.278     10.494     -9.824 4
 232  196      4.110      3.827      9.868 4
 169  228     -2.047     -0.060      6.202 4
  -1   -2      7.504     -5.719      0.287 4
 210  214     -8.556     -6.485      2.228 4
 102  170     -2.013      5.891     -3.845 4
 200  233      8.485     -2.880      9.020 4
 206  210     -7.303     -6.502     -1.824 4
  -1   -2     10.455    -10.202     -2.398 4
 211  213    -11.095      0.950      2.992 4
 212  236     -8.899      4.660     -7.568 4
  -1   -2    -10.682      5.702      1.189 4
  12   -2     11.263     -3.092     -9.029 2
  62   92     -4.799     -2.431      8.774 2
 225  238     -7.400     -3.263      1.308 2
 171  122      0.962      0.653     -7.724 2
 198  232      2.410     -9.197     -3.093 2
 114   -2      2.990    -11.973      2.883 2
 226  239      0.981      6.807      5.766 2
 217  147      4.118     -1.679     -8.072 2
 179   -2     11.689    -12.012      1.307 2
  46  221      2.359      2.222     -1.216 2
 110  215     -5.500      5.378     -4.247 2
 148  226      6.896      0.871      5.895 2
 214  141    -12.179      1.417     -6.751 2
 239  195     10.716      2.091     -7.535 2
 199  202     -0.821      7.247      9.808 2
 229  184      7.495      8.998     -5.988 2
 202  234     -0.058      7.632     -5.327 2
 235  182    -11.718      3.454      2.172 2
 233  241     -8.639     -7.864     -4.483 2
 236  211      7.172      8.735      3.121 2
 227  192      1.611     -5.697     -3.918 2
 223  237    -12.331      6.904      0.459 2
  91  155     -0.229      6.653      5.214 2
 192   -2      8.984      4.472     -9.976 2
 238  109      7.078     -9.248     -9.438 2
 244  242     -5.002    -11.352     -2.678 2
