239
  32  204     -1.734     -5.149     -7.209 4
  42    9     -9.922     -7.525      2.642 4
  37   88     -6.250     -1.402     -1.701 4
 107   54      0.322     -2.623     -0.318 4
 220    1     -1.727     -0.553      3.631 4
  -1   11     -3.384     -0.495     -6.826 4
  64   19     -2.192     -6.331      3.474 4
  45   14     -7.647     -2.144      0.008 4
   9   18     -1.218     -5.657     -2.700 4
  43   25     -6.820      3.834     -2.979 4
   4   82     -5.644     -3.020     -0.429 4
  22   62     -6.725    -10.231     -3.669 4
  38   21     -3.819     -5.678     -4.976 4
  26   65     -4.420     -6.814     -7.016 4
  25    4      8.119     -7.569      5.503 4
   3   51    -11.483      1.446     -3.761 4
  57   80     -3.894     -2.047     -0.756 4
 186    6      2.485     -1.395      2.614 4
  24   34      0.707      3.582      0.641 4
  65   28      0.955      5.283      1.945 4
 140  188      5.103    -11.076      9.548 4
  20   56     -0.734      2.588      2.681 4
 207   71      5.931     -4.968     -1.117 4
  -1   -2      7.897      7.881      8.010 4
  63   42      1.100     -4.385     -7.000 4
  82    8      6.665    -10.763      4.958 4
  14   20     -7.664      7.490      0.305 4
  12   59      4.534     -6.097     -2.127 4
 101   68     -2.641    -10.764      7.944 4
  16   45     -4.518     10.955      8.656 4
  10   40      0.748      2.422      1.329 4
 129  118     -5.255      2.409      6.316 4
 181  130     -3.543     -3.609     -8.141 4
   7   17     -0.864    -10.043     -8.974 4
  44   61      7.291      5.487     -3.896 4
  23   52     -9.875      2.637      3.578 4
  72  192     -1.579     -4.428      9.444 4
  40  100     -1.203     -8.150      4.649 4
  -1   -2      7.605      0.396      4.801 4
 115   79     -7.307      1.687      2.267 4
  98   87     -0.200     -6.752      4.797 4
  -1   -2     11.543     11.206      2.546 4
   5    5      7.342     -7.575     -3.481 4
  88   35      8.493      6.932     -1.727 4
   8   43     -6.986      5.975      8.592 4
 134  113      2.424     -6.340      0.381 4
  85    7      0.535     -3.566      0.212 4
 117   91     10.347     -1.586     -3.722 4
  75    3     -9.299     -7.559     -2.464 4
  96   38      7.701     -4.512      5.246 4
  -1   86      6.851     -9.083     -9.968 4
  69   22     -2.719      0.253     -2.250 4
  53   44     -5.382     -9.695      5.458 4
  67  119      8.946      0.651     -2.968 4
 100   24     -7.964      3.027      6.403 4
  17   -2     -0.505      4.249      4.544 4
  34   36     -3.336      4.332      5.676 4
  71  123      1.499     -1.807     -1.347 4
  35  134     -5.625      1.554      3.595 4
  70   12      8.241      3.760      3.223 4
  47  125      9.091     -4.770      1.022 4
  62   84     -0.013      9.197     -5.630 4
 110   72      2.132     -9.062      3.972 4
   6   73     -5.439     10.278     -8.039 4
  -1   -2      7.119      6.678      4.995 4
 102  104    -11.759     10.267     -2.145 4
   0   16     -7.599    -10.094     -8.996 4
  30   46     -6.186      1.723      1.066 4
 219   48      8.773     -4.074     -2.475 4
  -1   -2      9.587      1.708      5.368 4
 137  147      3.888      5.992     -5.255 4
  76   90     -9.539    -10.925     -8.536 4
 228   39     -2.400     -0.683      6.229 4
 145  132     -2.587     -2.069     -6.694 4
  74   57      3.161      9.318      0.643 4
 104   83     -8.141     -0.911      1.443 4
  91  144      4.530      1.560     -5.625 4
  97   -2      2.479     -0.115     -2.646 4
  29   60      7.640     10.822     -1.693 4
  46  162     -1.977     10.069     -1.598 4
 203   77      1.391      1.259     -2.781 4
  55  136     -4.481     -4.380      4.365 4
  84   74     -5.662      7.704     -8.445 4
  27   33      7.242     -8.445      2.028 4
  39  131      1.728     -1.506     -1.542 4
  94   75      2.498    -10.084      4.563 4
  51   70     -2.281      9.965      1.936 4
 108  213      3.543      7.390      3.424 4
  73  105    -10.359      6.529     -7.873 4
  92  165     -4.944     -2.749      8.799 4
   1   29     -5.331      4.588      3.712 4
  48   58    -11.295     -6.422     -4.082 4
  -1   30      6.816      9.907      4.476 4
 124   37     -4.994     -3.867     -3.711 4
  31  122     -7.853     11.464     -1.332 4
 152  160     -7.116      3.131     -9.348 4
  66   93     -9.514     -5.064     -4.029 4
  78   96      4.076     -7.003      0.543 4
  -1  103      9.325     -3.944     -8.802 4
  -1  174     11.108      3.884     -0.230 4
  -1   -2     11.060      6.736     -0.274 4
  81  210      4.874    -11.533      0.264 4
 188  153     -7.230      1.457     -2.028 4
 139   -2      0.469      9.209     -9.968 4
 120  110     -6.325      7.041     -8.901 4
 122   47      0.957      0.463     -7.905 4
  93  154      8.267     -2.719     -4.184 4
 164   -2     -0.670      9.733    -10.001 4
 168   92      4.410      4.568      1.809 4
  -1   -2     -7.693      4.807      1.820 4
  56   50     -9.883     -4.617     -2.037 4
 105  114      1.457      6.834     -2.212 4
 146   89     -1.968      9.355     -4.489 4
  89   32      3.487      4.098      4.993 4
  54  157     10.962      0.143     -8.538 4
 132  155     -6.343     -5.800      4.218 4
 133   66      3.926      0.579      6.281 4
 127   63      9.815      9.956     -5.476 4
  -1   -2      9.357    -11.491      1.911 4
 130  108     -1.681     -0.172     -8.741 4
 135   67      9.640      7.607     -8.078 4
 111  214      2.672      4.492     -0.488 4
  60  135     -5.140      6.347      6.835 4
 116  111     -9.434      8.728     -6.387 4
 109   26      6.802    -10.076     -9.238 4
  -1  158      2.359     11.995     -4.578 4
  41  205      1.405     -9.269     -6.583 4
  -1   -2     -0.618      6.166      7.028 4
 114   95      1.565      1.669      8.625 4
  -1   -2     10.725      2.746      4.312 4
  95  173     -1.608      3.863      3.029 4
 160  121     -7.237     -7.125     -2.380 4
  80   -2     -3.166    -11.731      5.008 4
 103  212     -2.646      4.595      2.341 4
  19   -2      0.051    -12.081     -0.065 4
 193  163    -11.056      5.227     -2.479 4
 171  180      7.808      2.279     -4.085 4
 131  115      8.677     10.311     -7.101 4
  68   78      1.265      8.692     -4.230 4
 223  229     -7.510     -2.889      5.206 4
 136   99     -2.166     -7.864      4.529 4
 169  149     -7.477     -0.985      3.625 4
 172  129     -4.190      4.871     -7.408 4
 217  175      2.532      7.857      7.007 4
 150  145      1.257      7.599     -8.908 4
 229  151     -3.361      8.898     -8.161 4
  49  206     -2.631      5.875      8.557 4
  -1   -2      7.297      8.123      4.063 4
 142  170    -11.070     -1.757     -5.523 4
 167  224      1.349     -3.816      1.133 4
 153  133      9.959     -7.219     -2.148 4
 221   41      1.785      1.302     -1.123 4
 177   -2      0.572      1.298      6.251 4
 238  116     -7.548     -3.619      1.250 4
 165  169     -5.118      2.089      7.885 4
 202  146     -1.265      7.034      9.795 4
 119  139     -9.702     -8.351     -8.401 4
 173  179     -0.052     -7.221      6.060 4
 210  172     -7.456     -6.787     -1.873 4
 232  102      2.311     -9.989     -3.229 4
 154  141      1.791      3.068      4.972 4
 121  117     -8.816     -2.790     -4.020 4
  52  207     -4.332      3.575      9.133 4
 211  167      6.429      7.346      2.729 4
 200   55      3.921     -6.616     -1.237 4
  -1   -2     10.550     10.520      4.283 4
 197  120      7.500     -2.166      2.073 4
 185  166     -8.339     -7.655      5.273 4
  -1   -2      6.271      8.829      5.695 4
 175  150    -11.330      2.355      2.493 4
 176    0     -9.762     -6.505     -6.151 4
 234  193     -0.407      7.338     -5.481 4
  33  107     -4.217      3.654     -7.932 4
 157  159    -11.479      5.013     -5.455 4
 205  178     -6.548      0.980      6.807 4
 195  152     10.403      1.131     -7.927 4
 239  143      0.265      6.345      5.641 4
   2   -2      5.838    -12.200     -7.695 4
  -1   -2      0.521    -10.284      2.013 4
 190  191    -10.245     -3.266     -0.719 4
  77  209      7.743      3.597     -8.885 4
 118   69      6.013     -0.634      4.240 4
  58  168      9.118     -0.516      1.169 4
  87  124      1.605     -8.578      4.659 4
 183  148      3.184     -7.668      7.385 4
  28  101      8.215     -2.057      1.774 4
  -1   -2     -5.512      4.912     -4.657 4
 184  138      6.894      8.020     -6.421 4
 166  223     -2.289      0.747      0.544 4
 156  185      2.792      9.234      4.449 4
 180  164      7.818    -11.348     -3.188 4
 191  227     -7.625    -10.755      9.833 4
 179  128     -0.781      1.782      6.981 4
 170  112     -2.342      5.571     -3.943 4
 226  194      6.268     -0.418      5.773 4
 204  197     -5.374    -11.839     -3.910 4
 206  187    -10.221    -11.598     -0.728 4
 198   -2      3.021    -10.259     -0.902 4
 123  215     -1.551      7.053     -7.427 4
  -1   -2     -4.205      0.548      7.815 4
  -1   -2    -11.216    -10.285     -5.353 4
 192   97      1.489     -6.206     -4.090 4
 151  220      9.703      8.969     -2.289 4
  79  177      8.720     -6.473      8.101 4
 214  196     -8.718     -6.777      2.281 4
  -1   -2     -3.027      0.428     -3.591 4
 143  218      4.315      4.196     -9.386 4
 213  200    -11.245      0.780      2.958 4
 224  230      8.987     -4.557     -7.957 4
  -1   -2     -3.397      2.269      2.122 4
  -1   -2     -4.238    -11.970     -2.703 4
  61   -2      7.176    -12.169     -2.394 2
  90  211     -3.041     -1.390      1.087 2
 126   -2      7.442     -9.227     -9.319 2
 235  234      9.909      0.360     -3.656 2
  86  186      3.469     -6.549     -4.028 2
 209   -2     -5.165    -12.449     -8.369 2
 128  190      5.715      4.308     -6.533 2
  59  208     -7.873      5.150      0.865 2
  13  203     -6.636      6.873      4.820 2
 240   -2      4.594      4.454     -9.217 2
 222  201     -2.907     -1.236      2.397 2
 227  231    -12.177     -4.816      0.979 2
 163  222      1.752     -9.375     -9.700 2
 161  221      7.176     -8.948     -2.993 2
 138  216    -11.229      9.472     -9.652 2
 230   -2     -9.549    -12.412     -6.793 2
 174  225     -5.741     -6.094      3.020 2
 199  228    -11.948     -8.346      2.376 2
  99   -2      5.377      6.524     -5.510 2
 231  232    -11.038    -12.269     -6.200 2
 233  233      8.237     -3.926      8.996 2
 236  171     -9.037      4.546     -7.669 2
 147  219      4.249     -2.044     -8.349 2
 215  106     -5.779      5.184     -4.547 2
 141  217    -12.257      1.241     -6.769 2
 182  226    -11.973      3.311      2.112 2
 241  235     -8.814     -8.083     -4.522 2
 237   -2    -12.600      6.852      0.409 2
