260
   7    2    -10.457     -3.482     -3.992 4
  13   39     -1.014     -4.790      5.570 4
  62   48     -2.173     -3.744      8.982 4
  21    1      0.206     -0.595      3.628 4
   6   10     -9.230     -1.058     -2.408 4
  30    8     -9.038      3.167     -3.898 4
  27    5      3.013     -4.885      6.636 4
   8    7     -9.906      0.165      0.366 4
   1   16     -4.197     -4.302      6.227 4
  44  128      4.172      5.415      3.364 4
   0   12      1.354     -2.705      9.852 4
 168   17     -4.205      3.701      3.623 4
  24    3     -3.490     -7.638      8.351 4
 116  216      2.729     -6.050     -6.519 4
  40  125     10.916    -10.823      3.143 4
  55   13     10.662      5.205     -3.937 4
  16   20     -8.134     -8.773      1.573 4
  26   82      4.137     -9.642     -6.774 4
  71   42      7.716     -2.926      7.438 4
  98   52    -12.176      1.873     -5.887 4
  45   19      2.024      8.062      8.101 4
  18   81     -2.052     -6.302     -6.816 4
  20  203      6.578     -7.669      7.740 4
   4    4      2.250     -9.136     -7.171 4
   5   51      3.818    -11.461     -8.878 4
  63   32     -3.800     -5.402     -1.924 4
  15   44     -2.156     -6.970      4.496 4
  77  122     -7.903     -6.000      2.034 4
  11   68      4.411      9.729     -0.983 4
  54   46      7.748     -4.771      5.594 4
  79   49     -4.008     -6.860      2.344 4
 192   14      1.531     -0.351     -1.966 4
 208    0      4.958     -8.957     -7.759 4
 195  143     -2.557      5.640      0.046 4
  56   77      6.439      3.079     -3.841 4
   2    9      3.748     -1.559     -6.221 4
   3   15     -5.428    -10.964     -7.448 4
  39  192      8.892     -3.579     -2.629 4
  29   27     -1.628      7.823     -8.256 4
  90   18     -3.675      1.536      3.669 4
  28    6      5.862      8.026     -7.273 4
  33   54    -11.359     -8.722      2.070 4
  25   29     -5.715     -0.434      8.391 4
  78   56    -12.194      7.134     -1.154 4
  58   57     -0.019    -10.377      9.372 4
  52   23      3.696      8.809      1.314 4
 161  163     -9.563      8.706     -1.277 4
  70   72     -6.927     -5.413     -3.053 4
 160   88     -6.994     -7.369      1.858 4
  51   66     -9.862     -9.077      2.341 4
  10   60     -8.349     -4.963      4.086 4
 106  186     10.652     -5.679     -1.356 4
  57   62      9.804     -8.763     -8.656 4
  96  141    -10.743     -4.973     -7.647 4
   9  111      3.737     -9.946      8.579 4
  43   28    -10.082      2.392     -3.914 4
  46   30      1.039     -7.644      5.037 4
  92   63     -8.230      5.392      8.600 4
 212  139     11.082     -1.752     -8.722 4
 119   65    -11.093    -10.832     -5.654 4
 105   90    -12.005      2.600     -3.784 4
  37   69      2.898     -1.018     -6.701 4
 117   40      9.083      2.787     -3.312 4
  87  114     -6.385    -10.888      1.824 4
  23   35      7.462     -5.311     -7.642 4
 123  129     -7.829      3.492     -3.194 4
 139  241      7.061      9.000     -1.178 4
 145  242     10.616     -3.030      2.030 4
 157   11    -10.422     -6.179      0.419 4
  32  123     -2.247     -7.777     -7.466 4
  47   93    -11.539      7.918     -7.829 4
  93   67      8.672      6.698     -1.142 4
  91  206     -1.327     -8.400     -7.788 4
 148  190      4.156     -6.413     -0.148 4
  97   73      9.603      8.241     -4.968 4
 189  109      8.974     -5.806     -8.659 4
 169   83     -0.963      7.196     -6.251 4
 158  149      1.883      6.675     -9.286 4
  84  121     -2.587     -1.866     -8.148 4
  50   64    -11.856      6.470      1.818 4
  81  113      9.439     -9.049     -1.577 4
 111   55     -2.309     10.393     -8.856 4
  14   36      0.852      1.901      1.267 4
 155  106      8.316     -7.537     -0.457 4
  89  126     -3.007    -11.840     -2.941 4
  53   53     -5.172     -5.512      6.352 4
 104   58    -10.069      8.618      5.413 4
  12   78     -1.988      7.393      5.974 4
  99  201      3.635    -11.526      1.591 4
 131   25      9.573     -6.184      1.602 4
 107   80      2.792      1.085     -8.567 4
  60   -2     -4.326     -8.595     -5.479 4
 166   96     -0.348     -6.590      6.613 4
  67  187     -6.783    -11.524     -0.549 4
  64   70     -1.280     -2.740      8.451 4
 222  103      3.632      4.692     -5.360 4
 173   86     -8.819      2.980     -6.826 4
  74   26      5.085     -5.206     -6.741 4
 124  101      7.408      0.073     -9.128 4
 219  167      2.313     10.580     -6.760 4
 153  183     10.767     -5.309      2.776 4
 109  115      3.122      0.874     -1.819 4
 228  127      5.087     11.135     -7.952 4
  75   61      9.155     -7.588     -1.037 4
 129   79      3.462     -3.303      0.676 4
  38   22      3.958      5.418     -5.555 4
 112   47      5.630     -2.886      5.492 4
 133  135     -4.028    -10.346      3.423 4
 138   37     -6.057     -2.081      2.925 4
  -1   45     -0.885     -8.441      4.600 4
  61   38      6.367     -5.931      7.355 4
  94  214      8.261      5.621      3.558 4
 127  131     -0.856      5.285      0.839 4
 103  116      1.527      3.718      2.462 4
 206  148      2.298      7.645     -6.756 4
  31  140      9.578      6.878     -0.840 4
 125  146     -5.905     -5.792      7.346 4
 130  105     -8.715      6.676      3.578 4
 170  174     11.433      9.918     -2.404 4
  19   74      0.250      4.937     -8.796 4
 114  112     11.629     -6.575     -7.427 4
 135   94    -10.207     -2.267      2.985 4
 165   -2      2.441     10.221      9.191 4
 113  100      4.381      2.499      5.954 4
 118  132      2.439      9.878     -8.466 4
 245  177     -3.945      3.870     -3.575 4
  66  118     -8.509      8.000      9.172 4
 122   91     10.367     -0.032     -9.364 4
  -1   -2      5.033     -0.773      6.828 4
 132   97     -4.721     -8.519     -1.850 4
 143  136     -5.821     10.874     -0.502 4
 186   24     -0.257    -11.036     -0.672 4
  17  144      3.378    -10.393     -6.250 4
  49   87     -9.963     -1.674     -3.900 4
 193   76     -0.451     -0.064     -3.070 4
  22  102     -7.721     -5.636     -8.915 4
 100  119      2.209    -11.051      2.967 4
  85   43      4.122    -11.085      1.721 4
 210  196      2.286      1.991      7.242 4
  -1   -2     10.894    -11.413     -1.226 4
 180  169     -2.487      1.312     -4.057 4
 147  222     -1.762      6.504     -8.076 4
 142   98    -11.574     11.096     -7.918 4
  42   99      0.156     -1.068      0.769 4
 128  162     -3.884      5.724     -3.881 4
  86  108     -5.834     11.330      5.047 4
 201  249      9.002      5.262     -7.162 4
  35  175     -1.568     -0.549     -5.092 4
 172  245      3.930     10.944     -9.724 4
  69  204     11.052     11.713     -7.155 4
 144  117      2.268     -1.537      7.847 4
 163  124     -8.813      0.966     -0.351 4
  41  120     -1.196      1.680     -3.958 4
 185  142     -5.329     -5.251     -1.047 4
  -1   50      9.027     11.223      6.740 4
 149  160     -6.759     -7.734     -5.095 4
 140   -2      1.317      8.278     -9.915 4
  -1   -2      4.885     11.658      6.021 4
 110   95     -0.654     -8.936      6.673 4
  -1   75     -2.364     11.657      8.775 4
 162   85      6.926      3.822      0.042 4
  -1   -2      3.131     -8.530     -1.665 4
 182  161     -1.101      2.434      2.106 4
  68   33     -9.874      4.233     -1.661 4
 108  172     -0.508     -9.463     -0.053 4
 175  176     -3.332      8.346     -9.156 4
  36  107     -6.042      2.434      1.967 4
 102  181     -3.047      9.586     -9.882 4
 207  166      5.845     -2.746      8.036 4
 205   89     -7.248     -2.690      8.800 4
  82  185     -3.169      6.976     -9.192 4
 177   59     11.312     10.577     -5.296 4
 167  244      5.389    -11.784     -0.157 4
  -1  138      3.656     -1.127     -9.982 4
  48   -2      9.826     -0.599     -4.658 4
 190  158     -6.837     -7.620      5.859 4
 121  184      8.361     -2.151     -6.754 4
 188  165     -6.255     -4.632      6.481 4
 151  178      2.982      9.419      4.874 4
 196  164      2.852      4.523     -2.541 4
 203  210      2.031      7.354     -6.415 4
 223  205     -1.696     -6.323      3.553 4
 200  191     -5.894      9.036     -1.735 4
 126  198      4.525     -7.949      7.353 4
 211  155     -8.258      7.328     -0.155 4
 179  173      2.019    -10.272      2.531 4
  95  159     -7.772     -9.376      1.513 4
 156  110     -4.647      6.309     -0.050 4
 204  226      2.527     -6.711      8.357 4
 115  195     -7.427     10.316     -7.261 4
 174  151    -11.075      8.841     -2.703 4
 137   34      8.503      1.177     -3.857 4
 220  154      3.141      3.771      7.641 4
 194  247      2.713     -5.486      3.203 4
 215  145      3.970     -8.088      0.435 4
  34   -2     -0.149     -8.770     -5.348 4
 184  150     -1.492    -10.556     -0.298 4
 247  254      4.105      6.482      6.047 4
  -1  180      4.337     11.362      8.933 4
 183   84    -11.043     -9.915     -2.400 4
 150  224      0.261     -2.235     -1.548 4
  -1   -2      1.873      9.852      9.889 4
 176  171    -11.772     -7.823     -0.037 4
 198  193     -5.092     -7.092      2.732 4
 141  223      4.074      9.039      6.179 4
  59   41      7.618    -11.499     -3.397 4
 171  157      5.243      2.638      6.154 4
  -1   -2     10.939      3.134      5.961 4
 217  168     -0.494      9.146      8.358 4
  -1   -2      0.476      9.592     -8.109 4
 191  246     12.269     -2.444     -2.616 4
 136  199    -12.135     10.397      0.243 4
 101  147      8.124     -4.309      4.117 4
  73   -2     -4.370     -7.986      4.981 4
  -1  179    -11.107     11.985     -9.754 4
  -1  104     10.207    -11.326     -4.641 4
 213  215     -2.311      5.292      3.311 4
 209  251      8.529      9.834     -5.536 4
 218   -2     10.570      0.310      4.761 4
 181  207     -8.847      7.496      1.886 4
  -1   -2    -10.483      1.430     -4.359 4
 197  209      5.786      3.937     -9.514 4
 159  243      8.671     -2.274     -6.819 4
  -1   -2      9.096     -6.988      5.238 4
 214  225     10.775     -3.661      4.941 4
 164  202     -3.217      1.687      3.970 4
  -1   -2     -5.275     -7.058      6.550 4
 178  200      9.864      7.293     -2.317 4
  -1   -2      2.431     11.760      2.754 4
  -1   -2     -2.356     -6.056     -9.204 4
  -1   -2      9.380      5.977      0.444 4
 199  197     -4.847      0.011     -8.392 4
  -1   -2      2.866      4.224     -9.220 4
 229  230     -8.810     -4.246      8.538 4
 216   -2     -8.874      1.285     -5.340 4
  -1   -2     11.846      0.291     -0.836 4
  -1   -2     10.362     -0.801      9.082 4
  -1  182      7.258     11.880      6.054 4
 234  170     -4.706      9.575     -1.279 4
  -1   -2     11.250      7.373      4.872 4
  -1   -2     12.209      0.475     -0.864 4
  -1  238    -11.375     -0.179      0.896 4
 239  239    -11.049      3.774     -2.957 4
  76  130      9.332      1.295     -1.257 2
  72  234     11.354     -0.510      3.839 2
  88  236     11.952    -11.970     -4.072 2
 241  253     12.750      3.802     -2.771 2
 243  248     -2.399      5.415      0.060 2
 202  250     10.221     10.717     -9.118 2
 152  211      4.597     -2.089      2.339 2
 221  221     -2.755     -8.278      1.000 2
 242  217      5.681    -11.938     -8.009 2
 240  252     -6.756      7.413     -4.108 2
 248  255     -1.973      7.083      3.039 2
 244   -2      4.136     -7.990      1.200 2
 252  257     -5.172     -1.950      4.950 2
 250  256     -4.036      3.863     -6.081 2
 253  258    -10.104    -10.347      7.057 2
 254  259     -9.521     -8.677      4.649 2
 255  260    -13.013     -7.285     -1.273 2
