218
  -1   39    -10.015     -1.764      4.758 4
   1   32     -3.137      0.369      6.103 4
  22   30      6.656      0.756     -1.140 4
  18   13     -0.692     -7.514     -0.482 4
  33   16    -11.997      0.910     -4.567 4
  15   18     -6.187     -0.226      1.919 4
  37  128     -2.355      6.244     -7.798 4
  13   36     -5.872     -2.001      2.136 4
  20    4      4.407     -2.085     -3.032 4
  75   60     -5.976     -6.919      3.071 4
   6   50    -11.525      3.307     -0.432 4
  16   19     -5.205     -9.221     -4.575 4
 106   52     -8.084     -6.414     -7.212 4
  35   45      4.386     -9.678     -1.199 4
   0    3     -6.667      3.609     -5.551 4
  25   23      2.763      4.606     -6.018 4
  46   -2     -0.157    -11.541      5.652 4
 182  141     -7.930      2.465     -6.475 4
  34   69     -8.824     -3.760     -0.881 4
  80   71      5.795      0.030      9.716 4
  67  101      2.964      2.839     -9.902 4
  78  122     -5.900     10.078     -6.046 4
  47   41      8.750     -0.882     -3.266 4
  44   70      1.099    -10.809     -3.897 4
 160   89    -12.027     -2.206     -6.393 4
   3   83     -6.842      2.398      3.954 4
  74   21      9.023      0.131     -0.964 4
  10    1     -2.438     10.884      7.707 4
  19   10     -1.405     -5.187      2.866 4
  23   65     -7.610     -5.331     -6.035 4
  39   15      2.943     -1.286     -3.065 4
  72   62     -6.804    -11.221     -6.687 4
 162   11     -8.610     -9.634      3.872 4
  17   73     -8.899      6.890     -7.995 4
  94   75     -9.173     -1.297      0.065 4
 138    6      9.608     -0.601     -2.477 4
 128   51     -3.635      4.489     -1.427 4
  21   37     -7.127     -6.082     -2.645 4
  51   87     -1.939     -0.388     -3.004 4
 120  158     -2.440      9.310      4.935 4
  36   25    -11.523     -3.899     -0.678 4
  12   33      3.775     -0.230      0.736 4
  50   85     -1.163    -10.750     -3.490 4
  43  202     -4.709      3.571      2.625 4
  63   42     -8.172      0.128      3.741 4
  53   44     -3.317     -7.861     -3.369 4
  71   88     -4.372      1.764      9.094 4
   9   17      3.134     -7.298     -6.891 4
  49  106      9.392     -9.693     -6.514 4
   8   49     -9.649     -4.393      6.450 4
  42  108     -2.634     -3.047     -6.880 4
  29   27     -7.007      5.798      0.747 4
  86   95     -8.143     -6.560      1.513 4
  66   54     -9.590      4.485      6.216 4
 101   57     -9.641     -3.302     -4.273 4
  -1   29     -8.410     -8.166      2.654 4
 158  102     -1.538      9.475     -7.080 4
  -1  142     -4.195     11.579     -9.865 4
 169  162     -9.146     -9.379      4.470 4
  45  143      2.358     -8.076      2.188 4
 170   14      1.049      5.506      0.114 4
  55  159      2.074      9.219     -6.734 4
 149  177     -0.616      6.698     -3.974 4
  27  161     -0.480     -8.061     -6.578 4
  57   24     -6.157      8.725     -2.938 4
 135  129     -8.940      9.316     -8.462 4
 121   43     -3.306      6.333     -1.554 4
  56   26      6.802    -10.160      8.739 4
 140   34      0.669     -9.910     -4.654 4
  85    8    -10.668     -7.834     -2.457 4
  96  194      8.476      5.913      0.595 4
  83  105      1.463    -12.037     -5.163 4
 113  117      9.652      9.603     -4.653 4
  90  148     -7.394     -2.113      2.874 4
 124   92     -5.163      5.916     -5.971 4
  58   79      9.291      3.076      4.989 4
 196  127    -11.331     11.227     -2.558 4
  65  152     -4.333     -5.120     -0.077 4
 123  170     -9.476     -1.949      1.056 4
  32  201     11.940      6.897     -2.229 4
  61    5      7.161     -5.416     -6.008 4
  -1   81     10.093     -7.919      4.927 4
  89  119     -3.367      8.273     -7.957 4
 110  140     -5.975     -2.719     -2.770 4
  98  112     -6.629     -2.982      5.611 4
  68   78     -7.525      5.245     -8.603 4
  81   68     -3.757    -11.534      0.887 4
 107  113     -3.280     -6.283      9.782 4
  95  206     -1.094      1.179     -7.602 4
  64   82      5.486      1.579     -4.450 4
   2   91     -2.552     -8.852      6.743 4
 117  133     -5.195      6.384      8.719 4
 142  180    -10.442     11.264     -8.640 4
 157   72    -11.846      5.558     -7.111 4
   7   38     -9.507    -10.421      6.288 4
 127  190     -6.288     -7.675     -2.815 4
  -1   64      0.623     11.847     -2.535 4
 111   67     -5.048      1.210      3.996 4
 109   93     -5.914      1.791      0.317 4
 115  104     -4.533    -10.348     -3.714 4
 105   63      6.220     -2.368     -0.329 4
   5  121      6.332      9.912     -7.655 4
 156    2      0.731     -0.619      0.713 4
 112  134      0.379      7.416     -3.026 4
 118   74     -3.252     -1.715     -7.785 4
 150   59      6.980    -10.968      1.742 4
 144   55      3.209      6.704     -2.930 4
  99  135      8.171      8.300     -4.094 4
 134   86     -2.072     -5.536      4.076 4
 131  125     -0.384      0.079     -7.736 4
 213  182     -5.555     -0.176      6.879 4
  26   96    -10.321     -3.356      3.663 4
  87   48     -6.883      3.965      6.808 4
  31    7      7.593     -2.838     -5.824 4
  -1  103    -12.213      0.447     -6.780 4
 132  139    -10.954     -0.665      1.999 4
  24  149      2.702     -0.237      6.485 4
 165  160     -7.743     -8.828     -1.000 4
 103  107    -11.461      1.765      1.303 4
  92   90      4.044      8.207     -3.593 4
 130  118      6.008     11.285     -6.547 4
  73   12     -9.856     -2.686      0.759 4
  93   53     -1.851      1.881      4.298 4
 125  165      4.962     -6.255     -9.136 4
 133  100     -2.115      1.160      2.428 4
 147   31     -1.064     -4.203     -2.369 4
 102   77      0.762     -5.112     -4.278 4
  28  200     -7.204     -4.636      1.609 4
 192   47     -3.907      5.342      5.844 4
 186    0     -0.316     -4.110      2.249 4
  82   80    -11.513    -10.339     -7.724 4
 203   20     -5.362    -10.465     -7.907 4
  69  131      0.721     -3.501      6.847 4
 152  147     -4.897    -11.078      1.227 4
 119   58     -2.529      6.378      4.106 4
 183  187      2.184      6.381      4.087 4
 163  120     -6.140     10.126      3.398 4
  84    9     -7.654      1.267      6.495 4
 153  116     -6.433      5.096      3.348 4
  88  111      5.755      8.525      9.686 4
 174  137      4.329     -3.512      5.629 4
  91   94      1.203     -8.699     -6.556 4
  79  205      5.503      5.450     -7.423 4
 166   99      0.501     -3.450     -9.699 4
 141  166     -4.561      0.499      1.491 4
 168  172      0.702     -8.362      4.045 4
 100  109     -1.637     -7.036     -5.994 4
  48   61     -2.081     -6.640      7.031 4
 177   76     -2.059     -9.173      4.576 4
 126  183    -10.955      5.222     -1.226 4
 167  173     -7.503      0.748     -4.790 4
  70  169     -8.239      4.634     -8.404 4
 159   -2     -9.822    -11.580      2.573 4
  -1  110     -2.678     11.787     -1.919 4
 180  188      1.754     11.595     -6.786 4
  52   97     -5.154     -4.959     -3.637 4
 179  136      7.242     -1.252     -1.092 4
  14  199     -2.840     -9.657     -6.697 4
 173  123     -3.172     -7.312     -3.171 4
  -1   -2      8.610     -6.051     -1.478 4
  41   46     -5.073    -10.333      0.943 4
  40  144     -4.561     10.714      0.997 4
 178  179     -5.816     -3.326     -4.610 4
  59  130      4.607     11.167     -4.765 4
 175  210     -4.643      3.129      9.377 4
 155  175     -3.965      4.865     -4.013 4
 108  157      1.100      4.843      2.366 4
 139  195     -4.912      7.027      8.386 4
 176  189      7.308      9.300      6.827 4
  62  204      3.549     -7.691     -4.011 4
 104  150     10.150      0.776      3.064 4
 146  151     -8.976      0.603      3.625 4
 190   -2      5.249      9.001     -4.643 4
 202  164     -9.687     -6.704      0.357 4
 204  167    -12.003     -8.192     -2.186 4
  -1  191      5.074     11.467      9.343 4
 194  213     -5.309     -4.459     -0.730 4
 171  138    -11.015      5.022     -9.204 4
  30  174     -6.879      1.559      8.956 4
 181  186      1.589     10.365      1.477 4
 116   66     -1.102     -1.428     -1.712 4
 184   56      4.121      4.577      8.441 4
 143  163      3.885     -1.699      5.361 4
 145   98      8.194      6.958      4.020 4
  77   40      7.395     -3.445      6.834 4
 195  214      8.854      4.491     -9.183 4
  -1   -2     -8.865     10.710      2.346 4
 185  211      2.153     10.622     -0.257 4
 161  178      0.228      8.252      9.150 4
  38  171      3.228      0.405      8.546 4
 197  155      0.506      4.424      6.841 4
 191  192     11.055      7.603     -6.533 4
  54   -2    -11.902     -5.350     -3.307 4
  76   22      1.118      3.082      7.241 4
 188  212      5.983     -8.045     -9.204 4
  -1   -2     -4.091     11.875     -8.621 4
 154  208      0.913      4.321     -3.703 4
 211   -2      7.524      8.706      9.554 4
  60  203     10.684      3.232      4.984 2
   4  114     -1.155     -1.312      7.598 2
 114  184     -2.203      4.625     -8.542 2
 205   84      3.471      0.361     -6.957 2
  11  176    -11.132     -5.242     -1.316 2
 207  216    -11.245     -9.391      3.825 2
 151   -2      4.843    -12.090      0.442 2
 201  215     -2.892      5.219      8.197 2
 164  209     -3.863     10.810      9.664 2
 189   -2     10.687      8.773      1.569 2
 208   -2    -11.958     -8.403     -4.438 2
 210   35      4.321      4.531      6.285 2
 193  153     10.412    -10.456      1.078 2
 137  196     -5.950     -3.492      7.789 2
 209  217      0.076     -4.190      1.257 2
 206   -2     11.789     -2.597      3.781 2
 172  193      0.562      0.949     -9.780 2
 212  156     -5.577     -2.989      9.846 2
 148  207     -0.337      4.149     -6.632 2
 214   -2    -10.170    -12.443     -9.203 2
