199
  34    8     -9.675     -1.244     -0.940 4
  12    6     -6.802     -3.904      2.941 4
 167   20      6.706      1.627      2.730 4
  38    4    -11.390      6.762     -7.139 4
  43   38     -9.803     -3.396     -8.912 4
   2   10    -11.226     -1.302      0.631 4
  -1   -2      6.430      0.255     -3.045 4
   4    1     -5.451     -6.076      4.357 4
   9    2      2.290     -7.661     -7.274 4
  77   19      6.724    -10.645      0.337 4
  -1   -2     11.212     -5.116      0.055 4
   8    0     -0.733     -3.019      3.854 4
  20   22      3.500    -10.050     -5.906 4
   1   32    -10.161      2.319     -3.335 4
  58    7     -8.609      2.314      7.715 4
  14   21      0.722      1.870     -6.222 4
  42   23      1.621     -8.629      0.310 4
  40  109     -0.210     -9.428     -0.750 4
  26   17     -9.184     -2.121     -2.292 4
  78  129    -10.927     -0.848     -5.472 4
  15  152      4.285     -3.772      8.973 4
   0  102     -6.043     -4.141     -8.516 4
  25   65      4.053     -7.657     -0.120 4
  62  156      8.745     -3.849      2.868 4
   5   11      3.370     -1.966     -1.014 4
  61  112      6.028     -6.052     -0.235 4
 183   -2     -5.226     -1.578     -9.954 4
   3   34    -10.185      0.054     -7.638 4
 119   55      0.069      8.744     -6.211 4
  53   24      5.769     -1.641     -8.051 4
  36  171     -7.893     -8.733      6.900 4
  31   67      6.362     10.630      8.258 4
  41   27    -11.349     -4.245     -1.939 4
  16   35     -3.120      2.583      2.370 4
  17   99     10.290      7.720      1.663 4
  99   83     -3.496      2.759      9.629 4
 124   60      3.766      3.139     -9.611 4
 134   13      3.492     -4.689      8.187 4
  32   26     -4.355     10.103      4.203 4
  91  111     -4.752     -9.320      8.723 4
 115  136     -4.256     -3.389      0.744 4
  30    9      2.946     -1.289      2.324 4
  37   16      3.921      2.263     -7.561 4
  13  106    -11.614     -9.550     -0.319 4
  46   37     -6.488     -6.896     -0.428 4
 146   98    -11.327      9.080     -3.349 4
  35   30      2.862     -4.360      0.782 4
 155    3      9.500     -6.835     -0.980 4
  24   25     -4.040      3.317      9.872 4
  75  119      3.225      7.392     -9.577 4
  82  168     -5.137     -6.485     -6.071 4
  -1   -2      9.340     11.312     -1.589 4
 133   90     -8.529      3.178     -4.459 4
  33  157      0.034    -11.618      5.917 4
 113  135      2.180     -8.174     -7.091 4
  49   56    -10.997      1.385      3.741 4
  23   12      8.187      8.938     -4.696 4
  29   47     -8.130      4.890      2.561 4
  87  140     -9.584      4.502     -0.936 4
  86   43     -4.732    -11.769     -1.070 4
  55  190      2.364      5.989     -8.850 4
  27   41      9.289     -0.581     -2.553 4
  28   18     -5.969      4.686      8.860 4
 158   93     -1.803     -1.945     -4.114 4
  44   51      6.227    -11.790     -5.283 4
  59   54     -0.440     10.752      6.095 4
  66   14      0.403      8.144      0.349 4
 163   57      4.237      5.536      1.080 4
  52   76     -1.445      1.370     -9.095 4
 121  131      4.439     10.117      5.036 4
 111  105      8.943    -10.204     -3.568 4
   7   29     -9.293    -10.951     -8.970 4
  71   73      7.335      8.224      9.231 4
 103  127      4.427      6.935      2.055 4
  92   33      1.176      6.408      7.133 4
  68   42      6.427     -3.759     -4.715 4
 149  137      0.186      1.871      5.164 4
 109   88      1.571      5.575     -3.992 4
  85  107     -4.212      1.457      3.736 4
  -1   -2      8.848     11.064     -4.622 4
  60   77      9.180      7.080     -5.021 4
  63  101      2.381      1.579      5.722 4
  70  104     -4.001      8.259      0.894 4
  98   39     10.098      6.265     -1.756 4
  19   82      0.102      9.222      7.593 4
 139   89     -7.540     11.408     -1.873 4
 106   94     -0.071      0.657      9.618 4
 102   86      3.776      4.734      9.320 4
  76  143     -2.157     -4.750     -6.984 4
  74  145     -5.576     -8.436      7.139 4
  54  141     -8.217     -3.869      1.935 4
  73  132      3.055    -11.484     -4.824 4
  11  175     -5.352     -4.198      9.659 4
 107  121     -1.032     -1.149      5.909 4
  -1   46     -9.121     -5.386     -9.922 4
  -1   -2      9.713     11.323      6.066 4
 142   45     10.011     -6.331     -6.780 4
  69  134     -4.799      0.273     -3.333 4
 125   87      2.451    -11.121      1.364 4
 100  122      7.993      7.703      1.008 4
  48  147      1.089     -7.385      0.689 4
 182   95     -0.245     -3.959     -2.931 4
 122  118      5.840      8.653     -5.428 4
  39   49     -6.211      6.129      6.284 4
  80  146      6.071      0.021     -8.539 4
 152  195      7.744      6.087      4.290 4
  -1   -2     11.884      9.879      1.402 4
 150  120     -6.643     10.991      0.563 4
  97  126      7.361      6.340     -5.521 4
 181   36     -2.978      5.756     -6.911 4
 136   78      7.287     -5.373     -7.564 4
  93   96      0.578     -9.526      9.891 4
  81   81     -6.398     -9.244     -4.501 4
 130  193     -3.298     -4.574     -8.475 4
  56  124     -6.758    -10.272      4.897 4
  -1  155      0.675     11.620      0.960 4
 172   53      2.529     -0.051      4.256 4
 127  192      8.727     -4.736     -9.059 4
 105   28      7.097     -6.341      7.494 4
  18   59     -5.812      7.243     -0.979 4
 145  182      8.620     -9.367      3.388 4
 117  151     -8.130      1.199     -5.775 4
  94   58      5.297     -7.655     -4.505 4
 104  133      6.533     -1.071      2.961 4
  57    5     -2.723      5.185      4.521 4
 112  167      3.511      7.293     -7.024 4
 129   97     -7.138      2.816     -4.793 4
 101   -2      4.371     -4.798     -9.789 4
 120   75     -4.569      6.209      4.495 4
 123  153     -3.889     -3.658     -8.102 4
  89   84     -0.930      6.881     -1.241 4
  90   70     -7.006      8.238     -6.163 4
  -1   -2    -11.144      4.127     -7.411 4
 114  100     -6.807      9.403      8.513 4
  -1   61      3.539      1.137      9.976 4
 128  176     -1.655     -0.422      7.227 4
  83  159     -7.137      8.110      4.989 4
 194  164     -6.624     -7.852     -0.709 4
 140  165     -2.763     -9.174      0.954 4
 165  166     -0.409     -0.930      6.530 4
 169  169    -11.120     -9.875     -9.034 4
 147  108      5.477      7.461     -0.963 4
 161   85    -12.273     -6.288     -3.674 4
 116  117     -8.323      0.664     -4.547 4
  64   68     -5.013     -0.479      1.554 4
 153  196      5.736      2.275      5.251 4
  96  150     -1.868      1.847     -5.897 4
 135   40      5.714     -4.505     -9.141 4
 143   63      1.392    -10.017      6.715 4
  95  184      2.192     -8.611      4.977 4
  65   64      4.237     -2.412      9.187 4
 141  149    -10.089     -2.374     -2.932 4
  47  148     -4.142      9.705     -8.295 4
  51  181     -8.418     -9.395     -5.256 4
 159  154    -11.196    -10.762      3.225 4
 160  178      7.278     -1.139     -1.831 4
  72   80     -8.132     -7.319     -8.626 4
  -1   -2     11.123      5.878      3.343 4
 138  103     -3.273     -1.724     -1.015 4
 166   74     -1.519      7.530      2.258 4
 144  163     -1.560     -6.844      1.560 4
  79  130     -6.604     -7.846      5.132 4
  50  177     -2.777      8.939      6.410 4
 126  191      7.063     -2.970      9.235 4
 157  142     -7.958     -6.515     -9.521 4
 162   66      1.639     -9.621     -8.502 4
 175  161     -1.499      7.376     -0.090 4
 177  160      1.959     -2.365      4.880 4
  -1  179    -10.385      4.308     -2.045 4
 110  174      3.083     -7.254      2.577 4
  -1   -2     10.738      9.385     -8.520 4
 184   52     -1.585     -2.314     -4.038 4
  -1   -2     -1.679      6.917     -5.656 4
 156  144      1.918      8.777      1.056 4
  -1   -2     12.436     -2.766     -2.949 4
 178  197     -5.185      6.102     -9.366 4
  10  183     -2.696    -11.533      8.055 2
 164   -2     11.074    -11.962     -9.802 2
  88  116      7.150     -5.338     -0.107 2
 176  172      0.815     -3.905     -0.103 2
 118  123      2.727     -4.813      2.091 2
  45  115     -3.360    -10.823      8.995 2
 151  194      1.327      9.223     -3.060 2
  67  138      2.077      9.196     -6.799 2
 137   48      6.387      0.258     -1.741 2
  22   71     -2.052     -9.472     -1.754 2
 186   92    -10.649      8.476     -2.322 2
 190  199    -10.730      3.124      1.584 2
 187  198     -0.341     -0.427      4.034 2
 185  162     -4.638      6.672     -8.477 2
 148  187     -5.897      7.049     -7.421 2
 188   15      2.011     -1.914      6.931 2
 189   -2      2.175     -2.258     -9.830 2
 193  200    -11.523     -7.541      4.018 2
 196  202      4.159      0.324      3.608 2
 108   -2      6.520    -12.428     -9.780 2
 195  201     -5.117     -0.355     -8.210 2
 197  203     -9.540      5.243      8.104 2
 199  204    -12.628      2.625     -2.332 2
