214
  34    3      0.005     -5.312     -8.978 4
  47   26     -8.863     -0.677      0.184 4
   0   44     -8.078      3.206     -5.179 4
   8   27      3.657     -9.972      8.789 4
  74   87     -0.956      5.179      1.927 4
  39   55     -6.694     -7.591     -7.257 4
   3    1     -5.580      2.451      3.610 4
   2   22     -6.965     -5.687     -1.680 4
   6  101      3.064     -0.038     -4.406 4
 164  105     -5.616     -3.263      1.772 4
   1   20    -11.477     -7.614     -6.126 4
  33  143      5.982     -4.667     -3.424 4
   9    5     -3.198    -10.819     -2.492 4
   5   23      4.506     -0.171     -3.960 4
  42   43    -12.022     -2.490     -6.195 4
  48   56     -0.368     -7.773      2.204 4
  58  196     10.538      6.047      3.980 4
  10   80     -2.699      0.084      7.323 4
 102   15     -2.784     -6.907      9.296 4
 197   69     -6.236     -4.478     -4.616 4
  70   29     -8.755      5.070     -8.944 4
 126   48     -6.318      7.312      0.000 4
  54  182     -5.820     -1.156      2.573 4
 154  142     -9.760     -3.759     -4.339 4
  -1   14      5.244     11.308      1.261 4
  37   58      7.572      4.857     -5.339 4
  11   39    -10.533      5.814     -0.747 4
  72  109     -2.200      7.075     -5.669 4
  24   78     -4.319     -3.500     -8.315 4
  51   71    -10.271     -0.267      1.872 4
  18   33      2.147     -5.076      0.707 4
  57  195      3.170      3.498     -9.226 4
  13   34     -3.277     -0.520     -7.864 4
  16   50     -4.231    -11.823     -7.615 4
  28   57     -1.850     -7.167     -3.011 4
 124   10      5.349    -10.454     -5.113 4
  43   81    -11.444     -4.152     -0.877 4
  46   17     -3.966     11.914     -8.140 4
  31   12      2.935     -8.203     -3.846 4
  65   28      1.428     -9.599     -5.968 4
  56   19      0.694     -9.892      3.316 4
  -1   -2     10.900     -0.976     -0.393 4
  63   47     -1.535     -0.399     -9.784 4
  21   45     -4.550     -1.347      1.676 4
  32   70     -1.139     -1.592     -2.872 4
  89   94     -4.630      4.789     -4.870 4
  26   32     -9.302     -4.508      5.588 4
  27  117     -5.927      0.164      8.682 4
  64   73     -3.199      5.828     -3.474 4
  53    0     -4.643     -2.574      5.417 4
  -1   -2     11.867      2.203     -5.160 4
  12    4     -0.815      6.669     -0.908 4
  44   37      4.665    -11.027      1.675 4
 108  202     -2.339     -1.970     -7.823 4
  29   60    -10.999      3.590     -0.026 4
  50   53      5.402     -7.375     -3.650 4
 205  136      0.167      4.425     -5.378 4
 186  209      1.855     -1.585      1.908 4
  86   38     -1.979      1.349      3.921 4
  97   82     -7.212     11.200      2.702 4
 106   46     -7.168     -7.998      3.820 4
 153   -2     -7.058     -2.963     -2.683 4
 101   -2     -3.783      0.752      3.724 4
 103  128     -2.289    -11.810     -8.966 4
  82   -2      5.551    -11.554      4.574 4
 178  135      5.839      0.835     -3.125 4
  83   16      0.981    -11.604      0.535 4
  96   30     -1.321      1.071      1.285 4
  66    6     -4.967      8.858     -8.628 4
   7  121      3.578     -0.917      6.127 4
 129  113      9.560     -3.915     -2.375 4
 104  114      7.758      9.557     -7.345 4
  49   18      0.194      0.144      9.890 4
  52   35     -7.253      1.729      5.506 4
  99   86      1.000     -8.545      3.013 4
 122  166     -5.602      5.402      3.447 4
  67   74     -0.249     -4.023     -3.339 4
 115   -2      2.904      3.977      0.112 4
  19  107      2.315     11.596     -8.134 4
 100   97      0.273      9.430      7.883 4
 110   92     -9.413     -8.451     -2.839 4
 147  180     -8.537     -0.013      8.359 4
  80  104    -11.022     -5.555     -1.807 4
  35   61     -1.468      8.198     -8.185 4
  40   62    -10.359      6.763     -8.440 4
  38   95      5.865     11.825     -5.264 4
 130   77     -7.604      4.730      6.525 4
  55   67     -1.619     -6.672     -3.019 4
 120  110     -4.733      9.850      3.578 4
 206  132     -3.138     -5.202     -7.309 4
 187   31      7.164     -8.941      1.895 4
  87  108      2.865     -4.296     -4.881 4
  25  194     -6.651      0.844      2.971 4
  81   91     -8.679      9.724     -6.896 4
 166  141     -0.409     -8.570     -5.659 4
  -1   -2    -10.186      5.064      3.559 4
 143  134     -9.827     -2.473      0.969 4
 112  123      0.470     11.733     -5.049 4
  15    2     -4.121      3.772      1.991 4
 152   68      9.130      7.793      5.095 4
 134   99     -0.137     -8.324      3.015 4
  93   96     -1.633      8.867     -5.019 4
 198   13     -2.443     -5.426      4.187 4
  90  140      1.176     -4.700      8.162 4
 123  138    -10.591      2.423      1.287 4
   4   21      1.705     -0.732      2.747 4
 160  177     -4.863     -0.659      6.437 4
  14    7      4.488     -8.379     -5.026 4
 150  164     -8.213     -8.285      4.158 4
 119   66    -11.030     -8.649     -2.620 4
 201   98     -6.054      7.767     -9.246 4
 107   42     -7.359      6.695      8.905 4
  30  133      1.227     -2.535      3.478 4
  94   89      0.667     -2.124      4.687 4
 127   59      7.248    -10.472     -1.129 4
 192   65     -3.788     -8.990     -4.371 4
  17   25      3.674     -5.049      7.471 4
 114  159     -2.396      2.638     -7.253 4
  23  193     -6.199     -6.026      2.972 4
 203  149     -4.997     -3.597     -0.386 4
 142  139      6.459      6.588     -0.923 4
  45   36     10.259     -8.208     -7.041 4
  -1   -2     -4.256      6.098      2.035 4
 165  124      1.165      0.733      0.411 4
  95  201      6.834     -4.006     -1.198 4
 136    8     -8.547      0.386     -3.995 4
 133  103      4.905      3.368     -6.217 4
 177  190     -9.753      1.170      4.392 4
  73  100     -8.575     10.020     -2.768 4
 170  118      4.234      6.091     -8.071 4
  88   79      2.495     -0.133     -6.950 4
 181   52      8.622      7.240     -8.237 4
  75  127      6.265      0.564      2.402 4
  -1   76     11.030      2.524     -9.192 4
  78  148      1.579      4.290     -6.799 4
 128   84      4.316     -8.902     -5.934 4
  69   75      9.608      9.111      5.631 4
 161  169     -5.367     -6.356     -1.148 4
 195    9     -6.137     -4.722      2.078 4
 148   -2     -6.565      1.900      9.055 4
 116  173      0.243    -11.300      0.803 4
 149  162     -3.125      8.039      9.653 4
 158  157     -8.965     -3.720     -0.587 4
 173  120      5.336      5.727      6.711 4
 163  205      7.593     -4.030     -8.184 4
  22  181     -6.318     -6.632     -5.796 4
  -1   -2     10.659      3.507     -1.600 4
  61  155     -6.221     -3.954      9.322 4
  84  152      4.400      3.728     -2.923 4
 156  172     -9.435      4.468     -8.577 4
 125  145      0.278      9.392     -4.397 4
 204  160      1.587     -2.046      5.857 4
 151  146      8.894     -9.415      1.343 4
  92   63    -10.743    -10.205     -8.238 4
 171  185      7.592      1.338     -4.926 4
 121  203     10.582     -3.986     -8.718 4
 109  184     -4.571      5.409     -8.548 4
  -1  125     -9.225     -5.927      0.786 4
 137  178     -5.376      4.187      9.035 4
  41   49     -3.901     -9.046      1.861 4
  62  198     -3.425     -1.485     -3.597 4
  -1  168     -1.902      5.837      6.914 4
  91  131      3.203      5.874     -9.262 4
 132  154      3.677      6.380      6.333 4
  -1  147      8.540      6.555      0.896 4
 184   88     -5.113     -5.300     -2.706 4
 139  188      2.028    -10.733     -0.312 4
 144  171     -9.340      1.954     -5.972 4
  77  200      7.964      4.481      8.994 4
 155  116     10.745    -10.878     -5.465 4
 145  161    -10.737      9.574     -9.475 4
  59  197     -3.174      0.873      0.420 4
  79   51     -9.175     -1.202      3.984 4
 159  115     -7.583      1.524      2.592 4
 182   90      0.882      0.255      7.372 4
 111  158      4.362      2.207      4.689 4
  60   64     -0.908    -10.813     -6.783 4
 140  170      6.108     -9.399      2.379 4
  -1   -2      8.726     11.915     -5.292 4
 157  151     -2.118     10.635     -8.197 4
 191  174    -10.418     -8.709      3.007 4
  -1   -2     10.179      4.127      4.803 4
 174  153      6.642     -2.915      7.130 4
 146  102     -9.286     -1.492      1.134 4
 113  156     -1.038      2.887      6.862 4
 175   85     -2.487     -3.859     -0.569 4
 176  207     -8.850    -12.195     -9.148 4
 207  122    -11.167     -5.915     -3.976 4
 135  176     -4.162      7.909     -3.727 4
 183  179     -5.058      5.784      6.782 4
  -1   -2     10.736     10.232      5.686 4
  71  199      9.706     -7.560      3.553 4
 131  204     -4.370      3.890     -9.135 2
  76  163      3.232    -10.267      3.047 2
  36   41     -8.092     -9.707      2.560 2
 138  183     -9.340     -9.756      5.825 2
  98  129     -6.791      5.283     -6.383 2
 105   72     -7.817      0.831      7.757 2
 118   93      5.199     -7.243      3.028 2
 185  208     -0.946      7.523      3.545 2
 172  206     -2.965     -8.779     -2.676 2
 199  130     -4.381      3.107     -0.800 2
 208  111     -6.149     -6.613      0.725 2
 167  126     -4.735      0.371      1.298 2
 200  212    -10.695     -9.028     -4.794 2
 196  211    -11.471     -9.427      3.382 2
 193   -2      7.050     -3.987     -6.232 2
 117  144      4.584      7.793      6.291 2
 169  167      0.891      0.989     -9.560 2
 189  210    -12.130      5.189     -6.187 2
  68   -2     -7.663      5.915      8.947 2
 210   83     -9.647     -2.896      3.430 2
 211  213    -12.479     11.077     -2.778 2
 212  214    -12.394      0.797     -4.407 2
