203
  29   44      2.381     -4.901      6.046 4
  16   33     -5.369     -5.409     -3.190 4
  36   25    -11.200     -5.517     -1.681 4
  -1   78     -1.451     -1.648     -2.625 4
  81   61      2.078     -8.182      7.108 4
  42    9     -6.319      2.488      3.627 4
  26    8    -12.137     -2.425     -6.340 4
  24   43     -9.631     -4.562      5.837 4
 134   16      0.027     -3.677      3.167 4
  17    4      4.002     -1.060     -3.831 4
   3   27      2.513     -0.625     -4.049 4
  -1   12     10.338     -3.277     -3.188 4
  18   35    -10.877      5.642     -0.958 4
 151   24     -5.229      2.658     -0.433 4
  50  148      2.069    -11.426      8.542 4
  61   10     -2.113     -8.885      1.671 4
  11   13     -5.714     -2.833      5.401 4
  57   15     -3.114     -6.979      9.416 4
  65   14     -4.623      0.933      3.673 4
  43   80     -5.006      5.823      6.367 4
   7   32      0.889     -6.233      0.133 4
  70   28    -10.001      6.904     -8.417 4
  75   22     -6.662     -1.571      2.626 4
 169   57     -5.180    -11.798     -7.367 4
  46  100    -10.708     -0.426      1.868 4
  35   30      8.755    -10.429     -7.668 4
  37  114     -9.203     -0.911      0.075 4
  93   75      6.703      3.740     -3.915 4
  13   56     -9.992     -8.356     -2.883 4
   0   94      6.324      0.731      8.690 4
  12   21     -6.747      6.903      0.250 4
 128    3     -1.662    -10.678     -6.871 4
  68  110      0.872     -2.757      1.530 4
  27   38      8.127      7.592     -5.724 4
  31   66     -2.587     -7.662     -3.352 4
   9   23     -9.125     -3.792     -0.719 4
 138  191      3.724    -10.696      2.324 4
 139   87      0.707     -2.106      2.436 4
 124  140      3.135      4.186     -9.775 4
  -1   -2      0.751     -9.444     -6.871 4
   1   46     -0.704      6.492     -0.746 4
  56   53     -2.386     -7.141     -3.278 4
  78   73     -7.852      3.368     -5.500 4
  34    5    -11.901     -7.594     -5.941 4
  20   17      4.880     11.440     -5.264 4
  32   29    -11.381      3.496     -0.211 4
  58    1     -0.254     -2.772      7.535 4
  52   98     -0.727     -9.885      2.171 4
  40   37      7.942      5.487     -6.986 4
  89   68      1.463      4.537     -6.770 4
 172  197      8.710      1.820      8.691 4
   5   63    -10.049     -2.595      0.792 4
  54    7      5.062     -2.567      2.801 4
  74  183     -4.115      7.572     -3.084 4
  23  102     -4.151      5.829     -8.543 4
  64  182     -6.948     -2.973     -2.764 4
  14   90     -8.514      5.207     -8.988 4
  30   65     -7.716      1.569      5.765 4
  -1   -2    -10.817     -4.048      3.391 4
  55   39      9.547     -5.630      1.913 4
 170  144     -2.025      3.180     -7.249 4
   4   71     -3.889     -6.112      3.696 4
  22  143      3.958    -11.474     -5.307 4
  73   60     -2.888      0.006     -7.934 4
  28   99     -4.246     -2.976     -8.264 4
  84   97     -8.709    -10.385      2.447 4
 185   19     -5.466    -10.594      1.560 4
 104  185      5.481     -5.721     -6.500 4
  44   48     -3.910      6.413      3.934 4
 111   88     -6.969     -5.502      1.850 4
  69   54     -4.112      9.250     -8.260 4
 125  115      9.965     -1.340      0.897 4
  41   72     -9.534    -10.059      5.976 4
  91   20    -11.478     -8.593     -2.570 4
  87   74     -3.194     -1.222     -3.585 4
   6  109     -7.441      0.554      3.171 4
  60   26    -10.075      4.871      5.555 4
 112   69     -0.911      5.346      1.885 4
 114  137     -7.009     11.008      3.020 4
 105  111     -4.285      9.988      4.052 4
  -1   -2     10.632     10.853      4.338 4
  94   91     -7.640      4.545      6.590 4
 145   82      6.476     -5.363     -8.574 4
  39   42      4.413      2.949     -2.544 4
  99  122    -10.043     -3.092      3.461 4
  95   85     -0.815     -4.303     -3.159 4
  48   51     -1.446      1.769      6.960 4
  -1   40      7.264      9.662      2.966 4
  -1    0     -5.368     -1.671      1.759 4
  71   84     -3.430    -11.589     -8.745 4
 102  174      0.520      7.733      7.740 4
 100   95     -2.099      1.111      1.513 4
  51  180     -0.303     -6.365      7.851 4
  19  124     -7.110      6.243      8.943 4
 148   34      5.752     -6.489     -1.342 4
 173   47     -3.936      4.201     -9.138 4
  -1   -2     11.794     -1.965      0.795 4
 140  192     -3.395     -4.529     -0.485 4
  53  108     -4.704      4.913     -4.771 4
  82  164      3.270     11.492     -8.059 4
 117   11      2.828      2.547      0.219 4
 162   83     -3.274     -4.627     -7.300 4
 143  139     -2.467      8.471      9.537 4
 186   31      1.390     -9.437     -3.855 4
 146  123    -11.530     -5.796     -3.900 4
  98   79     -4.027      0.737      0.756 4
 113  107      4.034      6.073     -8.084 4
  -1   70      3.731      9.644      7.740 4
 156  132     -1.871     -9.528      2.284 4
 126  131     -7.165     -6.884      2.779 4
 103   67     -1.246      8.718     -4.388 4
 123  149     -4.649      3.847      2.127 4
 150   76      1.150      1.632     -9.842 4
  38   55     -2.510      1.609      3.894 4
 110    6     -0.051      4.607     -4.953 4
 168  130      8.770     -5.947     -8.786 4
  47   58      6.417      8.718      2.754 4
 130  189     -7.878      1.040      8.231 4
  66   89     -5.404      8.082     -8.978 4
 119  119     -1.971      7.228     -5.228 4
  96  125      1.307     10.975     -4.617 4
 184   86      3.934      4.884      6.567 4
  77  153     -7.173     -5.990     -2.080 4
 147   81    -11.095      2.176      1.245 4
  85   36     -9.880     -3.673     -4.402 4
  -1   -2      9.263      6.551     -4.110 4
 137  117      7.970     -7.149     -1.368 4
 142  147     -5.779     -7.091     -1.832 4
  15  104     -6.780      7.007      8.813 4
 133  126    -10.249      9.595     -9.229 4
 189  120     -2.004     -1.381     -7.986 4
  21   41     -8.688     -8.702      4.214 4
  97  173     -6.923     -6.343     -6.045 4
 132   64     -0.977     -8.353     -5.925 4
 135  121     -5.828      0.723      8.843 4
 118  142    -10.835     -8.995      3.253 4
 131  190     -4.417     -9.276     -4.595 4
 101  134     -9.698     -1.447      4.183 4
 149   92     -0.500      7.577      3.654 4
 200   50      2.929      9.649      5.163 4
 191  167     -6.879     -7.549      0.093 4
   2   52      9.296      0.642     -8.297 4
 136  113      4.965     -6.125     -3.836 4
 194  136      6.996      5.067      0.956 4
  62   49     -0.659      8.784     -7.881 4
  -1  151      5.446     -6.849      6.093 4
 155  118     -8.314      1.192      2.906 4
 163   -2     -6.045     -3.757      9.528 4
 106  166     -7.856     -8.614      3.760 4
 161  172      6.352      0.199     -3.886 4
 167  161     -5.533     -0.563      6.503 4
 195  162      2.542      3.045      6.417 4
 171  152      4.302      2.701     -5.878 4
 129  127    -11.039    -10.377     -8.134 4
  67  163      3.082     -9.319     -5.075 4
 116   59      4.755      2.945      6.398 4
 179  154     -3.740     -9.554     -3.281 4
 109  186     -3.694      5.515     -2.848 4
 164  141     -1.091     11.206     -7.859 4
  79  129     -1.166    -11.380      2.534 4
 160  165    -11.204     -8.959     -4.776 4
 159  195     -9.078      2.124     -6.292 4
 177  199     -7.268     -7.336     -7.276 4
 166  133     -9.186      4.594     -8.644 4
 121  160      3.273     -1.546      4.539 4
  33  156     -1.596      5.855      6.898 4
 122  103     -0.171     -4.923     -9.421 4
  86  106      3.870     -9.042     -4.017 4
  -1  158      8.120      8.676     -9.779 4
   8  146     -7.986      9.976     -6.747 4
  -1  175     -3.364      0.256      6.649 4
  -1   -2     -8.833      0.466     -0.829 4
  -1  135      3.989      3.652      9.416 4
 181  170     -9.616     11.549      2.917 4
  -1   -2    -11.282      0.869     -4.534 4
  -1  177    -11.985      5.311     -6.225 4
 107  171      5.334     -0.331     -2.453 4
 157  194      3.280      6.463     -9.794 4
  -1   18      9.845     -0.862     -7.731 4
  -1   -2     -5.922     -4.076     -1.697 4
  10  178     -4.192    -12.050     -3.141 2
 120  188     -9.572     -1.682      1.052 2
 127   -2     -1.149      0.033     -9.777 2
  63  181      2.310      0.074     -7.176 2
  76  112      7.150     11.244     -4.213 2
  49   -2     10.705    -12.078     -1.818 2
 190  201      0.511      0.168      0.299 2
  83  155      1.797     -4.913     -4.798 2
 165  196     -6.306      2.384      9.261 2
 115  187     10.247      4.520      6.178 2
 176  198      5.138     -0.183      8.873 2
  59  168     -6.431      5.620     -6.424 2
 187  200     -4.951      4.720      8.841 2
 178  138      9.277      3.520      2.533 2
 152  193      0.892      8.806     -3.975 2
  92  184      0.295     -5.050      5.648 2
 198  203     -5.343     -4.092     -0.657 2
 197  157     -8.545      0.265      8.791 2
 201  204     10.820      5.461      6.508 2
 193  202     -0.552     -3.639      4.421 2
 192   96     -7.992      9.730     -2.963 2
 202  205     -9.312    -12.431     -9.216 2
 204   77    -12.221     11.270     -2.784 2
