250
  31   30     -1.944      2.074     -4.348 4
  26   44     -8.312     -5.485      1.642 4
  10   31     -0.030      0.813      3.401 4
  83   11      2.083      9.429      8.247 4
   3   27     -4.205      4.825      3.743 4
  36  100      5.486      3.762     -3.799 4
  52   33    -10.199      2.632     -4.357 4
  50  120     -2.707     -5.596     -7.690 4
  64   12     -9.983      0.556      0.200 4
   4    3     -9.409     -0.738     -2.734 4
 148  160    -10.071     -1.389     -4.305 4
  -1   -2      9.902     -0.338      0.375 4
 107    1      2.862     -8.878     -7.763 4
   5    9    -10.502     -3.228     -4.410 4
  12   83      1.907     -7.883     -2.442 4
  51   65    -11.903      6.684      1.606 4
  84    0    -11.417      8.654     -8.342 4
  39   40      8.019      7.906      4.088 4
 167  148      7.003      1.402     -9.439 4
 147   14     -1.422     -3.464      5.247 4
  33   60      1.169     -8.328     -8.140 4
  81   89      9.210     -8.241      2.410 4
   1    8      2.727     -0.615     -6.714 4
  24   52      4.578      0.946      6.894 4
 231  239      4.095     -0.199      2.138 4
  35   29      0.206      6.022     -9.184 4
  41   42     -8.571     -8.340      1.100 4
  13   49     -6.415     -5.126      7.092 4
  44   28     -4.606     -5.897      2.007 4
 210   17    -12.098      2.185     -6.397 4
  85    2      0.267     -6.212      4.747 4
 211  135     -7.533     -6.777      1.452 4
 122   71      2.316      1.700     -2.065 4
  22   46     -3.457    -11.802     -3.748 4
  61   37     -3.051     10.758     -9.882 4
  82   77      4.037    -10.811     -0.817 4
  40   73     -8.524      5.859      8.630 4
   8  139      2.917     -5.336     -0.609 4
  92  105     -2.881     -7.013     -8.355 4
  45   16      0.501      3.375      1.060 4
  23   81     -0.881     -8.574     -6.278 4
   0   24      2.367     -3.306      6.452 4
   2   61      4.970     -6.479      8.218 4
  11  182      0.670      0.364     -2.304 4
  17   25     -1.455     -8.585     -0.601 4
 228   38     -7.123     -5.219     -3.674 4
 121   36     -4.523     -3.224      5.964 4
  27   41      3.505     10.471      1.872 4
  -1   92     10.515     11.694     -4.400 4
  29   76      8.538      0.319     -4.768 4
   9   66    -10.224     -8.687      1.765 4
  59   18     -6.442    -11.274      2.640 4
  73    6      8.749      9.233     -4.374 4
 103   15      7.445     -6.412     -1.864 4
 116   93     -1.532      7.591     -6.287 4
 152   55     -8.102      3.692     -3.566 4
  91   78    -10.222      9.044      5.375 4
  76   47     -2.932     -0.613     -9.000 4
  19   86      9.768      6.238     -3.696 4
  62   -2      0.915     -9.656      2.561 4
  53   57      6.492     -1.699      7.651 4
 127   98      9.488     -9.767     -1.709 4
  68   21     -8.376      7.823     -0.349 4
 109   94     -6.856    -10.075      1.474 4
  32   59     -5.668    -10.938     -8.412 4
 124   39     -5.146     -8.252     -2.570 4
  67   67    -12.052      2.847     -4.194 4
  21  129      3.346    -11.768     -1.696 4
  56   90     -8.596     -4.305      3.751 4
  87    4      2.653     -1.888      0.295 4
  71  111    -11.066    -10.969     -6.318 4
  66  113     -4.868     -6.984      4.779 4
  14  181     -1.594     -7.149      4.458 4
 143   80      0.565     -1.805      9.757 4
 115  144      3.883     -4.249     -7.440 4
 110  147     -7.075      7.672     -4.425 4
 150  177      3.098     -6.914      7.678 4
  -1   72      1.822      7.775     -9.224 4
  69   74      4.933     -4.838      7.699 4
  34   64      2.129    -10.236      0.869 4
 132   51    -10.017      4.423     -1.918 4
 197  168     10.293     -0.239     -9.040 4
 174   48      2.122     10.646     -7.946 4
 120   26     -1.806     -1.835      8.203 4
  42  178      1.736      8.190     -6.507 4
  20   50      6.426     -3.244      5.452 4
 170   43     -2.655     -5.789      4.328 4
 136   56    -11.629     -8.346      1.566 4
 135   88    -10.268     -1.708      2.760 4
  74   13      8.691      3.054     -1.255 4
  43   58      2.128      5.342     -2.600 4
  86   99     -2.800     -2.949      8.755 4
 119  112      0.907     10.524     -8.954 4
 145  118     -4.867      1.213     -9.229 4
 118  109     -2.043      7.367     -8.324 4
 112   62      1.968     -3.858      2.786 4
  25   79      3.314      6.052     -5.500 4
 193  155     -3.273      8.069     -9.497 4
  89   91     -3.634      2.672      3.625 4
 125  195      4.925     -1.212      5.468 4
 151  162     -9.851      2.207     -8.935 4
 175  157      4.079      4.251      6.026 4
  78  217      4.878     -1.495      8.180 4
  98  102      2.555      2.286     -9.153 4
  93   69      1.744     -4.826      2.747 4
 165   54     -8.219     -8.842      1.071 4
  80    5     -6.864     -7.772     -5.940 4
 105  163      3.093     11.173      5.273 4
  90  128      8.109     -3.961      0.938 4
 230  154      1.425      7.833     -6.226 4
 101   63     -4.388     -4.988     -2.512 4
  75   22     -9.230      3.365     -4.304 4
 133  123      4.292    -10.605     -9.252 4
 227  166      7.978     -9.821      6.897 4
 164  231     -2.451      6.441      3.568 4
  57   68     -7.084    -10.999     -1.169 4
  46  114      2.050     -8.774      9.237 4
  55  174      1.157      5.150      2.446 4
  18   75     -4.598     -8.597     -6.425 4
  -1  125     -5.605     -6.205      2.405 4
 126  158     -8.913      1.456     -0.503 4
 106  210     -5.587     -4.620      6.078 4
  94   -2      9.358     -2.065      7.159 4
 242  117     -4.322     -6.923      8.197 4
  48   85     11.834      5.483     -2.523 4
  47  136     -6.050      3.466      1.928 4
 189  159    -11.125     -9.820     -3.203 4
  63   87      8.264     -7.407     -9.688 4
 194   95     -7.583     -2.239      8.455 4
 182  131      7.001     -2.211      3.770 4
 128  153     -2.467     11.375     -8.648 4
 117  228      3.632     -7.762     -8.778 4
  54  130    -10.544     -5.907     -0.158 4
 198  192    -11.844     -7.628     -0.647 4
  16   84     -1.588     -7.791      6.616 4
  38  196      1.773     11.045     -6.149 4
  72   82      8.158      3.837     -3.165 4
 177   97     -4.904     10.228     -1.113 4
  58  149      7.726     -4.363     -9.408 4
 140  164      6.522     10.797     -0.510 4
  77  141      1.257      9.414     -9.596 4
  28  172      8.798     -9.539      6.353 4
 138  134     -8.760      7.475      3.527 4
 216   19      2.038      0.000     -7.245 4
 159  205     -2.061     -7.529     -8.704 4
 157  214      7.514     -1.213     -7.168 4
  65  132     -9.702      8.882     -1.553 4
 114   23      6.204     -4.099     -8.362 4
 183  152     -6.623     -3.909      6.178 4
 104   32     -8.860      3.581     -7.433 4
 129  229     10.776     -0.946     -2.795 4
 134   96      6.622     -6.329     -1.274 4
 111  175      0.076     10.313     -7.756 4
 171  127      8.525    -10.603     -5.386 4
 102  110     -0.595     -1.531     -2.013 4
  60   10      3.849      7.130      3.491 4
 226   53     10.179    -10.859     -4.554 4
 141  137      7.842     -7.955     -2.337 4
 219  197    -11.185      9.030     -3.049 4
 201  169     -8.902      8.187      1.774 4
 155  122     -1.346      3.770      2.028 4
  88  167      2.678     -7.054     -0.232 4
 192  138     -5.903     11.501     -0.354 4
 196  108      7.796     10.714     -4.554 4
 166  171     -2.279      0.062     -5.690 4
 200  203      7.509     10.337     -5.821 4
 137  121     -4.319      6.011     -4.197 4
 142  180     -1.204    -10.325     -1.347 4
 156  142     -1.980      8.680     -8.274 4
  79  103     -4.615     -9.253      3.118 4
 168  232     11.394     -3.616     -8.152 4
 139  104     -2.323     -9.814     -0.862 4
  -1  116      9.970      1.541     -9.583 4
 186  156    -10.632     -4.527     -8.184 4
  -1   -2      9.793    -11.215     -2.286 4
 248   -2      7.205     -1.095     -7.090 4
 187  133     -3.510      9.437     -9.265 4
 185  150     -4.934      7.174     -0.049 4
  96  183      7.994      8.632     -0.571 4
 180  106      8.900      8.892     -0.316 4
 215  185     -7.506     11.251     -7.573 4
 202   20      7.366      1.941     -3.881 4
   6  216     10.563      2.083      4.402 4
 161  208      5.871      5.299     -9.581 4
 206  190     -7.789     -4.827     -9.578 4
 199  200      1.945      3.287      7.400 4
 146  165      2.843     -6.779      0.623 4
 154  143     -6.119      9.497     -1.761 4
  -1  209      9.129      9.061     -1.807 4
 214  206      4.959      4.614      6.247 4
 205  237      8.149    -10.543      0.905 4
 204  198     -3.152      1.679     -4.514 4
  -1   -2      3.649     11.100      2.783 4
  97  226     10.526     -5.919      2.674 4
  -1  199     -6.044      0.164      8.199 4
 240  188     -2.161      8.216      3.335 4
 181  191      0.766     -8.990      2.072 4
 190  140      1.456     -5.400      8.232 4
 173   70      7.387     -2.702     -3.041 4
 162  204    -12.155     10.540      0.032 4
 179  151     -6.201     -1.182      2.610 4
 176   -2     -0.600    -12.179     -2.664 4
 172  145     -4.422      4.141     -3.965 4
 163  230      6.287      5.522      0.061 4
 169  173      2.168     -9.959     -7.159 4
 241  243     -5.325     -0.980      4.721 4
 220  193      9.733      6.819     -6.233 4
  95  101      6.238    -11.182     -4.232 4
 232  115     -1.279     -9.574      9.638 4
 233  184     -2.803      6.481      0.058 4
 208  213     -3.209      2.849      3.961 4
 191  235      9.578     11.253     -9.612 4
  -1  215     -2.248     -5.125      3.256 4
 188  234      5.771    -12.057     -3.288 4
  70   34     10.090     -5.397     -8.383 4
  49  225      1.668     -5.212     -7.363 4
  -1  179     -2.952      6.681      0.079 4
 203  236      9.009     -4.300     -2.027 4
  -1   -2     10.224     -0.627      6.181 4
  -1   -2      4.005     12.109     -9.265 4
  -1  187      4.680     11.821     -7.205 4
  -1  212      1.777     -0.237      7.933 4
  -1   -2     10.606      2.577      2.341 4
  -1   -2    -12.515     11.127     -2.560 4
  -1   -2     11.472     -5.575     -2.590 4
  30  194     -0.947     -5.259      6.370 2
 108   -2     -3.686    -11.924      4.021 2
 131  107      5.357      8.807     -6.852 2
  -1   -2     -6.829     -6.906      4.349 2
 144   -2     11.904     -7.990      2.858 2
 234  240      9.984      2.326      6.813 2
 113  227     -4.386      4.358     -6.474 2
 153  119     -0.428     10.169      8.690 2
 229  238      9.130      0.698      9.130 2
 149   -2     12.182     -2.402     -3.650 2
 184   -2      2.536     -9.772      0.976 2
 178  233      2.956      5.329     -5.402 2
 236  241     -0.342      0.256      0.402 2
 218   -2      2.848      5.101      7.921 2
 221   -2     -6.750      5.253     -9.242 2
 225   -2     11.926      3.021      1.650 2
 244   -2      7.903     10.703     -5.446 2
 247  245     10.277     -1.313      8.746 2
 223   -2      9.383     -2.742      3.265 2
 237  242     -5.793     -4.725     -1.532 2
 243  244     -9.961     -8.140      4.332 2
 238   -2      3.900      6.997     -5.050 2
 246  201      3.923      7.946      6.147 2
 239  218      4.632      1.323      6.313 2
 249  219     -7.349     -6.906      5.598 2
