215
 173  125     -6.931      4.320      1.174 4
  45   21     10.781     -3.170      0.437 4
   1   46     -7.368     -4.484     -5.498 4
  84  107     -0.149      4.428      7.503 4
  68   56     -6.218      4.772     -7.751 4
  56   16     -3.877     -4.445     -3.289 4
  -1   17      4.261     -5.876      9.849 4
  23   55     -6.530      1.651      4.460 4
  55  127     -8.657     -9.177      2.910 4
  11  111     -4.372      0.640      4.578 4
  43   12     11.538     -6.986      0.532 4
  41    0      0.050      5.858     -6.678 4
   4   60      6.957     -3.822     -2.019 4
 128  116     -8.848     -3.097     -3.834 4
  81   34     -7.666    -10.427     -5.557 4
  14  171     -1.807      1.966      8.950 4
  44   36     -0.193      9.230      7.547 4
  16  118      1.834      1.619     -6.728 4
  13   33     -1.370     -0.290      6.101 4
  51   88      9.141     -9.491     -0.972 4
  12   45      9.603     -9.948     -0.875 4
  42   14     -3.033      8.427      1.820 4
  71   20    -10.459      4.522     -1.259 4
  31  120      5.735     -3.235      0.814 4
 161   32     -0.614     -5.974      8.714 4
 104   94      8.209      3.239     -6.591 4
   8    6     -4.976      3.339     -5.025 4
   3   18     -3.362    -10.927      5.895 4
 144  109     -8.836     -0.195      4.347 4
 116   97     -0.138     -6.162     -6.051 4
 167  115     -3.657      9.409     -5.095 4
  25   15      5.156     -2.718     -2.132 4
  47  103     -0.247      7.587      5.512 4
   9   50      5.353      3.359     -4.936 4
  99   49      2.971     -2.311     -9.047 4
 136   89      1.431      8.973     -5.730 4
  52   27      4.005     -8.139     -3.804 4
  20    9     -2.116     -5.402      9.996 4
  57   67     -3.912     -0.302      2.359 4
  10   25      0.635     -1.916     -0.579 4
  32   35      3.890      3.371      1.372 4
  15   44     -8.604      3.714      6.755 4
  70   39      7.971     -8.405     -3.147 4
  54   43     -6.106     -3.366      5.968 4
  76   58     -1.540     -6.497      3.112 4
  38    8     -0.623     -1.855     -5.909 4
  87   68     -2.240     -6.990      4.058 4
  65   48     -2.024     10.240     -8.478 4
  26   72     -0.946      7.655     -6.677 4
  24   26      7.578     -3.990      8.289 4
  -1   93      5.663     11.202      2.224 4
  22   23      4.593    -11.149      0.024 4
  94    2     -6.372     -6.023     -2.666 4
  29    4     -8.831     -4.400      7.036 4
  39  105      4.280      2.661      3.391 4
   6    1      4.994      7.026      2.626 4
   0  154    -11.156      2.870     -0.460 4
 127   69      2.510      5.211     -1.701 4
  49   77     -7.663      6.405     -7.208 4
  64  128     -0.534      0.366      3.523 4
 115   28     -2.505     -9.118      6.229 4
  78   53     -8.992     -2.963      0.958 4
  28   31    -10.945     -3.836     -0.294 4
  48  139     -7.148     -5.218      1.755 4
 158  212      3.976     -5.295      3.946 4
  17   78     -2.180    -11.097     -2.691 4
  40  119      0.543     -5.630      1.299 4
  18   84      3.519      1.234     -8.955 4
  50   61      8.669      9.045     -1.661 4
 143   95     -8.369    -10.629      4.192 4
  75    7      5.198      8.151     -5.427 4
   5  126     -0.977     -5.525     -5.401 4
 142   76    -11.696      4.409     -6.708 4
 114   66     -3.344      5.499     -5.097 4
  74   98      0.481      0.936      5.163 4
 126  189     -2.884     -8.293     -5.927 4
  69   47     -5.721     -0.955      2.525 4
  35  146     -0.580      9.574     -0.615 4
  66    3      2.892     -7.464     -6.752 4
  88   24      2.070     -1.642      7.020 4
 106   75      0.253      4.296     -7.567 4
  67   19    -11.283      0.795     -4.332 4
  63   83     -6.690      0.663      7.214 4
  53   73     -6.630     -7.558      3.025 4
 157  143     -3.669     -2.514      9.735 4
  -1   -2     -8.504     -7.314      2.346 4
 187  102     -3.165     11.955     -8.663 4
  77  164      6.054      3.669     -1.856 4
  -1   -2      9.183      7.004     -7.121 4
 163  101      5.752     -8.169     -9.315 4
 134  145     -6.212      4.069      3.581 4
 140   90    -11.536      0.266     -6.378 4
  73   41     -8.020     -0.550      4.389 4
 112  124     -3.011      5.582      8.350 4
 107   10     -0.408      5.052      4.337 4
  80   87      2.850     11.803     -5.752 4
  36   63     -9.480     -2.219      5.418 4
  60   37      7.061      4.355     -2.680 4
  59   81     -0.245     -9.590     -3.960 4
 110   64      3.182     -3.234      8.901 4
  21  104     -5.207     -2.501      2.810 4
  37  117      7.061     -8.996     -3.927 4
 103   71      1.202      5.169     -2.659 4
  92   99     -2.891     -7.167     -2.525 4
 125   91    -10.353     10.649     -2.066 4
  93   29     -4.522    -10.638     -3.388 4
 135  161      4.506      8.892      8.717 4
 154   54      1.005      8.984      1.802 4
 117  208      8.099      3.469      9.884 4
  46  113     -2.828      6.029      8.026 4
 201  112     -8.918    -10.704      6.531 4
 101  168     -3.052     -7.711     -2.749 4
  61   92      8.634     -0.701     -2.891 4
  72  205     -5.650      0.560      0.975 4
 137  173     -7.836     -9.606     -1.377 4
  97  131     -1.256     -0.922     -6.851 4
  96  174    -10.572     -1.139      2.276 4
 118  176      4.248     -6.625      3.474 4
 193   62      5.759      7.233     -9.080 4
 153  147    -11.003      5.219     -6.602 4
  -1  129     -5.130     12.113     -9.322 4
 122   70    -11.640      5.800     -3.365 4
  85  106      2.535      0.733     -6.906 4
 151  159     -7.839      9.263      2.000 4
  91   65      1.824     -5.079     -3.574 4
 164  144      8.638     10.684      2.358 4
 108  100      1.016     -7.216     -6.082 4
 169  135     -3.986     -5.455      0.425 4
 160  213     -8.234     -5.542     -6.747 4
 178  150     -7.589      8.586     -7.451 4
 102   30     -4.295      7.171     -2.385 4
  34   96      5.918     10.863      9.069 4
 215  177      7.727      6.714     -3.961 4
 100  178      4.777      9.798      4.783 4
 213  186     -4.572     -3.288      8.311 4
  89   40      2.320     -4.318      6.292 4
 120  132      3.892      9.658      9.168 4
  -1  182    -10.312      5.291     -5.744 4
 119   -2    -10.571     -5.069     -0.733 4
 155  140    -10.267      4.384     -8.680 4
 165  172      8.372      4.616     -3.682 4
 214  157     -3.255    -11.572      3.585 4
 171   52     -6.840    -11.236      0.915 4
  90  121     -2.179      4.406     -0.250 4
 111   57      9.443     -5.576      1.332 4
 150   59     -7.821     -3.940     -0.726 4
 148  133     -8.376     -1.893      0.337 4
 174  138     -5.910     10.839      4.545 4
 166   82     -6.364      2.443     -6.123 4
  27   86      2.789     10.750     -0.485 4
  79  114     -5.074     -8.948     -4.184 4
 132  169     -8.727    -10.076      4.795 4
 129  141     -5.199      8.692      3.584 4
 131  175    -11.449     10.521     -3.723 4
 186  155      3.738      7.720     -1.301 4
 124  167     -4.429     -4.714     -0.310 4
 184  156    -11.622     -2.145     -6.139 4
  -1  193      3.645     12.127     -8.521 4
 191  200    -11.250      1.191      1.525 4
 185  122     -9.295     -7.101      0.322 4
 209   85      2.420     -2.175      1.462 4
 149   74     -4.189     -2.770     -3.932 4
 188  142    -10.714    -12.036     -8.899 4
 183  158      3.645      6.871      8.579 4
 146  165      2.881      0.988      6.428 4
 196  110    -11.651    -10.066     -6.976 4
 130  209      1.859    -11.541     -8.634 4
  98  207     -4.274     -0.429      7.291 4
 200   79      0.020     -9.093      7.713 4
  86  153     10.455     -6.444      0.973 4
 194   38     -1.889    -11.783     -9.640 4
  83  148      5.594     -6.052     -8.764 4
 162  194      6.057      2.921     -9.310 4
 121  170     -2.168      2.930      9.146 4
 212   -2      5.836      2.968      4.820 4
 218   51     -9.955     -3.820      4.079 4
  62  204      0.020     10.105      6.100 4
 177   80    -11.999     -7.845     -1.440 4
 139  210      2.202      4.209     -5.555 4
 133  181     -4.051      2.530      3.177 4
  30   42      5.000     -4.170      9.539 4
 168  160     -8.617     -2.403      1.193 4
 181  149     -6.840      3.033      9.779 4
 189  180     -1.750     10.860     -7.340 4
 211  223     -4.884      8.940      4.052 4
 203  152     -2.375      4.121     -2.911 4
  -1  198    -12.304      8.631     -3.129 4
  -1   -2      9.019      6.713     -2.498 4
 195  136     -9.406     10.386     -7.623 4
   7  201      9.531     -7.800      6.900 2
 113   11      0.155     -0.470     -1.907 2
  33  203     12.526      4.167     -3.277 2
 141  211      6.095     -0.949     -6.081 2
 123   22     -0.323     -6.156      2.440 2
 147    5      0.285     -4.232     -1.596 2
 182   -2     -2.220      4.049      5.705 2
 170  214      3.141      2.906     -2.360 2
  82  206     -0.292    -11.188     -3.537 2
   2  185     -0.737     -8.123     -0.412 2
 105  162      3.142      8.810     -1.305 2
 156  108      5.318      6.775      0.802 2
 197  217     -6.831    -12.013      1.031 2
 202  218     -6.255     -9.243     -6.572 2
 159  190     -6.018     -7.723     -2.983 2
  19  202     -7.215     -9.195     -9.752 2
 109  137    -10.610     -7.423     -1.781 2
 175  215      9.268      7.292      8.741 2
 206  163     -6.201      4.062     -9.614 2
 207  220     11.834      3.469     -7.499 2
 210  222     -5.933      0.728     -4.495 2
 205  219     -5.053      1.490      9.429 2
 180  216      4.815     10.852     -5.591 2
 208  221     -2.326      9.590     -8.760 2
 179   -2      5.725     -0.703      6.824 2
 217  166     -7.144     -2.756      3.319 2
