203
  45   30      1.480     -6.945     -6.123 4
  39   68    -10.378      1.948      3.679 4
   8   29      6.440     -4.719     -5.597 4
  83   23     -2.797      6.371     -5.136 4
  25   15    -10.809     -1.270      0.802 4
   0    2     -0.136     -1.517      4.676 4
 100    5     -8.458      3.084     -3.812 4
  28    3      9.753     -3.672      0.202 4
 121  163      5.373    -11.993     -9.760 4
   5    6      2.701     -9.451     -4.555 4
 105   20     -6.390     -6.744     -0.350 4
   7   36     -5.741     -0.515     -9.299 4
  32   48    -10.023      2.192     -2.968 4
   3   61      4.503      1.016      9.793 4
  27  100      7.346     -8.122      1.352 4
  81  137      2.820      2.254      5.078 4
  49    7     -9.213     -9.947     -9.779 4
  43   53      4.152     -6.011      0.740 4
 167   55      7.245      2.987     -9.504 4
  60   95     -6.739     -9.710      4.598 4
  21   10     -5.016      8.321      0.104 4
  50   43      2.483     10.733     -3.902 4
  12    1     -9.023     -2.097     -1.861 4
  31   33    -11.490     -9.866     -0.891 4
   1  103     -9.355     -1.122     -0.567 4
  69  144     -2.727    -10.558      7.931 4
  16   19     -0.416     -8.875     -0.292 4
  18   27      0.374    -10.113      5.492 4
  67  184     11.736      6.534      2.036 4
   2   65     -6.221     -3.088      3.040 4
  33   31     -6.307     -7.240      4.869 4
   9   16     -1.609      2.016     -7.280 4
   6   87     -5.085     -3.786      9.583 4
  14    0      3.147     -2.473      1.747 4
 107   74      5.200      9.498      0.504 4
  87   34     -2.275     -9.306     -1.464 4
  11   44    -10.378      0.654     -7.577 4
 101   47      0.731      3.315     -4.371 4
  10  123      3.448     -1.504     -8.756 4
  34   14      1.203     -2.182      0.745 4
 181   66      6.719      2.500     -0.543 4
 158    4      5.119     -0.592     -6.074 4
  24  110      1.645     -7.388      0.848 4
  61  102      3.640      4.389     -8.315 4
  19   39     -1.963      7.046      5.233 4
  26   17     -6.373      8.782      5.602 4
 122  186      3.930    -12.052     -3.763 4
  72   84     10.185    -10.953     -7.569 4
  40   41      2.604      7.143     -8.067 4
 135  132    -10.930     -0.757     -5.385 4
  -1   32      5.371     11.191      0.787 4
  70   94     -9.166      4.751     -0.594 4
  54   24     -2.662     -4.207     -6.178 4
 131  104      0.796      4.286      6.049 4
  20  182      3.005     -2.998      2.959 4
  -1   59      1.595     11.321      0.315 4
  23   -2      3.433      4.835     -9.818 4
  90  130      6.616      1.672     -3.622 4
  57   82      2.347      0.156      7.878 4
  63   12      3.692      0.320      0.364 4
  75  105     -2.374      3.789      3.354 4
  52  167      6.184     -3.949      0.972 4
  71   46      3.212      0.918      3.271 4
  44    9      9.344      2.247     -1.932 4
 184   40      1.338     -7.451     -5.992 4
 189  126      7.121     -4.014      8.486 4
  94   81     -3.173      9.592      1.885 4
 149  145     -5.363     -7.779      6.857 4
  -1   -2     11.600     11.012      1.201 4
  47  140    -11.593      7.261     -6.755 4
  51   60      2.747      4.285      6.241 4
 113  150      4.741     -7.033     -2.886 4
  62  134    -10.127      4.218     -1.675 4
  84   63      9.416     10.531     -6.787 4
  46   37      9.423     -0.766      3.394 4
  36  164     -5.488     -5.865     -6.079 4
  74   28      6.125     -2.707     -3.051 4
  95  117     -8.157     -6.231     -9.327 4
  85   67     -3.706     -2.357      1.200 4
 142  157     -4.631      6.914     -6.781 4
 109   58     -7.706      5.692      3.102 4
 188  106     -0.415      0.306      6.791 4
  91  114      5.143     10.128      8.602 4
  41   64     -9.946     -2.441     -9.290 4
  48   86     -0.219     -2.920     -1.906 4
 102   45     -5.299      5.254      9.082 4
  65   21      3.788      3.645     -6.135 4
   4  113     -5.008     -5.237      4.192 4
  88   83     -4.345      0.568      2.289 4
 129   72     -6.012     10.289      8.325 4
  97   92     -7.697     -3.257      2.035 4
 132   88     -1.624     -1.530     -2.697 4
  -1   -2     -8.935      1.279      1.102 4
 154  162    -11.048    -10.715      2.613 4
 171  170    -11.915     -8.296     -4.787 4
 110  101     -1.324      1.209     -8.946 4
 117   96      2.175      7.532     -3.138 4
 123  138      3.285    -10.664      6.446 4
 139   77      3.741      8.744     -9.576 4
  13   76      7.719      8.798     -6.911 4
 134   13     -7.766     -8.390      6.503 4
  -1  109     -1.799     11.611      6.787 4
 138   -2      0.419      9.664     -0.242 4
 159   26     -3.413      2.484      4.787 4
 111  146     -0.791      9.815      2.987 4
 186   85      0.762     -8.587      9.652 4
  64  141    -11.105     -7.461      3.621 4
  15  151      8.984     -8.680     -1.675 4
  98   62     -6.762     -8.917     -4.678 4
  86   71     10.481      9.346     -4.034 4
 114  155      0.261      1.466      5.096 4
  79  149     -4.335     -2.956     -7.480 4
 119  108      1.623     -1.263     -7.780 4
  93  120     -1.931    -11.702      1.570 4
 195   -2      7.014      0.175      9.748 4
  78   75     -1.360     -5.739      1.828 4
 106  135    -10.288      8.382     -1.840 4
  82   69      6.836      1.337      3.471 4
 118  185      3.862      8.539      8.569 4
  29  159      7.204      4.663      2.744 4
  80  160     -6.520     -7.857     -0.808 4
  35  127      1.307     -5.969      1.261 4
 162   54      3.471     -5.346      3.380 4
  66   78     -3.808      7.358      5.253 4
  59   93     -3.131    -11.229      7.945 4
 137  131     -1.809      2.702     -4.187 4
 147   70    -11.116     -4.297     -1.957 4
 140   73     -3.703     -3.775     -7.957 4
 168   89      7.386     -2.913      1.238 4
  17   11      4.490     -0.778      9.847 4
 146  190     -2.667      3.662      9.816 4
 166  147      7.502      1.083     -0.603 4
 144  125    -12.077     -6.357     -3.984 4
  77  175     -4.036      9.839     -6.535 4
 127  107    -11.151      8.861     -2.892 4
  38  183      4.302    -11.363      9.825 4
  42   49      3.660     -3.855     -7.859 4
  68   35      2.470     -9.834      1.560 4
 172   25      7.844     -3.933     -6.903 4
  76   97      9.531     -6.018      4.213 4
  -1  122     -7.080     -9.759     -9.869 4
 179   52     -8.277      2.646      7.956 4
  -1  116      8.862     11.506     -1.523 4
 180  121     -7.063      2.848     -3.925 4
 163   99      5.573    -11.324     -3.896 4
  96  115      9.418     -5.392     -4.867 4
 148  153     -1.830     -1.188     -2.797 4
 128  187      4.720    -11.313      9.894 4
 103  143    -10.230      3.631      1.732 4
  -1   -2      8.256     10.872      2.597 4
  92  118     -1.832      3.822     -8.751 4
  -1   -2     -4.741      0.863     -1.204 4
 164  169      4.191      8.819     -7.517 4
 141  142      2.611     -6.744      5.338 4
  -1   -2      4.399      0.107      7.562 4
 191  172      5.523      1.192     -6.816 4
  99   98      4.868     -3.638     -7.055 4
 155  193     -5.495      0.215     -7.365 4
 133  136      2.956     10.585     -7.579 4
 136  156     -4.764     -8.811      8.545 4
  30  112      1.785      9.809      7.163 4
 112   42     -3.790    -10.484     -1.961 4
 197   51      1.852     -8.252      6.331 4
  -1   -2     10.875      8.730      1.857 4
 130  188     -0.532      9.988      0.868 4
 194  166      4.363      2.759      4.188 4
 124   91      3.866      5.090      9.958 4
  -1   -2     10.499      7.848      5.083 4
 173  129    -10.932     -8.993     -9.680 4
 116  158     -9.977     -2.422     -2.634 4
 150  191      0.189      0.619      7.392 4
  89   57     -6.850      8.247     -4.798 4
 157   38    -10.757      4.640     -6.888 4
  -1   -2      2.613    -10.969     -2.327 4
 170  177     -2.873     -8.625      1.030 4
  -1   -2      9.478    -10.611      2.269 4
  -1   -2     11.620      0.589      0.344 4
  58  171     -8.643     -8.995     -5.610 4
 151  178     -5.335      6.445     -7.906 4
  -1   -2     10.552      0.813    -10.073 4
 108   -2      2.831    -12.342     -5.784 2
 187  124     -3.196      4.148      9.958 2
 115  161     -2.830     -0.503     -0.229 2
 126  152      2.194     -0.573      5.855 2
 190   -2      9.124      8.054      8.483 2
 169  196     -7.974    -12.164     -5.360 2
  55  111      0.604      9.866     -5.765 2
 143  128     -3.438    -10.133      8.880 2
 161    8      6.433     10.115     -2.820 2
 125  165     -8.331      0.644     -4.024 2
 145  189      5.885    -11.287     -8.785 2
 152  192     -4.513     -5.349      4.480 2
 104   56      3.742     -2.401      9.494 2
 165  133     -0.993      0.818      7.961 2
 156  194     -5.809      7.135     -5.882 2
  73  154      4.222    -11.245      6.676 2
 182  197     -6.405     -3.269     -8.458 2
 160  195     -2.460     -8.855     -8.825 2
 196  198     -9.173      5.470      8.331 2
 199  199    -10.618    -11.350      5.350 2
 200  200    -11.461     -4.867      4.803 2
 202  201     10.391    -10.667     -0.757 2
 203  202    -12.437      2.435     -2.231 2
