249
   6  119     -7.472     -9.365     -9.001 4
  43   30      2.185      5.112      0.406 4
  87   28     -0.859     -4.406     -2.261 4
  35   16      7.091     -9.952     -1.790 4
  -1  113      5.022     -3.989     -1.679 4
  24    3    -11.219      1.822     -3.636 4
   3    5      1.230     -1.452      0.628 4
  10   15      2.127      3.978      1.172 4
   2   34     -1.062      2.065      2.878 4
  28   22      7.388     -5.737     -3.071 4
  30   17     -3.337     -0.056     -6.580 4
  67   33      0.875      5.425      4.980 4
  36   21    -11.043     -5.955     -4.225 4
   1    0      1.786     -8.574     -6.780 4
  70   71    -10.168      6.695     -7.733 4
 105   -2      0.506    -11.866      3.964 4
  15   29     -9.246      3.078      3.530 4
 104  141    -11.179      5.223     -5.281 4
  38   50     -5.435     -2.146     -0.166 4
  65   53     -3.738     11.190      8.789 4
  12    4     -6.234     -9.337     -3.616 4
  56   92     -7.299      3.566      6.123 4
  20   24      9.241     -2.695     -7.838 4
  60    7      3.565     -5.322     -3.612 4
  11   68     11.308      1.798     -7.697 4
  39  100      0.389     -4.958      5.010 4
  42  126     -4.819     -3.367     -3.567 4
   4   57     -3.972      5.897      3.804 4
  54   25     -8.011      5.260     -7.696 4
  18   19     -3.991     -6.301     -6.970 4
  17   32     -5.367     10.218     -7.823 4
  13  143      9.941     -8.476      2.191 4
  79   64      4.779     11.099      1.415 4
  27   12     11.253     -2.419     -8.518 4
 194   84      4.902     -9.591      9.499 4
  73   78     -0.527     11.282     -1.987 4
 140   62     -4.673     -2.085      8.748 4
  41   58     -2.976    -10.630      4.618 4
 149   39      7.885     -7.639     -9.200 4
 203  134      0.647      9.224     -9.448 4
  52   85     -1.395     -3.501      9.493 4
  71   59     -4.979    -11.716     -8.363 4
  63   27     -5.579      7.785      4.984 4
  58  204     11.079      3.378     -3.340 4
  49    2     -7.373     -1.549      0.112 4
  45    1      9.730     -1.308     -2.447 4
 185  170      4.848      2.541     -5.342 4
  75   45     -1.921      6.365      8.848 4
 117   11     -0.691      1.234      3.744 4
  33   26     -3.430     -5.118     -4.905 4
 114  184     -0.197     -9.244     -9.427 4
 144   51     -4.440      3.467      6.171 4
  57  112     -6.006     -0.784     -1.478 4
  47   20      6.254    -10.794     -7.853 4
  53  193     -1.826    -12.033     -7.118 4
  48  132      6.627      8.248     -4.998 4
  68   43     -9.663     -4.194     -2.051 4
   8  117      8.263     -5.484      2.260 4
 167  165     -1.152      5.825      2.402 4
  -1   -2     -1.843      0.253      1.378 4
 225  237     -4.640      2.844      3.598 4
 234  154     -7.480    -10.107      9.676 4
 129   48      9.734      7.030      3.804 4
  91   10      8.609      7.981     -3.080 4
  50   60     -5.288     -8.962      5.175 4
 100   -2      3.780      0.740      2.570 4
 131   75      5.302     -8.996      0.737 4
 125   83     -2.436      1.273     -1.825 4
 159  136     -2.595     -1.644     -6.487 4
 124   98      8.778      3.316      5.822 4
 110   38     -6.524      2.557      2.396 4
  76  150     -5.366     -5.116      3.144 4
 126  111      2.760     10.089     -4.084 4
 232    9     -0.186      5.149      3.187 4
  -1  159      7.180      1.687      4.539 4
 160   55     -0.949     10.693      1.634 4
  44    6     -9.020     -7.050     -2.503 4
  84  101      4.316      6.358     -0.663 4
 148   41     -7.732     -0.326      1.613 4
  93   -2      7.565    -11.768     -1.525 4
  74   56     -6.197      4.430     -2.441 4
 145   74      7.151     -5.795     -9.922 4
  -1   -2      4.936      2.690      4.321 4
  88  225     -7.283     -2.904      1.358 4
 116  127     -1.175     10.000     -4.451 4
 109   87     10.145      3.598     -2.754 4
  -1   -2      8.584     10.671      5.444 4
 168   63      1.149     -3.832     -6.664 4
   7   37     -0.737     -6.627      4.754 4
  64   86     -3.643     -0.935     -0.366 4
  31   47     -2.229      5.513      6.070 4
  89  171      0.960      0.880     -7.571 4
  51  198      2.491     -8.370     -2.904 4
 103   66    -11.270     10.280     -1.922 4
  85   94      6.997     -2.317     -1.010 4
 101   72      2.992     -7.900      4.622 4
  62  105    -10.826     -1.334     -5.407 4
 115  120     -3.690      1.332      7.583 4
   0  222      0.890     -0.735      0.011 4
 132  133     -1.759     -6.521      4.608 4
  55   80      3.173      4.498      5.246 4
 154  114      3.197    -10.924      2.885 4
  32   35      1.927      2.549     -2.675 4
 241   42     -9.711     -6.933      2.554 4
  97   -2      6.275      0.644      9.781 4
 113  139      9.380      0.687      1.933 4
 178  135      5.910      6.455      2.115 4
 164  230      5.106      5.026     -8.501 4
  92  226      1.699      7.367      5.849 4
 139   -2      5.115      4.892      9.954 4
  78   89      2.466      6.494      1.918 4
  69  115     -0.631     -8.478      2.225 4
 226   82      3.048      8.486     -2.327 4
 107   97     -9.277      8.742     -6.133 4
 133   49      0.822      9.783     -5.406 4
  -1  129     10.891    -10.579     -3.366 4
  25   61      2.168     -6.466      4.841 4
  19  109     10.828      9.660     -7.348 4
 137  161      2.312      0.297     -1.349 4
  95  124      1.637      2.780      6.602 4
  86  149     -9.988     -2.810     -0.669 4
 176  131      9.870     10.160     -0.606 4
 128   90     -7.204     -2.256      5.252 4
 108  217      3.999     -1.301     -7.805 4
  96  116     -6.098      7.181     -8.665 4
  34    8     -1.281      7.244     -6.953 4
 188  191      9.578      8.669     -9.521 4
 153  168     -8.671     -2.307     -3.991 4
 150  228      3.000      1.415     -2.507 4
  81  179     11.820    -10.558      1.446 4
 170  158    -12.003     -4.392      0.966 4
 143   -2      8.354      4.669     -7.932 4
  82  174      8.916     -0.468     -3.880 4
 151   95     10.191     -1.890      1.050 4
 198  203    -11.768     -7.748      2.324 4
 183   81     -6.787      2.062     -1.602 4
 187  118     -6.839      3.588     -9.116 4
 189  195      2.410     -1.409      1.371 4
 181  172     -2.189      2.750     -5.554 4
  98  137     -4.281      7.129      6.987 4
 157  128      3.367     -3.812      0.866 4
 193  190    -10.862    -11.536     -5.979 4
 152  166      3.541      9.311     -7.404 4
 238  180      8.671      0.462      2.165 4
 162   69      8.548     -1.783      5.789 4
  83  153      1.668     -9.336     -4.363 4
 215  125     -6.541      6.207      8.412 4
  29   18     -1.543     -4.730      3.809 4
 142   46      2.934      3.232     -1.317 4
 163  140     -4.057     -3.309      4.449 4
 218  201     -8.183     -7.019      5.162 4
 130   31     -6.919      5.990      1.146 4
  21  110     -5.212      5.629     -3.927 4
 158   96      2.056      0.016     -1.133 4
 173   14      2.483     -8.162     -9.836 4
 172  148      7.526      2.197      5.998 4
  -1   93     -2.498     -9.773      7.650 4
 180  214    -12.105      1.602     -6.740 4
 195  189     -9.401    -11.657     -6.620 4
 230  239     10.981      2.968     -7.119 4
 127  213      1.531      7.708     -8.375 4
 191   73      0.607    -10.320     -0.038 4
   5   23     -6.786      8.288      0.600 4
 201  188      0.876    -10.718      1.208 4
 135  199     -0.371      7.560      9.817 4
  80  123     -9.228     -4.611     -4.020 4
 175  167    -11.095      9.605     -9.597 4
 229  177     -6.072     -5.041      4.217 4
 161  138     11.354      1.410     -3.510 4
 119   40      7.649     -9.368     -2.560 4
 122   65     -3.915      3.968      9.110 4
 210   54     -9.512    -10.191     -8.450 4
 106   79      7.239     -6.964     -2.506 4
  99  107      4.993      5.851      5.122 4
 209  178      0.259     -5.716      6.161 4
 182  147      8.278      2.026      6.472 4
 156  229      8.190     10.091     -5.572 4
 212  234     -5.884      1.725      6.490 4
 247  175    -10.511      5.457     -2.269 4
 235   70     -2.130      0.421      2.626 4
 204   77     -5.428      2.821      1.274 4
 147   13     -9.449     -6.083     -6.286 4
 211  122     10.354      2.525      1.488 4
  -1  200      8.672     -1.805      9.077 4
  46   52    -10.151     -9.487     -0.940 4
 165  145     -6.906     -6.500     -2.225 4
 102  104     -9.491     -7.710     -8.515 4
 233  240      5.936    -11.785     -2.652 4
  40  130      6.623      5.516     -6.052 4
  16  176      2.823     -6.692      4.197 4
 166  169     -1.703      0.617      6.188 4
 134  202      0.295      7.978     -5.176 4
 196  183     -3.863      5.156     -6.966 4
 146  146      4.249      9.632      6.877 4
  72   99      8.963     -3.221     -7.102 4
 138  164     10.566     -4.520     -2.118 4
 186  215      4.783      4.798     -8.729 4
 121  185    -10.858      2.730      2.511 4
  -1   -2     -6.480      5.708      6.076 4
 202  187     -1.436      2.308      0.636 4
 192  208     -9.879    -11.030     -0.597 4
 222   -2     -0.031      3.037      2.180 4
 136   88      7.079     -8.156      5.038 4
 169  156      8.718     -4.818      5.968 4
 205  197      1.386     10.490     -9.483 4
  77  205     -4.800    -10.649     -3.920 4
 199  207     -3.376     -3.241     -8.130 4
 214  182      4.531     -4.268     -0.740 4
  94   44     -5.476      7.780     -8.226 4
  -1   -2     11.950     -9.623     -3.406 4
  -1  102     -1.679      6.302     -3.656 4
   9   76      3.392     -7.890     -0.496 4
 240  151      5.034      7.322     -4.953 4
 213  235    -11.485      3.627      2.186 4
 216  209      4.446     11.003      4.838 4
 208  233     -8.478     -7.627     -4.433 4
  -1   -2     11.027      4.832     -2.579 4
  -1   -2     11.385    -10.054      3.010 4
 231  142      0.759    -10.936      9.015 4
 155  155      6.252     10.862     -9.138 4
 177  210     -8.405     -6.188      2.152 4
 223  236      7.949     10.330      3.547 4
 111  121     -0.559      9.686     -9.684 4
 220  211    -10.952      1.138      3.032 4
 141  227      1.698     -5.193     -3.736 4
  -1  220      3.275     -6.101      7.573 4
  -1   -2     -8.841      4.719     -0.104 4
 123  245     -3.962      4.050     -7.678 4
 219   -2    -11.228      6.021     -9.297 4
  -1   -2     10.393      5.625     -0.348 4
  59  223    -12.064      6.988      0.504 2
  90  108     -1.624      0.262     -8.515 2
 239   91      0.457      7.181      5.327 2
 190  231     -4.559      2.763      7.641 2
  66  224      2.271      2.634      8.847 2
 227   67     -1.476     -4.739     -7.318 2
 179  157      5.121      9.018      3.879 2
 174   -2      9.085      4.839     -4.056 2
 197  192      9.271      5.059     -9.372 2
 228  238      7.317     -8.366     -9.605 2
 206  232      4.726      4.634      9.680 2
 217  212     -8.745      4.796     -7.498 2
  26  152      0.601      4.028      2.773 2
 236  181     -3.286      8.909     -7.941 2
 242  241      0.046      2.910      7.238 2
 243  242     -3.205    -11.032     -4.545 2
 245  243      9.657    -11.086      9.489 2
 246  244     -4.706    -10.753     -2.704 2
 248  246      5.122     -4.366      0.896 2
