232
   0   21     -5.140     10.949     -8.321 4
  24    1     -0.695     -5.632      2.405 4
 170  149      4.110      3.172      3.541 4
  92   77      4.440     -0.044      8.198 4
  13   47     -2.163     -6.071      9.305 4
 112   -2      7.100      5.010     -9.903 4
  51    5      6.463     -5.959      8.936 4
   9    7      7.803     -5.292      3.185 4
  19   29      6.346     -9.546     -2.603 4
  69  201     -3.469      8.471     -4.341 4
  61   72     -5.029     -6.549     -5.338 4
  27   28     -9.378      6.332     -0.271 4
   8  126     -0.010     -0.788     -2.941 4
 161   31     -3.993     -3.944     -8.232 4
   5   27      6.437     -5.335      4.576 4
  12    6     -7.820      3.185     -4.202 4
  33   44     -3.414      2.770      3.888 4
  97   32    -10.482     -5.300     -1.963 4
 114   51    -10.893     -3.933     -0.839 4
   1   10     -3.885     -9.573      2.767 4
  78   17     -5.520     -7.549     -7.150 4
   2    2      0.620     -3.240      5.287 4
  38   71      0.403    -10.427     -6.446 4
  66   93    -10.617     -8.681      2.939 4
 120   54      9.687     -0.051      2.683 4
  20   83     -4.210      5.509      7.738 4
  -1   -2      8.504     -4.058      5.804 4
  48   50     -0.623      0.253      8.135 4
  56   61     -6.853     -8.063      2.699 4
 146   23      5.992      2.342     -3.597 4
 115   99     -4.478      1.853      2.830 4
  44   82      0.391      7.251     -0.637 4
  89   49      7.207     -5.145     -4.497 4
  17   92      6.768    -11.260     -4.469 4
  60   37    -10.589      6.500     -8.242 4
  55   81     -8.682      5.585      4.823 4
  54   24     -7.749      0.103      0.540 4
 153   52     -2.517    -11.290     -8.118 4
  28   80      4.974     -1.757      1.943 4
  79   63      3.919      7.505      0.340 4
  16   20     -6.891     11.473      1.893 4
  23   30     -5.549     11.169      8.316 4
  58   45     -6.345     -4.668     -0.968 4
  71   87     -2.112      3.896      1.920 4
  29   86      8.258     -2.948     -2.283 4
  82   33      0.630     -5.278     -8.009 4
  46   16     -0.640      1.821     -0.080 4
  14   11      3.926      0.701      4.193 4
  74   35      0.895      5.999      6.640 4
   7   58    -11.973     -7.198     -3.749 4
  31   14      4.769      1.881     -4.706 4
 186   76     -9.128      3.232      1.489 4
  45  116    -10.327     -5.745     -4.043 4
  62   12     -5.872    -11.309      6.102 4
   4  107      2.722     -8.741     -5.039 4
  26    8      5.485      6.101     -2.623 4
   6    3     -2.356      1.343      1.039 4
 108   13     -8.293     -0.802      1.396 4
  25  199     -0.023     -5.175     -2.052 4
 102  111     -2.562      5.538      4.738 4
  42   15     -8.343     -3.192     -0.247 4
  73   75      8.232     -0.394     -1.989 4
  99  136     -3.750      5.299      4.077 4
 101   90     -4.562      3.480     -8.704 4
  68   65      9.218     -9.498     -2.391 4
  87   60     -9.009      0.360      2.027 4
  50  129     10.104     -3.852      0.739 4
 162  210    -12.058      0.933     -4.091 4
 129  163     -2.565     -2.452     -7.283 4
  53  174      4.042      2.995     -8.018 4
  32   43     -3.440    -10.653      4.702 4
 100   79    -12.103      5.099     -2.973 4
 113   36     -2.488     -5.595     -7.173 4
  -1   22     -5.726      8.070     -8.799 4
  95   98     -5.665     -3.742      8.999 4
 126  115     -4.095     -3.776      3.358 4
  30   48      4.939     -7.458      1.208 4
  76  101     -1.223     -6.308     -1.390 4
 215  150      0.311    -11.397     -0.863 4
  80  105     -8.810     -8.894      5.552 4
  49   67     -6.788     -2.468     -2.160 4
 109   -2      7.544    -11.455      7.513 4
 119  140      8.483      6.671      0.391 4
 198   70     -1.357      6.744     -4.113 4
  67  121     -8.406     -5.000      1.050 4
  43   53     -1.747     -0.645     -9.320 4
  75   66     -1.929      7.241     -8.091 4
 132  124      2.936      7.146      6.925 4
  -1   -2     -4.343      4.767     -4.673 4
  15  162     -2.112     -1.322      5.654 4
  39   64     -9.098     -1.934      1.158 4
 229  168     -4.579     -4.317      1.732 4
  41   84      4.216     -5.031      4.656 4
 141   57      7.874     -7.063     -4.469 4
 154  133      0.258      1.778      4.380 4
 165  211      6.678     -8.390      8.906 4
 124  106     -9.429      9.105     -6.818 4
  47  142    -10.583     -7.293     -6.086 4
  18   62      3.166    -10.098     -3.247 4
  88  132     -4.323      9.503      2.744 4
  11  128     -9.303     -3.544     -4.165 4
 103  204      5.963     -4.721     -3.555 4
 122   91     -8.769      4.848     -8.565 4
 166  125     -7.218     -7.260      4.144 4
  34  200     -3.487     -0.929     -7.415 4
  -1   -2      2.022      4.521     -6.429 4
 173  212     -8.652     -2.204      3.507 4
 111  180     -1.338     -7.717     -1.108 4
  -1   -2      7.628      1.037      3.920 4
  -1   -2      5.531      7.443      6.645 4
 110  120     -6.540      7.202     -9.281 4
  10   18      9.845      0.234     -5.643 4
 167   85     10.897     10.124     -7.472 4
 228  189     -6.192      1.446      8.518 4
 147   55    -11.356    -11.192     -1.411 4
  96  203      5.610    -12.140     -9.292 4
 206  193      6.382    -12.049     -8.987 4
 121   38      9.709     -0.658     -7.406 4
 130  108      0.660     -7.986     -4.892 4
 140   -2      0.581      5.424      2.513 4
 148  135     -9.536     -7.893      2.606 4
 208  147     -9.234      2.458      7.167 4
  98   94     -1.348      1.129      4.243 4
 233  110     -8.419     -3.995      5.329 4
 135   39      6.047      7.269     -7.690 4
  -1   -2     11.637     -0.227      1.795 4
 138   42     -0.617     -1.905     -0.910 4
 123  175     -4.722      8.210     -0.590 4
 149   68     -2.612    -11.330      4.882 4
 180   41    -10.215     -9.515     -8.322 4
 152   73     10.115     -7.478      1.870 4
  35  170     -3.585      0.190      2.635 4
 188   25     -0.592      5.918      7.096 4
  83  151     -7.830      0.014      7.570 4
 133  112     -1.367      8.767     -5.725 4
  -1  191      6.587      2.257      8.030 4
  91  202     11.201      2.654      3.329 4
 178  178     11.329     -7.446     -0.123 4
 195  218      3.388      2.907      1.224 4
 131  171     -8.101    -11.421     -9.005 4
 169   95      7.330      3.741     -3.340 4
 139   97      5.831    -10.864      0.770 4
 171   96     -8.794     10.494     -2.099 4
  84   56      2.018     11.510     -7.759 4
  22  137     -7.594      6.077      8.870 4
  57  158     -3.162      9.503     -8.408 4
 207  127     -8.241     -8.171     -2.720 4
 199  219     11.415    -11.390      0.425 4
 105  117      1.064     -2.706     -3.117 4
 176   74      3.290    -10.335     -1.735 4
 157  186     -6.656      4.877     -5.739 4
 168  160      2.307    -11.340     -2.452 4
  65   -2      4.708     -3.398     -9.832 4
 143  208      8.672     -1.135      3.515 4
 136   40      1.167      1.895      1.300 4
 212  222      3.466      0.135     -6.302 4
  -1   88      3.959     -6.190      4.955 4
 182  109     -5.602      2.499      5.364 4
  21   26     -2.263     -0.110      1.480 4
 231  190      0.013      7.519      3.749 4
 117  176     -2.523      2.068     -6.823 4
  77  144     -5.729     -6.498      4.087 4
 127  100      6.437     -6.816     -5.073 4
 128  173      0.183     -4.772     -2.200 4
  -1  197      3.813      4.953      5.945 4
 218  153     -7.670     -0.313      3.783 4
  86  114      4.978    -10.243      3.869 4
 196  122    -10.115     -8.370     -2.530 4
 106  161     11.158     -7.842      1.058 4
  70   69     -7.621      2.451     -9.877 4
 151  182     -5.636     -4.515     -4.124 4
  72  166      0.539     10.264     -4.838 4
 156  181      7.072      5.775     -6.086 4
 219  119      3.295      2.000      5.176 4
 158  154      2.962     -4.851      3.383 4
 104  205     -1.875    -10.438      4.626 4
 134  207     -4.398     -4.209     -1.672 4
 193  188     -3.977     -1.953      0.144 4
 190  143     -9.748      4.016      0.395 4
 179  159      4.191     -7.336      1.514 4
 116  145      7.891      9.732     -4.327 4
 194  217      4.526      5.653     -7.964 4
 155   89      9.316     10.464      4.535 4
  37   34     -4.262     -2.672      2.472 4
 209    4     -0.257    -11.264     -9.267 4
 125  155     11.766    -10.255     -3.779 4
 142  123     -2.939     -0.027      6.560 4
  63  185    -12.008      4.903     -5.826 4
  94  177     -5.199      3.449      9.176 4
 187  179     -9.453      4.319     -8.194 4
  -1  169     -3.300     -1.202     -3.122 4
 191  216     -9.719     -8.776     -4.694 4
 192  167     -1.195     -8.624     -0.043 4
  40  104      2.673      4.336      9.024 4
  36  138      9.407      2.085     -1.178 4
 185  172     -2.887      7.045      9.748 4
 159  156     -7.873      5.336      8.767 4
 183  148      3.107     -5.205      4.548 4
 197  131     10.872      5.352     -6.528 4
 172  102     -7.921      2.260      3.818 4
  -1  184      9.878     10.747      5.466 4
 221  192     -8.315     -7.874     -2.235 4
  -1   -2      9.632     10.891     -0.530 4
 118  206      5.253     -1.990     -4.557 4
  -1   -2      6.845     12.124     -8.110 4
  -1  152    -11.744     -8.782     -6.286 4
 181   78     -4.037     -2.752      6.454 2
 107   -2     10.204    -12.069      0.255 2
 189  215     -2.492     -7.838     -3.669 2
  81  165      0.868      0.267     -8.784 2
 201   -2     -8.082    -12.277     -3.835 2
 177  214      7.525    -10.605      9.713 2
 175  213     -8.149      0.529     -3.141 2
 213  157     -1.931      4.458     -1.496 2
 184  134     -6.762      5.234      6.597 2
 150  139      1.573      4.505     -5.591 2
 204  164      5.978      9.714      4.026 2
 220   -2      4.356      1.958      2.916 2
 144  209     -5.305     -0.214      8.264 2
 214  183     -1.708      6.788     -5.899 2
 211  221     -6.896      1.037      6.962 2
 200   19    -11.584     -2.393     -5.886 2
 205  194     -9.296      1.918     -5.378 2
 210  220    -11.281      2.077      3.749 2
 224   -2    -11.126    -11.979      3.538 2
 223  224      2.343    -11.001      7.270 2
 203   -2     -5.343      4.644     -9.908 2
 226  226     -5.512      2.583      2.296 2
 225  225    -12.457     10.590     -2.563 2
 230  227     -9.887    -12.340     -8.739 2
 222  223     -4.264     -4.360      0.151 2
 232  187    -11.232      9.444     -9.685 2
