223
  31   73    -10.965      4.356     -2.314 4
  19    0    -10.094     -1.998     -4.609 4
  11   13      1.045     -4.135     -0.090 4
   5   22     -2.945     -7.087      1.681 4
  77   43      6.046     -6.738     -4.089 4
  33   72     10.502    -10.530     -3.443 4
  25  110      0.888     -2.976      3.221 4
  -1   -2     11.121     -2.776      2.574 4
  45   11     -4.114     -4.227      4.465 4
 139  153      5.643     -0.806     -4.653 4
   0    3     -5.576     -0.388     -1.374 4
  95  101     -1.282     10.204      5.302 4
   2    2      5.077     -7.997      1.578 4
  -1   -2     11.867      7.825     -5.257 4
  39  148     -8.948      3.640     -7.323 4
  42   57     -9.676      2.022     -9.756 4
  -1  108     -8.238     -9.163     -9.389 4
 154    4     -8.855     -5.767      2.504 4
  22    5      2.471      2.994     -5.366 4
  37   21     -3.464     -5.487      3.111 4
  68   53     -7.421    -11.315     -5.635 4
  84   48      7.912     -8.843     -8.939 4
  14   -2      6.768     -1.990      9.960 4
  43   39     -2.852      6.124     -5.335 4
  80   70      1.907     -8.116     -1.227 4
  41   23      2.992     -8.126     -5.365 4
  54   24     -2.077    -10.779     -5.021 4
  94   31     -1.720     10.599      1.945 4
  27  203      4.229    -11.974     -4.315 4
  21    7     -7.528      4.973     -4.426 4
  -1   -2      3.587      6.096      3.789 4
  -1   -2      9.828     -2.415     -2.673 4
  -1   -2      4.800      7.516     -2.373 4
  30   60    -10.648      4.948     -9.253 4
  60    1     -9.721      3.172      0.614 4
   6   84     -5.832      0.955      9.270 4
 131   85     -2.038     -0.431      1.307 4
 155  211     -2.009     -4.151      7.897 4
  61   14      7.822     -7.070      2.771 4
  32    9      1.404    -11.854     -2.810 4
  16   34     -6.570      6.853      2.689 4
  26  132      2.519    -10.074     -2.807 4
  -1   -2    -10.575      3.103     -7.585 4
  72  206      2.269      4.454     -7.609 4
  67   64      7.453     -1.177      2.228 4
  15   45     -8.888      7.065      2.456 4
  -1   -2      8.250      3.686     -6.794 4
  -1   15     -2.446     -4.141      9.985 4
  -1   -2      6.026      4.792      2.218 4
  -1  122      6.148     -2.397     -7.920 4
  17   26     -8.708     -7.901     -9.560 4
  -1   -2      3.999      9.724      4.252 4
  83   95     -7.500     -7.441     -1.877 4
  18   27     -8.741      9.167     -3.139 4
  86   49     -4.190     -9.037     -8.441 4
 158  189      0.310      7.836      2.284 4
 127  118     -0.033     10.792      9.566 4
  -1   -2      6.771      6.049      5.852 4
  47   37      9.270     -5.883      6.079 4
 102  155     -1.130      0.092     -5.268 4
  -1   -2      6.324     11.164      3.936 4
  91   87     -6.781      3.679      1.825 4
 119   12      1.010      4.062      4.176 4
 136   94      2.973      5.453     -8.115 4
  51  150      4.279     -2.192     -1.447 4
  75   56      4.006      0.253      1.542 4
  89  120      3.127      3.305      5.765 4
 138   18      2.105    -10.521     -1.187 4
  -1   -2      5.800     11.341      3.858 4
 132  102     -4.450     11.279      7.327 4
  20  105     -5.673      2.574      5.164 4
   8   35      6.546     -4.263      0.057 4
  -1   -2     11.997     10.365     -6.722 4
 219   90      2.670      1.461     -5.790 4
 146   -2     -1.932     -4.808     -9.688 4
  -1   -2      5.504      2.297     -1.004 4
 218   20      4.518     -0.928     -0.543 4
  38   16      3.807    -10.099      6.419 4
  -1   -2      5.652      1.968      8.345 4
   1   17     -9.463     -2.004     -9.231 4
  98  143     -8.306     10.759     -5.816 4
  44   46     -3.639    -11.085     -3.931 4
  52   38     -5.267      7.026      3.792 4
 129   71     -7.200      9.423      5.935 4
  -1   -2      8.561      5.395      2.330 4
  71   88     -6.339      5.489     -2.795 4
 175   92      5.442     -4.586      9.192 4
  73   66     -0.169     -8.944     -3.767 4
  -1   -2      2.456      2.462     -3.730 4
  59  149    -10.268     -5.236      1.385 4
  24   80      1.425     -7.748      3.577 4
 101  104     -7.618     -3.111     -0.573 4
 128  174      1.623     11.797     -9.660 4
  76  163      2.072      3.690     -3.308 4
  49  183     -5.657     -0.837     -7.603 4
  57   91      1.419     -6.676      1.790 4
 176  188      4.485     -6.059      7.414 4
  90   61      4.169     -1.691      0.760 4
 106  147      7.149     -0.104     -8.276 4
 108   86     -0.242     -7.157     -8.610 4
 115  199    -11.647     10.510     -5.102 4
 123   54     -6.916     -0.774      0.452 4
  97  103     -2.696      0.838     -1.483 4
 164  140      5.647    -10.225     -0.468 4
 117   75      3.296      2.259     -4.195 4
  88   47      1.003      1.232     -0.131 4
 210  220      5.966      2.983     -2.934 4
 181   41      6.459     -6.353     -6.583 4
 217   67     -8.973     -6.478     -9.046 4
  35  128     -7.655      2.875     -8.298 4
 124  124     -6.106     -6.018     -1.260 4
 118  107     -4.240      1.694     -0.210 4
 103   19      1.275     -5.690      4.700 4
  -1   -2      6.734      5.418      3.162 4
  70  146     -5.409    -10.793      8.748 4
  69   81     -1.493      9.953      1.915 4
  62   50     -1.389      7.018      1.814 4
 121   63      3.299     10.805      7.972 4
  48  170     -7.263     -8.038      4.640 4
  28   98      2.741     -9.060      9.288 4
  66  114      2.617      9.937      2.292 4
 100  116      3.017     -9.381      9.257 4
 104  154      1.205     -2.513      1.716 4
 111  141     -3.469     10.706      3.372 4
 120   30     -0.728      7.139      6.875 4
  53   59      5.048     -4.224      5.284 4
 179   -2     -7.952     -9.309      5.811 4
  -1   -2      7.629      5.885      2.184 4
  87  162     -1.924      1.085      8.583 4
  99   74      1.461      9.007     -3.480 4
 150   32    -11.095     -1.188     -2.774 4
 177   79     -2.525     -5.589      3.705 4
 157  121      2.539      0.605      3.074 4
 182   65      6.922    -10.260      7.762 4
  78  207     -5.127    -11.277     -1.778 4
 122  159      6.511     -2.395     -4.456 4
 105  184      3.744    -10.659      5.677 4
  81  123      0.523     11.046      5.809 4
 116  135    -11.446      9.627     -4.145 4
  -1   -2     11.422     -6.380      1.909 4
 203   52     -0.773      4.379      8.823 4
 145  210     -3.245    -10.903     -0.273 4
 151  125      3.764      5.212      5.500 4
 195  138     -8.352      3.973      3.999 4
  -1  172      5.543     11.687     -8.770 4
  -1   -2      9.386      0.513      4.298 4
 156  200     -2.536     -9.982      0.087 4
 162   29      5.508     -2.090      4.192 4
 211  180     -8.174      0.718     -8.715 4
 192   96      3.637      3.936      6.129 4
 130   99     -6.419      1.797      9.901 4
  -1   -2      7.182      3.354     -5.963 4
 160  113     -0.565      7.552      4.878 4
 171  186      8.530     -5.849     -8.752 4
  -1   -2      9.935      6.603     -4.815 4
  58  145      2.832    -10.842      4.492 4
 166   62     -2.309      5.898     -2.966 4
 137   -2     -5.328    -11.159     -5.989 4
  56  205    -10.792     -2.115     -4.876 4
 202  151      4.131     -9.438      3.801 4
  -1   -2     10.622      3.804     -8.799 4
  46  204     -0.319      3.447     -9.124 4
 188  215     -6.868    -10.484     -9.363 4
   3   -2      2.102      1.607      9.695 4
 135  131      9.232     -2.791     -5.846 4
 161  165     -3.202      1.271     -4.746 4
  -1   93      3.477      1.035     -7.978 4
  -1   -2      4.187      9.114      1.201 4
 148  168    -11.953    -11.326     -0.306 4
 152   55     -6.756     -8.390      4.845 4
 134  117     -8.740     -9.538      7.991 4
  96  208     -0.410     -2.362      8.479 4
 172  176      5.947      9.815     -8.432 4
  -1  160     11.570     11.110     -8.067 4
  -1   -2     11.946     -4.486     -1.538 4
  -1   -2      9.106      1.591     -4.921 4
  -1   -2     11.240     -0.268     -0.779 4
  -1   -2      8.507     11.473      3.552 4
  -1   -2     11.734      8.392     -7.695 4
 165  134     -0.183      8.533      4.917 4
 126   58     -3.053      4.598     -0.573 4
  -1   -2      8.272      0.288      4.783 4
 190  193     -6.399    -11.938     -2.130 4
  -1   -2      0.636    -11.299     -2.002 4
 201  196    -11.387      5.051     -3.551 4
 178  166      3.081     -7.147      1.513 4
  -1   -2      4.871      6.325      8.322 4
 220  223    -11.020     -1.094     -6.863 4
  -1  152     -7.270     11.600      3.116 4
  -1   -2      6.526      7.738     -4.254 4
 189   68     -7.004     -4.910      9.443 4
 113  197     -7.075    -10.852     -8.447 4
 114   -2     -7.365      8.774    -10.029 4
 198  192     -3.472      4.792      2.952 4
  -1   -2      5.941      6.550      4.715 4
 185  133      6.059     -1.209      3.316 2
   9  100     -3.937      1.911     -3.682 2
 159   28      1.469      8.928      7.619 2
 168  212      1.736      8.484      9.086 2
 186  161      0.673      8.195      8.333 2
 112  185     -7.963      3.596      8.500 2
  23  202      8.631      0.455     -3.102 2
  40   -2      6.639    -12.219     -5.074 2
 143  109     -6.580    -10.134      7.477 2
  63   97     -3.442      2.921      6.825 2
 204  217      0.991     -8.052      1.466 2
 180  169     -5.017     -4.439     -4.242 2
  55   78     -5.381      0.985      1.820 2
 173  195      8.043     -8.596     -4.251 2
 142  209      0.442      8.030     -4.064 2
 209  219      5.423     -0.788      7.431 2
 170  213      3.046      7.356      3.773 2
 207  218      5.088      6.543     -4.993 2
 193  182      4.788      0.984      6.562 2
 213  222    -12.328     -3.906     -2.957 2
 197  158      5.528      3.631      1.676 2
 215   -2    -12.462      2.278      1.066 2
 214  175     -7.465     -8.053     -1.868 2
 208   -2    -11.012    -12.429     -7.493 2
 183  214     -8.698      0.733     -7.290 2
 212  221    -10.032      1.605      6.624 2
 221   -2    -12.864     -0.975     -0.344 2
 222  224    -12.859     -6.014     -3.786 2
