214
  15   25      1.307     -2.013      3.079 4
  73   48     -7.003     -7.843      4.624 4
   1   11      1.430     -3.216      0.162 4
  26   32      1.499    -11.483     -2.267 4
   9   21     -7.387      5.113     -4.015 4
   5    2      5.324     -6.742      1.868 4
   8    5     -2.625     -6.622      1.918 4
 198   62     -0.707      7.256      0.997 4
  -1   -2      5.381      9.414     -1.869 4
  11    0     -5.226     -0.053     -0.933 4
   4    8      6.917     -2.717     -0.500 4
  37   26      2.521     -9.394     -2.382 4
  99   46      0.199      3.796     -9.159 4
  93  120     -0.422      7.659      6.196 4
  62   68     -7.515    -10.987     -5.498 4
  21   96     -0.204     -1.447      8.203 4
 140  184      0.027      2.697     -9.877 4
  20  101     -7.249     -2.848     -0.301 4
  16    4    -10.731      2.939     -4.896 4
  57   15     -8.745      7.100      2.798 4
   7   16     -6.328      7.108      2.863 4
  45   33     10.230     -9.032     -3.426 4
 101   49     -5.499     -0.744     -7.023 4
  -1   -2      4.374      7.860      4.057 4
  -1  185      6.536      0.420      2.710 4
 118  164      5.667     -8.980      0.098 4
  65    9     -3.639      2.389     -3.256 4
  10   51      4.770     -1.041     -1.833 4
 129  127     -0.085     11.265      9.325 4
  51   22      3.145      4.195     -5.416 4
  28   27      4.232    -11.489     -3.658 4
  74   54     -2.004    -10.510     -4.444 4
  34   52     -4.926      7.443      3.746 4
  29  130     -6.164      1.907      9.806 4
 210  159      1.581      9.588      7.458 4
  -1   -2      6.158      3.788      8.108 4
  -1   -2      8.572      2.196      4.754 4
   6   77      6.078     -5.721     -3.922 4
  -1   -2      7.289      8.289      6.424 4
  79  104      1.733     -1.420      1.599 4
  43   30    -10.743      5.173     -8.931 4
  75   24      1.558     -7.008      3.965 4
  14  168      1.790      9.101      8.946 4
  53   28      2.856     -8.040      9.340 4
  89   61      8.053     -5.424      2.600 4
 121   83     -7.310     -7.355     -1.602 4
  49   45     -3.738     -3.777      4.771 4
 195   -2     -0.299    -10.946     -3.585 4
  63   37     -3.092     -5.001      3.367 4
  87   97     -2.348      1.455     -1.184 4
  50  117      3.988      3.469     -4.355 4
  19   72      2.878      5.725     -7.417 4
  58   18     -8.626      9.256     -2.654 4
  42   17     -8.835     -7.398     -9.475 4
  17   44     -3.565    -10.929     -3.523 4
  66  105      3.923     -9.907      5.916 4
  52   39     -8.889      3.559     -6.950 4
 206  136      3.480      6.891     -7.587 4
 203   86     -4.233     -8.643     -8.036 4
  84   60     -9.521      3.302      0.863 4
  47  122      6.998     -0.977     -4.781 4
 215  186      0.749      8.771      7.882 4
  30   80      2.046     -7.250     -0.830 4
 119  175      5.793     -3.340      8.535 4
  -1   -2      9.193      5.887     -6.530 4
  -1   -2      6.524      6.920      2.713 4
 181  192      4.301      5.500      5.883 4
  12  112     -7.745      3.691      8.564 4
  83   56    -10.675     -2.146     -4.583 4
 146  118     -3.885      2.206      0.203 4
  59  123     -6.556     -0.584      0.839 4
  64    6     -5.569      1.094      9.243 4
 125   89      3.820      4.763      5.349 4
  38   76      2.790      4.800     -3.466 4
  13   41      3.056     -7.384     -4.867 4
  23   19     -9.952     -2.035     -4.266 4
 136    1     -9.546     -1.730     -8.888 4
  -1   -2      9.629      2.545      4.570 4
  60   20     -5.326      3.163      5.365 4
  92   78     -5.001    -11.240     -1.547 4
  44   75      4.668      1.661      0.822 4
  -1   23      9.297      2.523     -3.032 4
  82  154     -8.573     -5.609      2.561 4
 105  113     -7.245    -10.379     -8.311 4
 117  108     -0.129     -6.717     -7.854 4
  67   40      6.540    -11.457     -4.432 4
  88   98     -8.380     10.604     -5.400 4
  -1   -2      3.145      3.472     -3.981 4
  69   38      3.962     -9.327      6.649 4
  48   14      7.154     -0.474      9.261 4
  46   73     -0.004     -8.366     -3.244 4
  86  165      0.216      9.025      4.338 4
 138   35     -7.555      2.853     -7.847 4
   2   57      1.647     -5.829      2.216 4
  91  102     -0.672      0.746     -5.165 4
  -1   -2     11.159     -0.667      2.353 4
  -1   70     -5.264    -10.617      8.789 4
  -1   -2     10.651      8.615     -3.705 4
  -1   66      3.237     11.681      3.250 4
  -1   31    -10.838      4.302     -1.953 4
  90    3      2.435      2.612      8.955 4
  32  160     -0.109      8.021      4.130 4
   0   42     -9.753      2.285     -9.359 4
  -1   -2      6.059      4.294     -1.161 4
  -1   -2     10.284     -0.394     -2.965 4
  76  174     -8.376     -8.643     -9.275 4
  41   84      7.848     -7.862     -8.523 4
  -1   81      0.612     11.689      5.768 4
 123  138      2.102     -9.770     -0.793 4
 122   69     -0.957     10.274      1.187 4
 126  111     -2.930     10.790      2.591 4
  61  134     -8.602     -9.460      7.865 4
  72   91     -6.529      3.850      2.195 4
  85  161     -2.893      1.774     -4.372 4
 112  143     -6.418     -9.941      7.486 4
  94  202      4.328     -8.477      4.134 4
  40   53      5.412     -3.018      4.866 4
  -1   -2      6.801     -0.590     -7.943 4
  25   71     -6.137      5.687     -2.320 4
  68   59     -9.978     -5.116      1.464 4
 120  131     -1.529      0.508      1.443 4
  77   63     -3.074      3.753      6.727 4
 132  158      0.949      8.543      1.971 4
 116  100      3.123     -8.364      9.339 4
  96  116    -11.415      9.401     -3.920 4
 128  204      1.189     -7.284      1.865 4
  35   99      2.144     10.597     -2.562 4
  -1   88      1.741      2.141     -0.739 4
 124  135      9.715     -0.825     -5.931 4
  22  126     -2.535      5.025     -0.784 4
 167  180     -4.738     -4.218     -3.935 4
 107  119      1.740      4.996      3.456 4
 162  155     -1.774     -3.618      7.996 4
  78   94     -1.207     10.869      1.204 4
  55   55     -5.026      1.315      2.218 4
 170  171      8.745     -4.208     -8.593 4
 199  173      7.925     -7.497     -4.325 4
 103  142      1.155      9.045     -3.805 4
  80   47      9.285     -4.480      5.816 4
 115  182      7.008     -9.444      7.816 4
  -1   -2      8.800      7.778      3.096 4
 150  150    -10.874     -1.237     -2.506 4
 152  152     -6.499     -8.164      4.861 4
 175  209      5.928      0.791      6.848 4
 169   -2     -1.034      5.134     -2.102 4
 174  188     -7.029     -9.946     -9.192 4
 127  156     -2.378     -9.609      0.298 4
  -1   -2      7.203      9.691     -4.319 4
  56  200      7.842    -11.901     -4.419 4
  -1   -2     11.620      2.100     -0.498 4
 185  170      3.831      8.943      4.246 4
 144  187      1.009      4.228      9.390 4
 212   87     -1.679      1.865      8.277 4
  -1   -2      9.912      3.813     -4.631 4
 159  178      3.294     -6.176      1.925 4
 131  146     -1.756     -4.455     -8.957 4
 143  114     -7.301      8.666     -9.652 4
 139  139      6.275      0.649     -4.865 4
  -1   -2      8.072      5.483     -5.624 4
 172  172      6.123     10.968     -8.408 4
  -1   -2      4.274      2.595     -8.006 4
 214  124     -5.824     -5.741     -0.984 4
  -1   -2      7.146     -5.174     -1.396 4
 166  179     -7.739     -9.128      5.699 4
 165  207      5.802      8.422     -4.643 4
  -1   -2      4.446      6.821      5.501 4
 178  210      6.650      4.954     -2.907 4
  -1   -2     -7.971    -11.914     -2.440 4
 205  220    -10.965     -1.046     -6.618 4
 108  203     -0.578      5.162      8.324 4
  71  201    -11.284      4.885     -3.367 4
 142  205      6.603      8.722      6.332 4
 188  211     -8.117      0.774     -8.263 4
 204  145     -3.093    -10.671     -0.057 4
 219   90      4.719     -0.403      0.301 4
 209  193      5.406      2.691      6.117 4
 173  103      1.465     -4.885      4.951 4
 182   43     -2.440      6.284     -5.444 4
  -1   -2     -8.246    -12.050     -9.989 4
 176  157      3.286      1.869      2.496 4
  -1   -2     11.262     -4.329      3.125 4
 134  115    -11.677     10.337     -4.797 4
  -1   -2     -7.601      7.986      1.312 4
 149   -2    -10.674      1.236     -9.938 2
 160  189     -6.752     -4.886      9.553 2
 191  213    -12.178     -3.964     -2.763 2
 187   -2     -7.824    -12.464     -9.773 2
 194  216     -1.757     -3.618      2.782 2
  97   58      3.011    -10.107      4.797 2
 153   67      7.808      0.464      1.654 2
  36   -2     -8.151      4.101      4.611 2
 197  197      6.054      5.520      1.829 2
 193  215    -12.257      2.303      1.145 2
 110  106      7.980      2.071     -7.999 2
 201  219      3.383      2.671     -6.027 2
 196  217     -9.049     -6.063     -8.975 2
 200  218      5.093      0.436     -1.116 2
 130  148    -11.878    -11.521     -0.378 2
 161   -2     -2.014     -4.036     -9.080 2
 192  214     -7.297     -7.998     -1.611 2
 154  206      3.974      2.289     -6.973 2
 168  208    -11.059    -12.112     -7.633 2
 102  129     -6.810     10.041      5.986 2
 211  183     -8.620      0.619     -6.939 2
 179   92      3.559      8.958     -9.548 2
 145  137     -5.410    -10.796     -5.673 2
 190  212     -9.836      1.663      6.782 2
 155  162      5.957     -0.557      3.561 2
 171  176      4.694     -4.993      7.198 2
 208  166     -1.708      6.113     -3.498 2
 213  198     -3.038      5.365      2.829 2
 217   -2    -12.208     -8.650      0.429 2
 216  221    -12.641     -1.061     -0.199 2
 218  222    -12.772     -6.042     -3.676 2
