226
   4    2      5.017     -0.480     -2.022 4
  67   43     -8.534     -9.417      7.802 4
  28   31     -9.736      1.696      6.825 4
   6    7      1.614     -2.732      0.293 4
  25  118      9.308     -3.760      5.658 4
  13    0      5.441     -6.121      2.011 4
   3   11     -9.877     -2.046     -4.095 4
   7   16      3.996     -9.533      6.066 4
  72   48      4.020     -8.925      6.772 4
   2    3     -2.467     -6.386      2.035 4
 103   17      8.735      3.183      4.755 4
  14   13      1.514     -1.498      3.015 4
  27   20      2.525     -9.049     -2.161 4
   8   12     -7.306      5.206     -3.807 4
  11   10     -5.059      0.119     -0.707 4
  17   38      7.106     -1.936     -0.817 4
  32    6     -0.104     -0.966      8.064 4
  69  114     -8.445     -8.387     -9.235 4
  20  147     -4.846      1.519      2.385 4
  35   18      8.176     -4.591      2.480 4
  31   32    -12.109     -3.990     -2.674 4
  99  136     -9.837     -5.048      1.505 4
  26   25    -10.690      2.879     -4.766 4
  18   30      3.073     -7.021     -4.599 4
  37   83      1.752     -5.411      2.406 4
  42   59      2.119     -6.824     -0.569 4
  21  100     -9.795      2.412     -9.164 4
   9   21     -5.435      1.172      9.236 4
  66   41     -8.661      7.130      2.966 4
  30   23      4.224    -11.254     -3.344 4
 158  148      6.581      1.439     -4.981 4
 164   98     11.173      0.419      2.357 4
  33   60     -6.028      1.967      9.782 4
 153   74      6.759      8.035      2.990 4
 168  222     -1.948     -3.885     -8.720 4
  24   51      4.991      2.377      0.447 4
  36   72      7.343      0.313      8.902 4
 111   47      2.902     -7.515      9.418 4
  63   71     -7.630      3.735      8.576 4
  51   64      6.094     -5.240     -3.834 4
  96   29     -6.884     -7.745      4.614 4
 139   53      3.486      4.006     -4.105 4
 126    8      9.635      3.642     -2.949 4
  40   24    -10.790      5.296     -8.772 4
  89   34      5.656     10.369     -1.610 4
  77  130      2.113      5.512      3.035 4
  19   27     10.112     -8.321     -3.421 4
 175  140     -6.372     -8.050      4.845 4
 140   86      1.829      9.413      8.792 4
  81   79    -10.617     -2.163     -4.427 4
  58   56     -8.549      9.318     -2.402 4
  85   63      1.999     -0.831      1.524 4
  39   28     -6.195      7.253      2.954 4
  38   44      7.543      9.438      6.735 4
  22   22     10.533      0.645     -3.034 4
  23   26     -3.560     -3.547      4.928 4
  48   42     -8.862      3.517     -6.760 4
  52   35     -8.900     -7.154     -9.450 4
 117   55      5.594     -2.384      4.628 4
  65   57      3.150      5.388     -3.575 4
  64   90     -1.979    -10.394     -4.169 4
  44   73     -4.749      7.671      3.729 4
  45   -2     -1.131      7.139      9.949 4
  83   50      1.599     -6.638      4.196 4
  49   85     -9.419      3.376      0.991 4
  86   88     -6.381     -0.489      1.024 4
  43  115      3.090     -9.733      4.965 4
  41   37     -2.173      1.799     -1.026 4
  46   19     -3.538    -10.858     -3.334 4
  50   77      0.170      8.307      3.761 4
  74   69     -0.458      1.078     -5.111 4
 102   70      3.481      4.832     -5.436 4
  47   65     -7.070     -2.711     -0.175 4
 112   33     -2.744      2.041     -4.184 4
  95   14     -7.995      4.295      4.483 4
  90   68      9.645      7.028     -6.456 4
  62   58     -7.569    -10.834     -5.437 4
  59   82      1.531    -11.291     -2.015 4
 110   78      5.961     -2.718      8.179 4
  87   92      0.068     -8.074     -2.992 4
  78   36     -0.223      7.959      5.832 4
  -1   75     -2.915     -4.746      3.501 4
  93   76      3.175      6.400     -7.308 4
 204  123      7.527     10.664     -4.431 4
  12  108     -8.459     -5.518      2.589 4
  94   93     -8.399     10.549     -5.181 4
 113   40      2.610      3.135      8.586 4
 170  155     -0.100     11.500      9.190 4
 192   87      4.735      8.816      4.283 4
  -1  117      2.466     11.497     -2.088 4
 138  146      6.328      5.330     -1.171 4
  80  103     -4.947    -11.239     -1.450 4
 133   96    -11.391      9.291     -3.807 4
   5  142      4.333      4.116     -4.418 4
 114   15     -7.323    -10.144     -8.251 4
 131   91      0.461      3.987     -9.176 4
  71  152     -0.949     11.039      0.840 4
 151   97      2.115     -9.397     -0.596 4
  91  106     -0.095     -6.492     -7.461 4
 149   81      6.478    -11.086     -4.105 4
  -1   46     12.385     11.309     -5.434 4
 115   67     -2.888      4.187      6.699 4
 154  102      1.115      4.672      9.034 4
  10  164      7.762    -11.430     -4.107 4
  73   62     -7.221     -7.317     -1.477 4
  76   80     -6.021      5.800     -2.084 4
 109   39      6.389      4.728      8.039 4
 120    5      7.785     -7.411     -8.316 4
  97  107     -0.650     10.473      0.833 4
 134   94      0.472      9.317      4.024 4
 108  127      7.239     -0.237     -4.910 4
  55   66     -2.270      5.255     -0.892 4
 173    4     -5.149      3.487      5.460 4
  16  112     -3.503      2.643     -3.047 4
 121  187    -11.839    -11.627     -0.400 4
  -1   -2     -5.980    -11.856      0.517 4
 166  151     -1.563      2.293      8.188 4
 136   -2      2.214      1.931      9.798 4
 132   -2     -7.106     10.718      9.955 4
  15   84     -1.281      0.990      1.492 4
  57    1     -9.572     -1.595     -8.734 4
 143  124     -5.429     -0.697     -6.742 4
 162   -2      8.391      3.191     -7.814 4
 106  150     -7.270      8.627     -9.466 4
  -1  145      1.522      9.627     -3.623 4
 118  139      3.159     -7.831      9.431 4
 100   95     -7.513      2.845     -7.620 4
 194  129      1.326      8.973      1.849 4
  88  110     10.816      9.715     -4.979 4
  84  113     -6.341     -9.845      7.473 4
 155  101      9.967      0.215     -5.937 4
  -1   -2      7.406      8.929      4.135 4
 203  181     -0.450      5.561      8.046 4
 159  121     -6.399      3.957      2.368 4
 185  190     -6.598     10.345      5.882 4
 145  131      4.161      5.517      5.106 4
  92  119      5.703     -8.370      0.371 4
 200  144     -1.689     -4.300     -8.589 4
  54  159      4.764      7.653      5.567 4
 180  111      7.051     -9.040      7.850 4
 163  138     -4.619     -4.092     -3.684 4
 189  125    -12.109     -8.708      0.446 4
 199  128      6.851      9.884      6.640 4
 188  109      1.277     -6.901      2.100 4
 187   -2      2.322    -11.825      0.738 4
 152   52     -3.710      2.490      0.402 4
 141  141     -2.631     10.827      2.179 4
  -1   -2      8.017      1.344      1.472 4
 150  221    -12.137      2.324      1.178 4
  68  158    -11.216      4.824     -3.266 4
  -1   49      0.260      2.891     -9.804 4
  -1  163      5.554      9.185      8.731 4
 116  165      4.634      3.407     -8.001 4
 160  209    -11.673     10.179     -4.767 4
 202  168      7.847     -6.938     -4.246 4
 127  218    -10.740      4.285     -2.076 4
 182   99      8.525      6.592     -5.459 4
 129  219      4.332      3.044     -7.048 4
 232  162      9.762      3.592      4.683 4
 178  166     -2.305     -9.420      0.406 4
 128  143    -10.772     -1.232     -2.373 4
 191   -2    -11.080    -11.954     -7.725 4
 177   -2      6.835     -9.947     -9.981 4
 181  184      4.997      0.292      0.005 4
 167  205     -5.460    -10.635     -5.531 4
 212  179      6.190      1.628      6.546 4
 105  206    -10.732      1.434     -9.794 4
 190  167      6.207     11.567     -8.376 4
   0  173     -6.631     -4.867      9.611 4
  82   61      6.780      1.218      2.341 4
  -1   -2      8.933      9.021      3.422 4
  -1  104    -12.344     -9.219     -5.489 4
 161  170      6.140      9.417     -4.498 4
 193  172     -7.643     -9.041      5.688 4
 227  229      4.791     -4.463      7.056 4
 125   -2     -9.101    -11.995     -8.744 4
 142  153     -1.631     -3.326      8.073 4
  -1  188      4.393     -7.990      4.311 4
 101   45     -0.249    -10.838     -3.303 4
 195  175     -7.120     -9.687     -9.122 4
 184  189      1.549     -4.458      4.996 4
  -1   -2     10.882      4.869      0.635 4
 176  211    -10.393     11.193      5.661 4
  -1  176      4.186      9.823      4.545 4
 228  134      8.862     -3.385     -8.555 4
  -1   -2    -11.288    -10.988     -1.120 4
  29  192      3.618      2.500      2.273 4
  -1  161     -2.035     -4.767      4.136 4
  -1   -2     -7.750    -11.702      3.174 4
  -1  185      3.382     -5.697      2.135 4
  60  122      4.615      6.318      5.750 4
 201  193     -2.224      6.392     -5.595 4
 231  169     -5.679     -5.609     -0.924 4
 135  182     -3.029    -10.571      0.058 4
 171  199     -8.403      7.873      9.413 4
 130   -2      6.352    -11.732      5.420 4
  -1   -2      8.665     -0.943      8.603 4
 172  137     11.800      3.303     -0.345 4
 104   -2      3.568      7.010      9.888 4
 197   -2      7.006      5.990     -2.843 4
  -1   -2     -0.659      5.354     -2.470 4
 229  183     -8.095      0.803     -8.040 4
  -1  202    -11.556      5.223      4.295 4
  -1   -2     11.803     -5.645      6.339 4
 217  207    -12.730     -6.057     -3.642 4
  -1   -2     11.568      7.250      2.970 4
 123  216     -1.586     -3.278      2.931 2
  75  215     -7.864    -12.208     -9.745 2
 223   -2      6.185      0.240      3.270 2
 148  220     -7.221     -7.974     -1.494 2
 137  133     -0.338      7.432      0.594 2
 165  157      3.725      7.641     -7.296 2
 146   -2      5.394      1.158     -1.456 2
  34  171    -10.952     -1.039     -6.494 2
 144  196      6.308      6.517      1.941 2
 225  227     -1.408      6.241     -3.750 2
  53  116     -4.283     -8.450     -7.728 2
 169  223      0.754    -10.582     -1.335 2
 124  217      3.727      3.326     -6.105 2
 157   -2     11.576     -3.299      1.080 2
 198  224      3.664      9.598     -9.355 2
 206  225     -8.583      0.709     -6.710 2
  -1   -2      6.136     10.324      6.426 2
 230   -2     11.332     -8.064      5.310 2
 221  226    -12.535     -1.099     -0.134 2
 226  228     -2.820      5.677      2.757 2
