228
  54    3     -4.674      0.939      4.379 4
  57   54      4.590     -2.832      9.826 4
  45   17      6.914     -2.451      8.721 4
  58   66      4.990     -2.156      0.858 4
   6   28     -6.690      1.981      4.277 4
  59  112     -9.178    -10.592      6.466 4
  22   11     10.867     -4.460      0.213 4
  26    8     -7.079      0.912      6.983 4
   8   21      9.842     -6.715     -1.297 4
   4    4     -0.952      9.869      7.585 4
   1    1    -11.543      0.866     -4.437 4
  39   70      3.612     -7.983     -3.898 4
  19   76      9.237     -1.516     -0.106 4
   5   81     -2.993     -8.739     -6.322 4
  14   14     -0.636     -0.276     -2.345 4
  79   16     -3.248     -7.748     -3.006 4
  13   68     -6.356    -10.930      0.889 4
  35   31     -4.409     -4.571     -3.481 4
   0    9    -10.660      4.793     -1.274 4
  28   26     -2.085      0.054      6.031 4
  46   45     -5.593      3.497     -5.247 4
   3   12      4.294    -10.710     -0.447 4
  43  121     -0.866     -7.912     -0.479 4
 156    2     -0.814      6.066     -7.086 4
   2    0     -5.522     -2.285      2.541 4
  51  129     -4.586    -10.567     -3.554 4
  23   46     -6.542     -7.316      2.996 4
 223   40     -4.228      0.047      2.048 4
  20   41     -2.311     -6.447      4.039 4
  11   10     -3.248    -10.254      6.155 4
   7   15     -2.692     -5.589      9.972 4
  25   13     -9.183     -4.351      6.842 4
  89   71     -8.149     -0.273      4.168 4
  12   24     -0.086     -1.637     -0.988 4
  32   32    -11.182     -3.824     -0.449 4
 126   52     -7.456    -10.672     -6.003 4
  44   33     -6.991      4.864      1.043 4
 123  116     -2.609      5.120     -0.684 4
  80   56     -9.338     -2.827      0.865 4
  10  122      6.813     -7.650     -4.600 4
  15   57     -5.223     -9.019     -4.325 4
  31   38     10.936      5.625     -3.471 4
  37   35      4.368      3.953     -5.318 4
  33   67      0.008    -11.141     -3.637 4
  42   77     -4.309      2.946      3.021 4
  38   47      4.279     -2.084     -2.417 4
  29   58     -8.955      4.024      6.580 4
 116  139      4.155     -5.522      4.234 4
 115   48      2.405      1.256     -9.263 4
  60   25     -0.454     -6.793     -6.314 4
 150    5     -7.537     -4.726     -5.728 4
  49   44     -8.087      6.615     -7.517 4
  93  189     -3.020      4.464     -3.315 4
  70  150     -8.953      0.113      4.109 4
  48   53    -11.314      3.055     -0.464 4
  67   73     -3.104     -7.195     -2.797 4
 117   18     -0.379     -5.405      2.368 4
 102  105      8.243     -4.282      0.887 4
  69   30      7.465      0.242     -3.372 4
  24   49     -2.760      1.979      9.022 4
  90  132      3.094     -1.941      8.637 4
  36  145      1.415      0.645     -7.236 4
  73  117     11.281      1.720      1.601 4
  50   59      2.747     -7.433     -6.877 4
  55   75     -0.116     -9.723     -4.209 4
  82  141      0.740      1.580     -7.071 4
  96    7      4.142      8.716     -5.824 4
  68   65     -3.539      9.223      1.560 4
 207  159     -1.441     -2.176     -6.297 4
  -1   -2    -12.150     -2.101     -2.336 4
  83   74     -1.999    -11.012     -3.009 4
  47   23      1.692      0.064      7.035 4
 158  142      6.018      5.749     -2.974 4
  72   86     -1.790      7.935     -7.127 4
 113  102      5.529     -8.204     -9.395 4
 121   79     -8.528    -10.273      4.064 4
  63   89     -6.256     11.361      4.621 4
 107   51      7.309      5.348      9.814 4
  77   34     -1.113      4.844      7.751 4
  61   69      0.412      9.232     -6.202 4
  76   61     -8.406     -7.070      1.431 4
 168   19     -1.602     -5.991      2.995 4
 170   80      0.301     -5.076      1.295 4
 101   93      0.844     -7.718     -6.319 4
 154  163    -11.365      1.418      1.430 4
  87   98     -2.771     10.722     -8.958 4
  56   50      1.951     -2.593     -9.355 4
  17   95     -6.707     -6.019     -2.708 4
  86  103     -1.199      0.741      3.154 4
  84   84     -0.468      1.412      4.828 4
 127  101      7.176      4.163     -6.889 4
 100    6    -10.800     -5.100     -1.008 4
  53  220      0.461    -11.715     -4.705 4
  27   29     -5.960     -0.651      2.304 4
  52   36     -6.684      4.991     -8.083 4
  41   90     -3.532      6.458      8.179 4
 147  161      7.290      6.212     -3.908 4
 128  134      8.646      8.001     -7.372 4
  64   94     -8.669     -8.825      2.796 4
  34   37     -2.824      4.582      5.691 4
  74   22      7.804     -6.156     -3.958 4
 165  140     -7.242     -4.996      1.674 4
 133  106     11.776      7.756     -2.315 4
 138   99      4.686      7.488     -9.415 4
 157  137      5.045      4.810     -2.248 4
 134   78    -10.682     10.891     -2.254 4
 118  100     -2.505     -8.251      6.422 4
 155   87     -4.908      7.762     -2.629 4
  30  127     -2.036     -1.113     -7.204 4
  92  128     -4.223     -5.312      0.237 4
 166   96      2.848      4.232      0.937 4
 109  111     -6.083     -9.645     -7.020 4
 129  149    -10.703     -7.529     -2.018 4
  99  211     -5.727      1.598      9.292 4
  -1  120      1.820    -12.330     -8.824 4
 120  221     10.474      2.570      5.270 4
 112  115    -11.778      0.355     -6.543 4
  78  171    -12.051     -7.939     -1.727 4
 176   85      5.124     -6.096     -8.999 4
 143  144      8.167      8.525     -6.179 4
  75  152      0.914    -11.145      1.339 4
 105  155    -11.887      5.869     -3.459 4
  95  126      5.094     -0.323     -6.399 4
 206  185      7.620     11.419     -2.023 4
 149   92      2.267      9.958     -1.715 4
  88  108     -4.434      9.711     -5.406 4
 153   83      3.827     -4.080      4.476 4
  94  173      2.421      7.524      8.784 4
 103  148     -9.744     10.738     -7.971 4
  -1  151      4.226      8.207      0.415 4
 220  138     -1.003      8.270      5.392 4
  18   20      5.921     -3.057     -2.269 4
 161  223      0.258     10.154      1.419 4
 162  224     -3.047     10.089     -9.256 4
 135   39     -0.335     -4.145     -1.854 4
 124  119     -8.966     -9.816      4.680 4
 125  125     -3.990      5.721     -5.428 4
 104  154     -5.504      9.245      3.540 4
  66  186      1.731     -1.482      1.194 4
  71  118      0.130     -7.277      7.361 4
 130  153      1.256     -5.034     -3.807 4
 114   43     -6.315      4.480      3.496 4
  62  206      4.897      3.037     -9.601 4
 131   88    -10.748     -0.942      2.148 4
 160  136     -8.212      9.816      2.099 4
 182  180      2.841      8.901     -1.711 4
   9   42      8.768     -6.288      6.836 4
  97  130      1.857     12.119     -6.143 4
  21  165     -8.244     -5.810     -6.953 4
 106  169     -9.477     -6.945      0.294 4
  91  107      2.279      3.531     -2.833 4
 110  143      3.123      3.562      3.013 4
  40   27     -0.842     -4.177      8.381 4
 142  167    -11.281      5.382     -6.885 4
 136  104     -1.169      5.635      4.261 4
  -1   -2     -9.089     -1.620      3.659 4
 163  168    -10.517      4.634     -8.892 4
 139  176     -6.194     -7.709     -2.992 4
 148  146    -11.748     10.685     -3.960 4
 213   62     -1.384     -5.996     -5.681 4
 216  133      0.551      5.780     -3.100 4
 193  216     -5.320     11.696      1.563 4
 119  156      3.774      8.226      2.217 4
 146  166     -8.042      8.874     -7.823 4
  -1  204     10.445      3.802     -8.272 4
 167   -2     -7.441      4.400     -7.917 4
 203  135     -6.259    -11.722      0.802 4
 122  218      9.492      5.389      7.466 4
  -1   -2      1.965     12.031     -0.894 4
 152   -2     10.860      3.456     -9.324 4
 179   63     -3.751      5.956      8.477 4
 214   97     -0.634      4.512     -7.985 4
 180  160      2.057      2.278      6.544 4
 164   91     -5.831      1.030      0.805 4
  -1   -2     -6.555      0.948      9.948 4
 174  174     -9.166     -3.127     -4.013 4
 178  183     -7.863     -9.360     -1.330 4
 132  170     -6.394     -3.182      5.803 4
 222  187      9.438     -4.421      0.471 4
 184  178     -0.737     10.837      5.907 4
 169   64      1.763      6.063     -2.161 4
 189  113     -8.977     -2.218      1.145 4
 177   72     -7.300     -2.518      3.263 4
  81  179      2.681     10.637      9.327 4
 212  114     -7.417      3.217      9.734 4
 191  175     -6.931      2.497     -6.300 4
 185  182     -8.228     -3.821     -0.841 4
  -1   -2     -9.334     -2.069      1.375 4
 186  181    -11.958      4.557     -6.961 4
 183  164      1.269      4.338     -5.982 4
 145  188     -4.844     -2.907     -4.196 4
 208  190      3.060      9.926      8.897 4
 187  192      4.414      1.203      8.708 4
 172  205     -6.516      0.794     -4.677 4
 181  195     -5.189      9.496      3.986 4
 151  198      3.582     10.950      4.511 4
 200  201     10.240      8.723      5.213 4
  -1   -2     -3.755     -2.623      3.929 4
 199  207    -10.143      0.464      4.815 4
 204  184    -11.640    -10.154     -7.273 4
 198   -2    -10.903     11.469      5.787 4
  -1   -2     -2.356      3.252      4.251 4
 173  157      7.832      8.938      8.885 4
  -1   -2     -6.182      4.457     -7.397 4
 205  212     11.157    -10.597      6.770 4
  -1   -2    -11.605      8.514      8.379 4
 219  227      9.132      5.011      9.836 4
  98  214     12.650      7.029     -4.007 4
 217  217     11.315     -0.948      5.764 4
  -1  124     -4.368     12.143     -0.493 4
 195  225     -5.170     -3.309      8.213 4
  -1  110      4.585     11.761      9.225 4
  -1  193    -10.572    -12.152     -9.012 4
  -1   -2      4.798    -12.151     -0.021 4
 171  162      4.600      4.381      4.496 4
  85  191      2.351     -3.015      6.402 4
  65   55      9.163     -6.458     -1.579 4
 144   82     -1.306     10.430     -1.049 4
 215  226      5.260      1.064      6.815 4
 140  222      3.775     11.268     -6.012 4
 141  147     -4.807     -4.586     -0.486 4
 221  228    -10.145     -3.631      3.881 4
 201  208     10.959      4.476     -7.591 4
 192  109     -2.958    -10.787      3.894 4
 225  230    -11.831     -5.145     -3.128 4
 224  229     -2.551     10.044      9.270 4
 218  231    -11.105     -9.633      4.123 4
 226  232    -12.760     -7.031     -5.109 4
