263
  16    1     -4.045     -4.848      6.363 4
  -1   41      7.302     -5.924      9.965 4
 122  103     -7.720     -6.274      2.219 4
   4   10      2.809     -9.511     -6.688 4
 111  172      4.589    -10.648      8.180 4
 138  209      3.776     -1.772     -9.680 4
   2    7    -10.452     -3.598     -3.781 4
  14    4      1.946     -0.709     -1.835 4
   9  109      4.264     -1.996     -6.037 4
  21   75     -8.489     -4.968     -9.690 4
   5   97      3.346     -5.669      6.750 4
   1  104      0.309     -1.305      3.746 4
  37    5     -5.992     -2.529      3.075 4
  17  151     -4.215      3.135      3.561 4
   7    3     -9.886     -0.016      0.449 4
  39   24     -0.830     -5.467      5.696 4
  42   69      8.297     -3.568      7.358 4
  48   61     -1.868     -4.151      9.088 4
  29  119     -5.563     -0.729      8.491 4
  45    8     -0.524     -9.113      4.742 4
   8   37     -8.951      3.100     -3.708 4
  74   44      0.293      4.435     -8.673 4
  13    9     11.096      4.681     -4.152 4
  20   33     -7.931     -9.019      1.805 4
  32   43     -3.502     -5.631     -1.651 4
  15    2     -5.314    -10.955     -6.947 4
  35   17      8.100     -5.891     -7.331 4
  51   -2      4.445    -12.124     -8.219 4
  10   39     -9.157     -1.206     -2.256 4
  27  175     -1.471      7.434     -8.310 4
  40   36      9.538      2.285     -3.487 4
  52    0    -12.229      1.735     -5.630 4
 242   23     11.133     -4.361      2.132 4
  89   26     -7.085     -2.906      8.893 4
   6   73      6.089      7.627     -7.586 4
   3   50     -3.077     -8.022      8.422 4
 124   25     -8.774      0.744     -0.283 4
 144   42      4.027    -10.651     -5.662 4
  19   27      1.967      7.372      8.000 4
   0    6      5.639     -9.506     -7.247 4
  92   82      3.357    -11.327     -9.644 4
  30   35      1.457     -8.408      5.149 4
  38   94      7.072     -6.572      7.239 4
  26  147      5.698     -5.659     -6.409 4
  50   29      9.016      9.719      6.406 4
  81  106     -1.711     -6.610     -6.376 4
  73   96     10.000      7.775     -5.385 4
  90   99    -11.990      2.496     -3.584 4
  34   13      9.057      0.766     -4.041 4
 147  187      8.683     -5.324      4.220 4
  82   85      4.818    -10.013     -6.272 4
  23   30      3.763      7.980      0.999 4
  22   40      4.267      5.115     -5.698 4
  36   15      0.966      1.161      1.347 4
  63   32     -8.106      5.162      8.575 4
  54   49    -11.238     -8.915      2.323 4
  41  167      8.340    -11.745     -2.966 4
  46  140      8.384     -5.563      5.648 4
  72   18     -6.834     -5.525     -2.751 4
 108  108     -5.874     10.904      4.955 4
  58   48    -10.021      8.407      5.433 4
  70   16     -1.028     -3.187      8.572 4
  96   56     -0.045     -7.263      6.742 4
 182  127      7.135     10.446      5.755 4
 118   91     -8.456      7.762      9.114 4
 164   28      3.195      4.124     -2.607 4
 211   31      4.805     -3.041      2.456 4
 133   62      3.158    -10.436     -4.373 4
  65   55    -11.114    -10.783     -5.305 4
  64   52    -11.850      6.374      1.926 4
 190   21      4.760     -7.003      0.075 4
  -1  208      3.279     -8.878     -9.782 4
 130   47      9.628      0.453     -1.320 4
  60   79     -8.238     -5.284      4.251 4
  49  180     -3.731     -7.353      2.515 4
 157  128      5.313      1.644      6.089 4
 100  101      4.462      1.603      5.890 4
 128   46      4.319      4.549      3.301 4
  28  105    -10.031      2.300     -3.709 4
 127   88      5.302     10.805     -8.389 4
 162  168     -3.675      5.612     -3.795 4
  55   70     -2.205      9.935     -9.031 4
  12   83      1.732     -3.177      9.907 4
 106   63      9.143     -8.270     -0.095 4
  56   84    -12.179      7.076     -1.037 4
  18   53     -3.740      0.969      3.694 4
  31  149    -10.192      5.610     -9.794 4
  33  139     -9.820      4.159     -1.547 4
 116   98      1.653      3.000      2.453 4
 153  114      2.515     11.329     -0.511 4
  24   19      0.238    -11.438     -0.334 4
  87   57     -9.917     -1.799     -3.701 4
  61   72     10.001     -8.303     -0.668 4
 175  115     -1.200     -0.820     -4.846 4
  98   67    -11.690     10.660     -7.695 4
 104  131     11.043    -11.699     -4.181 4
  75  112     -2.444     11.222      8.659 4
 105   87     -8.723      6.285      3.592 4
 140   60      9.917      5.870     -1.132 4
  80   90      2.924      0.543     -8.332 4
 115   71      3.504      0.465     -1.748 4
 181   -2     -2.988      9.047    -10.025 4
 223  212      4.006      8.121      6.077 4
 126   80     -2.759    -11.922     -2.542 4
 109  157      9.614     -6.521     -8.291 4
 114  126     -6.154    -11.331      2.008 4
  78   86     -2.017      6.910      5.763 4
  62   38     10.577     -9.451     -8.108 4
 107  133     -6.081      1.931      1.997 4
 103   76      3.966      4.389     -5.456 4
 161  153     -1.037      1.777      2.142 4
  53  100     -4.978     -5.962      6.489 4
  66   92     -9.690     -9.295      2.624 4
 120   12     -0.822      1.512     -3.797 4
 146  189     -5.662     -6.131      7.487 4
  -1   -2      5.537      7.982      2.516 4
  69   22      3.346     -1.490     -6.498 4
  99   45      0.401     -1.740      0.935 4
  -1   -2      4.428     10.482      3.654 4
 101  143      7.610     -0.560     -9.032 4
 135  144     -3.729    -10.951      3.575 4
  11  110    -10.377     -6.313      0.701 4
  57  237      0.609    -10.836      9.251 4
  76  113     -0.051     -0.316     -2.917 4
 131   78     -0.657      4.658      0.780 4
 136  134     -5.804     10.579     -0.615 4
 117  142      2.484     -2.227      7.841 4
  25  202     10.354     -7.345      1.958 4
 132  194      2.610      9.501     -8.819 4
 174   95     11.741      9.063     -2.841 4
 163   34     -9.515      8.637     -1.170 4
 202  205     -3.273      1.118      4.012 4
 141  123    -10.815     -5.180     -7.369 4
  -1   20      3.030     -7.082      3.348 4
 170  141     -4.629      9.266     -1.424 4
 243  135      9.232     -2.829     -6.741 4
 113  116     10.269     -9.704     -1.183 4
  93  203    -11.584      7.595     -7.608 4
  79  102      3.832     -4.081      0.837 4
 149   64      1.880      6.148     -9.374 4
 206  136     -0.961     -8.802     -7.326 4
  77   11      6.898      2.735     -3.976 4
 168   51     -0.569      8.630      8.205 4
 102   66     -7.680     -6.020     -8.570 4
  67   58      8.999      5.746     -1.395 4
 199  156    -12.139     10.335      0.329 4
  91  118     10.564     -0.794     -9.317 4
 255  190     -1.911      6.514      2.871 4
  88   14     -6.761     -7.683      2.049 4
 129  132     -7.704      3.395     -3.053 4
 166  138      6.306     -3.416      7.989 4
 176  181     -3.240      7.847     -9.143 4
 119   -2      2.844    -11.879      3.180 4
 194  197     10.921      5.698     -6.727 4
  94  207    -10.196     -2.537      3.095 4
 152  117      5.419     11.953     -8.583 4
 188  186     -7.157    -12.009     -9.753 4
  86  239     -8.801      2.727     -6.537 4
 200  165     10.226      6.490     -2.679 4
 178  137      2.903      8.529      4.646 4
 165  129     -6.088     -4.988      6.629 4
  -1  125      5.221     -1.637      6.800 4
 110  162     -4.526      5.881     -0.064 4
 158  159     -6.584     -7.996      5.977 4
 187   -2     -6.641    -11.815     -0.249 4
 186  120     11.492     -6.493     -1.028 4
 214  195      8.380      4.469      3.326 4
 184  218      8.926     -2.678     -6.657 4
  -1  193     -4.847      2.020     -9.948 4
 179   -2    -11.324     11.349     -9.505 4
 204  191     11.256     11.107     -7.780 4
  84  152    -11.007     -9.971     -1.997 4
  85  160      7.200      2.990     -0.002 4
 142  107     -5.104     -5.512     -0.807 4
 150  164     -1.079    -10.968     -0.015 4
 151  173    -11.025      8.770     -2.565 4
 121  188     -2.386     -2.413     -7.711 4
 172   93     -0.085     -9.919      0.217 4
 183   -2     11.499     -6.595      3.054 4
 169  231     -2.157      1.166     -3.883 4
  47  236      5.967     -3.702      5.529 4
 139  242     11.455     -2.489     -8.625 4
 159  184     -7.555     -9.679      1.731 4
  83  238     -0.693      7.011     -6.337 4
 177  196     -3.722      3.739     -3.441 4
 192  198      9.600     -4.092     -2.506 4
 205  185     -1.440     -6.956      3.694 4
 191  192     -5.809      8.821     -1.772 4
 215  214     -2.263      4.698      3.187 4
  -1  145      0.232     -8.919     -5.018 4
 196  217      2.417      1.317      7.166 4
 160   -2     -6.715     -7.746     -4.676 4
 213  146     10.764     -0.687      3.207 4
 224  121      0.682     -2.595     -1.345 4
 195  182     -7.349      9.901     -7.151 4
 220  206    -10.217      1.125     -7.929 4
 154  169      3.242      3.093      7.531 4
  44   65     -1.899     -7.601      4.585 4
 185  177     -3.101      6.470     -9.090 4
 216  155      3.245     -6.450     -6.108 4
 209  233      5.735      3.293     -9.521 4
 171  178    -11.741     -7.930      0.264 4
  -1   -2      1.786      8.962     -0.354 4
  97  124     -4.510     -8.680     -1.502 4
  59   77     11.671     10.070     -5.804 4
 143  158     -2.372      5.107      0.030 4
 193  200     -4.866     -7.546      2.903 4
  -1   -2     12.143      3.012     -3.059 4
  -1   -2      0.313    -12.211     -9.337 4
  -1   -2      1.312      9.813      1.461 4
  -1  154      3.190     10.621      9.514 4
  -1  150      3.775     -8.887     -1.299 4
  -1   -2      8.821      9.376     -5.934 4
 222  111     -1.623      6.104     -7.994 4
  43   -2      4.903    -11.908      2.040 4
 155   -2     -8.211      7.100     -0.032 4
  -1   68     10.450     -1.091     -4.737 4
 248  243     -2.206      4.864      0.043 4
 210  183      2.306      7.156     -6.563 4
  -1   -2     -3.811     -7.822     -3.443 4
 228  247      7.642      9.738     -2.906 4
 197  171     -4.815     -0.429     -8.079 4
  -1   -2      1.170      9.195     -9.696 4
  -1  174     -4.221     -8.678     -5.000 4
 180  166      4.256     10.448      8.890 4
  -1   -2     11.253     -4.525      1.899 4
 173  245      2.663    -11.005      2.798 4
  -1   -2      4.894      6.050     -5.539 4
 233  220     -9.254      1.109     -1.032 4
 230   -2     -8.676     -4.419      9.005 4
  -1   -2     -5.955      3.627     -3.732 4
  -1   -2      9.892      4.749     -1.398 4
 203  227      7.322     -8.369      7.503 4
  -1  230    -11.877     -6.460      6.198 4
  -1   -2    -11.919     10.563      3.082 4
  -1   -2     11.555      1.926      9.448 4
 221   89     -2.384     -8.801      1.234 4
  -1   -2    -10.842     -2.788      1.465 4
  -1   -2     12.007     -6.987      1.217 4
 226  122      3.085     -7.408      8.435 4
  -1   -2     11.424     -1.591     -2.058 4
 238   -2    -11.345     -0.372      0.863 4
  -1   -2     11.571     -7.990     -0.534 4
 239  235    -10.971      3.609     -3.036 4
  -1   -2     -2.034     -6.666     -8.789 4
 241  248      7.332      8.134     -1.562 2
 123  241     -1.929     -8.119     -7.012 2
 167   74      2.551     10.339     -7.184 2
 148   59      2.544      7.371     -6.995 2
  95  240     -0.175     -9.566      6.722 2
 198  130      5.202     -8.506      7.158 2
 145  244      4.708     -8.673      0.642 2
 254  170      4.184      5.682      5.980 2
 246  249     13.018     -3.266     -2.617 2
 251   -2      9.012      9.604     -6.740 2
 207  213     -8.845      7.171      1.929 2
 234  228     11.723     -1.856      3.674 2
 250   -2     10.248      9.890     -9.727 2
 252  250     -6.604      7.316     -4.006 2
 257   -2     -5.099     -2.434      5.056 2
 258  226     -9.876    -10.579      7.109 2
 259  251     -9.306     -8.954      4.811 2
 260  252    -13.048     -7.377     -0.974 2
