221
   4    3      3.906     -1.597     -3.515 4
 155    7     11.057    -10.941     -5.093 4
   2    9     -9.763     -4.499      6.128 4
   7   10     -5.807     -1.851      1.903 4
 104   80      4.105     -6.802     -6.733 4
  80   29     -0.067     -4.245     -9.646 4
  31    4      4.911     -8.364     -1.401 4
  35  168     -3.317     -6.756      9.598 4
  12   68     -1.585     -7.684      7.316 4
  75   11      1.090     -8.451      5.886 4
 166  102      0.049     11.866      0.903 4
  22    5     -2.336    -10.268     -6.862 4
  15   35     -6.057     -0.015      1.659 4
  73   28     -3.517      0.408      6.331 4
   3  111     -3.709     -9.703      1.228 4
  30   30     -7.750     -6.915     -7.271 4
  38    2     -3.903     -2.345     -8.092 4
  26   42     -2.714     -0.796     -3.394 4
  20   18     -2.185      0.620     -7.860 4
  21   23     -7.370      3.532     -5.625 4
   1   40     -9.594    -10.267      6.122 4
   9   37      8.971      4.130     -3.879 4
  10    1    -10.058     -2.641      0.750 4
 181   85      4.117     -7.117     -4.047 4
  45   50      2.642    -11.969     -5.345 4
  93   15    -10.930     -0.535      1.904 4
  29  213      0.598    -10.878      6.715 4
 175  124     -0.560      8.219     -3.722 4
   6    6    -12.257      0.881     -4.582 4
  34   48     -6.721      2.511      3.750 4
  19  150     -4.822      3.817      2.341 4
  53   59     -3.072     -7.862     -3.474 4
  32   19      1.879      4.713     -6.482 4
  39  190     -2.329    -10.849      1.445 4
  43   31      8.922      6.596      4.126 4
   5  115     -5.024      1.145      3.781 4
  40   13     -9.958      4.717      5.883 4
  28   34    -11.644     -4.011     -0.804 4
  33   43      8.611     -7.638     -0.727 4
  51    8     -5.100     -6.577      3.300 4
  18  132      6.330     10.049     -4.683 4
  11   58     -1.450     -1.532     -2.213 4
  67   61     -2.907     -7.324     -3.334 4
  14   66      0.026     -3.151      2.278 4
  44   36    -12.138     -2.316     -6.425 4
  23   69      3.123      1.178      0.476 4
  48  110      5.533     -6.091     -8.940 4
  47   24     -0.082     -7.024     -0.303 4
 101  101     -6.949      6.418      0.503 4
 122   17     -9.645     -1.810      1.018 4
  61  166      3.903      7.161      8.193 4
  60   45     -9.506      6.961     -8.263 4
 133   38     -9.308     -1.096      0.031 4
  91   65    -11.820     -8.418     -2.442 4
  86   51     -4.601      5.696      6.054 4
 206  139     -7.391     -5.869     -6.103 4
 160   79     -0.026    -10.265     -3.738 4
  65   16     -0.016     -8.899     -6.539 4
  79   54     -3.403      6.569      3.978 4
  58  126     -4.476      4.973     -4.475 4
  84   67     -3.822      5.112     -2.133 4
 113   27     -9.290    -11.012      2.468 4
  89   64      7.771      5.992      3.999 4
  71   63     -3.586     11.432      7.802 4
  41   56     11.193     -6.318     -7.233 4
  24   -2    -10.593      0.752      5.189 4
   0  189      7.301    -12.001     -8.330 4
  69   49     -7.000     10.121     -6.461 4
  -1   78      9.394     11.445      3.705 4
  37   32      0.553      9.162     -7.387 4
  54  103      8.433     -9.408      3.528 4
 106  143      0.265     -3.540      1.331 4
 103   46    -11.245     -5.396     -1.522 4
  82   73     -2.949      9.470     -7.729 4
  83   52      4.489      2.242     -5.281 4
 102   -2     -4.489      0.671      1.097 4
  90   44      8.272     -3.338     -7.063 4
  88   74    -11.548      3.427     -0.346 4
 119  141     -7.380      4.313      6.670 4
  94   83      9.299      9.638     -3.122 4
 116   72     -4.499      8.288     -8.536 4
 131   86      1.492     -0.236      6.549 4
 178   -2     -4.027     -4.916     -0.294 4
 132  133     -5.962      5.829     -6.284 4
  46   53      6.626     -1.235      7.426 4
  74   76     -9.087     -3.782     -0.833 4
 192  105      3.737     -5.437      2.674 4
 111  205     -1.289     -5.034      7.501 4
 114  125      2.060     -9.196     -6.504 4
  17  129     11.614     -7.749      1.081 4
  16   14      2.425     -0.955     -3.591 4
 125   20      2.388    -10.149     -4.004 4
 105   71     -7.647     -6.094      1.650 4
  70  104      0.773      5.500      7.517 4
 100   94     -5.934      7.153      8.660 4
  56   26     -1.414      0.530      7.188 4
 130   77     -3.788      7.067     -2.313 4
 120   60     -3.483      9.820      4.509 4
  87  140      0.217      4.648     -4.376 4
 128  100      6.195     10.335      2.814 4
  57   88     -3.213      4.477     -8.939 4
  97  108      4.234      0.439      5.930 4
 154  158    -11.305    -10.410     -7.973 4
  50   98     -1.137     -4.321     -2.812 4
 137   -2     -1.412      7.131     -4.632 4
 151  118      3.590      2.132      8.688 4
  36   -2    -11.009      5.455     -1.122 4
  -1   -2     11.642      9.866      2.185 4
  98   81     -2.450      1.867      4.039 4
 143  113      4.564     10.694      9.518 4
 177   99     -9.845     -3.498     -4.384 4
 162   96      2.614      0.347     -7.200 4
  66   47     -9.683     -6.499      0.461 4
  78   92      6.412      9.196     -0.437 4
 109   90     -0.184      5.333      2.045 4
  42   33      3.286      2.206      6.549 4
 168  163     -5.454     -4.346     -0.765 4
  62  130     -4.495    -11.100     -8.411 4
 118  155      4.527      5.965     -7.836 4
 124  120      7.618     11.478     -5.286 4
 121  116      6.416     -9.882     -0.404 4
  92   95     -1.392     -0.642     -7.951 4
 139  179     10.811     10.312     -1.024 4
  99   -2      3.626      7.185      5.736 4
 217  128      1.036     -5.140     -4.597 4
 214  107     -1.425     -7.815     -6.048 4
  27  212     -6.058    -11.586     -7.073 4
  85  177     -5.411     -5.260     -3.512 4
 157  119     -3.476    -10.418      1.659 4
  59  106     11.463     -6.740      2.923 4
 134  137     -9.018     -9.050      4.313 4
  13   12      7.287      2.708     -2.371 4
 142  109     -5.727      2.262     -0.072 4
 150  122     -6.911     -4.340      1.597 4
 138  216     -4.268    -10.039     -3.618 4
  -1   -2     -9.033     -1.864      2.614 4
 117   93      4.666     -1.713      7.031 4
  77   70    -11.773     -5.595     -3.745 4
 127   21      1.763     -9.800     -4.950 4
 158   22      5.103      2.089     -1.889 4
 216  114      8.348      3.261      2.329 4
 129  136      2.535      9.815     -4.130 4
 172  138     10.414      0.529      3.436 4
 115   41      4.653     10.959     -7.887 4
 147  149      1.905      7.921     -3.483 4
  52  112     -3.144     -3.865     -7.177 4
 110  164    -12.266     -7.471     -5.736 4
 180  161      9.156      0.065     -2.936 4
  55  135    -10.414     -8.126     -2.682 4
 146  145    -11.375      1.980      1.258 4
  25   75     -4.916     -9.327     -4.650 4
 153  206     -1.347      3.733     -7.035 4
  72  148    -10.277     -3.216      3.532 4
 189  147     -7.154      9.315     -3.058 4
  63  127     -5.658      2.850      9.363 4
 163  121    -11.626     -8.741     -4.676 4
 171  180     -0.494      0.511     -9.889 4
 169  169    -11.027     11.550     -9.100 4
 186   57     -5.335     11.772      0.533 4
 215   84      4.119    -10.468      5.334 4
  68   55      9.733     -5.165      3.103 4
 190  197     -0.868     -4.520      2.925 4
 187  123     -7.234     -6.108     -2.422 4
 183   25     -7.937      0.350      3.411 4
 145  217     -6.106     -3.404      9.711 4
  -1  191    -11.361      5.218     -9.347 4
 182  165     -0.722      5.502      6.958 4
 174  186      9.050      8.598     -8.023 4
 123   89     -9.982     -1.611      4.436 4
  76  196      8.042     -1.081     -7.265 4
 141  183     -6.261     -3.793     -4.772 4
  95  174      2.039     -5.047      4.318 4
 165  171      3.653     10.895     -4.897 4
 112  162    -11.125     -9.210      3.513 4
 152   62      7.122     -7.310     -9.015 4
 184  193     -5.769     -0.334      6.671 4
 136   91      0.368     -0.197      0.413 4
 188  117      8.291      3.045     -5.125 4
 135  154     -6.621     10.645      3.241 4
  -1   -2     -5.779      1.337      6.258 4
 170  144     -6.261      6.431      8.859 4
 148  218     -7.913     -7.582      2.672 4
 173  176     -8.779      4.669     -8.603 4
 179  188      0.226     11.545     -7.378 4
 126  192     -8.097      5.274     -8.878 4
 218  207      6.150     -0.279     -2.546 4
 161  146      0.596      7.266      3.841 4
 149  187     -7.414     -8.280     -0.526 4
 159  134     -1.313      8.536      9.378 4
 140  152     -6.385     -2.910      5.467 4
 185  157     -6.119     -7.513     -2.402 4
  49  181     -0.987     -7.428      5.158 4
 194   97     -7.790      1.438      6.102 4
  -1  170      6.234     11.433      8.963 4
  -1  131     -8.497      0.623     -4.658 4
 167  160    -11.820     11.343     -2.726 4
 202  203     11.790     -4.970      1.043 4
 209  184     -6.358     10.845      3.734 4
 144  173     -0.057      6.116     -0.392 4
  96  214     -4.083      5.139      8.508 4
  -1   -2     -1.484     -4.740      4.211 4
 107  215      5.357     -1.305     -1.579 4
  -1   -2     -0.712     12.192     -1.557 4
  -1   -2     -6.527      5.334      4.496 4
  -1  167     -2.361      1.249      1.941 4
 191  202     -9.332     11.280      2.811 4
  -1   -2     -9.017      0.860      5.530 4
  -1   -2     11.617      1.139      7.201 4
 205  221     -9.201      3.139      8.964 4
  -1   -2     13.173     11.135     -3.594 4
 211  208     -9.640      9.521     -8.892 4
  -1   -2     13.551    -11.188     -1.989 4
 196  200     -8.607      2.301     -6.643 4
  -1   -2      8.342      5.373      0.272 4
  81   -2     -6.945    -12.000      1.345 4
 156   87     -6.602     -2.865     -2.841 4
 207  142      1.818      2.318     -9.960 4
 176  219     -3.398      6.137     -8.248 4
 200  220    -11.127      5.035     -4.745 4
 219  222    -12.830     10.981     -4.568 4
 220  223     -9.774    -12.490     -9.263 4
