233
   2    0    -11.761     -0.852     -3.699 4
   4   11      5.207     -9.692      1.084 4
   5   25     11.200     -9.813      3.034 4
  67   37     -0.023     -3.064      5.158 4
  15    2     -7.968     -4.737      9.314 4
   7    4     -0.500     -7.036     -1.037 4
  14   12     -6.649      0.260      0.344 4
  27   70      4.330      2.196      1.422 4
  10    3      7.017     -5.926      5.217 4
  72    8      0.649     -3.367     -8.151 4
   8   10     -6.868     -1.255     -2.780 4
  60  145     -0.664      5.035     -5.614 4
  17   50     -9.065      7.253      1.225 4
  26   53    -11.023      3.750     -5.994 4
 108   21     -0.618      0.312     -2.631 4
   0   42      4.592     -1.122      4.467 4
  29   40      3.853     -7.821     -8.215 4
  18   13     -8.298     -8.639      4.734 4
   9   31      6.664     -5.844     -2.367 4
  83    6      8.313     -9.329     -1.029 4
  25   35     -4.173     -8.640      0.880 4
 175  120      5.914    -10.584     -6.795 4
  86   62     -3.905     -7.344      2.836 4
  28   24      1.710     10.615      8.221 4
  34    9      2.584      0.752     -6.895 4
  19   32     -7.133      6.336      2.038 4
 103  113      3.475     -3.465      0.283 4
 154   60      0.081     -1.875     -5.223 4
  35   67      4.921     -3.306     -7.772 4
  56   59     -8.730      9.110     -4.603 4
  37   39      9.977      0.545     -5.068 4
  74   46      0.392     -8.435      4.053 4
  -1   -2     -3.076      0.500     -6.100 4
  36   28      4.053     -1.675      1.646 4
  32   45      3.452     -5.063     -3.745 4
  78   29    -11.349      4.724     -2.894 4
  93  136      2.424    -10.794     -6.932 4
  52   27     -0.547      7.143      6.539 4
  71  125     -3.873     -3.059      0.534 4
 105  140      2.172     -6.015      1.928 4
  53  104     -1.963      5.656     -3.825 4
 155   20     -2.755      6.800      4.629 4
  24   77      0.360     -9.584      0.620 4
  39   19      0.457      1.851      3.923 4
  50   -2      3.448     -5.462      9.998 4
 104   92      4.979     -1.504      1.822 4
  41   23      1.046      3.390      1.528 4
  22   56     -1.203      1.708      6.575 4
 144   49     12.038      2.571      1.648 4
 107   15      0.063      0.599     -8.023 4
  30   94     -4.171     -0.930     -2.284 4
  81  137     -7.292    -10.749      7.487 4
  48  102      9.219    -10.741      6.632 4
  54   26     -2.026      2.717     -8.936 4
 109  122     11.969     -9.386      0.474 4
  57  107      9.365      3.277     -7.513 4
  70   48     -7.866      4.976     -5.715 4
 182  160      5.441      6.876     -3.523 4
  31   -2     -2.755     -1.299      9.822 4
  47   63     -0.906      5.651      8.829 4
 120   71     -0.965    -10.854     -5.731 4
  51   61     -1.661     -1.670      1.577 4
  88  105     -4.133    -11.943     -5.598 4
  55   51    -12.255    -10.042     -5.846 4
  11   73     -8.779     -9.827      6.072 4
 192   30    -10.360      2.873     -0.263 4
  59   16      8.881      5.505     -9.492 4
 210  111    -11.154     -1.211     -7.847 4
  61  130      1.186     -0.472      7.379 4
  12    7      2.839      0.307      7.570 4
  68  143      2.688     11.119     -7.365 4
  23   98     -9.958     -6.174      2.320 4
  20   86      0.679     -0.706      7.518 4
  99   74     -8.321     -7.738     -3.013 4
 235   69      3.361     -2.276      2.115 4
  13  176      3.879     -6.781      5.580 4
  -1   96      5.304     11.834     -5.501 4
  89   33      7.454      5.563      1.336 4
  87   47      3.578      2.294      1.305 4
  84   83      0.552    -10.393      2.553 4
 136   22     -5.063      0.638     -5.000 4
  92  129      6.319     -6.866      3.597 4
 131   43     -0.124      4.571     -0.515 4
 184   79      8.321     10.398      4.365 4
  65   64     -8.949     -3.891     -1.556 4
   3   -2     -3.227     -5.915      7.516 4
  49  220     -6.904      1.036      4.262 4
 106  133      3.985      8.923     -1.583 4
  -1   66     12.164     -4.992     -4.201 4
  16  152    -10.683     -1.811     -5.862 4
  73   34      7.422     -0.381     -5.452 4
 139   65      9.790    -10.113     -8.275 4
  40   54     -5.654     -5.659      3.688 4
  -1   55      7.276     11.459      8.173 4
 102  114     -8.259      7.422      5.745 4
  -1  192      1.766     10.527     -1.773 4
  91    5      2.512     -6.162     -0.491 4
  82   82     11.922      6.495     -1.700 4
  -1   52     -9.138      4.022     -8.587 4
 118  127     10.045     -8.155     -0.634 4
 205   -2     -4.159      5.966     -4.736 4
  94  100     -5.782    -11.583     -2.769 4
 111   99     -7.485      3.468      0.509 4
 119  135    -11.363     -5.517      1.076 4
 116  200      7.296      3.294      8.316 4
 145  110     -0.014     -0.469     -5.130 4
 161   58    -11.291     -1.931     -6.016 4
  79   80     -7.668     11.502     -6.980 4
  66  153     -8.040      3.109     -9.806 4
  -1   -2      4.233     -6.885     -8.899 4
  77  139     10.337      2.698     -6.440 4
 126   97     -4.809     10.289      5.544 4
 147  138     -6.074    -11.372      8.575 4
 141  167      0.684      8.477      5.118 4
 129   95      7.826     -8.808     -5.205 4
 180   87     -4.473     -0.213     -5.947 4
 113  134    -11.620      5.749     -4.170 4
 159   78      9.527      3.978      6.344 4
  38   41      8.407     -4.992     -9.610 4
 101  171      1.337      6.627      7.289 4
  90  163     -2.525    -12.061     -7.156 4
 121   76      3.782     -8.205      6.385 4
 132  106      3.981      1.410     -5.206 4
 198   75      4.470     -6.359      4.811 4
  -1  117     -0.835     10.584      5.911 4
 171   -2     -6.187      5.912      3.870 4
  62  123     -8.806     -8.067     -9.745 4
 130  215      6.418     -5.165     -5.411 4
  -1   36      7.745     -2.167      0.102 4
  58  187     10.999     -6.662     -1.352 4
 127  155     -3.684     -6.300      1.564 4
 137  108     -4.956     -6.980      2.339 4
 163  149     -7.767     -9.078      4.864 4
  44  182     -3.004     -2.019     -5.696 4
  -1   -2      7.954     11.068      5.541 4
 181   -2     -2.238      9.443     -7.740 4
 149  146    -11.350     11.383     -5.749 4
  -1  126     -1.572     11.729      8.849 4
 160  161     10.117     10.518     -0.778 4
 142   -2      0.958     10.375     -9.962 4
  -1   -2      0.791      6.421      3.100 4
 187   68      0.452     -2.972     -6.548 4
  46  103     -8.214     -8.308     -2.957 4
 122  206      7.154     -4.190     -9.279 4
 148  164     -5.983     -5.169     -6.331 4
 153   17     -0.126     -0.744     -2.924 4
  21   93      1.619     -4.157      3.249 4
  64   84     -2.397      9.570      4.181 4
 151  223     -6.395     -0.915     -9.519 4
  80  147      7.513      6.431      4.733 4
 183  159      9.123     -7.771     -1.346 4
  75   72      0.801     -1.199     -3.686 4
 123  222      1.565      1.838     -1.269 4
  -1   -2      8.939     11.398     -9.457 4
 195   81      7.586      6.854     -5.969 4
 150  203      6.423     10.493     -4.352 4
  -1   -2      6.186     10.389      7.951 4
 189  157      4.506      6.676      3.563 4
 140  148      5.250      6.025     -7.918 4
 188  150      5.908    -10.759     -4.209 4
 143  213      6.069      7.963     -8.116 4
  97   18     -4.682      3.275      0.120 4
  -1   -2     -5.130      0.490      0.366 4
 100  198     -6.687      0.649      9.525 4
 164  151     -9.066      0.907     -8.607 4
 168  169      4.087      8.024      3.066 4
 134  158      3.633     -0.666      4.561 4
 110  166     11.055     -3.612     -8.383 4
 167    1      4.277      6.465      3.406 4
 114  144      2.598      1.605     -3.940 4
 158  141      8.381      9.577      1.135 4
 162  170      4.868     -6.760     -3.439 4
  96  221     -4.661      0.716      7.206 4
 197  101     -5.268      9.637      8.304 4
 169  181      6.464     -1.495      0.099 4
 165  185     -3.352    -11.324     -0.795 4
 133  156     10.165      5.985     -1.427 4
  45   -2      9.114     -2.214      5.269 4
 179  168     10.105      9.853     -2.266 4
 156   38      4.782      9.727      7.220 4
 228  229     -4.272      5.755     -0.899 4
 199  227      4.922      5.189      7.832 4
 172  162      8.624     -5.983      3.963 4
 176   -2     -1.170     -5.322      9.804 4
 202  178     -8.228     -1.352     -0.833 4
 157  183      4.073     -3.235     -6.759 4
 178   -2     -0.675     -5.857      3.396 4
  69  119     -4.772      3.383      3.607 4
 219  112    -11.276     10.474     -4.841 4
 185  177      7.877    -11.405     -9.606 4
  -1  132     11.850      0.127     -7.780 4
 173  165      7.442      2.862      1.771 4
  -1   -2     -5.978    -11.877      2.170 4
 128   85      1.713      9.339     -5.266 4
 229  230     -8.954      3.518      2.713 4
 201   14     -1.167      6.491      7.031 4
 138  142      1.422    -11.122     -2.492 4
 191  191      3.494     -9.734      8.372 4
  98   -2     -1.197      8.835      6.840 4
 194  193     -7.248     -6.806     -2.459 4
 115   -2      2.893      9.876     -7.768 4
 203  195     -8.198     10.801      2.964 4
  -1   -2     -6.826      5.060     -4.340 4
 117   -2      8.599      8.734      4.838 4
  -1  172      8.417     -1.106     -8.637 4
 177  224      1.089      0.697      6.006 4
  -1   -2      0.190    -10.799      0.345 4
  -1   -2     11.210     11.604      0.131 4
 211  208    -12.443     12.004     -7.821 4
 236  209    -12.918     -3.626     -3.713 4
  42   91      2.499     -5.435      1.046 4
 216   -2    -13.490      4.299     -3.488 4
 215  211    -10.735      1.435      6.031 4
 214   -2      2.380      6.867      5.253 4
 213   -2    -13.842      9.363     -2.168 4
 217  188    -10.668     11.792      2.920 4
  -1   -2    -11.664      9.494      4.483 4
  -1   -2     13.112      1.012     -2.812 4
 152  214    -12.291    -10.764     -0.233 4
 222  228    -12.769    -11.458     -0.754 4
  -1   -2     -3.961      3.834      0.834 4
   6   -2     -1.025    -12.328     -6.273 4
 196  226     11.748      0.064     -5.933 4
 146   -2      8.746      8.728      2.201 4
 193  190     -8.644      3.520      8.564 4
 200  186      0.164      3.508      3.245 4
 166  194      0.884      6.382      9.097 4
 218   -2     -9.110      7.158      9.950 4
 232  231     10.663      7.315      9.503 4
 174  131      9.869      5.833      6.269 4
 234   -2    -12.293      2.567     -1.424 4
 190  225      3.636     -2.755     -2.369 4
 233   -2    -13.261     -5.939     -4.130 4
