233
  82   12     -7.314     -7.459     -9.095 4
  -1   -2    -10.469     -0.096     -5.316 4
  38  218     -4.680     10.781      1.412 4
  22   53      3.209     -1.418      5.335 4
  13    7    -10.720      2.990     -3.418 4
  26    6     -7.988      4.498      3.446 4
  36   19     -5.002     -2.864      3.343 4
  21    2     -5.513     -9.221      9.455 4
  19  119     -0.417     -0.960      4.366 4
  20   44     -3.145      5.435      8.981 4
  73  206     -7.290    -11.789     -3.929 4
  12   11      1.289     -9.148      7.422 4
  40   35      4.219     -2.232      1.022 4
   0    5      2.707     -6.486     -7.666 4
 216  155      5.144     11.482     -5.937 4
  -1   56      5.407      9.876     -0.456 4
  -1   92     -5.841      5.354      5.600 4
  54   30     11.276      5.140     -2.967 4
  79  125     -0.551      8.164      9.387 4
  63    3      9.260      7.368      4.313 4
   3   63     -9.712      7.473     -7.462 4
  56   81     -3.429      1.314     -6.176 4
  -1   69     -5.532      8.059     -8.163 4
 133  123    -11.753     -3.207      0.966 4
  28  217     -4.788     -1.900     -3.511 4
  -1  130     11.990      4.853      0.591 4
 103   71     -6.458     -4.870     -1.870 4
  -1   74     -5.057     -0.147      0.301 4
  68   45      8.197     -9.173      6.835 4
  81   36      3.005      6.085     -2.379 4
  14  138     -0.944      8.361     -6.043 4
 106   32     -6.996     -1.311      1.521 4
  72   -2     -3.192     -1.960     -8.382 4
  27   18     -3.031     -3.629     -4.803 4
  65   21     -9.329     -2.998     -2.068 4
 196   98      3.444      6.563      7.638 4
  50   26     -9.779     -7.857     -0.764 4
  17   87     -1.451     -9.749     -7.434 4
  24   41     -3.363     -4.859     -7.030 4
  25  116      5.803      8.799      5.398 4
   5   27     -3.136      1.949      0.470 4
  23   13      6.252      5.856      2.143 4
   6    4      8.429      0.286     -6.246 4
  59   86      9.782     -6.195     -2.258 4
  62   14      7.726     -2.057      5.813 4
  57   28     -2.936     -8.187      3.855 4
  -1   -2      2.722      3.713      1.014 4
  -1   -2      7.363    -11.507      6.143 4
   1   22     -9.592     -1.555     -0.606 4
  99   17      3.380     -2.052     -2.395 4
  86   62      5.587     10.533      1.432 4
 124    8      8.930      4.160     -1.401 4
 127   82      9.003      2.317     -9.299 4
  49   97     -8.476     -0.964     -3.967 4
  37   52     -6.734     -0.567      5.265 4
  98   33     -5.688      0.818     -0.996 4
  29   95     -1.576      1.674     -8.165 4
  31   23      7.323     -7.219     -8.451 4
  96   55     -8.593     -5.720     -2.715 4
  34  104      0.326     -8.080      8.386 4
  39   79      1.413    -10.932      0.382 4
  -1   -2      3.858     -2.688      5.067 4
 104   75      4.642     10.940      5.710 4
  52  184     -4.823      8.684      1.846 4
  83  117     -7.030      1.234      1.820 4
  -1   72      3.072      4.591     -0.899 4
  -1  128      0.590     12.072     -4.186 4
 131   78      1.481     -0.518      5.349 4
  48   48     -9.022     -4.930     -6.338 4
  42  126      5.420     -7.118     -1.742 4
  33   54      4.316     -7.713      2.371 4
 118   43      1.720     -2.448     -2.901 4
 150   -2      5.605      1.376     -0.207 4
  47   38      9.137     -7.110      5.021 4
  74   40      0.758     -8.226      3.461 4
 122  113     -0.042     -3.096      5.120 4
  90   93      7.182      4.950      9.658 4
  84   99     -3.170     10.552      5.733 4
  77   67      7.043     -8.493     -1.292 4
   4  177     -1.786      4.110     -0.900 4
 160   46      7.247     -1.133     -1.839 4
 121  150      6.314    -10.169     -9.651 4
 112  109      5.247      2.270      1.311 4
  -1    0      6.375     -2.826      1.880 4
   9  216      8.238     -7.584      9.072 4
  32  159      6.751     -4.539     -0.605 4
 123  158      9.989      1.029      2.428 4
 125  129     -0.365      4.815      3.048 4
  94  225     -7.591      9.557     -9.882 4
  55  124      0.829     -2.471     -6.118 4
 142  145      0.987     10.086     -8.549 4
   2   39      2.013     -6.469     -4.687 4
 151  108      7.122      1.828      1.130 4
 110   96     -3.994      7.425     -2.623 4
  60  127     -8.848     -3.363     -4.060 4
   7   29      1.559     -5.785      0.435 4
 117  134     -2.646      6.579      6.099 4
 144   76     -4.853      5.095      2.711 4
 107  105      8.171      7.285     -9.393 4
 187   94      9.794      4.679     -3.894 4
 120   51     11.210     -1.689      2.407 4
  66   70     -9.964     10.792     -1.427 4
  35  102      2.682      7.247      2.274 4
  51   42      7.052     -6.275     -0.329 4
  92  224     -5.409     -7.277     -3.370 4
  64   61      0.757      2.289     -7.076 4
 114  169     -0.306      9.006     -2.833 4
  18   16    -10.869      7.721      0.720 4
  71  112      3.189      5.233      9.475 4
  67  121      7.423    -11.116      3.707 4
 170   49     -3.597      6.007      1.759 4
  30  172     -4.658      6.508     -1.316 4
  11    1      7.031     -1.981     -9.210 4
 214  168      8.393     -3.618     -8.946 4
 157   60     10.715      0.810     -6.878 4
  75  139     -6.677    -10.608      4.205 4
 176  235      5.755      9.168     -9.466 4
 178  188     -0.305      4.308      6.276 4
  41  147      4.161     -6.323      9.646 4
  46  144     -3.614      8.890      2.662 4
  45  220     -6.949     -0.071      0.379 4
 134  148      2.843      8.743      3.351 4
  69   -2     11.249      2.907     -9.192 4
 116  107      7.783      9.979      9.086 4
 152  114     -9.982    -11.471     -7.315 4
  44  219     -4.987      8.592     -7.632 4
 209   47     -5.441      7.376      8.029 4
 173  173     -3.049      9.640     -7.384 4
 100   50      7.948     10.883      5.088 4
  -1  106     -3.817     -7.997     -4.052 4
 136  111     -8.775      9.289     -5.624 4
 139  229     -2.596     -7.553      7.039 4
 159  146      7.125     -2.073     -1.331 4
 105  226     -0.726     -1.114     -1.300 4
 119   83     -9.087     -6.080     -8.999 4
 126   73      3.385      0.417     -6.956 4
  16  197     -4.999     10.705     -7.178 4
 101   37      0.723    -11.096     -8.953 4
 175  160      1.974     -9.130      3.078 4
  70  137      8.441     -0.496      9.211 4
  89  223     -1.067      9.538      4.368 4
 140  115      8.129     -0.176     -5.480 4
  76  100     11.409      7.330      1.611 4
 167  131     -2.346     -8.505     -4.700 4
  -1  195     11.722     -6.375      0.704 4
  95   58     -1.249     -1.252      9.523 4
 137  149     -9.456     -5.546      2.267 4
 165  209     -9.569     -8.375     -8.319 4
 179   77      5.443      6.820     -7.681 4
 169  175     -3.413      5.249     -6.676 4
  -1  198     -5.997      1.519      3.676 4
 166  143    -10.741     -9.764     -5.479 4
 181  179      2.725    -11.142     -5.670 4
  -1  151      4.524      4.193      1.404 4
 113  227     -2.604      3.810      7.170 4
  -1   34      5.052      8.465      0.415 4
 162  142     -5.558      6.971      7.534 4
 163  201     -8.177      5.795     -7.026 4
 153    9      5.837      7.146     -7.330 4
 156  233     -2.219      6.694      3.841 4
 155  152      3.794     -5.941      3.200 4
  -1   65     12.039      6.157     -6.217 4
 108  185     -5.876     -3.224      4.259 4
 199   84     -9.341     -9.844     -6.327 4
 132  141      2.072      3.930      0.361 4
 154   88    -11.796      2.676     -6.740 4
 109  101     -2.724     -0.296     -6.234 4
  87  222     -3.578     -7.979     -2.810 4
  88  135     -7.811     -6.303     -4.253 4
 203  157     -1.474     -9.471      9.183 4
 177   59      3.638      9.162      5.552 4
 149  110      3.375     10.579      5.365 4
 161  164     -3.448     -0.876      4.658 4
 128   25      3.479      7.937      2.838 4
 198  212     -5.017      3.701      2.339 4
  -1   -2     -7.214     -4.635      1.438 4
  53   85     -0.900      4.502      1.930 4
  80   89     -6.244      4.908     -8.637 4
 186  140      7.525      7.831      6.640 4
  97  136      1.543      5.869      4.274 4
 143  174      0.745      6.496      0.878 4
 164  132     -5.828      3.787     -0.861 4
 171  133    -10.667     10.258     -9.495 4
 102  163    -10.539      6.051     -4.994 4
  -1   -2      5.934    -12.033     -3.790 4
 183  178     -7.466     -8.612      9.334 4
  -1   -2      1.375      6.504      3.371 4
  -1  122      0.913     -9.988      3.969 4
 190  238      5.493      8.283     -2.036 4
 146  231     -3.138      6.311     -5.949 4
  -1  196      1.972      9.370      2.201 4
 211  180    -10.586    -11.021      2.714 4
 197  189     10.709      6.818      1.726 4
 192  208      3.875      5.288     -2.296 4
  -1  167     -9.352     -9.545     -0.318 4
 147  210     -5.295     -7.352      4.599 4
  -1  165      2.726     -4.442     -2.213 4
 195  202      3.264     -2.537      7.745 4
  -1   -2      3.392      4.934     -1.149 4
 148  232      0.834     -2.057      6.254 4
 205  241     -9.927      3.920      2.585 4
 201  171      1.025     -9.112     -5.459 4
  -1  204      9.719      8.459     -6.064 4
 185  186    -11.740      6.341     -6.817 4
 174  120    -10.799      6.915     -9.039 4
 168   66      0.532    -10.344     -8.247 4
 194  203    -11.638     -6.349      2.304 4
 200  192      1.478      9.789      9.890 4
 202  240     -1.233     -3.492     -7.666 4
  -1  156      1.864     11.285     -8.197 4
 191  213     11.026     10.457      1.978 4
  43  187      1.574     10.138     -4.531 4
  -1   -2    -10.899      5.640      1.595 4
 206  181     11.488     -5.212     -2.584 4
  -1   -2     11.264      8.600     -6.616 4
 204  166     10.918     -5.086     -8.859 4
  -1  211    -11.148     10.898      2.441 4
  -1   -2     -4.804      4.085      3.970 4
 172  234      9.860      8.291      5.780 4
 217  214    -10.432      2.208      3.093 4
  -1   -2     10.494    -10.361      4.965 4
 184  236      7.452     -9.523      8.270 2
 115  170      0.075      8.880      6.915 2
 135   10     -4.819     -9.804     -8.459 2
  10   -2      9.935    -12.218     -5.394 2
  85  221     -4.074      6.489     -8.503 2
 189  237     -7.368      6.225     -7.191 2
 145  230      7.170      9.334     -9.165 2
 158   -2      5.670    -12.182     -1.196 2
 207  242      1.942     -6.179      1.527 2
 130  228     -3.365      5.011      7.195 2
 129  193      1.379      5.857      8.160 2
 193  239     -9.368      6.362     -1.823 2
