257
  25   11    -10.866      2.553     -3.479 4
   0    6      2.870     -3.162      5.155 4
  20    1      7.329     -2.773     -2.281 4
   1   14      7.535     -4.104      5.464 4
  13   16     -5.464     -9.791      9.629 4
  55   52      1.156     -2.080      5.249 4
  19    4     10.995     -0.267     -7.282 4
   6   40      1.252     -7.326      0.183 4
  51  105      7.181     -3.227     -9.523 4
  10   88     -4.760     -2.427     -3.525 4
  24   10      0.454    -11.185     -7.957 4
  17   38     -9.127     -5.326     -6.329 4
  22   20     -9.693     -2.005     -0.618 4
 117  114      5.702      6.351     -7.669 4
   8   30     -9.854     -8.426     -0.785 4
   9    9      2.327     -7.291     -7.272 4
 126  117      5.610     -8.742     -1.994 4
   7   15     -7.347     -8.121     -9.027 4
  14   29     -3.089     -4.173     -4.819 4
  16   22     -8.375      3.964      3.471 4
  38   31     -3.512     -5.374     -6.982 4
  31   13      8.654      5.412      4.476 4
  11    8      3.963     -4.181      0.517 4
 138  139     -5.150      5.710     -1.672 4
  75   36     -8.692     -6.186     -2.653 4
  21   84      8.779     -0.686     -6.652 4
  85   33      5.021      7.241      5.470 4
 185  142    -11.887      2.283     -6.733 4
 245   27     -5.382      9.843      1.135 4
  34   34     -1.250     -2.017      9.529 4
  70    3     -9.413     -3.431     -2.064 4
   5   45     -1.529    -10.518     -7.290 4
  47   44     10.834      3.016     -2.744 4
  50   58      3.576     -4.475      4.884 4
 125   51     -5.138     10.456     -7.400 4
  28   25      4.137      6.833      0.767 4
  45   57     -7.070     -1.835      1.472 4
  26   70      0.855      1.762     -7.217 4
  15   39      6.043     -4.941      1.494 4
  39   24     -5.159     -0.812      0.143 4
 112  207     -1.572      1.148     -8.254 4
 101   47      3.531     -6.008     -9.974 4
  63   43      2.225      1.961      0.928 4
  43   86      1.892     -7.409     -4.469 4
  54   46      6.842      6.044      6.687 4
 150   96      9.183      6.277      5.899 4
  73   82     -1.334     -4.452      4.763 4
 123  120     -8.934     -3.808     -4.029 4
  42   48     -9.857      7.155     -7.538 4
  56   54      4.363      8.087     -0.110 4
  29   37     -5.042     -3.594      3.262 4
   4   56    -10.773     -5.153     -4.351 4
  32    0      9.266      1.243     -9.637 4
  61    7     -2.895     -8.992      4.065 4
 105  106     -3.612     -1.677      4.602 4
  58   62     -5.397      4.178      2.622 4
  36   65    -11.253      7.415      0.652 4
  23   26     -7.053     -0.575      0.287 4
  76   28      2.946      5.244      7.247 4
  97   98      1.917      8.398     -7.651 4
  40  115     10.813      5.073      1.806 4
  67  187      4.245     -9.323      2.289 4
  -1  101      9.927      6.378      6.323 4
 190  248     -0.663      7.692      6.629 4
  84   71      6.987      3.493      9.669 4
  53  216      2.688      4.795     -2.502 4
  18   12      0.987     -2.941     -6.269 4
 232   79     -2.019      8.247      4.092 4
 129   19      7.886     -5.423     -9.944 4
  46  194      3.496     -3.258     -2.867 4
  88   35     -3.590      4.769     -6.936 4
 113   17      9.291     -0.759      6.746 4
  12   50      0.513     -9.027      8.564 4
  35   23     -6.860     -1.158      5.265 4
 191   -2     -7.792      9.166     -9.990 4
 215   68      3.614     -0.165     -7.192 4
  66   90      7.207     -8.120     -0.707 4
  59   32      8.357      1.952     -1.164 4
 132   97      8.689     -1.783      8.911 4
 154   89     -4.397     -0.897      8.617 4
  49   60     -6.310      4.683      5.751 4
  68   80     -5.744      0.252     -1.157 4
  41  143     -5.511      7.692      1.578 4
 111   69     -5.146      8.248     -7.810 4
  64   94     -0.236     -4.283      4.994 4
 179  145      1.237      9.340     -4.769 4
  -1   -2      5.987      4.150     -0.639 4
  52  108    -10.415     10.547     -1.591 4
  94   78      0.166     -5.690      2.750 4
  77  193      0.716     -9.440      3.583 4
  95   91      9.527      2.474      6.275 4
  80  111      1.775     -3.456     -3.205 4
 158  100     -1.248     -3.949     -7.496 4
  -1  155      7.908      8.060     -5.299 4
  65   72     10.828     -3.908      2.383 4
 106  116      4.648      0.229      1.274 4
 104   75    -10.554     -0.542     -5.337 4
 183   76      4.617      8.997      1.676 4
  92   83     -5.798      6.902      8.149 4
  98  124    -11.809     -3.638      0.959 4
  91   99     -0.369     10.094     -9.120 4
 116  179      0.652    -11.953     -8.874 4
 109  136      3.623     -7.632      3.023 4
 122  138      2.724      3.019     -0.972 4
  79   81      7.349    -10.203     -1.635 4
 120   49     -6.564     -5.424     -1.946 4
  -1  148      5.500     11.826     -2.203 4
 139   53     11.486      2.575      0.858 4
 108  242      3.700     -2.968      4.598 4
  30   64     -1.334    -10.234      9.412 4
 100  158     11.909      8.776     -1.953 4
  71    5     -3.225     -2.438     -8.356 4
  90   74     -4.805    -10.462     -8.406 4
 142  140     -4.375      6.695     -3.054 4
  57  240      5.996    -11.833     -9.388 4
  37  103     -4.241      4.861      1.697 4
 137   77     -5.628     -7.999     -3.469 4
  -1   66      2.767      7.766      5.442 4
 161   -2     10.831     -6.631     -8.852 4
 115  102     -6.561    -11.202      4.372 4
  27   41      9.300     -9.086      5.054 4
 127  107      2.150     11.218     -4.975 4
  83  113     -3.748      4.174      7.341 4
   2  183     -0.728     -2.240      4.204 4
 145  180      3.021      3.320     -1.229 4
  87  182     -9.198     -6.644     -8.799 4
 110  118     -9.321    -10.462     -6.423 4
 176   18     -6.140      3.161     -1.083 4
 177   -2      5.570      8.358     -9.885 4
 119  123      1.807      5.789      2.273 4
  96  133     -8.360      5.413     -7.156 4
 149  149      9.578      3.016     -3.837 4
  48   67      0.037     11.288     -4.275 4
 134  135      2.457      9.282      5.425 4
 159  186      7.959      6.149     -9.804 4
 178   -2      0.552      4.975      3.150 4
 141   55      1.962    -10.431      3.247 4
 156  165     11.863     -6.703     -2.843 4
   3   21      1.546    -10.150      7.643 4
 146  169      1.940      8.367     10.002 4
  86  131    -10.733      5.727     -5.073 4
 174  146      8.465     -1.214     -5.933 4
  -1   -2     -3.045      5.285      3.712 4
  -1  132     12.002      7.436      1.828 4
 130  160      1.884      7.429      3.385 4
 164  233      2.791    -12.099     -5.649 4
  78  104      1.022    -11.136      4.228 4
 199  121     -2.593     -9.395     -4.640 4
 239  192      7.281     12.185     -7.557 4
  60   87     -3.958      9.511      5.460 4
 173  246     -1.444      2.999      1.738 4
 255   42      2.705     -5.779     -2.439 4
 172   -2      0.990    -10.002     -5.366 4
 136  204     -3.367      4.867      9.008 4
  74   92     -0.754      2.966      6.182 4
 140  112      0.646     -3.329      6.218 4
 166  141     -5.947      6.447      7.701 4
 103  147      7.204     -3.784     -1.795 4
 144  150     -8.021     -6.785     -4.322 4
 197   -2     -1.014      7.911     -6.380 4
 198  181      1.670      2.330      0.250 4
 167  163     10.123      4.656      1.973 4
 163  170     10.789     11.195     -7.828 4
 194  171     -1.976      3.698     -4.903 4
 169  137      9.500     -1.114      2.433 4
 124  203      7.055      9.085      5.154 4
 207  151     11.343     -0.286     -2.035 4
 153  157     11.991      6.334     -6.033 4
 155  172    -11.641     -6.819      2.297 4
 206  126     10.170     -7.714     -2.677 4
  -1   -2      5.355     -0.512     -0.273 4
  93  241     -5.713      7.680     -8.315 4
 160  185     -9.499     -6.025      2.302 4
 157  189     -4.079     -8.908     -4.019 4
 188  175    -11.882      6.031     -6.780 4
 212  206      1.036      4.841      7.802 4
  69   59      2.581      6.561      2.898 4
 151  176      3.850      2.325      1.437 4
 180  125      8.322     -5.005     -9.091 4
  -1   -2      4.618      4.173     -1.954 4
 165  156      0.962      8.061      2.343 4
 193   -2     -2.949      2.859      7.320 4
 152  127     -3.355      0.824     -6.288 4
 171   93     -2.027      3.123     -1.194 4
  82   73     11.816      4.641     -6.635 4
 133  229     10.871      9.614     -2.814 4
 107  110      6.931     -8.496     -8.247 4
 182  198    -10.738    -10.370     -5.652 4
 200  168    -10.942      6.559     -9.040 4
 143  129      6.934      8.132      9.326 4
 192  191     -7.410     -9.112      9.438 4
  72   63      5.323      6.057     -7.966 4
  -1   -2     -5.339      0.907      0.062 4
  89  210     -8.945      9.044     -5.829 4
  -1  217      0.920      9.677     -8.807 4
  99  201     -6.431      4.431     -8.802 4
 147  161     -8.520     -1.446     -3.972 4
 202  184    -10.210      3.478      2.554 4
 118   -2     -4.407      7.743      2.401 4
 213  166      8.591    -10.641      6.973 4
 201  212      6.878     -6.315     -0.951 4
 131  226    -10.002    -12.095     -7.457 4
 217  197    -11.638     10.660      2.418 4
 135  215      3.753      9.605      5.849 4
 204  119     -5.228     -7.899      4.778 4
 209  190      1.630     -7.717      1.317 4
 216  195     -9.546     -8.990     -8.392 4
 170  205     -7.208      0.699      1.734 4
  -1   -2      7.818     10.269     -4.434 4
  -1  153      4.643     10.594     -6.336 4
 208  174      9.320      7.073     -6.578 4
  -1  128      2.992      4.286      9.194 4
 243  152      1.723     10.882     -8.577 4
 148  244      8.739     -8.708      9.024 4
 220  219     11.836     -8.416      0.477 4
  81   -2     -0.995      3.242      2.884 4
 210   -2    -11.183      5.281      1.486 4
  62   -2      1.318    -12.076      0.572 4
  -1  218     -4.268      5.997     -8.540 4
 187  247      3.621      3.919     -2.359 4
  -1   -2     -7.775      5.772     -5.322 4
 249  154     -5.870     -3.841      4.253 4
  -1   -2      8.009     -6.057      4.258 4
  -1   -2      6.453      8.322     -6.824 4
 226  222    -10.582      1.815      3.082 4
  -1   -2      7.054      9.882      2.684 4
  -1  223     -8.121     -5.213      1.700 4
  -1   -2     -2.004      8.957     -0.090 4
 162  245      6.484     -0.312      1.237 4
  -1   -2     10.797      8.050      0.001 4
 227  224     -2.501     -8.282      7.224 4
 229  227    -11.174     -7.002      7.280 4
 238  236    -13.048     11.228     -2.429 4
 234  235     -9.804     12.230     -3.009 4
 231  250     11.851     -7.282      4.187 4
  -1   -2     10.171      3.672      9.777 4
  -1   -2     11.447      1.754     -9.648 4
  -1   -2     11.964     -5.380      3.148 4
 237  230    -13.829     -9.326     -1.842 4
 189  234    -10.822      9.988     -9.516 4
 242  237    -13.081     11.790     -4.013 4
  -1   -2    -11.651    -11.949     -8.439 4
 244  239    -12.296     -8.927     -4.219 4
 246   -2     -0.956      7.470      9.209 2
 253   85      0.814      4.273      4.011 2
 247  225      4.437     -7.381      9.548 2
 251  254     -2.655     -0.787     -6.288 2
 219   -2     -0.007      5.008      0.802 2
 121  243     -2.467    -10.643     -2.087 2
 256  255      7.846    -10.689      8.444 2
 186  202     -9.506    -10.069     -0.429 2
 230  249     -9.472    -10.297      9.732 2
 233  251     11.676     -4.838      5.533 2
 248  252     -0.685     -2.246     -1.633 2
 250  253    -12.685     10.510     -4.254 2
 258  256     -9.719      6.008     -1.970 2
 252  214     -5.421      2.842      2.208 2
