238
  -1   -2      6.237    -11.361      9.171 4
  62   31      8.275      5.450     -4.212 4
  18   55      5.574      0.956     -5.622 4
  32   15      8.226     -5.687     -1.521 4
  24    3    -10.949    -11.572     -8.213 4
   8   28     -6.371     -4.648     -0.383 4
  82   25     -4.130      1.369      7.499 4
  86  103    -11.522     -7.836     -0.375 4
  12    5     11.189     -7.511     -1.123 4
 113  221     -0.845      4.160      7.579 4
 111  212     -1.391    -10.691     -8.486 4
 121   86     -9.863     -2.044      2.754 4
  60  155      6.324     -8.472      8.379 4
  17   37     -7.005     -2.958      0.846 4
  13    6     -0.928      3.322     -9.274 4
  31   14     -5.020      8.825      4.220 4
 182   -2      5.409     -9.609      8.416 4
  21   41      1.636     -2.005      6.460 4
 131   59     -9.416      9.697     -1.423 4
   3    9    -11.097     -2.349     -5.710 4
  90   32     -1.390      0.392      0.901 4
  10   20     -1.740     -2.885     -2.793 4
  27   30     -9.769      3.469     -1.077 4
  33  218      8.834    -10.984      8.439 4
   1   48     -4.657     -2.278      3.250 4
 137   54     -2.921      2.530     -4.132 4
 171   97     -8.453      9.286     -6.355 4
   6   47     -7.853    -10.102     -3.877 4
  16   24     -4.741     -4.478      6.308 4
  58   69     -0.140    -11.299     -2.916 4
  30   36      6.006     -6.266      9.250 4
  25   60     -1.846     -7.938     -1.730 4
 217    0     -1.810     -4.601     -2.366 4
  74   45     -4.692      3.861     -6.525 4
 164   74     -3.173     -0.898      5.254 4
  40   67     -5.284     -0.376      7.843 4
 112   94     10.284     -0.700     -1.406 4
 110   17      1.961      6.801      7.390 4
  34    2    -10.470      0.407     -3.862 4
  89    8     -4.911     -6.381     -2.208 4
  49   38     -9.161     -0.511      7.368 4
 138   18      8.165     -1.725      4.780 4
  29   46      2.805      4.802     -5.362 4
 195   16     -2.540     -1.862      3.316 4
   0   19      3.090     -1.993     -0.525 4
  14  203      6.456     -9.364     -3.592 4
 103    7     -0.733      1.705      0.961 4
 100   23      4.531     -8.078     -6.046 4
  54   51      3.752     -1.756      5.973 4
 161  110      5.304      6.332      0.685 4
  66   33     -1.913    -11.518     -1.655 4
  95   27      6.801     -2.496     -7.725 4
 218   11      1.951     -5.033     -4.790 4
  70   22     -8.002     -8.440      1.700 4
 147   53      0.337     -6.660      9.732 4
 214   34      0.595    -11.029      9.849 4
  -1  168     -1.707     -3.478     -1.373 4
  64    1      3.573     -3.801      0.917 4
  22  217      5.649     10.067     -4.636 4
  42   -2    -10.047     -4.136      0.290 4
   9   81     -6.384      5.608     -6.082 4
 142  129      6.539      9.456      6.833 4
  63  101      4.181      5.940      9.742 4
 172  123      5.380    -10.296      1.445 4
  88  100      2.026    -11.581     -6.815 4
  51   43      4.322      7.473     -4.462 4
  35   73     -9.632     -5.305     -0.115 4
  77   72     10.287      9.274      1.135 4
   2  178     -7.280     -8.379     -8.649 4
  52  186     -5.874      0.213      5.014 4
 198  119      0.475    -11.010     -3.669 4
   5  204      2.534     -1.672     -4.503 4
  47   57      8.387     -7.199      0.445 4
  48  219      3.270     -9.778     -7.929 4
   7   87      3.276      3.226     -6.306 4
  43  102     -3.969    -10.912     -2.615 4
  -1  137      0.870     12.243     -9.951 4
 167  152     -9.373      4.722     -5.035 4
  53  115      9.151      2.681      3.784 4
  57  109      1.473      1.280      8.527 4
 178   50     -1.772     -7.395     -5.022 4
  55   99    -10.622      2.124     -0.296 4
  97   26     -1.328     10.168     -7.355 4
  87   68     -3.127     -8.326     -9.336 4
  92   58     -6.195     -8.597      3.288 4
 165  120     -0.933     10.700     -7.442 4
  28   44     -1.917      8.471      0.085 4
  36   13      8.023     -8.511     -8.407 4
 146  206      8.956      1.839      2.265 4
 157  172    -11.492     -9.822     -5.853 4
  59  210     -0.913      3.880      7.940 4
 153  146     -7.297     -3.406      1.754 4
 118  126     -7.753    -11.204      6.613 4
  75   12      7.588     -0.396      3.173 4
  -1   -2     -5.105      2.223      9.545 4
 134  141     -9.195      6.425     -9.592 4
  73  207      3.494      2.559     -1.269 4
 201  133      9.731     -4.101     -5.192 4
  20   80     -5.568     -8.942     -9.436 4
  76   78      5.242      9.403     -2.454 4
 148   29     -4.066     -8.939     -3.362 4
  38   84      1.744     -8.175      1.192 4
 139   98     -2.579      4.937     -1.347 4
 154   96      1.902    -11.981     -4.990 4
  26   95      7.840     -6.425      6.852 4
  98  121      5.705      4.697     -0.160 4
 106  125      5.906      9.145      1.115 4
  67  145     -6.259      7.610     -6.207 4
 170  226     -7.741     -3.712      1.378 4
  41   65     -0.738     -2.754      9.158 4
 105   61     10.013      1.650     -8.378 4
 133  142    -10.903      5.383     -2.929 4
  94  116    -10.179      4.577     -5.923 4
 149   10     -3.975     -3.631      3.469 4
  56   89     -8.039    -10.444      3.360 4
 108  147      1.964      4.907      5.568 4
  19  181     -0.339      1.876      5.868 4
 101   76    -11.286     -5.118     -2.054 4
 177  182     -7.585    -11.064      5.099 4
 127  106      4.312     -5.842     -3.000 4
 116  222      2.229     -1.461      4.633 4
  45   64     -5.760      7.451     -9.266 4
 175   90      9.489     -2.596      6.165 4
  85  161     -1.249      8.108     -3.938 4
 128   82     -2.179     -3.978      8.398 4
 159   62     -1.610      5.845      2.501 4
 124   92      2.867     -5.190     -0.747 4
  91  111      1.149     -4.706     -4.163 4
  61  139      5.088     -9.172      2.027 4
 141   79      7.818      6.541      8.717 4
  96  200     -8.496     -7.817      0.493 4
  -1  134     -7.288     -1.735      5.041 4
 122  135     -3.437     11.107      1.167 4
 140  108     -4.538      1.906     -5.326 4
 109   93     -2.708     -6.356      1.095 4
  83  143    -10.631      9.903     -2.948 4
 120  166     -4.355      6.726      3.605 4
 136  112    -10.054    -10.495      4.863 4
  -1  171    -12.185     -7.314     -2.771 4
  84  144     -9.681     10.348      3.171 4
 145  105     -6.629      2.382      1.586 4
 184   21     -3.105      0.770      3.914 4
 114  131     -3.984      0.329     -3.873 4
 155  196     -8.162     -1.353      5.058 4
  -1  128      3.288     11.789     -0.958 4
 226  202      0.690      1.928      8.840 4
 181  187     -9.151     -4.657      4.584 4
  15  216      3.387     -6.492      7.127 4
  80  118      6.218     10.072     -7.418 4
  11    4    -10.052     -7.374     -0.781 4
 104   75     -1.248      4.446     -3.897 4
   4   42     -0.937     -4.367      9.805 4
 235  235     -4.919     10.583      0.147 4
 194  175     -7.711     -3.308     -3.141 4
 144  151      5.273      2.961     -4.404 4
 183   39      6.114      0.076     -0.777 4
 115  136      7.357     10.839      5.442 4
 123  191      3.331      5.307      2.704 4
 173  184     -7.421    -10.436     -1.085 4
 151  167     -9.616      3.410     -7.819 4
  93  113     -6.860      7.299      1.860 4
 119   66     -8.433     -3.031      6.061 4
 107  189     -2.883     -5.586      0.458 4
  39  165    -10.753     -2.992     -9.572 4
 130   88      8.963      5.752     -7.969 4
 117  223     11.200     -5.429     -9.054 4
  72   40      0.167      8.593     -7.029 4
 210  205    -12.255     -6.737     -3.945 4
  65  159     -6.600     10.585     -0.186 4
  79   49      2.739     11.770     -7.143 4
 125   85     -3.690     10.559      4.179 4
  78  220    -10.827     -0.198     -5.761 4
 234   -2      3.075      2.343      7.118 4
  -1  173     -0.570     -0.387     -9.984 4
 156  160    -11.838     10.192     -4.594 4
 168  114      2.892      2.845     -9.104 4
 126  157     -5.623      3.346     -6.633 4
  -1   -2     -0.886     -9.385     -3.136 4
 199  132      8.780      0.230     -3.761 4
 150   52     -7.383     -4.926      7.548 4
  68  127     -3.789     10.096     -7.961 4
 174  150      8.702      5.997      5.295 4
 163  164      1.761      9.513      5.702 4
 200  180      2.640     10.312      5.920 4
 196  117      8.041      8.495     -4.252 4
 215   -2     -0.888     -8.918      3.535 4
 224  122     -7.967     -4.983     -5.848 4
 160  148      6.447      3.501     -0.152 4
 193  177     -4.629     -1.256      1.758 4
 189  194      2.175      7.473      6.494 4
 152  193      8.068      3.462      7.828 4
 188  170      2.602      2.909     -9.050 4
 240  238     -2.321     -1.566      7.654 4
  69   91      2.776     -6.435     -4.998 4
  -1   -2      9.566     -9.595      5.600 4
 225   -2     -6.265     -8.305     -5.190 4
  -1   -2     -6.584      2.512     -0.610 4
 241  208     -4.011      6.957      4.086 4
  23  201      9.207      5.801      2.904 4
  99  124      0.283     -8.856      2.564 4
 135   56      1.610      6.472     -5.330 4
 202  228     -6.394     -3.931      3.809 4
 158  224     -5.032     -8.005     -2.532 4
 179  169     -7.440     11.464     -2.712 4
 216  213      4.470     -7.828      9.563 4
 207  154    -10.969      3.778     -5.810 4
 219  156     -1.585     -7.481     -1.505 4
 191  188     -0.177      7.926     -7.209 4
 186  199      5.527     -4.263      6.625 4
 237   -2      0.559      9.510     -6.047 4
 203  229     11.881     -0.828     -5.764 4
 204  209    -10.440     -2.702      4.857 4
 211   -2     -9.754      7.722      5.768 4
  -1   -2     -9.738      3.916      4.126 4
  -1   -2     11.246      1.250     -0.414 4
 212   -2     -9.709     10.886      1.044 4
  81   -2      8.971      5.589      8.152 2
 206  138      5.051      1.860     -0.353 2
 190  107      1.974      2.408      4.689 2
 102   77     -6.463     -4.195     -4.545 2
 222  231     12.784     -5.173     -1.804 2
 132  176      1.489      6.416      0.572 2
 221   -2     -7.481      2.499      7.619 2
 162  225      0.377     -9.173     -0.096 2
 166   70      0.984      9.524      8.738 2
 197  195     -1.027     10.308      2.019 2
 176  227     -6.506     -6.245      2.115 2
 220   35      1.605     -0.925     -5.543 2
 205  197     -9.741     -7.666     -0.527 2
 209   -2     -7.547    -11.841      4.517 2
 208  230     -0.179      7.572      8.468 2
 223  130      7.367      0.308     -7.761 2
 229  232      2.864     -8.016      5.544 2
 238  236     10.550      7.324      8.651 2
 228   83     -2.879      0.696      9.680 2
 231  233     11.806     -0.942     -2.826 2
 232  234    -10.845      0.277      1.965 2
 239  237      9.262     -0.736     -0.247 2
