    1 -0.173 -0.515 -0.721 189.05 179.00 189.59 179.63  47.73 179.06  74.62
    2 -0.992 -0.753  0.264  14.74 208.91  32.61 206.01 216.18 204.81  52.00
    3 -0.625 -0.140 -0.170 173.11 142.80  49.51 138.63  80.48 141.11  69.60
    4  0.032 -0.262 -0.032  70.06 151.00  48.85 150.53  48.06 150.13  74.12
    5 -0.173 -0.055  0.363  84.25 133.34  94.02 133.27 111.74 133.26  64.84
    6 -0.338 -0.050 -0.683  25.61 132.02 111.38 129.94 133.87 130.06  48.88
    7 -0.219 -0.633  0.347 163.85 193.90 153.48 194.22  32.68 192.43  59.92
    8 -0.765 -0.214  0.001 102.11 149.71  87.95 149.46  84.02 149.30  68.54
    9 -0.122 -0.566 -0.270  97.81 180.86 110.75 180.28 233.48 183.05  64.00
   10 -0.682  0.383 -0.298 143.37  86.16 243.52  87.93 180.00  87.85  64.29
   11 -0.564 -0.302 -0.043 129.28 158.07  75.08 157.81  36.59 157.30  56.46
   12 -0.672 -1.023 -0.367 164.01 233.62  71.15 231.16 141.89 229.66  77.10
   13 -0.382 -0.568 -0.498  37.71 181.58  30.98 180.03 174.59 180.55  67.08
   14 -0.442 -0.681 -0.702  20.66 196.15 163.75 195.22 136.55 194.70  58.84
   15  0.812 -0.757  0.550 192.21 204.80  16.02 206.24 196.45 207.71  67.78
   16 -1.148  0.145 -0.376 159.39 112.48 115.42 113.12  51.57 112.13  62.11
   17 -0.389 -0.205 -0.076 220.45 149.39 171.00 148.80 252.86 148.73  57.67
   18  0.248 -0.140  0.261  85.25 138.81  96.56 142.72  66.96 142.53  63.00
   19  0.071  0.358  0.064 136.26  89.57  58.24  88.91  66.97  89.39  71.50
   20  0.096  0.528  0.195  28.72  72.77 104.19  71.35  51.06  71.71  56.38
   21  0.510 -1.108  0.955 237.82 243.52  45.81 244.64  83.05 248.19  51.10
   22 -0.073  0.259  0.268  62.29  99.79 241.55  99.34  88.69  97.16  61.06
   23  0.593 -0.497 -0.112 225.04 176.93 209.92 176.10 196.31 179.23  66.67
   24  0.790  0.788  0.801 221.60  44.24  32.66  39.78 167.81  40.98  69.00
   25  0.110 -0.439 -0.700 208.55 169.38 142.32 168.08 206.29 171.25  68.76
   26  0.666 -1.076  0.496   5.70 237.31  32.40 238.05 226.82 243.83  55.18
   27 -0.766  0.749  0.030 242.92  45.85 155.28  44.36 160.65  51.18  61.28
   28  0.453 -0.610 -0.213  87.10 186.98 115.74 186.41  42.69 188.45  63.88
   29 -0.264 -1.076  0.794 197.43 242.59 231.78 243.05   8.59 241.07  69.03
   30 -0.452  1.095  0.866  45.94   8.38 189.71   6.30 219.94  10.73  52.31
   31  0.075  0.242  0.133  44.25 102.86 120.57 101.10  98.93 101.14  60.33
   32 -0.525  0.241  0.632 252.41 100.03  24.26 100.48  14.43 101.19  64.86
   33 -0.354 -0.361 -0.814  42.84 162.96  69.79 159.59  67.23 159.20  61.22
   34 -0.086 -1.004 -0.897 175.34 223.22 142.34 222.22  83.14 228.51  73.08
   35  0.729  0.549 -0.390 104.60  70.49  50.81  70.79  58.33  65.87  69.81
   36 -0.988  0.264  0.358 176.25  96.22  56.97  96.90 199.64  98.40  82.44
   37 -0.158 -0.443  0.944 116.24 175.01  80.92 174.53  58.61 173.95  72.36
   38 -0.120 -0.815  0.465 138.36 211.72 105.37 211.43  78.67 210.82  69.44
   39  0.761  0.040  0.480 119.27 123.58  55.79 123.17 154.28 123.55  63.50
   40 -0.731  0.169  0.227 160.75 109.23  63.74 110.28  96.42 110.25  63.25
   41 -0.020 -0.675  0.480  27.68 196.48  51.41 198.22 156.50 197.75  61.34
   42  1.154  1.121  0.255 226.97   8.68  47.13   9.80  27.54   4.19  62.76
   43  0.734 -0.758 -0.348  68.47 201.15 230.84 202.62  17.79 205.24  55.80
   44  0.849  0.693 -0.173  49.92  55.91 124.15  53.60  65.68  52.99  66.00
   45 -0.699  0.597  0.859 151.79  62.45 118.57  62.41  55.26  63.58  64.45
   46  0.242 -0.634  0.038 138.32 191.99  67.94 192.28  53.71 192.74  52.53
   47  0.054 -0.357  0.021  78.08 165.17  22.15 161.97 115.30 164.53  67.48
   48  1.035 -0.159 -0.372 150.18 143.77 154.33 142.89 128.59 142.98  77.08
   49 -0.930 -0.756 -0.246 163.81 204.88 127.70 205.06 239.26 201.37  73.25
   50  0.770 -0.451  0.525 189.08 173.34  26.43 175.80  64.29 175.56  56.00
   51  0.685 -0.908 -0.997  20.40 214.98 204.07 216.68 112.38 218.89  54.50
   52 -0.272  0.025 -0.225 229.61 124.16 229.51 124.19  86.44 124.25  61.78
   53 -0.538 -0.970  0.546   8.13 230.91  52.00 229.57 222.12 227.48  58.73
   54  0.895  0.065 -0.297  58.79 119.62   3.70 119.87  93.26 120.49  54.00
   55 -0.796  0.303  0.640 149.41  90.98   2.89  93.58   2.28  94.61  71.96
   56 -0.051  0.425  0.454 132.15  81.92  92.74  82.25  31.13  82.09  69.38
   57 -0.334  0.433  0.568  29.14  81.03 174.40  80.48 142.19  81.24  70.25
   58  0.150 -0.181 -0.135  66.61 146.19 234.17 144.50 225.62 145.00  58.42
   59 -0.562  0.155  0.360 188.76 110.49 145.08 110.38  11.37 111.62  64.39
   60  0.824  0.376  0.322  66.78  88.06 111.33  87.68 189.97  85.66  69.51
   61  0.909 -0.477  0.102 229.91 175.07 111.23 176.00   5.09 177.00  65.27
   62 -0.001  0.920 -0.563 105.81  31.81  15.88  33.46 151.80  33.09  67.15
   63  0.213 -0.906  0.397 128.54 222.35 202.85 220.62 167.90 223.28  68.53
   64 -0.544  1.028 -0.804  23.25  18.87 215.95  24.04 104.13  24.54  59.55
   65  0.712  0.668  0.499 145.22  57.90 248.08  57.30 233.54  55.54  62.92
   66 -1.176  1.027 -0.214  30.36  16.02 207.10  16.57  87.85  24.52  58.61
   67 -0.760 -1.009 -0.900 148.95 230.52 119.60 229.05 231.16 224.83  69.56
   68 -0.619  0.172  0.107 124.00 105.65 119.92 109.20 184.70 109.71  60.00
   69  0.877 -0.407 -0.247 157.12 167.98 221.90 167.84 234.05 169.11  75.75
   70  0.959  0.171  0.537  81.71 110.22  73.43 105.86  38.74 106.29  64.53
   71  0.389  0.599 -0.525   3.43  65.95  53.19  64.06  19.24  65.52  56.62
   72 -0.954 -1.093 -0.854 219.69 240.11 114.53 235.95 146.59 236.18  69.38
   73 -0.240 -0.068  0.623 138.88 134.10 110.06 134.09  86.25 134.04  73.87
   74 -0.259 -0.207 -0.669   6.14 148.96 143.74 146.93 134.73 147.06  45.17
   75  0.316  0.932  0.064 183.09  31.48 157.82  30.71 124.14  30.04  60.67
   76 -0.814 -0.091  0.144 228.52 136.56 203.34 136.67 155.43 135.46  69.11
   77  0.453  0.156 -0.562 246.85 110.63  51.71 110.59  42.05 110.91  62.71
   78  0.248 -0.011 -0.265 203.72 126.88 100.27 125.66 248.47 126.75  59.61
   79  0.764  1.082 -0.169  18.52  14.33  79.70  10.50 242.08  13.07  63.70
   80 -0.198  1.007 -0.160  61.16  22.54 104.39  24.01 226.81  23.87  64.78
   81  0.139  0.126 -0.278 170.20 114.56 134.36 114.51  96.76 114.32  71.17
   82 -0.448 -0.438  0.436 123.96 172.77 139.38 172.59 239.69 173.00  65.78
   83 -0.566  0.770 -0.845 177.04  47.87  48.57  50.38 164.74  49.87  77.50
   84  0.724 -0.845  0.203 147.71 214.61 115.54 214.48  62.90 210.88  69.64
   85  0.173 -0.151 -0.154 116.96 142.91  63.79 142.74  84.42 142.66  81.25
   86  0.250 -1.008  0.456 112.11 232.37  59.40 233.02 212.13 231.81  69.97
   87 -0.228  0.996  0.194 250.83  20.23   7.14  22.50 161.69  21.80  54.25
   88  0.354  0.739  0.342  71.05  48.69 198.10  46.98 241.99  46.55  68.97
   89 -1.036  0.653 -0.787 119.72  59.82 182.93  61.94 226.20  61.87  63.77
   90 -0.494 -0.275  0.880 197.46 155.60 212.73 156.07 207.71 156.75  63.22
   91 -0.533  0.459  0.371  29.16  77.32  78.69  78.25 149.41  79.90  58.59
   92 -1.129 -0.642 -0.408 251.55 195.99 143.50 191.59 165.41 191.99  62.58
   93  0.682  0.991  0.448 116.45  23.48 239.72  17.13 238.10  17.95  67.09
   94 -0.499 -0.387 -0.371 188.82 167.30 240.77 165.97  43.94 165.31  60.94
   95 -0.785  1.146 -0.133 240.83   4.26 152.34   5.85  32.94   7.24  60.10
   96 -0.712  0.313 -0.935 174.96  92.66  43.44  96.02 113.08  95.57  58.77
   97 -0.951 -0.506 -0.403  30.51 180.16 223.06 178.00 167.17 176.98  53.30
   98  0.408 -0.700  0.054 157.46 199.64  36.91 199.19  60.89 200.41  74.00
   99  0.932 -0.394 -0.880 146.29 165.32  49.52 165.99  85.76 167.52  74.16
  100  1.111  0.388 -0.023 137.67  87.44 171.50  86.10 128.59  84.53  69.50
  101  1.106  0.674 -0.027 223.79  58.93  64.77  57.59 196.62  55.37  60.41
  102  0.487 -1.153  0.026 108.15 246.33 208.52 244.85 239.78 248.29  59.31
  103 -0.723  0.146 -0.203 102.59 111.65 174.29 112.41 178.33 112.12  75.64
  104  0.047  0.921 -0.997 171.44  31.88 128.13  34.81 137.11  34.23  69.72
  105 -0.633  0.704 -0.890  24.36  54.49 112.72  57.38 129.95  57.17  64.29
  106  0.096  0.046 -0.790 132.30 122.91 170.06 122.06 127.65 122.02  76.03
  107  0.827 -0.272 -0.418 237.35 155.28 131.60 155.48 120.11 155.54  56.79
  108 -0.067  0.973 -1.000 251.33  27.96 228.06  26.99 253.00  28.11  51.25
  109  0.441  0.457  0.181 125.42  79.75  72.09  79.90  45.92  78.86  67.38
  110 -0.769  0.481  0.182  14.08  75.43  11.51  77.25  73.25  78.46  55.91
  111 -0.988 -0.462 -0.204 163.25 175.94 218.83 173.98 152.25 173.01  67.14
  112  0.146  0.683 -0.221  98.49  55.62 203.66  57.51  37.67  56.87  77.93
  113 -0.197  0.935 -0.449  97.22  29.96 121.56  30.97 147.40  30.23  68.57
  114  0.349  0.410  0.499 146.45  83.73 174.32  83.62  93.66  83.47  58.80
  115  1.096  0.014 -0.854 213.98 124.83 106.44 124.25 221.63 124.65  65.94
  116 -0.634 -0.580  0.422 119.27 186.81  89.36 186.11 100.89 185.87  72.00
  117  0.393  0.058  0.628 121.79 120.38 220.11 121.57  15.43 120.68  60.20
  118  0.981  0.996 -0.548 233.81  27.78 107.94  24.31 221.90  21.03  38.50
  119  0.936 -1.149  0.191 147.48 243.97 178.92 248.21 249.54 251.21  66.06
  120 -0.168 -0.017 -0.874  22.55 127.93 238.44 126.79  16.90 129.08  52.15
  121  0.964  0.761 -0.808 208.63  52.39  71.35  50.78 202.97  45.02  53.00
  122  0.267  0.449 -0.049 225.91  81.04 100.53  80.08 243.33  80.70  52.50
  123 -0.514  0.635  0.683 208.99  58.01 143.26  57.88 185.65  60.63  70.22
  124 -0.943  0.873 -0.639 107.45  35.49  94.43  38.70 143.35  38.77  66.38
  125  0.680 -1.008 -0.924 119.79 222.50 150.75 223.87  27.98 230.16  69.00
  126  0.236  1.200 -0.458 140.87 253.91  31.66 253.85 116.57 253.92  84.38
  127  0.141 -0.927 -0.658 192.68 218.83 145.29 219.41 215.21 221.43  62.50
  128 -0.062  0.617  0.703  33.37  61.58 131.06  60.78  42.81  61.68  58.73
  129  0.157  0.167  0.863  87.72 109.97 229.96 110.11  81.51 109.38  69.94
  130  1.073  0.275  0.431 204.84  97.30 242.41  96.56  19.61  96.77  50.00
  131 -0.161  0.386  0.303 191.52  85.33 165.19  84.85 220.18  86.72  76.30
  132 -0.724 -0.713 -0.238 220.00 201.04 126.14 199.74 166.99 199.07  80.50
  133 -0.317 -1.173  0.501 224.51 252.45 187.12 251.36  42.99 250.10  61.50
  134 -0.265  0.459  0.234  74.89  78.31  85.93  79.13 106.89  79.10  68.30
  135  0.005 -1.208 -0.007 131.06 253.28 202.11 253.31 232.90 253.75  73.94
  136 -1.106  0.523 -0.248 233.56  68.29 138.26  72.98  40.86  73.08  53.72
  137  0.781  0.228 -0.408 152.41 102.97  39.46 103.95   6.26 104.26  71.91
  138  0.868  1.031 -0.710 240.76  24.60 200.31  23.53   3.53  17.84  60.52
  139  0.127  0.869 -0.423  79.68  37.24 157.06  38.48 172.61  37.15  56.83
  140 -0.751 -0.289  0.521  44.27 157.58  38.12 156.77 234.01 156.87  58.71
  141 -0.217 -0.786  0.453  83.62 210.94  39.73 209.53 170.12 210.14  60.12
  142 -0.748 -0.099  0.362 154.74 137.34 183.63 137.35  69.83 135.46  52.00
  143 -0.419  0.487 -0.741  60.81  77.19  44.48  77.97  36.53  78.47  67.55
  144  0.253  0.786  0.701  42.94  39.47 205.28  42.52  57.48  41.29  52.64
  145  0.126  0.760 -0.891  57.61  49.09 195.75  51.12 135.17  49.80  62.36
  146 -0.336  0.890 -0.816 219.10  36.30 132.95  36.20 157.40  35.24  69.71
  147 -0.263  0.588  0.856 167.78  62.61  23.91  62.50 247.13  64.47  73.33
  148  0.730  0.812  0.406 135.80  39.19 141.22  39.50 116.87  38.75  78.05
  149 -1.107 -0.176 -0.552 217.13 144.15 146.09 143.81 137.56 143.93  64.60
  150  0.135 -0.382  0.113  75.58 166.89  77.12 167.82 120.08 165.47  79.50
  151  0.996 -0.722 -0.215  64.87 199.87 170.68 201.15 151.15 202.02  52.45
  152  0.178  0.130 -0.112 137.58 113.03  10.73 113.46  29.87 113.78  67.70
  153  0.057  0.130  0.625  20.01 112.96  53.77 113.27  59.69 113.46  60.33
  154 -0.755 -0.362  0.125 202.07 165.27 133.78 165.31  28.48 161.54  56.29
  155 -0.512  0.209  0.788  97.00 104.43 104.66 104.74  56.29 104.31  65.00
  156 -0.127  0.703  0.980 118.34  51.53 225.33  51.65  97.81  51.26  65.33
  157 -0.970 -0.835 -0.840  42.52 213.04 162.33 210.29 116.32 210.61  50.17
  158 -0.005 -0.722  0.606  65.03 203.38  53.83 201.54  43.43 204.51  82.75
  159 -0.746 -0.679 -0.187  74.16 198.38  83.58 197.15 162.67 196.15  65.11
  160  0.231 -0.999 -0.323 165.60 228.52 196.46 229.22  70.36 231.74  60.17
  161  0.179  0.307  0.497  91.29  95.44 205.97  92.04 108.58  91.69  65.26
  162 -0.882 -0.279 -0.402 142.24 155.51 250.92 156.01 177.30 151.36  79.60
  163 -0.433  0.358  0.913 237.43  88.97 214.95  88.71  89.71  87.87  60.74
  164  0.643  0.735  0.273 185.81  51.21 165.55  50.47 234.40  49.25  59.85
  165  0.392 -0.662 -0.124 133.97 195.26 105.20 194.92  57.04 197.13  76.91
  166  1.055  1.052  0.428 201.79  18.38 249.36  10.70  14.19  13.58  67.37
  167  0.750 -0.217  0.207  91.98 149.48 214.16 149.87 185.26 150.07  75.50
  168 -0.834 -0.766  0.527 198.42 209.28  24.13 207.23  91.80 204.86  58.33
  169  0.627  0.883  0.570 119.17  34.23 108.18  32.77 142.24  30.29  66.85
  170 -1.133  0.235  0.249 144.25 101.05  72.29 102.62 117.60 102.92  71.26
  171 -0.976 -0.650 -0.615 170.96 196.05  12.80 193.90 144.90 192.14  82.40
  172 -0.041  0.734 -0.548 167.56  52.48 140.86  51.99  46.70  51.72  59.60
  173 -0.422  0.365 -0.793 226.45  89.57  81.66  89.76 119.91  90.83  69.67
  174 -1.148  0.501 -0.545 248.31  73.21  14.53  74.49 252.88  78.05  49.33
  175 -0.655  0.098  0.681 142.44 115.30   4.26 115.74 241.08 116.48  70.36
  176  1.040  0.113 -0.793 152.30 114.85 142.53 115.32 220.90 115.70  74.00
  177  0.027  0.634  0.564 236.85  60.14 243.00  58.36   3.76  59.07  61.94
  178  0.584 -1.220 -0.770  54.81 246.55 226.17 248.50 101.77 252.83  59.50
  179  0.052 -1.028  0.201 180.99 234.03 154.68 234.90 149.07 231.83  76.12
  180 -1.024 -0.327 -0.072  87.08 160.09  48.64 158.94  28.49 158.11  80.69
  181  0.774  0.360 -0.888  72.68  90.70 135.62  90.98  40.60  90.32  62.84
  182  0.601 -0.063  0.424 225.84 133.59 223.39 133.58 196.04 133.74  58.58
  183  0.912 -0.052  0.117 219.51 132.52 194.79 132.69 151.71 132.86  61.67
  184  0.161 -0.858  0.466 212.98 215.06   8.90 218.80  86.91 214.06  70.04
  185  0.318 -0.767  0.738  45.43 208.20 214.44 208.59  55.59 209.40  63.50
  186  0.822 -0.206  0.177 146.66 148.80 102.07 149.21 118.27 149.21  74.00
  187 -0.551  0.491 -0.466  34.81  76.38  54.39  77.96  42.74  75.88  58.29
  188  0.689  0.802 -0.642 191.07  45.19 212.92  43.76 158.31  42.33  64.00
  189 -0.229  0.075  0.054 106.31 117.64  58.39 117.77  30.45 118.05  62.38
  190  0.279  0.923  0.445 205.85  28.85  73.50  24.74  16.31  26.63  64.80
  191  0.782 -1.135 -0.319  24.06 240.40  99.96 243.63  28.63 245.65  41.00
  192 -0.762 -1.076  0.983 224.52 245.48  17.07 243.42 225.88 236.37  64.59
  193 -0.078  0.178  0.698 193.86 105.31 208.07 104.95 203.04 104.38  64.78
  194 -0.234  0.557 -0.394 155.20  67.50  13.48  70.63 171.10  66.33  60.20
  195  0.627 -0.042  0.577  92.64 129.97 153.74 129.44 148.56 129.44  64.14
  196 -0.537 -1.184 -0.391 185.29 246.88  22.38 248.37 243.89 247.07  68.45
  197 -1.022 -1.160 -0.073  76.83 251.49 183.31 247.75 215.18 243.84  66.38
  198  0.302 -1.026 -0.090  37.90 232.28  20.25 232.63  95.88 235.65  65.56
  199 -0.155  0.705 -0.743 116.11  53.18 215.88  56.73 162.59  56.33  68.80
  200 -0.420  0.055  0.782 208.01 121.69 104.44 120.54 209.63 121.39  65.61
  201 -1.122 -1.028 -0.535  39.88 236.20 151.99 230.67  46.17 229.50  78.17
  202  0.149 -0.621 -0.409 172.85 190.58  61.29 189.51 251.95 191.86  68.38
  203  0.970  0.897 -0.229  30.04  37.12 194.91  34.43 115.37  32.73  64.28
  204  0.872 -0.647  0.810 156.14 194.94 168.75 196.52  29.66 197.61  67.81
  205 -0.872 -0.678  0.228 179.22 200.50 221.15 197.45 103.31 196.86  66.70
  206 -0.303  0.043 -0.359 200.61 122.22 207.31 124.07 162.79 123.97  64.54
  207  0.432  0.420 -0.939 166.24  85.06 186.18  84.65 192.43  83.57  69.09
  208 -1.124  0.078  0.296 201.33 117.09 233.06 116.82 231.71 119.58  55.33
  209  0.899 -0.456 -0.796 249.96 169.40 218.45 170.20  36.77 174.82  48.50
  210 -0.340  0.227  0.212 239.10 102.93   9.45 103.52  43.92 103.03  27.25
  211 -0.424 -1.197 -0.270  43.15 251.89  73.29 249.65 125.73 248.74  49.75
  212  0.718 -1.217 -0.239 163.14 250.50  94.72 252.56 232.90 253.75  63.63
  213 -0.304 -0.139  0.109 123.21 141.32  43.23 137.77 229.80 141.21  63.00
  214  0.744 -0.923 -0.932 131.06 253.28 196.74 219.07 153.66 223.01  73.94
  215  0.991  0.036 -0.366  32.80 124.00 137.92 123.57 170.54 123.97  46.43
  216  0.347 -0.655 -0.403  99.31 193.28  29.31 194.41  82.60 194.49  67.33
  217 -0.516 -1.245 -0.837 131.06 253.28  16.33 252.74 195.46 251.55  73.94
  218  0.572  0.431 -0.653 153.61  83.36 122.94  83.32  63.75  82.77  68.84
  219 -0.787  0.515  0.086 156.72  73.08 202.84  72.13  28.47  75.73  67.32
  220 -0.664  0.687  0.482 131.06 253.28 114.62  52.30 219.84  56.21  73.94
  221  0.459  0.445 -0.922 162.72  81.94  37.15  82.42 232.90 253.75  67.90
  222 -0.291 -0.124  0.240  70.76 137.98  76.32 253.51  38.07 137.60  67.10
  223 -1.218 -0.482  0.098  41.45 177.25  76.32 253.51 227.84 175.90  61.76
  224  0.175 -0.938 -0.970  63.91 221.16  76.32 253.51 193.09 222.23  61.00
  225  0.718 -0.895 -0.299 173.22 218.40  76.32 253.51 227.67 221.22  76.02
  226 -1.123  0.947 -0.965 131.06 253.28 161.19  31.23 214.16  33.19  73.94
  227 -0.955 -1.241 -0.679 131.06 253.28  76.32 253.51  67.73 251.31  73.94
  228 -0.574 -0.609  0.302  37.17 191.39 174.96 191.05 232.90 253.75  53.67
  229 -1.195 -0.835  0.238 163.29 218.36  30.70 212.27 232.90 253.75  62.09
  230  0.538  0.652 -0.551 131.06 253.28  73.41  60.51  93.82  58.07  73.94
  231 -1.104 -1.227 -0.620 131.06 253.28  90.25 251.69 159.55 249.88  73.94
  232  0.824 -0.393  0.900  81.00 168.58  76.32 253.51 123.88 168.21  76.62
  233 -0.904  0.455 -0.767  48.99  80.92 155.94  81.67 232.90 253.75  59.93
  234  0.425 -0.204 -0.835  17.98 146.70  15.54 146.01 232.90 253.75  62.06
  235 -0.578  0.518 -0.455 131.06 253.28  46.18  74.38  34.44  75.21  73.94
  236 -1.226  0.124 -0.677 131.06 253.28 146.71 114.83 139.20 115.25  73.94
  237 -1.197  0.331  0.211 131.06 253.28  85.76  91.39 219.66  91.12  73.94
  238 -0.881 -0.808 -0.452   8.61 211.10  76.32 253.51  21.07 207.58  57.11
  239 -1.260  0.685  0.041 194.30  52.84  76.32 253.51 137.59  57.39  61.05
