    1 -0.662  0.240 -0.924  95.59 101.20 186.04 101.30 115.05 101.56  68.94
    2 -1.074 -0.021 -0.618 107.82 128.97  76.36 128.97  58.91 128.96  71.43
    3  0.193 -1.150  0.757 203.89 247.75 198.07 250.79 190.12 251.15  66.00
    4 -0.493 -0.007  0.328  77.15 124.49  98.98 124.55 128.01 124.54  65.43
    5  0.148 -0.310  0.154 245.24 157.53 241.99 158.31 208.53 159.25  48.25
    6 -0.254  0.308 -0.379 172.10  95.32 108.52  95.74  92.69  95.88  77.07
    7  0.422 -0.284 -0.207 130.09 153.42  74.79 153.20 102.57 155.14  61.27
    8 -0.461 -1.076 -0.397  40.69 239.41  89.73 237.66  81.18 236.92  58.88
    9 -0.664 -0.038 -0.982  96.52 129.81  19.32 130.41  14.28 130.65  47.17
   10 -0.326 -0.890 -0.252  38.27 220.17 128.67 219.32 165.12 218.68  54.00
   11  0.585  0.338 -0.830 247.35  92.56  84.91  93.28 252.73  88.49  53.71
   12  0.386  0.374  0.416 133.40  86.99 100.61  87.17 143.95  87.97  69.38
   13  0.397 -0.214 -0.825 133.32 149.27 139.48 149.20 142.93 149.39  56.75
   14 -0.021  0.800  0.550 234.54  39.74  59.50  39.91  28.70  41.68  53.75
   15 -0.414 -0.222  0.392 224.70 150.31 221.80 150.78  67.03 151.09  68.97
   16 -0.651 -0.779 -0.232  48.31 208.93  52.66 206.94 214.10 203.99  61.60
   17 -0.080 -1.059  0.888 124.52 241.15  42.53 241.63  21.25 240.11  71.64
   18 -0.826 -1.053 -0.815  73.34 236.06  95.08 231.90  98.58 232.05  61.71
   19  0.896 -0.216  0.121 140.22 149.58 118.21 149.53 182.76 150.20  58.14
   20 -0.326 -0.778  0.724 253.15 210.54  61.23 208.50 252.71 209.46  61.14
   21 -0.890 -0.185 -0.161 148.70 147.37 214.75 145.18 197.12 145.55  59.57
   22 -0.079 -0.496 -0.578 209.03 175.16 183.04 175.97 145.88 177.45  75.00
   23  0.128  0.498  0.863 246.27  74.86 245.92  73.56 164.84  74.53  58.85
   24  0.521  0.198 -0.461  38.56 106.83  26.76 107.41 169.10 105.31  65.69
   25  0.183 -0.135  0.215  64.12 137.52  83.96 141.70 248.04 140.52  60.71
   26  0.349 -1.009 -0.789 155.01 229.53  69.00 229.87 152.91 231.00  78.06
   27  0.125  0.314  0.688 100.24  92.81 151.51  94.19 124.04  94.02  59.67
   28  0.858  0.084  0.438 139.50 118.21 238.28 118.06 230.21 117.74  71.20
   29  0.212  0.925  0.071 211.38  28.06 114.07  25.05 105.34  25.21  54.69
   30  0.454  1.035  0.782  38.36  16.89 162.73  12.72 171.00  11.00  56.17
   31  0.491 -0.516 -0.859 163.46 176.74 158.52 176.93  28.22 179.90  65.00
   32 -1.208  0.220 -0.259 161.56 101.47  61.94 104.22  92.60 104.37  64.78
   33 -0.699 -0.796  0.342 127.83 212.17 131.76 211.78 212.69 209.49  71.51
   34 -0.149  0.568  0.695   9.55  64.91 240.73  67.36 223.22  64.91  58.38
   35  0.065  0.186 -0.918 121.80 107.82 109.50 107.90  39.85 107.84  59.43
   36  0.606 -0.698  0.714 176.35 199.32  39.61 202.54 101.38 201.52  61.91
   37 -0.746 -0.776 -0.643 121.31 204.64 192.99 202.76 144.24 203.69  82.67
   38  0.132  0.047 -0.438  47.40 122.26  40.56 122.42  54.98 122.50  61.12
   39  0.337 -0.134  0.671  68.46 142.11   9.10 141.80 109.19 141.66  59.22
   40 -0.177 -0.708 -0.037 216.26 201.26  19.31 201.34  25.60 200.89  60.75
   41 -1.142 -0.720 -0.843 123.01 202.25 165.45 197.93 114.54 198.36  72.13
   42  0.067  0.570 -0.852 154.06  67.53 112.33  67.58  41.18  68.51  67.83
   43  1.076  0.100 -0.393   7.66 115.37  63.58 111.67  83.94 115.16  59.38
   44 -0.027 -0.661  0.970  37.40 197.65 168.77 196.84 116.47 197.36  53.44
   45  0.034 -0.818 -0.416  60.56 210.68 164.19 211.45  57.99 210.43  49.25
   46  1.213 -0.054 -0.632  43.69 132.17  37.00 132.05  38.49 131.99  62.35
   47  0.025 -0.578  0.911 220.16 187.55 145.61 187.68 124.93 187.95  61.93
   48 -0.053 -1.156  0.517 192.53 249.08 184.10 249.55 186.54 248.95  63.67
   49 -0.879 -0.736 -0.761 245.54 204.15 109.88 201.70  79.93 200.78  54.67
   50  0.679  0.302  0.385 103.15  96.33 171.16  95.22 100.52  94.73  71.53
   51  0.418  0.873 -0.103 230.68  38.04 233.68  37.54 205.18  35.06  63.25
   52  0.557 -1.028  0.734  60.31 234.77 103.37 237.64 146.14 238.55  67.25
   53  0.458 -0.058  0.242  58.92 132.17  61.84 132.07  94.56 132.03  68.44
   54  0.529 -1.149  0.405  76.05 245.63 241.36 246.46  90.92 250.35  66.05
   55 -1.049  0.281 -0.855  50.96  98.16  40.51  98.29 129.96  98.85  69.76
   56 -0.612 -0.370 -0.759 159.85 160.60 143.73 160.70   6.37 164.00  73.00
   57  0.592  0.217  0.034  18.56 104.85 250.83 104.69 248.56 103.85  59.24
   58  1.200 -0.906 -0.635  40.56 216.83  86.28 219.53 146.15 220.84  51.62
   59 -0.129  0.626 -0.061  70.17  56.05  68.44  57.48  10.69  58.32  55.42
   60 -1.003 -0.084  0.084 222.12 133.56 251.19 133.68 251.70 133.88  56.17
   61  0.286 -0.989 -0.292 123.82 228.86 127.69 229.44  89.70 229.42  73.50
   62  1.128  0.774  0.299 156.56  47.51 151.99  45.23  92.53  43.58  71.25
   63  0.613 -0.397 -0.662 231.22 166.96  66.58 165.57 221.13 168.39  61.68
   64  0.455  0.851  0.623  96.96  38.51 211.40  36.01  68.82  35.76  74.19
   65 -1.063 -0.412 -0.261 201.12 171.45 190.30 168.43 196.59 169.34  64.60
   66 -1.195  0.873 -0.666  77.48  32.86 171.50  37.95  41.06  41.50  67.33
   67 -0.254  0.126  0.236 123.55 110.69 111.26 110.77  59.92 110.94  63.00
   68 -0.848  0.646  0.881 209.92  54.81 208.12  53.50  81.03  58.12  66.56
   69  0.768  0.719  0.029 218.00  52.64 153.41  51.39 115.22  50.94  62.83
   70 -0.635 -0.412  0.974 180.38 171.57 174.26 172.02  32.65 169.72  68.62
   71 -0.857  0.057 -0.380 234.06 119.54 247.65 121.95 237.49 121.88  64.63
   72 -0.988  0.203 -0.282 224.31 105.27   4.10 105.69  20.20 106.25  47.75
   73  0.838  0.498  0.395  98.91  75.39 136.17  74.89 206.33  74.36  67.14
   74 -0.971  0.401 -0.119 230.25  84.47  32.30  85.30  75.45  87.57  60.00
   75 -1.006  0.723  0.545 145.94  47.75 173.35  51.32 215.11  51.81  62.56
   76  1.174 -0.387 -0.316  56.52 166.44 232.63 163.71   8.19 168.68  56.00
   77 -0.137  0.995 -0.046 149.75  19.77 157.39  19.08  32.23  22.57  35.50
   78  0.284  1.065 -0.340  26.72  18.46 245.07  13.33 201.85  17.17  48.14
   79 -0.015  0.097  0.007  32.95 115.32 101.60 115.11  22.50 116.15  34.50
   80 -0.418  0.338 -0.056  25.93  91.00 245.91  89.43 200.08  93.50  50.62
   81  0.836 -0.163 -0.105 106.37 142.76 164.20 142.53 153.74 142.79  64.67
   82 -0.646 -0.622 -0.116 178.70 190.18  12.64 189.90  37.96 188.55  62.69
   83 -0.651  0.836  0.427  31.32  36.77   7.32  39.86 133.60  36.87  58.62
   84 -0.014 -1.105  0.461 217.13 243.76 246.45 243.03  73.66 241.43  66.10
   85  0.204 -0.978 -0.868 194.84 221.82 131.19 220.32 161.70 224.50  58.46
   86  1.196 -0.177 -0.655 210.54 144.84 130.27 142.65  18.16 143.64  67.71
   87  0.340  1.140 -0.647 219.29  10.28 251.81  10.59  81.53   6.15  49.50
   88 -0.051  0.524 -0.991 207.05  74.87 175.66  75.37 240.28  75.02  59.00
   89  0.415  0.321 -0.144 160.76  94.48 187.07  94.28  80.72  93.55  65.46
   90  0.460  0.513 -0.181 186.04  75.12 142.05  74.68 114.91  73.74  73.76
   91 -0.564 -0.967  0.304 116.64 229.69 148.77 226.54 248.16 227.64  62.33
   92 -1.137 -0.606 -0.561 161.54 187.58 124.27 186.93 146.73 187.39  89.22
   93 -0.620 -0.495  0.649 111.60 179.04 120.29 178.63  10.33 178.18  72.11
   94  0.064 -0.544  0.454 117.67 184.01 118.88 182.80 130.23 183.09  63.10
   95 -0.319 -0.996  0.037 100.42 231.37 163.41 229.92 138.58 229.68  68.38
   96 -0.777 -0.700  0.533   4.13 203.38  88.34 201.40  15.34 199.49  55.36
   97 -1.150  0.604 -0.669 126.54  63.06 114.93  63.45  98.19  67.50  72.50
   98 -0.096 -0.203  0.217  52.30 147.86 185.55 147.53 176.48 147.85  65.70
   99 -0.497 -0.232  0.906 117.65 151.88  84.61 151.64  63.39 151.38  70.12
  100 -0.436 -0.812  0.832 181.42 214.29 248.30 213.44 181.47 212.91  63.89
  101 -0.392 -0.854  0.732 220.99 217.99 190.98 218.44   5.30 214.85  57.15
  102  0.225 -0.186 -0.314  12.34 145.38 249.34 146.14 250.98 146.83  52.48
  103  0.552 -0.908  0.127 115.02 220.79 249.84 220.09 231.70 222.34  69.97
  104 -0.586  0.694 -0.447  23.73  53.82  21.54  51.54   5.24  53.70  58.11
  105 -0.690 -1.085  0.310 190.12 243.43 180.70 241.97 138.80 239.36  55.60
  106 -0.189  0.311  0.162 178.92  94.95 141.65  94.71 159.32  94.62  66.00
  107  0.780 -0.835  0.601  89.11 213.52 195.76 215.29 193.20 216.22  65.59
  108  0.433 -0.412  0.550  57.47 170.95 215.18 169.50 230.99 170.79  57.25
  109  0.966  1.038  0.097 153.10  19.36 176.94  17.40  51.12  13.88  70.24
  110  0.417  0.712  1.000  67.65  49.67  70.14  48.71  76.56  49.56  62.28
  111 -0.911  0.408  0.360  10.67  79.98 101.12  77.51 148.52  75.45  53.20
  112 -0.861  0.173 -0.517 111.84 109.52 181.40 108.09 156.22 109.44  67.36
  113 -0.354  0.883  0.789 162.43  32.33 248.45  25.97 242.39  32.99  72.57
  114  0.597 -0.858  0.297 132.93 216.07 211.23 217.05 228.20 218.91  65.75
  115  0.639 -1.178 -0.417 157.22 245.02 212.88 246.02  46.40 250.37  65.58
  116 -0.419  1.087  0.686 159.65   5.87 191.73   8.03 201.21  10.15  68.22
  117  0.496 -1.076  0.425  83.62 240.10  91.67 240.40  42.18 240.37  61.32
  118 -0.291  0.037 -1.002 197.39 122.85 222.67 123.05 144.49 123.44  69.47
  119 -0.718  0.297 -0.269 129.58  95.54 199.88  96.46 163.89  95.92  63.40
  120 -0.256  0.263 -0.578  12.58  99.00  22.82  99.98  56.95 100.50  60.36
  121  0.365  0.275  0.504  27.89  98.71  54.46  97.67 107.72  96.75  49.56
  122 -0.611  0.908 -0.188 230.42  28.88 150.35  31.94  52.83  34.90  48.67
  123  0.307  0.789 -0.300  78.36  47.20   6.16  46.88 209.91  44.53  60.40
  124  0.521  0.838  0.382  10.64  39.64  16.07  39.59 157.96  36.75  57.33
  125  0.573  0.268 -0.783 193.19  99.45 166.91  99.20  52.47  98.99  71.08
  126 -0.518 -0.090 -0.786  50.57 137.29  23.75 137.04  24.07 136.87  63.12
  127 -0.142  1.161  0.675 232.28 254.25 207.49 253.34   7.72 253.81  56.75
  128 -0.257 -1.045  0.206  55.58 238.01  71.83 235.66 249.41 236.29  66.79
  129  0.222  0.776  0.740 160.15  43.48  29.51  41.88  35.21  43.95  69.39
  130  0.877  0.383 -0.462 191.52  89.18 121.80  88.24  34.97  87.70  71.62
  131 -0.384 -0.703  0.041 223.07 201.37  13.43 200.68  48.45 199.26  64.86
  132  0.557 -0.187 -0.252 219.83 145.80  36.44 147.35  43.59 147.00  56.15
  133 -0.262  0.389  0.433  46.23  85.65  44.65  86.64  20.99  86.37  62.75
  134  0.677 -1.189 -0.209 181.40 247.41 193.55 248.69 103.87 251.47  59.97
  135 -1.040 -0.698  0.223 107.11 202.28 125.31 199.64  75.15 199.20  66.57
  136  0.028 -0.911 -0.741 133.03 220.13  94.78 219.83  96.42 219.39  67.64
  137  0.784  0.870  0.514   5.40  36.59  90.39  33.63 132.46  31.28  57.00
  138 -1.089  0.861 -0.220 138.89  33.17 176.79  37.66 149.10  38.76  67.10
  139  0.765 -1.140 -0.961 201.81 240.33 119.68 242.22 145.15 243.27  64.38
  140  0.110 -0.205 -0.449 180.46 147.38 151.30 147.39 148.30 147.56  75.67
  141 -0.164  0.169 -0.055  21.76 109.73 134.75 109.63 102.02 108.03  48.25
  142 -0.919  0.536  0.197 194.34  67.88 134.99  71.03 215.27  71.66  68.67
  143 -0.660 -0.085  0.210 191.01 134.23 176.24 134.34 148.66 134.41  70.78
  144  0.292 -0.471 -0.086 119.71 173.32  59.69 172.77 206.11 173.95  64.73
  145 -0.982 -0.231 -0.274 123.14 151.42  89.79 151.23 194.42 151.31  61.12
  146 -1.119 -1.048 -0.311  15.64 239.10  45.17 234.29   5.96 232.06  52.00
  147  0.020 -0.144 -0.959 165.42 142.30 147.43 142.38 124.35 142.43  70.00
  148  1.127  0.525  0.158 136.24  73.63 185.76  71.75 246.02  68.91  67.63
  149 -0.355  0.742  0.966  88.09  47.36 159.75  47.21  43.03  48.60  66.00
  150  0.166 -0.569  0.157 102.63 187.43 250.55 186.58 104.11 185.81  54.33
  151  0.246  0.753 -0.449 251.88  49.27 124.65  49.39  45.70  49.45  58.53
  152  1.165  0.061 -0.359 219.79 118.25 126.66 118.23 178.83 119.15  61.90
  153 -0.408 -0.267 -0.604  39.46 152.69  27.41 152.06  40.08 151.56  63.89
  154  1.206  0.232 -0.561  46.01 103.59 102.25 101.64 197.39 100.66  63.15
  155 -0.347 -1.062  0.406 118.42 240.16  81.08 238.27 232.80 237.86  66.57
  156  0.516 -0.449  0.564  32.33 172.02 201.78 172.34 134.49 172.44  65.31
  157 -0.512 -1.039  0.646  24.56 239.47 187.80 238.12  68.39 236.35  60.65
  158  0.346 -0.649  0.847 208.99 195.81  61.48 192.53  63.00 191.68  50.89
  159 -0.341 -1.060 -0.983 112.93 232.90  73.27 232.56  29.15 233.33  68.50
  160  0.265 -0.299  0.673 170.30 157.32 171.78 157.55 162.35 157.95  71.98
  161  0.811 -1.130  0.114 168.29 241.90 126.74 245.17 185.72 246.05  67.24
  162  0.135 -1.072 -0.478 219.61 236.12  13.72 235.60  89.99 237.51  63.88
  163 -0.078 -0.015 -0.990 123.05 124.53 125.77 124.55 226.74 126.63  60.17
  164 -0.547 -1.037 -0.821 231.89 231.90 250.48 230.48  85.81 231.20  48.50
  165  1.010  0.869  0.121  48.40  39.50  65.27  34.63 168.83  34.29  73.40
  166 -0.092 -0.537 -0.594 151.59 179.87  66.19 181.11 192.59 181.13  66.06
  167 -0.874 -1.086  0.432  88.81 244.32 204.81 242.44  68.81 239.26  69.08
  168 -0.251 -1.177  0.564 210.38 251.54 148.90 251.34 205.69 251.16  72.26
  169 -0.181  0.196 -0.060 194.66 106.01 189.87 105.72 180.84 107.71  64.93
  170 -0.565  0.774 -0.281  52.69  45.99  89.85  48.10  86.74  48.95  66.17
  171  0.898  0.607 -0.662  63.39  66.39  37.04  58.73   5.19  60.60  64.86
  172 -0.364 -0.218  0.413 144.60 149.78 168.16 149.84  98.88 149.48  65.25
  173  0.221  0.526 -0.063  62.83  70.71  32.08  72.17 184.28  71.86  61.00
  174 -1.172 -0.852  0.189 109.44 219.78  81.50 215.44  43.76 214.09  65.43
  175 -0.853  0.289 -0.300  64.45  96.99 102.26  96.72  62.68  98.12  61.50
  176  0.934  0.052 -0.662 228.74 122.15 173.47 122.06 135.01 122.01  62.26
  177  0.377 -0.638  0.871  14.51 192.06 130.90 190.56  82.31 190.25  62.88
  178  1.085 -0.287  0.227  80.73 155.73  86.91 155.41  38.48 155.69  61.94
  179 -0.233  0.380 -0.942  14.13  87.31 217.69  89.17 193.39  88.43  53.07
  180 -0.441 -0.134 -0.858  87.76 137.39  59.13 137.17  99.94 137.31  68.10
  181 -0.040 -0.585 -0.916 217.46 185.33 134.98 185.80 197.39 184.20  54.58
  182 -0.955  0.834 -0.096 173.97  38.67 183.20  39.89  37.16  41.79  70.22
  183 -0.650 -1.181  0.294 200.13 253.73 122.66 250.80 176.61 249.12  72.81
  184  0.660 -0.850 -0.455  18.11 213.35  54.69 212.04 165.85 214.51  59.26
  185 -0.528 -0.704  0.759  88.98 203.89 188.00 202.68  67.71 201.50  65.06
  186  0.938 -0.818 -0.551  31.69 204.73  93.44 211.47 134.82 212.30  61.58
  187 -0.083 -0.967  0.118 126.15 226.76 185.87 223.04  53.58 228.40  67.56
  188 -0.879 -0.037 -0.009  18.39 130.47 120.50 129.75  45.60 130.35  67.44
  189 -0.778  0.386  0.839 164.92  85.42 193.06  85.04 202.59  86.51  48.67
  190  0.726 -0.436 -0.635  51.36 171.32  18.93 170.63  20.14 171.78  48.38
  191  0.761 -1.204  0.054 187.88 250.25  60.01 252.47  71.13 252.30  75.69
  192 -0.566 -1.070 -0.888  34.81 237.30  94.17 234.37  18.23 233.39  61.65
  193 -0.024  0.036 -0.402 135.68 123.47 141.69 123.47  71.13 252.30  72.22
  194  0.221  0.324  0.313 200.13 253.73 104.91  90.14 234.23  93.53  72.81
  195  0.426  0.058  0.520 200.13 253.73 218.94 119.30 238.18 119.52  72.81
  196  0.200  0.564  0.918 200.13 253.73  11.84  67.14 106.66  63.50  72.81
  197  1.212 -0.578 -0.752 109.85 183.23  75.94 183.43  71.13 252.30  60.80
  198 -1.048 -0.394  0.383 169.56 168.10  60.01 252.47  90.73 165.30  66.25
  199 -0.266  0.498 -0.464 200.13 253.73 216.68  75.73  85.28  75.05  72.81
  200 -0.007 -0.994 -0.617 165.26 229.45  60.01 252.47 133.64 228.84  72.04
  201 -0.452  0.776 -0.294 189.80  46.05  61.71  47.89 155.18  46.28  63.00
  202  0.358 -0.829 -0.889 200.13 253.73   6.74 208.48  40.19 210.50  72.81
  203 -0.659  0.796 -0.743 202.15  41.24 246.82  46.95  71.13 252.30  75.68
  204 -0.065  0.399 -0.898 200.13 253.73  27.93  86.82  13.09  87.65  72.81
  205 -1.258  0.122 -0.427 126.44 115.01  60.01 252.47  85.59 111.80  62.92
  206  1.341 -0.761 -0.313  52.29 203.39  60.01 252.47  67.05 207.46  66.50
