    1 -0.567 -0.539  0.433 177.22 185.24 246.83 184.67  24.82 183.38  59.25
    2  0.206 -0.514  0.904 169.56 181.06 176.28 181.45  75.59 183.11  67.10
    3  0.045 -0.559 -0.126 105.00 186.01  68.33 185.24  88.33 185.36  64.81
    4 -0.055 -0.718  0.988 106.34 204.45 187.08 205.31 130.14 203.68  71.08
    5  0.885 -0.141 -0.942 225.58 138.55 134.93 140.61 114.17 140.63  51.60
    6 -0.001 -0.734 -0.376   9.30 201.00 195.22 200.92   6.29 202.84  60.76
    7 -0.538 -0.444 -0.351  97.94 172.18 250.58 170.46 236.50 171.79  60.69
    8 -1.085 -0.546 -0.111  40.30 186.10  88.32 184.61 242.76 182.99  49.25
    9 -0.271 -0.943 -0.241 220.19 223.16  92.40 221.11 151.75 220.82  49.23
   10  1.031 -1.126 -0.996 155.05 238.69 147.40 239.08 173.26 240.91  76.80
   11  0.401 -1.091 -0.558 215.52 237.02  67.43 238.10  47.46 239.48  46.38
   12  0.977 -1.173 -0.352 240.48 242.87  14.70 247.50  98.56 250.65  62.76
   13 -0.446  0.675  0.398  88.50  54.97 148.22  55.01   4.85  56.30  56.65
   14  0.023 -0.227  0.189  16.82 150.13 167.84 147.48 183.08 148.56  50.92
   15 -0.313 -0.603  0.649 251.02 192.30 248.14 189.93  37.05 188.76  65.29
   16 -0.314 -0.730 -0.148 126.20 203.68 128.14 203.35  17.35 202.41  70.54
   17  0.235 -0.356  0.837  83.39 163.91  22.01 165.81 219.75 164.03  52.23
   18  0.022  0.878 -0.646 124.70  37.42 105.52  38.03  92.27  38.42  70.50
   19  0.358  0.393  0.709 218.52  84.34 212.37  83.45  87.44  80.14  63.29
   20  0.902 -0.057 -0.456 197.49 133.42 171.87 133.44 134.23 133.48  62.55
   21 -0.983 -0.016 -0.329 226.60 127.77 197.11 127.73 147.93 127.72  63.93
   22 -0.062 -0.688 -0.971 230.06 195.34 252.58 192.73  13.92 196.42  58.83
   23 -1.070 -0.277 -0.509 181.79 153.87 145.72 152.76 223.38 153.84  64.92
   24  0.725  0.097  0.956  98.48 116.89 138.33 116.51 154.48 116.52  58.86
   25 -0.752 -0.497 -0.475  87.23 179.81  63.25 177.91  50.51 177.71  69.70
   26 -0.203 -0.834 -0.782  29.44 211.78 117.78 210.21  35.34 211.06  60.71
   27 -0.828 -0.141  0.798 212.91 142.32 216.90 142.36  78.06 142.08  68.70
   28  0.112  0.025 -0.054  89.30 122.95 160.72 124.25 110.33 124.24  70.33
   29 -0.913 -0.474  0.099 200.51 176.30  68.81 173.92  59.50 173.32  71.30
   30 -0.094  0.153 -0.311 195.22 110.24 167.20 110.05 128.23 109.94  66.67
   31  0.525  0.332 -0.436 238.64  94.00   3.72  93.99 194.42  91.58  57.54
   32  0.651  0.566 -0.354 181.78  70.85 123.12  67.22 218.93  67.14  47.00
   33 -0.049  0.586  0.060   8.24  65.26 203.29  64.56 168.68  66.16  41.12
   34 -0.274 -0.524  0.400  29.46 181.72 188.43 180.94 171.23 182.33  45.43
   35  0.311  1.009  0.356 147.79  21.87 100.52  20.30   9.70  18.67  69.73
   36 -0.059  0.324  0.300  16.31  93.75 201.34  93.23 180.30  93.71  48.38
   37 -0.108 -0.391  0.417 209.99 169.03 135.47 168.16  65.98 168.17  61.75
   38 -0.735 -0.405  0.662 123.08 170.28  90.11 170.12  68.83 169.56  66.79
   39  1.099 -0.982 -0.150 106.75 226.33 148.77 228.55 172.45 230.76  72.84
   40 -0.062  1.166 -0.761  36.87   6.91 191.56   8.87 144.24   5.68  57.25
   41 -0.284 -0.027  0.786 210.58 128.77 173.72 128.70  42.14 129.85  72.52
   42 -0.961  0.389 -0.510  44.48  85.77  39.86  86.31 121.25  86.09  60.67
   43 -0.583 -0.584  0.793  83.98 190.32  39.32 189.79  71.90 188.41  60.38
   44  0.850  0.571  0.683 198.68  65.52 106.34  64.98  89.86  65.29  68.91
   45  0.468 -0.519 -0.332 213.98 180.05 135.10 179.56 161.35 180.23  51.17
   46  0.629 -0.468  0.100  93.73 174.73  73.16 173.77  25.73 177.25  66.05
   47  0.461 -0.164 -0.413  94.37 143.63 230.66 143.88  47.96 144.25  65.09
   48  0.185 -1.066  0.025  61.60 237.33 158.18 235.96  99.69 237.44  61.86
   49 -0.100 -0.783  0.184 240.51 207.79  31.44 208.73 201.73 209.25  59.71
   50  0.575 -0.055 -0.006 170.14 133.20 117.98 133.23  68.87 133.18  63.47
   51  0.064 -0.118  0.196  26.26 136.88  22.79 136.60  44.45 136.47  60.11
   52 -0.199 -0.299  0.585  94.44 156.98  19.30 156.47  12.73 156.21  59.62
   53  0.197  0.722 -0.594  32.26  51.68 150.72  50.02 102.34  49.93  59.44
   54 -1.222  0.336 -0.491  32.97  87.48 243.90  91.63 226.99  93.76  63.69
   55 -0.505  0.564 -0.779 138.39  67.05 140.09  70.41  95.11  70.48  75.89
   56  0.508 -0.539  0.673 194.98 183.02  16.07 184.78 202.33 186.22  65.79
   57  0.727  0.617 -0.165 128.62  64.62 225.19  61.64  89.35  60.49  64.83
   58 -0.223 -0.132  0.455 153.89 140.60 223.45 138.80 196.47 139.05  64.43
   59  0.913 -0.101  0.108 175.98 135.98 141.46 136.02 103.20 136.04  71.08
   60 -0.489 -0.585  0.009 212.18 188.71 182.51 185.71 136.69 186.32  49.00
   61  0.376  0.502 -0.429 124.37  76.58  77.35  71.43 100.73  71.71  48.64
   62 -0.875  0.871 -0.080 120.72  34.24  70.16  37.53 142.29  38.62  64.41
   63  0.724 -0.930 -0.526 110.65 220.71  48.60 220.63  15.59 223.21  63.46
   64 -0.095 -0.046  0.972 145.19 131.15  97.84 131.14  59.29 131.10  64.46
   65  0.034 -0.914 -0.876 100.01 219.61  90.01 218.68  45.58 219.46  55.17
   66 -1.036  0.486 -0.241 221.20  72.41 166.63  76.95 166.34  76.20  46.57
   67  0.678  0.325  0.938   8.90  92.73  30.44  88.68 247.29  90.25  59.70
   68  0.302  0.037  0.854 105.97 120.84  69.38 120.91  49.85 122.73  54.75
   69  0.107  1.143 -0.943 175.21  10.03 121.98  10.64 120.72  11.91  62.50
   70  0.124 -0.073  0.618 230.91 135.82 220.24 134.12  12.15 134.67  55.60
   71 -0.609 -1.098 -0.994 158.37 238.76  49.97 234.88 104.28 236.20  78.90
   72  0.277 -0.999  0.945 113.11 232.26  74.61 234.60  56.67 233.18  66.58
   73 -0.006 -0.879 -0.051  64.80 217.07  77.05 215.31  89.48 217.93  67.20
   74  0.772 -0.191  0.109  38.96 146.55  86.13 145.83 173.55 145.31  52.46
   75  0.371 -1.176 -0.414 213.07 246.15 172.12 247.65 117.64 249.32  69.31
   76  0.720  1.107 -0.402  24.31  11.57  92.41  11.94  71.98  10.75  48.71
   77  0.066 -0.495 -0.032  59.70 178.85  51.56 178.93 169.99 177.87  66.80
   78 -0.508 -0.864 -0.794 142.02 215.26  14.89 213.33  17.07 211.16  68.07
   79  1.194 -0.958 -0.643 184.45 221.77 201.94 222.92  34.34 225.53  62.72
   80 -0.306 -1.149 -0.166 196.60 246.20 182.31 243.93 135.55 245.17  71.40
   81  0.579 -0.974 -0.667  73.59 222.59 249.27 225.36 250.21 228.95  59.68
   82  1.145 -1.134 -0.024 213.56 242.06 145.72 242.55 135.39 248.81  67.00
   83  0.598 -0.252 -0.309 149.97 151.96 130.70 151.96 164.12 153.08  81.75
   84  0.070 -0.387 -0.161 194.90 166.06 224.08 166.24 196.85 167.17  63.42
   85 -0.508 -1.010  0.357  81.55 232.76 212.75 232.14 141.80 232.39  65.67
   86  0.367  0.172  0.551 113.98 108.41 134.69 108.02 153.15 108.38  64.57
   87  0.804  0.429  0.167  22.42  79.06  74.09  79.80 125.25  79.91  50.22
   88 -0.399 -0.563 -0.976 212.78 184.78  99.32 183.53  99.36 183.62  64.91
   89  0.305  0.300  0.146  24.66  94.97  21.58  96.01  28.10  94.81  58.96
   90  0.429  1.016 -0.671 222.03  23.84 161.06  21.98 125.53  22.91  54.71
   91  0.412 -0.049  0.507 110.11 132.90 106.33 132.87 107.92 132.83  72.33
   92  0.566 -0.496  0.575  12.89 179.69 167.79 179.50 123.16 179.76  59.86
   93  1.143  0.363 -0.693 200.76  86.85 166.50  86.31  56.07  86.99  67.37
   94 -0.323  0.291 -0.530 136.46  96.21 135.74  96.27  43.75  96.73  72.30
   95  1.010  0.862 -0.259  50.60  41.36 130.45  39.29  35.68  34.44  67.78
   96 -0.705 -0.798 -0.730  99.22 209.76  69.60 208.65  55.83 207.46  64.00
   97  0.199 -0.973 -0.203 208.86 227.15 186.87 226.89  42.64 228.97  76.00
   98 -0.255  1.047 -0.865  71.77  18.99  59.75  21.16 130.53  21.19  73.50
   99 -0.602 -0.314  0.767  22.66 157.41 107.10 160.03  74.98 159.69  60.42
  100  0.640 -0.694  0.202 173.32 197.18 122.08 197.14 155.86 197.91  66.89
  101 -0.381 -0.417 -0.908 146.94 169.60 116.87 169.52  89.95 169.34  70.84
  102 -0.913 -0.317  0.325 120.44 162.25  50.39 156.49  30.69 156.86  77.00
  103  0.160  0.649 -0.602 135.19  59.27  75.65  59.99 182.10  60.28  77.61
  104  0.645  0.005  0.715 213.71 125.82 211.83 125.35 187.00 125.25  63.77
  105 -0.258  0.854 -0.685 129.04  38.99 180.26  39.83  74.68  40.33  62.08
  106  0.707 -0.643  0.663  25.19 192.57  94.91 192.50 236.92 197.57  50.38
  107  0.396 -0.192 -0.940 136.89 146.34 175.39 145.02 226.30 144.40  71.85
  108  0.766  0.203  0.980 224.78 103.39  32.89 103.66  61.15 104.26  60.52
  109 -1.088 -0.817  0.075  58.63 214.95 107.80 212.36  99.73 210.03  57.43
  110 -0.902 -1.144  0.523 247.33 250.26 166.19 248.51  56.26 245.52  64.42
  111  0.541  0.074 -0.804  35.39 119.53   5.72 118.44 146.09 117.69  65.78
  112 -1.048  0.316 -0.513 146.84  94.21 122.07  94.23 133.20  96.05  71.55
  113 -1.022  0.130 -0.002 200.58 112.85 183.75 112.63 119.38 112.51  63.89
  114 -0.357 -1.191 -0.166  63.71 250.50  32.60 249.56 165.23 250.24  60.09
  115  0.073  0.311 -0.279 170.55  94.56 181.92  94.32  99.02  94.32  67.31
  116 -0.384  0.465  0.358  27.01  78.01  21.65  78.24  69.56  77.52  55.83
  117  0.145  0.979 -0.935  20.53  27.67 239.71  28.99 244.58  27.88  51.56
  118 -1.103 -1.124 -0.732 145.36 242.39 169.03 239.14 250.22 236.41  62.84
  119 -0.239  0.109 -0.158 199.99 116.34  92.72 116.15 110.82 116.18  61.17
  120  0.919 -0.364  0.112 106.14 163.70 124.29 163.66  57.54 165.27  72.80
  121  0.424 -0.004  0.806   7.39 126.55 139.88 125.71 128.22 125.67  52.76
  122 -0.931 -0.775  0.024 138.57 210.46 250.89 206.99 166.75 206.54  75.78
  123  0.174 -0.244 -0.867  43.24 150.34 208.80 148.13  18.17 149.39  49.25
  124  0.151  1.206 -0.759 180.32   4.90  55.01 254.22  94.60 254.25  67.50
  125 -0.016 -0.350 -0.876  68.12 162.39 201.91 162.83  13.44 162.64  64.12
  126 -0.110 -0.710  0.127 205.52 199.73 182.06 197.74 177.71 199.02  69.05
  127  1.190 -0.410 -0.262 140.71 168.28 236.43 169.89 116.22 170.11  71.26
  128 -0.218  0.865  0.103  56.76  35.79 239.11  35.66 219.04  36.93  66.40
  129  1.163 -1.033 -0.728  59.58 229.26 127.38 231.52 163.75 234.02  55.56
  130  0.058  0.924 -0.664  69.38  32.85 244.46  31.18 192.14  33.30  62.50
  131  1.062  0.946  0.252 118.38  29.63  29.91  27.73 176.39  23.75  67.27
  132  0.071  0.671 -0.308 230.79  57.08  81.26  56.99 182.48  57.81  53.93
  133  0.385 -0.499 -0.272  92.26 178.77  59.32 178.93  67.68 178.23  64.87
  134  1.107 -0.142 -0.641 182.40 142.17 104.66 142.17 231.80 142.76  61.37
  135 -0.569 -0.438  0.144 252.61 174.14  49.88 171.48  24.08 170.52  52.00
  136 -1.006  0.931 -0.216  61.01  27.21  11.23  31.02 146.22  33.88  68.67
  137  0.027  0.758  0.231  17.26  46.78 171.92  48.43 208.87  46.48  57.44
  138  0.506 -1.084  0.696  48.48 240.70 161.48 242.53 141.92 243.44  61.17
  139  0.094 -1.179 -0.210 106.44 248.10 141.29 248.90 223.43 249.77  66.58
  140 -0.729 -0.979  0.215  19.21 231.22 200.11 228.91 209.24 226.37  55.88
  141 -0.516  0.670 -0.504 115.03  56.25 232.03  59.32 134.05  58.94  73.49
  142  0.822  0.118 -0.343  45.49 114.41  56.47 114.47 152.12 112.74  59.83
  143 -0.358  1.163 -0.975  87.32   7.52  72.56   9.49 138.99   9.92  66.56
  144 -0.630  0.530  0.185  10.45  70.89 237.46  71.11 245.15  70.59  64.34
  145  0.525 -0.679 -0.365 137.10 192.83 203.67 196.81 146.84 197.64  65.04
  146 -0.906  0.886  0.337 214.67  30.72  24.65  32.40 126.87  35.50  49.50
  147 -0.351  0.120 -0.688 108.63 114.29  22.16 114.83  25.78 115.00  65.54
  148 -0.898 -0.813  0.029  73.54 212.29  69.29 210.91  79.27 209.90  75.10
  149 -0.538  1.148 -0.106   7.38   6.33 143.49   6.55 192.84   6.27  59.00
  150 -0.559 -0.766  0.260 248.09 207.59 122.35 205.86   6.73 206.81  47.57
  151 -0.922  0.237 -0.076 127.86 102.39 241.72 102.86  98.64 103.30  67.21
  152 -0.919  0.944  0.147 153.32  25.83 247.34  28.63  54.12  28.27  63.62
  153 -0.690 -1.149 -0.044 161.53 248.71 247.13 245.98 247.26 244.73  74.25
  154  0.029 -0.838 -0.032  92.92 213.40  34.89 212.85 127.33 212.56  68.41
  155 -0.767  0.833 -0.524  91.56  40.74  90.36  41.50 225.35  44.16  71.30
  156 -0.214 -0.045 -0.290  37.34 129.90  27.45 129.85  11.76 130.40  64.00
  157 -0.124  0.248 -0.037  91.26  98.21   6.57  99.48  38.70 100.31  69.91
  158 -1.035 -0.082 -0.502  51.86 135.96  18.35 135.72 204.01 135.21  58.42
  159 -0.430  0.247 -0.549  32.63  99.61 115.39 102.55 231.20 102.27  45.00
  160  0.744  0.156  0.144 174.61 110.01 190.72 109.70 191.91 109.30  72.80
  161 -0.210  0.605  0.185 132.08  62.22 144.50  62.39 153.12  61.67  58.73
  162  0.170 -1.112 -0.278 171.85 241.79  16.86 241.82 131.84 239.80  60.77
  163  0.802  0.803 -0.387 247.95  46.67  50.20  43.47 157.97  44.15  63.36
  164  1.004 -0.153 -0.472 137.83 142.27 240.44 142.71 242.10 143.22  70.85
  165  1.045  0.796  0.378 142.95  45.18 102.20  41.92  82.33  41.26  45.50
  166  0.414 -1.128  0.478  11.83 245.70  56.76 247.34  94.81 246.25  58.19
  167 -1.200 -0.738 -0.171 192.79 204.53 136.62 203.42 167.13 202.18  78.00
  168  0.124 -1.151  0.248 157.94 247.93 228.37 248.49  15.08 246.53  74.23
  169  0.209  0.729  0.837 176.61  49.34 131.09  48.87 109.46  48.77  48.50
  170  0.721  0.790 -0.725 152.01  48.92 210.29  45.92 204.22  44.18  60.75
  171  0.614  0.182 -0.531 176.31 107.76 210.98 106.37 213.52 108.31  75.55
  172 -0.560  0.874 -0.012  83.62  34.36 102.45  35.66 162.65  38.54  67.22
  173 -0.258  0.923 -0.901 217.22  33.30 134.17  34.68 243.55  34.31  55.62
  174 -1.129 -0.975 -0.451 237.71 229.75   6.41 226.50 100.82 224.93  55.25
  175  0.315  0.692  0.604 135.61  54.93 186.67  48.91  14.29  51.72  70.52
  176  0.337  1.047  0.615 114.78  13.12 138.95  13.82 160.73  12.52  58.55
  177  1.107  0.247 -0.336  52.19 102.99 236.88 100.55 174.39  99.89  67.53
  178 -0.733 -0.266  0.564 123.43 152.85 189.64 154.14 182.39 154.65  63.00
  179 -0.333 -0.858  1.006 138.06 219.63 131.77 220.09 119.78 215.40  72.63
  180 -0.856 -0.592  0.069  96.15 189.95 132.94 186.04  22.48 187.66  70.72
  181  0.501  0.852 -0.023 107.48  40.52 232.09  39.57  22.32  37.15  60.88
  182  1.180  0.988 -0.757  39.35  29.57 235.50  25.98 180.06  23.63  66.18
  183 -0.645  0.051  0.217 158.10 120.82 182.74 120.86 192.23 119.92  74.67
  184  0.915  0.629  0.496 252.19  61.22 135.50  59.39  60.38  57.89  58.50
  185  1.145  0.956 -0.613 244.33  31.63 142.74  30.12 252.99  24.91  64.00
  186  0.410  0.750  0.628 154.59  49.32 238.39  44.32  68.25  44.56  57.67
  187  0.792 -0.974  0.667 150.73 228.40  51.89 230.88 223.56 232.92  68.76
  188 -0.516 -0.150  0.551 210.62 143.62  39.46 143.38  10.36 142.99  68.12
  189  0.511  0.081 -0.797  58.07 118.14 206.48 117.85 107.48 117.04  60.84
  190  0.062  0.192  0.759 180.42 104.84 216.23 104.53  37.26 104.36  53.57
  191 -1.059 -0.375 -0.895 226.22 165.36 126.65 163.34 147.37 163.63  67.50
  192  0.622  1.174 -0.537 106.41   9.57 135.36   6.26  20.88   5.44  66.67
  193  0.974  0.647  0.634  74.55  58.73  29.86  56.41 121.39  54.34  60.25
  194 -0.665  1.039 -0.208 188.90  16.49 164.10  16.86  77.08  20.95  67.23
  195  0.687 -0.962  0.179 166.53 226.14  12.97 227.73 193.63 228.99  64.33
  196  1.065  0.557 -0.334 184.75  70.98 194.89  70.31 109.17  67.20  72.36
  197 -0.344  0.485  0.396  89.58  71.88  62.32  72.80  52.50  73.68  63.36
  198  0.737 -0.347 -0.984 103.21 162.31  60.55 161.90  81.13 163.50  61.80
  199  0.372  0.451  0.640 119.22  78.74  38.20  79.50  34.13  79.31  70.43
  200 -0.576 -0.806 -0.380  55.30 211.03  57.04 208.87  81.52 208.00  74.80
  201  0.567 -0.741  0.037 112.85 203.94   4.49 204.45 158.52 204.21  66.62
  202 -1.116  1.018 -0.926  61.27  21.79 102.82  23.00 205.33  26.20  61.38
  203 -1.073 -0.728  0.373 174.57 205.53  95.80 203.63 101.09 202.22  64.10
  204 -1.143  0.949 -0.376   7.92  26.40  32.31  29.69  28.77  31.91  61.81
  205  0.528  0.148  0.325 212.31 112.31 205.93 111.98 179.14 111.63  66.89
  206 -0.264  1.025  0.380 195.16  18.08 201.83  15.02 122.90  16.11  76.50
  207  0.800  0.027  0.065 201.63 124.29  60.71 123.03 224.42 123.39  60.88
  208 -0.371 -0.875 -0.177  42.17 215.87 131.23 215.24 100.96 214.90  60.80
  209 -0.866  0.409 -0.433 199.25  80.85 167.95  80.19 183.96  82.46  64.75
  210 -0.970 -0.329  0.622 168.30 162.67  93.83 161.95  36.87 161.24  59.75
  211  0.049  1.211 -0.741  84.47 253.00 213.00 253.20 157.99   5.24  73.67
  212 -1.051 -0.069  0.262 202.45 134.03 188.00 134.00 169.01 134.08  68.94
  213 -1.105 -0.933  0.303 231.44 227.25 100.36 225.26 117.31 219.60  66.67
  214  1.214 -0.630 -0.693  35.66 186.53  65.82 190.89  32.23 189.70  65.50
  215  0.787 -1.161  0.913 141.16 249.76  86.57 251.19  39.06 252.48  68.48
  216  0.083 -0.750 -0.937 135.49 202.65 116.81 202.38  93.44 203.26  59.80
  217 -0.761 -1.036 -0.239 107.93 235.94 245.68 232.57  39.06 252.48  70.08
  218 -0.009 -1.022 -0.708 214.27 230.35 241.78 229.73 141.69 229.32  55.82
  219  1.067 -0.410 -0.627  10.14 167.24  59.71 168.61  39.06 252.48  53.67
  220 -0.532  0.477 -0.492 157.68  77.18  87.84  79.20  67.54  79.90  68.67
  221 -0.290  0.841  0.387 106.42  38.56  37.70  38.07  66.42  38.63  58.86
  222 -0.764 -0.886  0.093 149.17 221.37 127.61 219.39  39.06 252.48  62.93
  223 -0.166 -1.206 -0.392 110.57 252.48 137.93 249.69 132.44 250.43  73.12
  224  0.319 -1.097  0.066 192.94 239.01 231.37 240.81  39.06 252.48  64.56
  225 -0.822 -0.574  0.513 217.37 189.94 111.29 251.45 124.86 186.25  47.62
  226 -0.695 -1.198  0.377 110.57 252.48 111.29 251.45 115.90 251.92  73.12
  227  1.192 -0.614 -0.847 139.85 186.13  77.48 189.04  39.06 252.48  70.07
  228 -0.622 -0.475  0.245  25.29 175.36 193.82 177.00  31.22 176.55  52.33
  229 -0.921  0.241 -0.683  80.80 102.77 111.29 251.45 106.17 102.65  56.67
  230 -0.040 -0.344 -0.900 145.06 160.12  19.98 163.12  39.06 252.48  66.73
  231  0.248  0.816 -0.520 233.88  43.86 111.29 251.45 199.03  42.14  30.00
  232 -0.377  0.850  0.001  88.80  36.07  97.68  39.55  41.64  39.79  69.57
  233 -0.365  0.835  0.006 118.13  38.73  89.00  39.61  39.06 252.48  74.86
  234  1.120 -0.533  0.481 110.57 252.48 150.45 183.62 117.30 184.56  73.12
  235 -0.896  0.485 -0.848  35.53  76.69   7.59  78.37  39.06 252.48  71.00
  236  1.193 -0.624  0.141  63.65 191.48 111.29 251.45  62.20 191.78  64.76
  237  1.154 -0.741  0.583 110.57 252.48 200.08 205.81 188.93 207.47  73.12
  238 -0.393 -0.166  0.832 114.31 144.12  73.57 143.96  39.06 252.48  68.14
  239 -0.659 -0.484  0.194 145.31 179.58  33.08 177.64  39.06 252.48  77.91
  240  0.049 -0.534  0.818 130.98 183.86 111.29 251.45  48.17 184.31  70.69
  241 -0.557  0.069  0.436 155.66 120.19 179.74 119.98  39.06 252.48  65.69
  242  0.111  0.540  0.791  65.57  70.26 218.97  67.34 188.93  69.09  63.67
  243 -0.355 -0.396  0.389 234.83 169.39 111.29 251.45 128.46 168.42  61.24
  244 -0.666 -0.392 -0.238 110.57 252.48 153.52 166.49 104.75 166.53  73.12
  245  0.819  0.822 -0.648 237.99  44.23 111.29 251.45 118.91  41.89  50.00
