    1 -0.684 -0.294 -0.281  72.31 156.25  23.33 155.51  23.96 154.84  67.04
    2  0.702 -1.033  0.898 135.19 236.57 113.78 236.17  96.21 235.79  68.33
    3 -0.971 -0.455  0.595 103.30 175.48  95.29 172.04 114.40 172.00  61.78
    4  0.459  0.264 -0.231 211.08  95.61  26.07  96.19 115.89  94.96  62.45
    5  0.241 -0.078 -0.388 179.13 135.98  67.75 133.35 171.91 136.17  65.83
    6 -0.194 -1.054 -0.689 125.31 232.77 101.73 232.10  85.31 231.46  74.12
    7 -0.022  0.896 -0.771 206.11  36.67 106.03  36.02 124.13  35.53  63.91
    8  0.539 -0.731 -0.140 231.21 202.44  67.15 203.43  33.12 203.21  62.67
    9 -0.652  0.250  0.367 120.41 100.12  62.52 100.53  24.24 101.00  63.43
   10 -1.095  0.557 -0.104 147.18  67.32 170.14  67.18  47.10  71.85  59.54
   11 -0.603 -0.288  0.542  67.14 159.11  86.55 155.72 110.34 155.38  62.46
   12  0.391 -0.131 -0.373  94.38 139.43 110.16 139.31 236.27 140.90  67.67
   13  0.290  0.200  0.031  40.58 105.73  38.00 105.93  61.99 106.25  71.33
   14 -0.914 -0.380 -0.078 119.95 167.86  27.34 165.13  46.00 164.43  57.92
   15 -0.758  1.006 -0.665 139.50  20.36 246.73  22.74 202.41  19.77  71.08
   16 -1.147  0.347 -0.026 208.26  88.01 167.35  87.76 226.62  91.80  61.00
   17 -0.691 -0.169  0.267  65.19 144.69  24.24 144.25 112.02 144.83  58.54
   18  0.969 -0.513 -0.225  72.86 177.75  90.11 177.11 231.54 177.25  60.69
   19 -0.781  0.152  0.589 184.91 109.84 150.67 109.72 110.03 109.65  58.33
   20  0.327 -0.954 -0.406  74.73 223.75  99.33 224.83  85.23 224.25  57.27
   21 -0.554 -1.173 -0.725 150.83 247.26  89.39 242.99  56.00 243.28  69.44
   22 -0.483  0.102  0.370 126.04 116.17 104.51 116.20  89.13 116.28  57.46
   23 -1.164 -0.408 -0.085  64.51 170.32 120.93 168.55 146.85 168.15  66.23
   24  0.791  0.847  0.347 109.64  37.16 162.06  36.05  59.74  37.04  68.41
   25  0.798  0.468 -0.630 122.57  80.52  47.61  80.66  92.45  78.06  69.11
   26  0.846  0.640 -0.497 133.63  61.88 163.35  61.28 184.84  60.08  74.97
   27  0.058 -0.310  0.144 105.79 159.26 157.76 159.65 124.24 159.84  65.76
   28 -1.215 -0.238 -0.638 192.45 147.02  69.78 146.56  58.97 146.35  53.58
   29 -1.006  0.482  0.568 131.75  75.06  78.21  75.47 199.20  77.01  67.79
   30 -0.149 -0.161 -0.248 251.00 144.22 168.24 141.62 165.65 141.82  64.36
   31 -1.007 -0.262  0.077 245.63 155.48   5.12 152.42 228.41 147.48  51.89
   32 -0.262 -0.724 -0.333 183.20 202.93  52.69 200.78  49.28 201.89  70.83
   33 -0.769  0.344 -0.557 199.51  88.31   9.23  92.25  16.12  93.17  70.10
   34  0.046 -0.659 -0.008 113.71 195.52 175.41 195.49 109.63 196.16  71.33
   35 -0.265  0.025 -0.792  96.40 124.15  37.28 123.95  32.79 123.63  58.30
   36 -0.559 -0.175  0.181 117.58 144.95  55.78 146.04  43.94 145.72  67.65
   37  0.817 -1.114 -0.793 239.22 236.88 203.87 239.47 114.06 242.85  63.09
   38  0.187 -0.637  0.601  22.96 193.92  81.84 194.80  62.62 194.09  43.58
   39 -1.041  0.084  0.433 110.38 117.34  77.33 117.46  58.15 117.59  70.54
   40 -0.607 -1.117  0.147  73.41 245.01 210.56 240.46 230.05 241.80  59.58
   41 -0.465  0.495 -0.468  18.64  75.71  44.32  75.60  39.59  76.30  55.09
   42 -0.488  0.580  0.623  52.45  62.41 123.03  62.10 183.61  66.09  55.83
   43  0.378  0.867  0.796  77.14  32.41 248.87  32.82  62.88  33.65  64.96
   44 -1.018 -0.827 -0.279 225.67 213.12  54.42 209.90 103.88 207.71  58.24
   45  0.384  0.308  0.905 187.74  93.53 110.15  93.82 127.12  93.71  67.53
   46  0.461 -0.657 -0.396 177.91 193.56  28.25 194.48 222.53 196.13  53.85
   47  0.427  0.252 -0.567  94.56 101.43  59.48 101.89 166.67 100.65  69.44
   48 -0.542 -0.537 -0.334 135.51 179.75 143.02 179.67 147.00 180.13  65.10
   49 -0.647  0.710  0.876 153.89  49.11 201.27  47.68 100.26  49.21  88.00
   50 -1.163 -0.853 -0.253 207.49 215.55  23.67 213.20 128.15 211.47  55.80
   51 -0.376  0.651  0.393  19.41  56.16  29.51  58.46  61.84  59.59  59.63
   52  0.905 -0.724  0.264 144.48 196.73  49.60 203.66  13.96 203.24  79.12
   53 -0.769  0.958 -0.300 120.26  22.08  86.01  23.05  74.36  27.59  72.07
   54 -0.070  0.538  0.193  95.48  70.23  14.95  70.63  18.69  71.73  71.27
   55 -0.982  0.694 -0.837 105.54  53.89 110.11  54.62 239.62  55.86  66.82
   56  0.148 -0.931  0.696  51.06 226.63 154.01 225.74 158.14 226.86  59.71
   57  0.080 -0.981 -0.383 181.30 226.91 144.02 227.66 102.19 227.69  66.00
   58  0.792  1.077 -0.376 236.91  17.79 183.05  14.60  20.78  15.02  60.46
   59 -0.138 -1.031  0.185  42.38 234.12  15.95 233.12   6.98 233.33  60.68
   60 -0.281 -0.777 -0.343  81.73 205.08 223.27 204.19 189.87 206.00  72.29
   61  0.319  0.869  0.543 158.99  36.02 168.73  35.35 113.75  34.13  76.75
   62  0.607 -0.573 -0.873 217.26 179.96  72.73 183.36  28.85 185.37  61.96
   63  0.454 -0.376  0.280  32.84 166.29  60.78 167.44  38.24 166.75  56.57
   64 -0.322 -0.693  0.949  45.02 202.61 119.18 202.35 209.11 200.55  67.50
   65 -0.117 -0.817 -0.600  74.41 211.59  99.45 207.90  53.34 208.62  52.88
   66  0.157  0.463 -0.669  25.70  80.27 128.28  80.75 212.72  79.51  47.50
   67  0.145 -0.504 -0.474 105.50 177.70  25.00 176.63  84.54 176.75  80.38
   68 -0.368 -0.471 -0.040 246.33 174.29 126.50 175.05   6.18 175.29  58.00
   69  0.210  0.174  0.646 205.92 108.43 176.61 108.13 133.60 107.95  65.88
   70 -1.123  0.210  0.125  36.71 105.02 230.04 103.71 194.62 103.11  67.47
   71 -0.018 -0.467 -0.951  15.83 173.98  72.14 171.95 118.71 172.82  48.50
   72 -1.206 -0.755 -0.586  78.45 204.87 183.89 203.73 105.15 202.34  54.83
   73  0.872 -0.003 -0.793  31.61 128.50 190.94 128.20 118.36 128.08  52.61
   74 -0.368  0.432 -0.908 213.18  83.16 206.28  82.32 182.54  82.76  64.62
   75 -0.547  0.250 -0.028 172.64 101.28 175.57 101.08 176.22 102.16  69.79
   76 -0.963 -0.174  0.102  87.03 146.34 112.90 144.83 232.22 145.24  69.76
   77 -0.507  0.818 -0.882 137.45  41.25 118.03  40.73 187.35  44.45  65.00
   78 -0.368  0.936 -0.807 228.25  30.36  27.74  32.14  59.40  31.35  57.12
   79 -1.082 -0.047  0.188 230.04 128.53 197.00 128.53 225.33 128.62  67.00
   80 -1.208  1.131 -0.276  62.84   5.00  14.46  11.44  52.45  13.60  53.83
   81 -0.837  0.525 -0.896 141.68  71.77  12.67  75.25  91.99  73.36  66.17
   82 -0.476  0.386  0.220 132.27  83.58 223.33  87.24 215.31  86.11  71.10
   83 -0.626 -0.363  0.960 217.42 167.01  21.31 161.38  33.48 162.30  62.06
   84 -1.123 -0.548 -0.162  78.44 184.36 228.03 181.07 214.03 182.53  72.48
   85 -0.085 -0.691  0.767  53.63 196.38 133.06 196.68 120.45 196.90  69.71
   86 -0.100  0.856 -0.413 190.68  37.02 126.05  37.90 175.84  37.28  70.57
   87 -0.389  0.597 -0.845 119.74  65.92 114.40  66.57  77.02  67.02  62.00
   88 -0.303 -0.106 -0.354  19.49 137.04 152.94 136.23  33.81 138.33  46.88
   89 -0.051  0.638 -0.062 112.22  59.13  88.59  59.56 212.34  61.25  58.43
   90 -0.398 -0.977 -0.345 242.73 228.13 161.56 225.77 161.11 227.04  50.00
   91  0.136  0.192 -0.991 167.81 107.54 158.42 107.44 141.20 107.24  69.74
   92  0.416  0.607 -0.801 155.70  66.57  76.28  66.54  19.54  61.57  61.00
   93  0.342 -1.173 -0.534  51.81 246.54  64.86 244.97 220.11 243.64  53.06
   94 -0.957 -1.015  0.604   7.99 236.75 108.60 234.90  49.36 231.02  51.50
   95 -0.927 -0.099  0.004 147.31 136.19 181.96 136.09  31.21 136.42  67.03
   96 -0.400  0.996  0.423 196.14  19.62 146.18  20.42 148.57  19.40  64.12
   97  0.734 -0.832 -0.098 253.46 211.89 116.37 211.22  23.72 213.84  56.25
   98  0.694  0.766  0.329   9.12  44.76  77.35  46.10 236.06  43.69  54.89
   99 -0.894 -1.065  0.245  74.56 238.69  26.41 236.28 124.57 235.11  63.86
  100 -0.426  0.071  0.089  61.74 119.20  67.08 117.79  25.24 120.03  62.35
  101 -0.757  0.446  0.660  80.60  76.87  21.40  77.12  18.60  81.31  66.00
  102  0.982 -0.303  0.186  49.87 156.28  64.28 158.83  12.39 160.51  66.26
  103 -1.164 -0.572 -0.385 161.16 185.41  12.30 184.76  80.57 182.87  63.45
  104  0.253 -0.957 -0.508  80.85 224.58  12.78 223.91 164.44 223.61  80.32
  105 -0.387 -1.142 -0.862  67.00 242.54  34.49 239.93 146.16 241.00  70.56
  106 -0.147  0.132  0.704 132.44 109.93 101.29 110.03  77.54 110.22  66.33
  107 -1.016 -0.315  0.348 183.11 159.36 230.96 159.96 224.74 158.37  56.00
  108 -0.687  1.089  0.311  18.01   7.87   4.17  12.00 212.88  15.20  63.67
  109  0.522 -0.076 -0.211  15.64 133.37  15.06 133.17  39.12 133.23  56.77
  110 -0.834  0.053 -0.449 105.01 120.72  83.87 120.81 167.32 120.67  70.89
  111 -0.750 -0.718  0.274 104.14 203.33  93.58 202.94  78.06 201.70  65.71
  112 -0.178  0.723 -0.500 114.64  51.00  58.63  51.96  90.85  52.87  63.19
  113 -0.441 -0.632  0.352 166.49 195.00 209.25 194.20 224.48 192.74  78.62
  114 -0.465  0.491  0.871  96.38  72.59   7.76  73.60  76.49  76.26  75.43
  115  0.311 -1.189  0.202 219.45 248.05 247.30 250.77  67.72 251.56  56.62
  116  0.454  0.189  0.623  22.97 107.00  11.02 106.41  12.13 106.97  50.17
  117 -0.720 -0.617 -0.606 159.20 191.44  52.48 188.35 169.47 188.01  77.26
  118  0.379  1.134 -0.802  89.18  11.76 122.24  13.54  99.40   6.16  75.00
  119  0.676  0.342 -0.332  49.23  92.39  78.43  87.84 229.41  89.43  65.57
  120  0.176  1.056 -0.443 169.40  17.85 183.33  17.50  42.51  15.69  66.31
  121 -0.767  0.047  0.324  52.62 122.03 227.00 120.86  74.37 120.89  55.31
  122 -0.988 -0.361 -0.440 151.34 160.65 134.31 160.67 231.32 162.25  71.09
  123 -0.687  0.672  0.036 176.52  55.43 135.14  55.00  91.91  55.40  56.81
  124 -0.256  0.173  0.394 115.48 109.01 141.89 109.09 165.25 108.88  66.44
  125  0.529  1.100 -0.109 144.02  14.26  55.96  13.85  20.56  10.98  71.14
  126  0.747  0.440  0.157 129.21  81.19 144.12  81.37 155.27  80.90  70.61
  127 -0.179  0.341 -0.719  32.78  91.08 197.49  93.11 190.51  92.49  63.22
  128  0.039  0.002  0.031  86.93 125.76 152.19 126.26  58.23 126.37  68.51
  129  0.000  0.466 -0.474  95.88  79.86  80.87  77.78   4.24  78.54  61.54
  130 -1.002  0.958 -0.911  46.39  23.74  51.47  26.42 205.89  30.01  61.95
  131  0.612  0.001 -0.339  93.79 126.99  67.52 127.38 144.36 127.38  82.24
  132 -0.884 -0.885  0.425 140.50 222.38  12.14 218.92 139.03 217.88  67.33
  133 -0.725 -0.575  0.177  30.12 186.60   9.12 186.84 250.34 185.89  61.45
  134 -0.180 -0.110 -0.798  54.85 138.77  31.94 138.51  14.78 138.33  61.89
  135 -0.593 -0.730 -0.207 148.25 203.22 101.37 202.52  38.45 202.15  63.77
  136 -0.464 -0.930 -0.462 119.85 222.76 132.17 222.00  20.62 219.49  64.54
  137 -0.712 -0.787 -0.017 102.08 208.82   5.82 204.93 231.13 206.36  70.21
  138  0.367  0.380  0.658 105.39  87.33 249.33  85.76 117.52  84.96  71.36
  139 -0.569  0.097  0.898  73.10 116.65  38.59 116.90  12.31 116.87  66.71
  140  0.327  0.447 -0.994 186.93  81.42  37.40  81.70  30.62  81.85  63.06
  141  0.279 -0.297  0.445 234.63 159.16  57.96 158.47  40.61 158.29  64.13
  142 -0.189 -1.187  0.216  63.09 249.27 163.05 247.59   5.43 249.63  65.26
  143 -0.253 -0.992  0.201 133.27 228.91  87.44 228.44 137.71 229.32  70.58
  144 -0.227  0.115  0.163 154.58 114.11 112.53 114.10 242.64 114.35  68.53
  145 -0.634 -0.404 -0.484 112.66 169.29 251.43 167.85  32.21 167.99  57.38
  146 -0.961 -0.637  0.055 181.05 195.51 125.79 192.82  92.51 192.70  71.68
  147 -0.327 -0.434 -0.728  28.98 171.89 118.11 171.91  90.32 171.57  58.19
  148  1.167 -0.405  0.167  53.13 168.59  63.63 169.55  70.41 171.46  64.06
  149 -0.985 -0.152  0.426 161.12 141.55 253.90 140.43  10.76 141.25  69.86
  150  0.126  0.849 -0.379 115.89  40.08 211.54  39.13 226.15  38.16  68.38
  151 -0.952  1.145  0.280 131.76 253.15  68.53   5.11 161.05   5.86  79.11
  152 -0.013  0.751  0.373  61.74  44.40 247.83  46.54 167.40  46.31  61.00
  153 -0.037 -0.405  0.304 249.85 169.39   7.75 170.46  17.01 169.35  62.39
  154  0.969  0.233  0.300  89.39 101.84  71.51 102.31  43.42 102.32  52.19
  155  0.928  0.400 -0.366  73.38  84.16  91.34  84.92 195.87  84.64  64.11
  156 -0.277 -0.926  0.150 154.46 225.46  80.91 223.24  27.12 223.49  77.33
  157 -0.401  0.739 -0.280 215.34  49.18 126.91  49.08 104.37  46.46  64.48
  158 -0.206  0.855  0.948  46.23  31.92  91.23  33.97 119.61  34.81  54.65
  159 -1.097 -0.909  0.337 144.00 225.59 155.60 222.57  29.21 219.29  68.60
  160 -0.130  0.578  0.691 196.12  64.03 214.50  63.03 113.80  62.13  69.94
  161  0.039 -0.926 -0.641  17.50 222.03  43.05 221.28   5.81 221.24  46.17
  162 -0.568 -0.048  0.656  46.88 133.33 216.07 128.59 197.70 131.24  64.80
  163  0.807 -0.657 -0.885  65.84 191.93 177.88 191.40  28.92 192.99  70.86
  164  0.493 -0.835  0.575 202.00 212.95 204.25 214.32  34.50 216.89  50.00
  165  0.541  1.091 -0.505 183.51  15.70 166.41  14.06 139.47  12.91  62.59
  166 -0.060  1.137 -0.768  93.18  10.07  58.75  11.91 180.18  12.15  48.42
  167 -0.610  0.258  0.931  85.50  95.50 169.57  95.14 233.50  97.69  63.90
  168 -0.904  0.463 -0.864  48.43  78.61 209.18  80.82  22.34  81.75  55.75
  169 -1.139 -0.889 -0.475  36.04 215.75   8.65 216.05 221.63 216.01  67.98
  170 -0.379  0.536 -0.257   7.54  71.59  63.28  70.67 102.16  71.98  65.00
  171  0.039 -0.256  0.237   4.38 153.36 221.06 147.29  34.42 151.86  57.14
  172  0.285  1.187 -0.513 186.82 253.80  33.04 253.10 136.53 253.76  72.90
  173  0.270 -0.929 -0.639  23.10 219.01  34.90 221.69 143.61 222.66  63.94
  174  1.218 -0.118 -0.183  99.56 139.27  97.17 139.14 102.36 139.11  70.83
  175  0.490 -0.625 -0.657  18.22 188.84 235.14 189.04  76.00 190.05  59.00
  176 -1.115 -1.041 -0.808  97.16 236.15 136.49 228.63  93.54 227.85  69.24
  177 -0.660 -0.411  0.173 148.94 171.02 250.21 170.75  78.41 168.86  74.24
  178 -0.646  1.110  0.228 146.55   7.53  28.37   7.99 168.36  12.63  63.80
  179 -0.580  0.013  0.162 134.00 124.87 118.85 126.26 122.33 125.76  69.92
  180  0.920 -0.187 -0.755  96.13 146.82  27.85 146.36  26.79 145.96  69.43
  181 -0.846  0.039  0.896  46.98 122.68  43.16 122.83  35.12 123.41  64.67
  182 -0.887  0.221 -0.615 157.05 102.72 171.62 102.64  68.32 102.60  65.71
  183 -1.189  0.537 -0.617  58.89  69.21 120.97  71.91  23.64  72.02  58.73
  184  0.642  0.001  0.803 181.84 128.20 132.35 128.09 164.42 126.22  55.75
  185 -0.069 -0.376  0.755 192.16 167.21 175.90 167.72  67.72 251.56  62.85
  186  0.918  0.069  0.887 176.47 251.81  17.33 119.42   3.70 119.69  70.50
  187 -0.415 -0.273 -0.820 153.23 154.92 132.38 154.98  67.72 251.56  71.35
  188 -0.099 -0.431 -0.304  86.58 172.11 124.43 170.76 218.55 171.91  62.47
  189  0.065  0.684  0.764  93.45  51.19  87.05  52.27  23.08  53.60  66.38
  190 -0.680  0.634  0.892  78.86  56.96 108.45 252.55  66.79  60.31  66.78
  191 -0.781  0.113  0.847  90.79 111.76  45.26 112.09 208.34 115.26  66.75
  192 -0.721 -0.605 -0.223  80.38 189.61 108.45 252.55  44.50 187.40  66.14
  193 -0.853  0.108  0.306 100.55 115.66  44.57 115.92  67.72 251.56  56.19
  194 -0.809 -0.882  0.376 176.47 251.81 180.66 216.91 243.54 217.70  70.50
  195 -0.748 -0.718 -0.727 162.86 202.21 148.09 196.00  67.72 251.56  68.38
  196  0.838  0.872 -0.906 224.58  40.95 108.45 252.55 143.00  37.26  66.51
  197 -0.350  0.033  0.659  82.08 123.23  47.57 123.28  67.72 251.56  64.07
  198  0.351  0.670 -0.999 176.47 251.81  56.76  58.50  53.60  59.39  70.50
  199  0.237  0.020 -0.720 176.47 251.81 101.57 125.77   4.73 124.03  70.50
  200  0.494 -0.074  0.805 113.52 133.44 108.45 252.55 206.99 134.59  50.20
  201 -0.023 -0.609  0.546 176.47 251.81  54.90 190.91 171.55 190.28  70.50
  202  1.134  0.398  0.689 176.47 251.81 160.91  83.49  69.50  82.38  70.50
  203 -0.950 -1.247 -0.924 176.47 251.81 108.45 252.55 167.05 249.34  70.50
  204 -0.638  0.569 -0.639   9.04  68.02  89.17  68.22  47.56  67.50  55.67
