    1 -0.424 -0.452 -0.342 229.00 172.62  44.41 168.20 121.43 171.34  50.43
    2 -0.908 -0.436  0.691  88.95 175.30 126.73 171.23  47.35 167.50  67.14
    3 -0.884  0.393  0.664 250.15  84.21 243.96  84.78 144.63  86.15  52.50
    4  0.456 -0.228 -0.232   8.83 150.66   9.41 149.86  32.78 151.49  59.53
    5  0.350  0.329  0.313 113.41  93.65 242.03  93.03 178.13  89.13  69.10
    6 -0.186 -0.004  0.606 238.53 126.11   9.71 124.94  38.68 125.00  51.43
    7  0.436 -1.085 -0.029  49.72 238.46  38.74 237.94  54.24 241.48  64.26
    8 -1.111 -0.382 -0.040 186.61 164.85 153.03 164.97  31.44 166.16  94.67
    9  0.901 -0.679  0.685 195.81 197.80 103.98 198.09  35.72 201.52  61.05
   10  0.863 -0.467  0.103  21.69 175.43 169.04 175.53  75.70 175.72  46.00
   11 -0.159 -0.615  0.303 193.66 189.56  60.40 190.08 196.89 190.49  59.56
   12  0.468  0.378 -0.519 203.56  87.31 161.51  86.89 210.00  88.03  47.50
   13 -0.037 -0.031 -0.218 197.57 128.72 208.71 128.71  70.52 128.86  60.44
   14 -0.658 -0.739  0.300   9.68 205.48 222.96 205.15  29.31 203.83  59.87
   15 -0.542 -0.235  0.263  62.70 152.60  16.24 151.87 220.46 151.59  63.60
   16  1.111 -0.530  0.034 229.52 179.79  52.78 181.22 114.34 183.17  49.00
   17 -0.413 -0.006  0.215 147.17 128.69 108.48 128.69  75.39 128.68  68.09
   18  0.449  0.855 -0.572 250.20  40.15  48.70  39.69 159.01  36.03  50.50
   19  1.147  0.514 -0.342 185.98  74.51 193.60  73.87 102.54  70.87  68.42
   20  0.917 -0.744 -0.136 102.62 202.92 156.27 203.52  72.89 206.54  65.93
   21 -0.053  0.600 -0.695 141.35  65.24  48.05  62.13  74.19  62.96  56.88
   22 -0.077 -0.477  0.849  96.00 176.89  79.66 176.18 134.67 175.96  75.25
   23  0.978 -0.779 -0.115 124.73 205.10  65.15 207.43  16.74 207.71  66.44
   24 -1.127  0.300 -0.046 224.32  95.23  65.07  94.15  54.44  95.75  41.79
   25 -0.330 -1.048  0.606 178.58 239.86  81.45 236.77  24.32 235.42  67.18
   26 -0.037 -0.657 -0.624 137.81 193.11 172.30 190.31 138.80 190.86  67.00
   27  0.372 -0.803 -0.387  37.96 209.70   4.02 209.74 110.21 211.05  63.33
   28 -0.035  0.445 -0.782 180.29  82.91  23.53  82.57  69.92  81.79  62.67
   29 -0.698  0.469  0.108 247.53  78.21 233.62  78.22  78.59  77.98  58.28
   30  0.201  0.580 -0.201  18.14  66.19 122.87  67.57  50.92  66.41  53.92
   31 -1.059  0.471 -0.128  51.33  77.46  62.50  78.66  49.66  80.15  65.41
   32 -0.519 -0.899 -0.427  90.28 216.48  98.22 215.29 113.24 215.30  66.79
   33 -0.070  0.966  0.757 155.28  21.70 102.91  22.15 229.06  24.56  54.50
   34  0.523 -0.250  0.084 100.73 153.29 151.04 153.13 171.07 153.51  70.95
   35  0.541 -0.053 -0.629  81.60 132.12  42.60 132.05 105.19 133.61  62.00
   36 -0.305 -0.718 -0.271 247.89 198.80 224.36 200.73 201.80 200.60  58.90
   37 -0.458  0.085  0.445 251.26 118.06 251.68 117.81 219.50 117.46  67.54
   38 -1.073 -0.509 -0.092 239.70 181.92 142.82 179.83 191.88 178.10  66.00
   39 -0.245  0.198  0.900  55.53 102.41  83.87  98.73 238.80  99.84  52.29
   40 -0.664  0.188  0.434 153.33 106.89 101.83 106.90 248.17 108.51  63.36
   41 -0.151  0.785 -0.698 251.33  44.83 176.00  47.61 195.82  46.48  48.05
   42 -0.923 -0.287  0.090  89.27 156.06  51.95 155.35  84.09 155.38  73.27
   43  0.538  0.445 -0.212  64.46  81.55 229.84  81.17 165.45  80.20  44.60
   44 -0.330  0.633  0.813 150.05  54.21 219.63  51.42 237.92  54.79  64.00
   45 -0.036 -0.565  0.239 148.95 183.05  85.04 183.93  69.57 185.40  66.17
   46  0.624 -0.328 -0.224  42.21 160.99 204.92 159.95 148.98 160.42  65.83
   47  0.014 -0.172 -0.086 240.89 140.76  16.17 138.79  12.46 145.15  52.85
   48 -1.146  0.085 -0.441 115.60 119.16  79.89 119.25  57.40 119.40  70.11
   49  0.473 -0.327  0.974   9.90 161.45 192.54 162.07  36.73 162.11  49.89
   50  0.756  0.475  0.984 163.36  77.80  15.03  74.43 235.13  73.76  67.53
   51  0.075  0.916 -0.605 104.56  31.37  71.34  32.70  54.55  31.54  72.67
   52 -0.848 -1.039  0.411  85.69 238.53  51.75 235.74 232.32 233.01  75.60
   53 -0.126 -0.583 -0.559  39.26 187.64  44.89 186.03  53.51 187.11  60.28
   54  0.751  0.388 -0.679 173.26  87.18 181.31  86.63 141.04  86.63  73.70
   55 -0.208 -1.104 -0.291  77.69 240.27 173.53 240.86   9.30 238.51  56.71
   56 -0.015 -0.416 -0.177  62.57 168.96  13.06 167.93 226.37 167.34  70.75
   57 -0.795  0.655 -0.741 238.91  59.19 178.79  53.94 212.37  56.49  61.00
   58  0.784 -0.689 -0.367  31.05 194.51 124.49 194.91  31.46 199.58  62.62
   59 -0.252  1.057 -0.880  23.04  17.67   9.08  19.46 245.54  20.83  55.00
   60 -0.754 -1.058 -0.586  76.01 235.32  10.89 230.59  18.25 230.47  61.40
   61  0.504  0.742 -0.930 200.58  50.36  79.93  50.35 107.62  49.14  52.67
   62  0.277 -0.744 -0.684  54.42 202.90  96.94 202.06 173.41 202.21  66.12
   63 -0.263  0.442  0.568  12.06  80.87  18.80  79.67  27.67  80.75  55.57
   64 -0.811 -0.036  0.424 128.84 131.50 124.38 131.49  45.79 131.42  79.71
   65 -0.337  0.896  0.165 157.50  29.60  85.73  30.39  53.63  34.43  78.70
   66 -0.907 -0.311 -0.395  58.43 158.88  32.11 158.15  90.47 157.06  65.30
   67  0.256  0.334 -0.267 204.97  92.49  73.38  93.12  87.73  93.27  68.39
   68 -0.418  0.962 -0.529 207.33  26.74 154.65  29.28 125.16  28.56  61.33
   69 -0.539  0.346 -0.516 162.39  90.04 237.92  90.49 245.98  89.10  66.92
   70  0.784 -0.004 -0.320  73.66 128.12  34.12 128.16  20.30 128.12  65.14
   71 -1.181  0.585 -0.343 241.27  63.09  90.63  65.53 141.87  68.01  60.43
   72 -0.252 -0.551  0.999 146.51 187.51 124.45 187.45 218.06 185.05  69.00
   73  0.276  0.126 -0.916  40.43 113.73   9.90 114.35  10.39 114.56  66.20
   74  0.311 -0.236  0.871 125.95 153.23  71.36 152.92  57.18 152.56  61.72
   75  0.714 -0.295  0.855  82.72 157.87  81.31 156.75  30.77 157.48  79.21
   76 -0.653  0.492 -0.797 227.85  76.80 119.78  77.68  95.80  77.78  61.50
   77  0.636  0.529 -0.288  21.61  71.87 136.11  70.88  90.93  70.79  57.27
   78 -0.099  0.063  0.327  66.64 120.67 176.46 121.18 123.01 121.11  66.84
   79 -0.749 -0.464 -0.566  82.66 175.81  84.79 174.60   7.85 173.57  60.52
   80 -0.049  0.477  0.549 115.97  77.12 209.95  76.94 147.98  76.13  68.77
   81  0.182 -0.050  0.702 125.94 131.52  78.64 131.50 120.97 131.49  50.67
   82 -0.892  0.001  0.418   8.30 124.77  19.32 124.49 139.23 123.14  61.75
   83 -0.012 -1.116 -0.365 133.88 240.39  31.30 241.50 108.39 241.52  68.41
   84  0.418  0.784  0.235 154.78  42.87 120.23  42.81  87.90  43.15  75.46
   85  1.180  0.100  0.175 158.27 114.76 126.50 114.71 175.15 115.41  62.00
   86 -0.589 -0.074  0.237 164.58 133.57 147.68 133.61 240.39 133.67  60.67
   87  0.076  0.559 -0.296  86.24  69.81 118.53  70.63 200.55  68.54  58.25
   88 -0.320 -0.773 -0.293  91.38 207.24  20.48 207.34  24.65 206.58  68.75
   89 -0.652 -1.103  0.094 125.63 243.11 106.93 241.67  62.30 238.49  74.55
   90 -0.841 -0.716  0.143 139.38 203.51  30.34 200.97   7.39 200.46  57.48
   91  0.687 -0.806 -0.438 100.44 208.59 184.10 210.34 201.36 212.19  65.00
   92  0.227 -0.248 -0.926 172.31 151.51  35.85 151.98 166.37 152.04  78.12
   93 -0.868 -0.894  0.283  77.20 221.74 101.46 219.21  68.23 218.32  69.39
   94  0.071 -1.165  0.119 126.20 247.65 109.71 248.75 195.13 249.22  76.79
   95  0.973 -0.202  0.008 138.50 146.04  38.77 146.14  37.47 149.59  71.18
   96  0.557 -0.819 -0.937 184.67 209.63 229.36 208.83 210.82 211.09  65.64
   97 -0.296 -0.859 -0.625  22.44 212.68 119.56 210.97 195.32 212.48  56.00
   98 -1.069 -0.100  0.218  27.76 138.09  66.53 136.04 188.89 133.70  51.86
   99 -0.230 -0.662  0.404 113.64 195.42 111.55 192.89  89.80 192.57  67.05
  100 -0.578  0.089  0.084 130.62 115.59 155.98 115.57 237.75 116.80  66.65
  101  0.037 -0.525  0.130  37.43 182.51 230.06 181.05  45.07 180.30  60.67
  102 -0.890 -0.990  0.472  53.27 233.37 126.46 227.23 130.01 227.64  52.88
  103 -0.887 -0.227  0.116  70.80 150.94 175.17 151.70   9.48 149.85  58.23
  104 -0.966 -0.209  0.527 106.63 149.28 229.39 149.27  13.85 149.46  69.67
  105 -1.057  1.081 -0.219 157.88   8.37 170.21  15.90 107.84  16.77  72.89
  106 -0.018 -0.968 -0.412  38.86 224.85  66.06 224.46  87.69 223.68  56.31
  107 -0.422  0.281  0.310  34.01  96.16  11.47  97.17  18.70  97.98  63.91
  108  0.110  0.161 -0.690  95.90 108.06 243.43 109.07  39.64 108.76  73.03
  109 -0.722 -0.507  0.170 139.11 179.91  17.27 180.88  25.08 179.62  55.92
  110  0.417 -0.588  0.399 108.02 188.04 180.99 189.16  67.71 189.44  58.50
  111 -0.084 -0.798 -0.047 154.48 209.91 166.32 210.41  98.55 207.34  54.23
  112 -0.719  0.316  0.996  71.90  92.43 165.04  93.72 149.37  93.55  68.19
  113 -0.252 -0.854  0.635  38.61 215.89 129.06 212.55 227.72 212.71  52.11
  114 -0.378  0.566 -0.531 109.58  67.04 206.51  69.97 134.15  70.54  66.19
  115 -0.696  0.083  0.706  90.73 118.88  68.04 119.03  61.16 119.14  60.00
  116  0.007 -0.788  0.747 131.24 211.31 198.45 210.62 164.36 211.55  69.25
  117 -0.963  1.063 -0.784  18.09  15.69 210.54  18.55 126.56  21.96  53.38
  118 -0.614  1.119  0.456 137.53   6.03   7.44   7.46   6.94   9.48  76.46
  119  0.319  0.396  0.105  83.86  85.54  34.02  86.41  96.09  85.42  61.88
  120  0.157  0.432 -0.585  44.96  83.73 124.72  83.46  39.07  83.45  65.00
  121  0.256  0.959 -0.158 109.22  28.62  43.53  27.32 114.25  25.14  55.44
  122 -0.017  0.128  0.494 124.47 111.79 139.32 112.00 152.05 111.84  78.89
  123 -0.910 -1.063  0.649 110.75 242.70  93.12 239.77  88.56 236.04  70.95
  124 -0.178 -0.104 -0.708  95.47 136.12 183.14 133.61  54.12 135.93  72.16
  125 -0.092  0.546  0.428 150.97  68.59 148.96  68.54  25.81  69.78  72.58
  126  0.386 -0.448  0.432 132.48 171.37  31.38 174.83  71.46 174.83  68.67
  127 -0.660 -0.602 -0.270 153.28 188.92 101.03 187.82 125.84 187.63  59.67
  128  0.525 -0.607 -0.893 156.73 187.86 115.45 187.51 248.94 189.38  65.29
  129  0.180 -1.208 -0.879  17.22 248.35 131.93 246.99  54.17 249.56  44.00
  130  0.177  0.069 -0.713  17.93 119.27  63.62 120.21  77.72 120.31  61.66
  131 -0.726 -0.258  0.322 203.17 153.33 161.71 153.65 110.47 153.72  59.17
  132 -0.076  0.805  0.541 158.73  41.81 160.70  40.21 187.43  41.47  73.56
  133 -0.457 -1.059 -0.350  44.07 237.99  34.10 233.00  71.75 234.41  59.47
  134 -0.470  0.757 -0.255 192.38  48.16 112.98  48.92 226.08  49.12  50.81
  135  0.459  0.775  0.055 100.67  48.06 172.06  46.10 145.18  45.15  69.94
  136 -0.861 -0.172  0.024 163.05 145.84 129.68 146.02  30.83 142.44  82.50
  137 -0.106  1.016 -0.091 220.60  21.11  31.20  21.10  61.32  22.77  45.67
  138 -0.416 -0.535  0.030  19.48 182.62 132.13 183.05 204.21 182.48  62.67
  139 -0.648 -1.181  0.102  48.48 250.26 135.68 249.84 136.59 248.53  48.00
  140 -0.615 -0.951 -0.688  70.99 224.26  37.15 222.13  90.77 221.60  70.36
  141 -1.170  0.033 -0.649 216.06 122.23 186.11 123.20  11.07 122.66  75.43
  142 -0.615 -0.771 -0.300  34.10 207.76  59.05 205.94  45.43 204.59  64.57
  143 -0.049  1.060  0.597  34.43  13.42  74.57   8.50 124.43  15.71  60.10
  144 -0.350  0.584  0.844  50.77  61.72  92.92  60.42  54.05  61.30  51.08
  145  0.142 -0.504 -0.373 166.90 179.39 218.18 176.97  75.51 179.16  66.41
  146 -1.165  1.063 -0.388 154.99  15.46 161.42  17.10 253.28  21.22  60.00
  147 -1.172 -0.214 -0.625 226.86 148.76 116.28 149.08 128.76 149.26  66.44
  148 -0.713 -0.941 -0.995 247.65 222.94  75.28 220.10  86.17 219.37  55.89
  149 -0.809  0.964  0.206 127.46  22.60 166.33  25.24 145.17  28.28  66.62
  150  0.087 -0.755 -0.626 216.28 203.63  40.36 203.01 166.73 204.56  58.50
  151  0.905  0.761 -0.730 186.82  49.65 158.57  49.38 155.78  46.52  65.60
  152 -0.469 -0.462 -0.043 221.06 175.96  52.16 175.36  91.23 174.30  61.50
  153  0.765  0.570 -0.383 148.81  70.60   7.26  68.30 137.44  67.24  76.29
  154 -0.540  0.906  0.356  82.76  28.80  74.52  29.86  98.88  30.83  70.32
  155 -0.789  0.878 -0.770 124.48  34.90   5.09  37.41 150.50  39.32  67.19
  156 -1.070 -0.748 -0.193 222.41 207.07 137.13 204.72  99.04 201.77  63.11
  157 -0.630 -0.323  0.582 187.41 161.63  35.53 160.10  51.26 159.53  70.21
  158 -1.204 -0.790 -0.163  12.41 211.49  95.46 207.62 205.83 207.19  51.20
  159  0.854  0.802 -0.612 187.20  46.95 246.36  43.60   9.54  42.02  75.20
  160 -1.118  0.533 -0.683 193.48  70.80  21.41  73.68 185.12  72.78  46.00
  161  0.307  1.031  0.923 194.35  17.62 105.32  15.92 196.35  15.93  68.67
  162 -0.825 -0.572 -0.689 103.67 184.60 243.79 183.35  77.55 183.45  73.56
  163 -0.118 -0.206 -0.617  61.86 146.59 252.38 146.07 128.86 146.15  66.06
  164 -0.786 -0.944 -0.136  58.83 226.59  56.99 222.32  20.49 222.77  64.91
  165 -0.306 -1.105  0.381  80.91 244.03 127.06 242.58 156.88 242.35  69.86
  166 -0.628  0.435  0.352 138.57  81.16 100.30  81.35  24.26  83.14  69.00
  167 -0.220  0.310  0.450 226.91  95.14  50.04  94.07  35.05  94.79  73.04
  168 -1.187  0.451 -0.689  80.41  78.40  62.12  82.54 249.26  83.21  64.33
  169  0.282  0.734  0.873  88.00  49.15 199.99  48.33 128.81  48.65  64.93
  170 -0.674  0.249 -0.624 151.16  98.32 181.04  98.04  65.98  99.07  77.33
  171 -1.163 -1.013 -0.718  63.06 228.06  47.05 225.81  51.50 224.19  93.00
  172 -1.043  0.455 -0.882  66.92  78.40 183.62  82.48  46.03  83.17  54.69
  173  1.146  0.431 -0.741 132.44  84.33 144.21  84.46 142.31  83.15  56.86
  174 -0.942 -0.700  0.030 135.19 198.45 208.57 198.85  79.39 197.63  67.82
  175 -1.133  0.134  0.147 187.07 108.52  68.93 111.29  29.26 111.65  44.33
  176  0.797  1.063 -0.193 204.87  18.64  19.40  16.85 134.51  15.36  62.79
  177  0.978 -0.507  0.065   7.88 178.85   7.14 180.81 143.01 180.29  48.15
  178 -0.461 -0.283 -0.413 140.29 156.05 182.74 154.35  38.74 154.90  55.46
  179  0.232  0.187  0.650  25.99 106.94  59.91 103.03  80.15 103.32  50.58
  180  0.354  0.957  0.876  73.61  25.17 117.29  23.12 109.78  23.14  65.50
  181  0.233 -0.345  0.638 104.94 163.04 179.30 163.56 181.67 162.75  67.08
  182  0.314  0.852 -0.159  39.76  37.28 217.74  37.64  79.24  35.32  53.88
  183  0.449  0.063  0.882 129.44 121.31  11.27 119.67  32.61 119.80  68.78
  184 -1.062 -1.212 -0.901  86.98 250.40 146.39 249.56 128.66 243.08  70.75
  185  0.832  0.842  0.887  65.25  35.00 135.91  35.30 145.58  34.53  56.08
  186 -0.509  0.932  0.401 151.19  26.30 100.10  28.69  35.95  29.35  67.89
  187 -0.344  1.161  0.416   9.74 253.71  92.19   4.40   9.78   4.00  63.76
  188 -0.185 -1.203 -0.992 123.65 250.04 249.37 246.03  73.47 243.72  62.83
  189  0.397  1.060  0.460 159.52  15.64  63.31   9.89  42.99  11.95  53.60
  190 -0.647  0.432 -0.987 102.79  83.06  54.61  84.56 152.28  84.01  64.08
  191  1.074  0.801  0.560  18.22  42.48 173.86  41.40 178.24  39.85  62.67
  192  0.702  0.781 -0.414 183.71  48.44 214.91  46.90 217.18  44.66  77.44
  193  1.089  0.371 -0.804  21.83  91.24 204.20  89.06  10.98  87.48  34.50
  194  0.528  0.297 -0.959 151.30  95.46  97.48  95.38 247.13  95.98  66.12
  195  0.219  1.167 -0.075 222.20   6.79 182.25   4.48 117.74   4.46  65.50
  196 -0.630  0.077 -0.447 103.42 119.24  53.98 119.32  25.79 119.52  61.32
  197  0.036 -1.165 -0.465 127.38 245.58  95.93 244.69 165.02 251.05  75.83
  198 -0.248  0.489 -0.052  28.38  75.66 245.78  75.56 165.02 251.05  56.45
  199  1.221  0.689 -0.223 192.14  52.63 135.68 249.84  83.81  51.00  64.29
  200 -0.283  0.435 -0.318  96.17  81.69   8.00  82.72  58.32  83.31  69.67
  201 -0.550  0.157  0.936  86.98 250.40  58.10 108.37 196.23 108.57  70.75
  202  0.051  0.976  0.156 163.84  25.00 120.86  24.87 165.02 251.05  64.15
  203  0.412  1.115 -0.587   2.63  10.51 135.68 249.84  63.90   9.98  48.00
  204  0.984  0.467  0.767  86.98 250.40 102.54  77.67  44.50  75.27  70.75
  205 -0.281  0.993 -0.910  86.98 250.40 133.55  26.27  79.75  25.39  70.75
  206  0.195 -0.170  0.127  49.36 139.04 110.22 138.74  38.81 145.86  61.94
  207 -0.731  0.434 -0.791  86.98 250.40  99.24  83.82 102.78  83.70  70.75
  208  0.502  0.393  0.456 212.32  85.66  63.69  85.15  81.56  84.99  52.67
  209 -0.498 -0.329  0.824 221.89 162.94  61.18 162.55 165.02 251.05  68.75
  210  0.542  0.047  0.690  86.98 250.40 146.19 121.31  94.33 121.62  70.75
  211 -0.810 -0.385 -0.084 126.66 163.90  21.83 167.22  19.79 166.90  63.57
  212  0.940  0.436  0.990  86.98 250.40  55.51  79.34  88.56  79.10  70.75
  213 -0.596  0.318  0.677 153.26  93.97 154.54  93.91 135.90  93.41  67.89
  214 -1.009 -0.369  0.392  86.98 250.40  74.80 163.59 112.40 165.09  70.75
  215  1.168 -0.168  0.583  86.98 250.40 148.60 145.89 120.50 146.08  70.75
  216  1.134 -1.103  0.705  86.98 250.40  60.23 243.22  57.37 248.02  70.75
  217 -0.464 -0.030  0.722 110.97 128.88  84.98 128.87 200.14 128.72  73.78
  218 -0.234  0.988  0.920 203.50  20.73 135.68 249.84  28.82  22.10  82.06
