    1 -1.145  0.846 -0.821  96.04  36.52 237.31  42.20  73.35  42.68  64.62
    2  0.317 -0.907 -0.752 236.01 218.74   7.43 216.47 106.70 219.34  62.17
    3  0.045 -0.656  0.482  99.88 196.55 243.45 197.02 220.94 194.25  65.68
    4 -0.936 -0.082 -0.265 198.21 134.40 233.66 134.50 146.40 135.35  52.29
    5  0.286 -0.223  0.040 186.19 149.93 136.54 150.07  84.43 150.00  67.14
    6 -0.684 -0.775 -0.573 113.06 207.65 109.53 206.40 118.13 205.34  84.71
    7  0.897  0.898 -0.449 115.76  36.40  13.67  36.06 102.77  30.60  63.20
    8  0.974 -0.344  0.237 150.81 162.15  21.18 161.89  26.59 164.80  67.75
    9  0.298 -0.086 -0.658 187.74 134.52 172.50 135.28  43.68 136.54  85.92
   10 -1.048 -0.329 -0.431 239.68 160.21 205.19 157.24 168.47 157.70  56.00
   11  0.394  0.671  0.346 238.03  56.29  77.78  56.03 129.48  56.22  57.07
   12  0.208  0.909  0.821  78.44  29.69 206.30  25.11 146.93  25.33  51.83
   13 -0.996  0.045  0.024 209.88 122.67 178.36 122.67 132.45 122.61  70.60
   14  0.887  0.261 -0.123 126.51 100.99 134.61  96.90 117.18  96.82  52.20
   15 -0.132 -0.379  0.533 188.88 167.22 155.15 167.58 157.35 167.47  63.41
   16  0.787 -0.667 -0.165 247.83 195.30 201.23 196.52 101.33 197.64  61.26
   17  0.061  0.301  0.111  92.40  94.20 247.77  95.75  54.66  95.26  68.80
   18 -1.212  0.210 -0.627 241.63 104.99  24.41 102.04 224.03 103.65  48.83
   19 -0.631 -1.152  0.270   5.88 250.48 216.82 243.87 230.64 245.48  54.23
   20  0.225 -0.026 -0.710 117.46 128.38 126.00 128.98 112.11 128.98  72.89
   21  0.766  0.176 -0.386 129.92 108.39 154.46 108.44 185.16 108.36  57.21
   22 -0.834  0.770 -0.029 133.86  44.44 147.41  46.62 175.68  49.25  55.57
   23 -0.918  0.331 -0.421 202.41  92.29 114.96  92.29  65.98  94.18  69.43
   24  0.651 -0.440 -0.816 247.39 170.17  28.49 171.07  32.80 170.97  68.50
   25  0.252 -0.369  0.650 222.64 166.10  81.06 165.35 197.51 165.22  65.32
   26 -0.122 -0.879 -0.046  39.16 219.25  39.97 216.32 132.49 215.94  59.44
   27 -0.167 -0.206  0.826 231.51 149.10 201.05 149.55 149.56 149.89  65.54
   28 -0.419  0.455  0.371 161.50  78.16 141.50  77.93 245.45  78.19  69.80
   29 -0.445 -0.613  0.209  42.90 192.13  19.08 190.30  23.31 188.83  63.08
   30  0.022  0.574 -0.908 150.75  68.50 214.85  68.20  94.18  67.94  72.21
   31 -0.176  0.197 -0.424   5.10 106.16 247.13 107.74 197.33 107.21  57.07
   32  0.003  0.046  0.346 207.50 119.00  79.41 119.11 106.84 119.18  43.71
   33 -0.885  0.342 -0.728 136.93  92.11 214.37  91.65  58.32  91.51  94.00
   34 -1.016  0.257 -0.424  19.87 100.00 219.92 101.33  71.72 101.72  46.50
   35  1.047 -0.568 -0.812  30.68 183.20  61.10 184.78 121.50 186.80  52.67
   36 -0.120  0.622  0.082 203.82  62.19 229.04  60.99   4.80  60.97  55.67
   37 -0.444 -0.349  0.603  27.52 162.98  99.82 162.07   9.41 162.21  61.76
   38 -0.306  1.046 -0.987 241.56  17.22 150.42  22.98 208.69  22.48  58.68
   39 -0.707 -0.526 -0.352 130.89 183.13  69.88 179.40  42.56 178.91  72.06
   40 -0.505 -0.831 -0.236 154.00 214.30 150.96 210.80 183.60 210.89  72.09
   41  0.808  0.734  0.395  21.41  50.85  95.71  50.28  30.13  46.30  61.92
   42  0.356  1.005  0.174 186.92  22.77 123.61  21.73 202.20  21.49  51.86
   43 -0.846 -0.844  0.122 111.39 216.22 121.10 215.53  77.36 213.72  68.11
   44 -0.253 -0.608  0.438 218.36 190.38 146.77 189.66  99.28 189.66  48.24
   45 -0.821 -0.561  0.174  89.59 187.37 161.77 186.19 160.35 183.69  69.44
   46  0.989 -0.102  0.186 142.13 136.96  99.62 137.66 123.69 137.71  68.65
   47 -0.335 -1.180 -0.356 167.12 250.44  55.81 243.31 191.40 245.69  72.31
   48 -0.285 -0.094 -0.878  44.10 136.94  32.04 136.71 234.66 136.60  65.46
   49  0.220  1.046 -0.805  91.91  22.64 209.64  21.42 226.17  20.73  66.22
   50 -0.629 -0.529  0.714 201.16 184.40 184.91 182.68 135.23 183.20  55.47
   51  0.676 -0.364  0.549 236.04 163.42 230.42 164.31  52.29 164.85  68.50
   52 -0.998  0.437 -0.185 156.11  79.02 186.82  78.75 241.18  82.99  50.25
   53  0.469  0.053  0.688  62.85 118.94 178.38 118.83 135.02 118.96  63.67
   54  1.063 -1.112 -0.441  69.62 237.81  15.98 239.21 167.31 242.76  57.22
   55 -0.811 -0.897  0.118 127.78 219.90  22.23 220.15  18.87 217.83  73.86
   56 -0.803  0.364 -0.346 201.72  88.18  84.21  86.57 205.28  90.74  70.11
   57 -1.156 -0.844  0.169  66.95 218.35  24.18 215.67  11.29 213.40  67.92
   58  0.680 -0.199  0.759 218.86 147.20  20.63 147.67  14.26 147.18  58.75
   59  0.231  0.514 -0.254 108.43  70.25 144.82  71.39 237.71  74.46  65.97
   60 -0.561 -1.095 -0.818 243.04 237.83 219.19 237.93 111.65 236.66  62.05
   61  0.144 -0.854 -0.789 205.15 211.31 213.09 212.69 199.89 214.76  63.44
   62  0.539 -0.675  0.809 104.02 196.81 209.49 197.16  36.88 200.31  76.46
   63  0.216 -0.426  0.291 167.08 172.18  58.75 171.80   9.19 169.51  67.85
   64 -0.424 -0.508 -0.237 239.53 180.65 101.02 178.66 128.89 178.75  48.08
   65  0.250 -1.052  0.106 199.40 236.10 174.75 237.89  42.63 236.82  57.62
   66 -1.189  0.663  0.167  91.85  55.50 108.45  56.42 138.69  56.93  62.90
   67 -1.013 -0.878  0.191 140.40 219.78 115.66 219.45 158.52 215.21  62.22
   68 -1.204  0.278 -0.409 187.99  96.85 150.04  96.50 105.84  96.46  82.50
   69 -0.700 -1.112 -0.101 183.42 241.84 173.47 242.51 177.53 240.19  70.41
   70  0.194 -0.520  0.284  92.94 181.32  55.78 182.16  87.20 180.22  69.17
   71  0.778 -0.289 -0.293 220.58 156.62 232.78 154.29 246.95 157.05  61.78
   72  0.252  0.150 -0.200  96.87 111.96  97.80 112.12  35.50 110.64  84.25
   73  0.185  0.750 -0.923 104.49  51.62 252.80  52.22 122.49  50.23  72.90
   74 -0.844  0.574  0.863 116.18  63.09 103.00  63.47 168.23  67.51  68.71
   75  0.529 -0.508  0.761 229.33 180.87  84.65 180.54  66.82 181.46  51.65
   76 -0.454 -0.858 -0.618  85.46 215.19 142.75 214.24  36.14 214.57  70.82
   77  0.887  0.009 -0.472  63.36 126.40 137.39 126.30 119.16 125.30  57.47
   78  0.437 -1.103 -0.063  59.21 240.81 217.97 240.79  57.57 241.60  62.33
   79 -1.018  0.894  0.539 185.73  26.46 150.54  30.70 215.32  34.01  56.50
   80  0.348  0.589 -0.548  86.73  66.68  85.24  67.63  91.43  63.96  62.00
   81  0.077 -0.202  0.978  55.85 148.20 183.67 147.76 131.60 147.69  54.92
   82 -0.071 -0.860 -0.605 123.67 214.64 113.73 214.26  99.12 214.89  65.43
   83  0.839  0.357 -0.319 176.95  91.90  45.99  90.95  92.27  87.04  74.19
   84  0.220 -0.802 -0.226  56.58 208.87   5.69 207.84 229.96 208.18  62.38
   85 -0.137 -0.807  0.665 151.71 210.56  76.37 213.76  79.94 212.98  76.26
   86  1.206  0.505 -0.256 131.10  77.03 245.59  76.05 151.95  70.16  36.25
   87  0.999  0.598 -0.372  95.35  65.44 100.31  63.59  80.60  63.89  64.04
   88  0.865 -0.774 -0.944  13.09 204.70  77.97 204.80 131.15 206.46  59.90
   89 -1.025 -0.185  0.282 129.86 145.88 182.50 145.86 119.74 145.87  73.50
   90  0.963 -0.884  0.260  76.14 216.87 160.25 219.84 172.79 221.21  70.73
   91 -0.853 -0.447  0.384 176.26 175.04  20.95 175.00 205.68 173.65  56.00
   92 -0.363  0.239  0.364  30.77 101.23  94.45 101.38  42.97 102.55  60.32
   93  1.073  1.140 -0.460 154.99  11.06 176.60  10.54 103.36   5.90  68.25
   94 -0.138  0.749 -0.625  72.98  49.97  36.17  51.65  70.59  51.58  66.40
   95 -0.674 -1.027  0.156 127.20 237.37 117.68 233.74  69.30 232.86  77.65
   96 -0.750 -0.235  0.854 167.79 151.29 110.35 150.38  68.24 150.19  64.83
   97  0.706 -0.660 -0.105  48.31 193.86  70.87 195.61  57.40 194.74  49.50
   98 -0.485  1.006 -0.114  76.22  21.96 165.49  23.10 125.82  23.55  62.52
   99  0.985 -1.015 -0.158 111.88 229.44 106.36 231.72 253.18 234.62  65.00
  100 -0.265 -0.315  0.881  47.57 157.72 208.24 158.03 198.50 158.67  49.38
  101  0.573  0.359 -0.378  53.75  90.01 172.62  87.59 131.00  87.29  59.58
  102  0.658 -1.124 -0.406 177.27 241.52 236.78 241.79 158.22 244.09  62.57
  103  0.261  0.198 -0.899  17.16 107.42  28.79 108.05  34.29 107.42  59.10
  104 -0.447 -0.952  0.319 158.69 225.36 139.43 225.59 117.12 225.92  51.83
  105 -0.212 -0.999 -0.072   6.49 232.18 153.07 229.99 179.67 227.32  51.14
  106 -0.272 -0.721 -0.814  32.16 200.56 186.10 200.60   9.07 199.83  51.38
  107  0.907  0.839 -0.043  92.67  42.14 224.29  39.45  29.42  38.25  67.82
  108  0.549  0.861 -0.695   4.67  39.96  35.34  38.15 201.52  38.98  58.76
  109  0.796  1.048 -0.489 129.88  22.73 197.17  21.09 239.16  17.74  67.00
  110 -0.197  0.714 -0.826 122.35  52.81 146.79  53.11  24.37  53.37  62.50
  111 -0.038 -0.170 -0.189 226.91 145.17 207.14 143.28 213.88 143.68  55.00
  112 -1.107 -1.093 -0.616 219.78 241.56 154.38 237.97 213.03 236.03  66.88
  113  0.095  1.029 -0.904 191.72  22.91  78.14  24.27 215.68  23.07  73.17
  114 -0.475 -0.723  0.484 134.81 204.85 159.40 204.16 141.91 202.65  63.50
  115  0.247 -0.905  0.910  53.62 222.61  43.66 221.85 195.46 223.39  60.05
  116 -0.098 -0.978  0.953 162.16 232.59 229.91 233.03  99.66 231.40  67.80
  117  1.007  0.114 -0.951  56.61 114.12 241.98 113.00 200.30 112.96  65.21
  118 -0.412 -0.709  0.823  95.59 204.62  51.57 203.71  29.10 201.76  56.44
  119 -0.487  0.091 -0.899 192.49 116.99 199.46 117.57 215.43 117.32  50.31
  120 -0.043  0.991  0.861 203.00  18.07 223.46  21.24 141.79  22.10  68.18
  121 -0.255 -0.579 -0.746 134.31 185.53 233.71 185.41  84.10 185.30  77.60
  122 -0.421  0.593 -0.411 132.63  63.14  37.50  66.53 222.23  65.26  70.35
  123 -0.127  0.344  0.206  49.00  90.98 186.89  91.52 182.59  90.82  54.75
  124  0.463 -1.093 -0.897 167.30 237.45 118.36 237.08  97.28 237.74  71.21
  125 -0.272 -0.504 -0.988  12.61 176.60 241.88 177.30 209.40 177.83  56.22
  126 -0.547 -0.642  0.248 199.20 195.50 101.52 192.47 246.63 194.11  61.36
  127  0.257  1.133  0.922 208.89   4.67 165.58 251.14 186.28   4.26  61.15
  128  0.893 -1.077 -0.519 129.57 233.89 227.10 237.73 191.34 240.08  63.87
  129  0.846 -0.449  0.109 171.33 172.74 170.50 173.61  25.03 174.36  77.45
  130  0.361 -1.190 -0.153  72.42 245.69  62.05 249.15  48.90 247.18  63.19
  131 -1.051 -0.597 -0.001  34.43 189.81 119.80 187.70 242.31 187.36  46.71
  132  0.729 -0.275  0.386   5.13 155.07  47.71 153.50  16.52 155.82  49.50
  133 -0.966  0.883 -0.148  26.13  33.11 219.82  36.60 209.30  37.09  55.62
  134 -0.347  0.915 -0.924 231.23  34.25  20.27  33.41 163.58  35.77  54.48
  135 -0.874  0.727  0.354  76.02  48.97  56.81  50.61 167.07  52.12  63.40
  136 -0.739 -0.693  0.155 171.98 201.36 133.08 197.71 194.66 198.74  59.33
  137 -0.604  0.320  0.192  32.31  92.67  38.84  93.70 204.09  94.87  61.64
  138  0.823 -0.820 -0.214  28.53 210.47 168.06 209.43   7.53 213.99  53.20
  139 -0.588  1.134 -0.038  48.02   4.94 149.69  10.48  94.67  10.57  27.25
  140  0.323 -0.559 -0.047 110.12 185.51 106.03 185.37  36.31 185.74  65.08
  141  0.172 -0.572  0.827  71.28 188.19  42.46 186.91  83.41 188.02  68.33
  142  0.128  0.913 -0.967  45.62  34.48  93.50  36.51  68.76  32.69  72.90
  143 -0.190  0.846 -0.827 162.91  41.74 222.32  41.32 194.64  42.08  64.07
  144 -0.605  0.938 -0.175 112.40  25.55 130.03  26.13 252.80  26.22  70.50
  145  0.418 -0.449 -0.727 104.39 172.46 193.82 172.59  53.49 174.18  54.78
  146 -0.431  0.406 -0.384  77.49  84.73 182.00  84.17  35.19  84.14  71.86
  147  0.140 -0.993  0.388 221.31 230.80 146.50 231.39 152.67 232.44  62.44
  148 -0.700  0.760 -0.432 132.62  46.65 144.34  50.02 199.92  50.05  81.62
  149  0.711  0.106 -0.935 236.56 114.52  35.95 114.75  39.17 114.75  55.46
  150  0.804 -0.472 -0.921 219.86 174.16 216.51 175.17 181.16 174.45  57.92
  151 -0.486  0.696 -0.006 228.01  52.52 114.24  52.37  13.75  55.50  67.52
  152 -0.617 -0.139  0.271 227.82 141.53 242.81 141.61 229.62 142.04  43.78
  153 -0.653 -0.409  0.627  92.27 171.89 114.30 168.46  83.18 168.23  53.31
  154 -0.241  1.114 -0.888  44.22  14.34 186.27  15.72 153.71  14.36  57.14
  155  0.159  0.771 -0.624  60.25  48.86 170.55  47.53 128.64  46.82  59.55
  156 -0.325  0.778 -0.943 200.49  48.57  41.71  48.39  43.19  49.86  60.80
  157 -1.066 -0.464 -0.806 244.90 175.98 150.92 172.99 124.39 173.24  56.17
  158  0.417  0.382  0.601  86.80  86.12  13.29  85.97 101.87  85.56  70.16
  159 -0.890  0.132 -0.046 155.52 112.88 154.28 112.86  59.10 112.88  71.50
  160 -1.111 -0.984 -0.301 118.66 232.56 154.94 225.73 102.74 225.77  55.17
  161 -1.004 -0.147 -0.420 181.34 142.58  63.56 142.94 210.73 142.37  69.20
  162  0.925 -1.166  0.274  15.49 242.94  93.93 249.09  99.54 248.64  59.61
  163 -0.991  0.201 -0.876  35.10 105.42   5.42 106.96 173.18 108.16  44.33
  164  0.308  1.074  0.516  86.16  14.93 241.53  11.95  48.28  11.58  63.90
  165  0.665  1.034 -0.067 170.51  22.11 147.68  17.39 206.86  18.59  65.25
  166  0.317 -0.707  0.076 221.10 199.32  51.08 200.68 134.26 201.37  62.88
  167  0.840 -1.053  0.694 147.86 237.55  71.82 238.45 217.50 241.00  58.86
  168  0.301 -0.730 -0.010  85.50 201.86 161.23 201.90  46.24 203.30  58.30
  169  1.050 -0.062 -0.895 133.76 130.89 150.95 130.92 162.99 130.91  69.15
  170 -0.888  0.801  0.181 146.99  41.77  13.03  43.13  84.30  45.31  75.50
  171  1.006  1.188 -0.826 140.77   9.57  52.82   8.03 191.34 253.53  74.52
  172 -0.210 -0.010 -0.553  37.53 127.67  64.29 128.01  29.79 128.10  60.20
  173  0.928 -1.028  0.644 169.11 233.51  57.87 235.57 134.63 238.80  74.50
  174  0.245 -1.006 -0.693 129.65 225.70  81.31 228.34  63.35 227.12  42.33
  175  0.126  0.479  0.245 223.35  77.98 159.86  76.24 112.24  76.90  53.48
  176  0.017  1.013 -0.787 179.36  24.01 137.82  25.05 158.25  23.95  72.05
  177  0.293 -1.053 -0.979  26.39 232.60 141.18 232.96 138.07 234.07  52.56
  178  0.347 -0.716  0.760  78.31 202.02  84.07 204.34  54.31 203.72  69.00
  179  0.189  0.805 -0.655 210.03  45.26  35.36  44.43  47.31  44.79  66.77
  180 -0.285  0.643  0.007  35.85  56.73   3.97  58.94 230.89  58.90  59.85
  181 -0.097 -1.050 -0.119 248.60 234.84  16.44 235.33 178.52 235.37  59.22
  182 -0.140 -0.747  0.431  91.90 207.16  93.71 206.73  83.50 206.42  54.00
  183  0.089  0.016 -0.221 117.76 125.68 230.04 124.74 169.06 124.67  64.10
  184  0.819  0.815 -0.082 219.19  43.03 108.97  42.94 192.00  39.45  68.95
  185 -0.269  0.622  0.006 229.99  61.36 115.84  63.46 101.72  63.55  47.33
  186 -0.750  1.100 -0.749  40.07  11.44 171.94  16.18   9.68  17.21  57.17
  187  0.508  1.084 -0.026  27.68  15.46 160.86  14.35  64.99  12.10  48.71
  188  0.479  1.167 -0.741   8.76  10.58 168.19   9.85 239.13   4.75  55.15
  189 -0.210  0.793  0.324  65.18  42.45 212.99  43.80 130.36  42.89  62.14
  190 -0.895  0.154 -0.569 193.45 110.52 206.60 110.26 106.06 112.14  62.27
  191 -0.777 -0.504 -0.944  83.23 179.29 225.33 175.81  70.88 177.80  58.00
  192  0.106 -0.929  0.219  70.15 223.94 229.27 221.03  12.83 225.53  76.60
  193 -1.183 -0.768 -0.050 144.59 207.66  58.80 207.02 143.87 204.90  76.43
  194  0.994  0.663 -0.627 114.84  60.85 169.69  57.61  72.71  56.76  67.00
  195 -0.080 -0.560  0.645 167.70 186.03 102.45 186.68 147.19 186.82  83.21
  196  0.511 -0.164  0.547  32.10 143.67  25.62 143.28  43.90 142.94  61.89
  197  0.191  1.096 -0.626 188.61  15.51 103.82  16.50 124.07  13.75  72.08
  198 -1.116  0.897 -0.295 191.79  31.65  65.83  31.52 119.92  36.52  68.07
  199 -0.298  0.158 -0.439 234.10 108.50 236.95 108.86 200.83 109.80  55.89
  200 -0.596  0.001  0.824 200.50 127.35   8.96 126.44 132.49 126.84  55.95
  201  0.204  0.297  0.736  40.17  93.48  65.09  94.72  51.30  95.02  65.12
  202  0.397  0.759  0.613  62.53  46.43 106.18  44.85 157.62  45.72  69.26
  203  0.823 -0.132 -0.047 252.15 139.74  72.36 141.20   9.15 140.66  54.10
  204  0.769  1.016 -0.596 115.06  24.45 248.45  24.45   8.92  22.21  73.67
  205 -1.215  1.050  0.009 230.35  14.71  52.61  17.20 165.94  21.59  62.18
  206 -0.187 -0.776 -0.848 180.66 204.89 165.37 204.90  77.34 206.15  57.86
  207  0.505  0.414  0.623  41.21  81.87  84.11  80.33 225.63  81.35  58.46
  208  0.098  1.125  0.262 200.44   7.75  13.92   9.28 209.20   9.26  96.42
  209  0.585  0.494 -0.956  24.71  78.16 252.30  76.29 177.39  76.35  49.94
  210  0.932  0.861 -0.192 202.39  38.12  28.49  37.04   4.40  36.08  63.62
  211 -0.548 -0.483  0.615  79.15 179.43  50.41 178.64  83.48 178.24  55.00
  212  0.434  0.505 -0.119 151.64  75.52 152.05  75.40 175.05  74.36  76.61
  213  0.188 -0.056  0.769  11.11 133.81 106.89 129.25 118.18 129.26  55.00
  214 -0.320  0.255  0.395  13.52  98.75   5.18  99.82  26.43 100.52  58.62
  215  0.779 -0.147 -0.723 110.36 141.36 204.05 142.03  50.28 142.48  70.33
  216 -0.211 -0.543  0.333  19.56 185.35 148.47 182.96  31.37 183.65  50.00
  217  1.077  0.143  0.423  37.15 112.26  37.30 112.62 146.50 112.71  57.75
  218  0.515 -0.180  0.814 207.92 145.32 243.45 146.15 182.99 146.57  69.36
  219  0.471  0.088  0.626 167.69 117.67 229.11 116.80 243.52 116.43  56.73
  220 -0.722 -0.708  0.567 167.36 203.52 100.85 200.82 122.44 200.90  76.16
  221  1.078  0.195  0.207 108.55 107.96  90.00 103.07  69.00 103.46  64.92
  222 -0.903 -0.398  0.786 149.31 168.50 246.58 167.97 113.75 167.72  73.79
  223  1.086 -0.466  0.211 216.56 174.88 208.83 175.56 223.54 176.94  60.08
  224  1.102 -0.266 -0.362 104.11 153.91 158.03 151.43 179.68 154.92  60.42
  225 -1.180  1.087  0.149 197.45  10.59 221.58  12.39 156.73  15.53  84.78
  226  0.194 -0.542 -0.714 218.23 181.69 225.43 250.72  19.60 183.25  62.00
  227  1.095 -0.655  0.279 107.80 193.25  73.98 195.90 184.83 197.95  65.55
  228 -0.431  0.422 -0.637 116.43  79.88 225.43 250.72 138.34  83.75  70.94
  229  0.396 -0.808 -0.852  92.77 251.16 113.42 207.13  86.47 206.67  75.71
  230  1.115 -0.130 -0.273  92.77 251.16 231.70 138.92  14.29 139.70  75.71
  231  0.646  0.509  0.007  92.77 251.16 130.44  70.70   6.27  68.19  75.71
  232 -0.240  0.615  0.351  92.77 251.16  98.63  61.43  90.05  61.84  75.71
  233  1.175 -0.394 -0.797 123.10 165.70 200.02 166.85  99.54 248.64  68.20
  234  0.313  0.516 -0.534  10.60  71.05 225.43 250.72 183.30  74.79  50.45
  235  0.609 -1.216 -0.315  96.71 250.68 225.43 250.72  99.54 248.64  72.00
  236  0.952  1.070 -0.977 197.18  22.69   2.05  19.09 128.28  16.03  71.62
  237  0.941 -0.461 -0.182 150.20 173.50  38.28 175.41  99.54 248.64  64.10
  238  0.849 -1.109  0.098 228.90 241.46 195.58 243.13  99.54 248.64  47.64
  239  0.945  0.033  0.910  92.77 251.16 128.59 123.35 102.83 123.38  75.71
  240  0.422 -0.067  0.215  92.77 251.16 148.39 134.06 102.98 133.98  75.71
  241  1.019  0.182  0.677  92.77 251.16 110.32 108.16 116.38 108.15  75.71
  242 -0.022 -0.007  0.049  92.77 251.16 218.68 127.32 215.26 127.30  75.71
  243 -0.567 -0.485 -0.141  76.09 176.44 225.43 250.72 190.08 176.19  65.06
  244 -0.528 -0.122  0.479 235.25 138.67 245.81 138.81  99.54 248.64  64.95
  245 -0.985 -0.827  0.439  92.77 251.16  82.25 215.30 144.52 211.58  75.71
  246  1.072 -0.166  0.866  92.77 251.16 124.35 145.83 141.88 145.83  75.71
