    1 -0.901 -0.483  0.106  25.99 176.30  74.47 174.38 241.58 174.19  47.80
    2 -0.089 -0.422  0.426 230.49 170.99  91.60 172.25 116.91 172.18  66.75
    3  1.154 -0.169 -0.628  95.63 144.92  40.58 144.63  78.76 145.14  58.48
    4 -0.070  0.138 -0.298 177.89 111.25 136.62 111.10 154.14 111.20  72.46
    5  0.217  0.705 -0.584 193.45  54.05 186.91  52.76 110.58  52.32  59.86
    6  0.401  0.484 -0.419 223.97  76.37 240.43  75.17 252.68  74.06  52.83
    7 -0.258 -0.548  0.406 198.20 184.54 154.75 185.23  24.71 184.02  66.12
    8  0.025 -0.737 -0.357   9.77 201.37 185.64 198.91 223.92 203.19  58.45
    9  1.084 -1.139 -0.983 158.32 238.55  16.78 241.44 133.81 242.56  76.71
   10 -0.722 -0.420  0.669 124.56 172.87 241.36 172.56  66.65 169.22  71.27
   11  0.330  0.657  0.605 137.85  56.62 150.32  56.71 206.47  56.62  70.08
   12 -1.058 -0.386 -0.886 109.20 166.14 205.82 165.52  13.10 163.47  69.62
   13 -0.290 -0.746 -0.137 138.13 205.20 119.36 205.00 131.76 204.15  75.50
   14 -1.067 -0.283 -0.500 152.48 155.58 133.03 155.63 112.32 155.64  64.95
   15 -0.976 -0.024 -0.322 216.51 129.72 142.16 128.65 113.13 126.80  63.55
   16  1.143  0.206 -0.325  52.85 104.43  33.40 105.03  37.65 105.68  64.68
   17 -0.052  1.146 -0.759 201.67   9.54 193.32  11.04 158.92   7.33  65.06
   18  0.045 -0.261  0.202 217.69 153.43 212.95 153.95 189.22 150.94  72.00
   19 -0.019 -0.738  0.981 108.96 206.11  16.29 206.12 239.23 205.66  76.40
   20 -0.441  0.649  0.395  89.48  56.27  30.92  57.63   4.93  56.90  60.79
   21 -0.305 -0.870  0.993 141.19 221.26 134.15 221.21  90.67 219.33  69.60
   22 -0.049  0.289  0.305 173.67  96.63  22.03  96.81 145.65  96.61  66.22
   23  0.500 -0.176 -0.396 139.25 145.27 227.51 145.41 234.58 145.99  75.96
   24  0.197  1.141  0.847 207.29   5.29 233.33 252.29  40.31 254.25  52.22
   25  0.687 -0.022  0.715 151.07 128.63 163.67 126.81 129.58 128.73  70.45
   26  0.376  0.350  0.706  33.94  88.36  30.97  89.48 186.23  89.38  61.85
   27  0.246 -0.529  0.894 173.61 182.15 138.27 182.00 173.36 182.90  66.95
   28  0.101 -0.405 -0.146 197.91 167.54 157.56 168.02 108.70 168.14  63.08
   29  0.610 -0.554  0.586  30.14 182.67 101.02 186.12  48.90 186.62  45.43
   30  0.945 -0.081 -0.444 112.63 134.32 108.59 134.25  70.95 134.99  57.88
   31 -0.269 -0.049  0.790 213.15 130.92 177.23 130.84  11.25 131.40  73.81
   32 -0.525 -0.450 -0.337  74.39 173.09 118.87 172.79  91.33 172.62  71.21
   33  0.010  0.786 -0.992  17.87  47.37 155.64  46.76 159.72  45.79  61.36
   34  0.342 -1.131  0.059 160.41 241.51 236.69 242.18 143.06 244.06  80.27
   35  0.711  0.290  0.933  25.49  95.84 185.05  96.32 182.76  95.73  62.85
   36  0.427 -0.222 -0.927 138.71 148.29 235.48 146.70  17.38 148.73  72.44
   37  0.749  0.573 -0.156 129.89  67.96 227.45  67.93 184.40  63.88  93.50
   38 -0.549 -0.786  0.267  49.85 210.59 190.84 209.33 170.09 207.76  60.46
   39 -0.554 -0.458  0.152 238.42 175.70  51.28 173.03  82.20 173.99  59.03
   40 -0.033  0.552  0.068 243.07  69.51 107.60  68.26 190.77  67.73  55.65
   41 -0.252 -0.953 -0.227  74.88 224.23  95.35 222.31  15.26 223.46  69.56
   42  0.205 -0.271 -0.851  43.83 151.26 171.05 150.55 185.91 154.57  48.62
   43 -0.603 -1.096 -0.974 197.92 240.22 250.97 236.12 212.62 236.02  55.21
   44 -0.746 -0.499 -0.460  61.12 179.88  70.36 176.10  31.99 177.53  63.56
   45  0.759  1.128  0.492  88.03   9.51 137.69   8.07 100.77   5.65  72.88
   46  0.829  0.364  0.170  45.30  86.42  40.73  87.01 126.92  84.50  64.25
   47  0.763 -0.949 -0.516 113.59 221.70  49.72 222.27  33.79 225.62  63.35
   48  0.443 -0.087  0.512 172.25 135.01 224.75 136.52 219.73 136.78  67.43
   49  0.307 -1.053  0.942 220.92 238.73 215.84 239.83 175.36 241.04  50.14
   50  0.097  0.292 -0.267 241.39  97.76 204.88  97.04  43.79  97.54  61.55
   51 -0.037 -0.708 -0.949 177.09 198.29  97.18 195.02  64.08 194.24  66.44
   52 -0.110  0.216 -0.026  31.37 104.35 241.74 104.96  60.94 105.43  57.00
   53  0.142 -1.190  0.237  64.90 251.59 174.19 251.99 116.54 251.63  61.71
   54  0.330  0.014  0.848 106.48 123.38 185.86 123.62  49.20 123.63  70.89
   55 -1.018  0.119 -0.001 122.88 114.00 121.08 114.09 129.89 114.29  77.31
   56 -0.153 -1.204 -0.379  85.77 252.43  34.08 251.08 167.33 250.60  69.80
   57  0.324  0.968  0.352   8.40  27.09  60.58  22.53 231.69  24.01  65.32
   58  0.556  0.312 -0.425 216.84  95.15 246.91  94.41  69.69  93.33  60.31
   59 -0.305  0.279 -0.515 147.98  97.87 123.13  97.89  99.74  97.94  73.59
   60 -1.000  0.924 -0.208  21.33  28.49 236.64  32.21 207.92  33.01  51.67
   61  0.446  0.996 -0.668  92.78  27.10 162.38  26.35 132.01  25.58  57.39
   62 -1.079 -0.823  0.090  95.14 213.72 109.39 212.75 191.94 210.54  65.61
   63  0.384  0.130  0.550 116.55 111.45 194.34 111.75 194.82 111.39  63.32
   64 -0.292 -0.626  0.649 119.67 193.10 251.83 192.34 140.45 192.30  64.28
   65  0.113 -1.187 -0.199 217.51 249.88 184.71 249.79  98.71 250.04  71.14
   66  0.142 -0.110  0.621 194.97 138.61  23.30 137.49 136.83 137.52  65.73
   67  0.742  1.080 -0.403  72.18  13.24  92.29  15.22 240.52  12.53  61.12
   68  0.768  0.063  0.942 122.84 119.37 140.86 119.12 207.56 118.66  77.98
   69 -0.818 -0.153  0.805 177.75 139.86 143.41 139.93 104.74 139.93  64.37
   70  0.096 -0.518 -0.018  93.80 180.80 171.66 180.88  51.42 179.60  67.20
   71  0.020 -0.895 -0.033  66.15 217.00 134.19 216.92  45.08 220.61  64.19
   72  0.063  1.200 -0.868 211.35   6.21 197.42   5.89 181.16   5.24  69.05
   73  1.036  0.817 -0.254 108.21  42.47  91.07  43.41 193.45  41.15  68.08
   74  0.549 -0.593  0.676 143.23 187.96  79.49 191.01  33.85 191.24  70.18
   75 -1.219  0.329 -0.480 202.24  91.37  32.54  92.81 249.68  93.15  68.88
   76 -0.556 -0.561  0.439  70.14 187.65  89.72 186.59  76.80 185.67  60.33
   77 -0.562 -0.599  0.798  65.45 192.59 186.86 191.55  73.37 190.42  65.19
   78  1.133 -1.037 -0.158  20.03 231.30  53.12 232.83 174.92 236.97  55.62
   79 -0.211 -0.161  0.464 229.76 144.99 136.97 144.50  10.97 144.24  63.50
   80 -0.187 -0.838 -0.761 141.25 212.81  70.47 210.81  35.75 211.94  67.80
   81  0.273 -0.370  0.827 172.06 165.38 128.89 166.01  83.29 166.45  64.62
   82 -0.868  0.858 -0.072 122.51  35.89  33.56  37.02 143.62  40.09  67.19
   83  0.607 -0.101  0.008  52.44 137.48 175.16 137.44  44.46 137.34  74.56
   84  1.066  0.725  0.368 237.09  53.06 129.32  49.68 153.99  48.96  47.47
   85  0.616 -0.983 -0.649 188.26 223.62 102.35 226.33 102.06 226.09  62.17
   86  0.077 -0.577 -0.111 180.26 187.35 193.06 187.12  91.87 187.60  59.50
   87 -0.905 -0.332  0.331  95.71 158.83  19.62 157.12  29.22 157.77  59.38
   88 -0.184 -0.329  0.590  23.35 158.08  51.48 158.37 228.19 161.78  61.89
   89 -0.955  0.380 -0.499 200.74  85.37 169.75  84.84  56.42  87.67  52.00
   90 -0.365 -0.438 -0.886 149.02 172.83 138.72 170.08  25.01 172.05  74.17
   91 -0.626 -0.336  0.567 146.76 163.33  33.08 163.22  22.71 162.42  69.17
   92 -0.072 -0.063  0.972 146.83 133.50  99.49 133.49  60.51 133.42  60.21
   93  0.083 -0.155  0.208 235.25 139.48 191.36 138.74 209.22 142.02  49.06
   94  0.957 -0.419  0.135 144.09 170.13  61.00 169.66 224.63 172.50  69.38
   95  0.699  1.162 -0.027 126.85   7.68 149.43   5.73 119.68 253.43  70.68
   96 -0.753 -0.902  0.100 151.61 222.51 130.31 221.12 205.45 218.23  65.27
   97  1.085  0.883  0.240  57.65  37.16  25.21  33.08 246.88  30.66  63.71
   98 -0.888 -1.158  0.528 162.69 252.53  87.29 250.56  56.49 247.18  75.05
   99  1.173  0.335 -0.682   9.57  93.52 168.38  90.85  51.17  90.20  58.00
  100 -0.402 -1.200 -0.488  76.48 251.43 168.87 249.04  16.11 248.00  49.78
  101  0.422 -0.512 -0.252  13.79 180.37  64.61 179.92 239.16 178.80  54.38
  102 -1.103 -1.120 -0.720 147.75 243.00 172.10 239.17  99.44 237.33  66.00
  103 -1.031  0.479 -0.234  90.10  74.64  62.82  75.53 168.24  78.06  63.09
  104  0.389  0.408  0.638  22.98  79.99  38.33  81.43  88.01  81.14  40.00
  105 -0.718 -0.998  0.222 210.58 232.95 151.47 229.66 205.26 227.32  53.50
  106 -0.075 -0.806  0.194 253.83 212.48  32.45 209.54  17.26 211.83  46.14
  107  0.092  0.652 -0.299 194.09  59.16  81.80  59.84 122.70  57.98  55.42
  108 -1.080 -0.552 -0.097 132.69 186.46 180.15 182.59 125.39 182.25  72.49
  109  0.181  0.632 -0.589 137.49  61.23  76.89  61.14 135.68  60.86  69.19
  110 -0.497  0.543 -0.761  21.78  71.42 221.33  72.39 224.11  73.48  49.76
  111  0.677 -0.745  0.215 233.94 202.50  98.28 205.31   6.81 207.69  58.33
  112  0.092  1.183 -0.577 181.74   7.31 200.78   7.78 154.15   6.56  69.87
  113 -0.469 -0.604  0.016 216.57 190.47 136.23 187.90  23.28 189.32  70.76
  114 -0.385 -0.583 -0.957  36.64 187.14  16.52 185.40 103.51 185.30  58.21
  115 -0.204  0.835  0.103  89.89  38.49  71.32  39.89  41.89  41.10  71.29
  116 -0.900  0.867  0.339 221.84  31.66 242.00  35.69 147.59  35.49  55.62
  117  0.521  0.809 -0.016  51.89  42.45 103.73  43.49 221.42  41.65  61.70
  118 -0.625  0.504  0.186 245.45  73.87 141.66  73.53 100.80  73.73  63.35
  119 -0.334  0.103 -0.670  46.00 115.55  22.60 115.91 219.33 114.71  62.82
  120  0.921 -0.172 -0.924 217.29 145.02 245.28 145.40 199.24 145.85  61.42
  121  0.872  0.523  0.686  67.00  72.40 205.54  69.07  90.87  68.55  71.12
  122  0.322  0.255  0.154  93.45  99.50  97.22  99.86  43.30 100.78  76.48
  123  0.076  0.908 -0.658  70.04  34.93 247.77  33.86  29.62  33.86  62.94
  124 -0.683 -1.164 -0.035 197.94 250.42  98.10 247.97 251.70 246.30  65.73
  125  0.431 -1.090 -0.541  62.86 238.06  76.46 237.09 227.11 238.80  67.47
  126  0.768  0.094  0.152 100.96 117.99 186.03 117.95 153.78 117.98  96.00
  127 -0.887 -0.822  0.041 244.98 213.26 120.40 212.60 169.70 210.86  51.75
  128 -0.883  0.227 -0.396  82.88 103.98  86.19 104.37 179.42 104.44  82.50
  129 -1.043  0.308 -0.503  16.83  94.77   3.99  94.75 199.39  96.20  62.60
  130 -0.282  0.813  0.383 120.02  40.31 132.34  40.71 164.28  42.95  68.78
  131  0.937  0.569  0.491   8.45  67.53 146.61  64.06 154.53  63.39  36.32
  132 -0.842 -0.603  0.081  98.20 191.89  96.93 190.63 127.17 188.09  67.58
  133 -0.191 -0.058 -0.278 218.33 131.61 215.14 131.60 189.42 131.68  79.75
  134 -0.702 -0.795 -0.713 196.30 207.86 199.14 206.32  75.40 207.49  72.00
  135 -0.379  0.437  0.359  27.75  79.98  75.39  80.81  69.81  80.57  55.33
  136 -0.413  0.235 -0.534  33.12 100.40   6.54 100.50 139.44 101.34  44.00
  137  0.040  0.864 -0.639 245.78  38.18  38.37  39.38 127.23  38.41  55.38
  138 -0.921 -0.782  0.037  56.05 208.53 203.78 208.70  81.10 207.72  59.58
  139 -0.504  0.659 -0.490 115.38  59.14 163.39  58.41  60.93  60.69  69.62
  140 -0.242  0.838 -0.674 125.97  40.65 239.99  43.38  82.81  42.99  64.55
  141 -0.359  1.129 -0.966  24.91  12.09  73.39  11.44  72.60  12.64  77.75
  142  0.221  0.699  0.832 203.52  53.48 173.46  52.44  14.28  52.28  59.60
  143 -0.531  1.129 -0.105  37.38   7.49 208.63   8.82 139.83  11.97  66.50
  144  0.456 -0.025  0.800 230.29 130.60 201.64 130.66  42.45 130.65  59.81
  145  0.994  0.590  0.633 134.39  63.92 137.73  61.31  89.90  61.56  69.67
  146 -0.758  0.822 -0.511 129.61  41.98 234.83  44.23  84.22  44.86  71.90
  147  0.811 -0.246  0.132  17.33 151.02  87.86 147.77  18.37 150.73  47.86
  148  0.675  0.540 -0.346  11.10  71.58 124.81  70.78 110.34  70.77  72.06
  149 -0.292 -1.160 -0.152 244.03 247.76 163.85 245.99 144.76 247.15  58.89
  150  0.398 -1.179 -0.403 215.35 247.71  15.82 248.56 191.39 248.23  70.38
  151  0.126  0.089 -0.770 214.67 118.60 208.47 118.44 181.08 118.25  67.11
  152  0.110  1.113 -0.942 176.81  12.19 123.02  12.69 199.10  15.16  61.50
  153  1.115 -0.437 -0.608  72.32 170.53 228.20 172.00 199.62 173.13  58.67
  154  0.560 -0.690 -0.347  26.12 193.52  68.03 192.47  13.34 196.81  54.08
  155  0.427 -1.177 -0.991 173.54 245.14 149.15 242.24  95.61 247.50  69.73
  156 -0.506 -0.172  0.555 186.22 145.35 220.62 145.45 246.01 145.99  58.06
  157  0.828  0.778 -0.378 190.18  48.30  51.09  44.51  68.50  45.59  51.14
  158  0.134 -0.004 -0.039 203.85 126.82  61.00 125.53  50.20 125.97  59.50
  159  0.126  0.511  0.781 187.14  73.51 197.43  72.82 229.56  73.42  71.70
  160 -0.548  0.851 -0.010  84.75  37.33 103.21  38.56  22.78  39.15  61.30
  161 -1.030 -0.090 -0.492 200.40 137.33  18.71 137.22  12.07 135.69  63.24
  162 -0.501 -0.863 -0.773  43.56 216.57  35.98 213.75 101.63 212.48  58.90
  163  1.094  0.518 -0.327 182.78  73.91  78.15  73.45 170.69  71.30  43.11
  164 -0.657  1.026 -0.204 115.04  16.08 204.10  17.76   9.64  19.15  54.67
  165  0.057 -0.853 -0.014  60.01 215.88  15.76 214.05 127.97 212.96  75.80
  166  0.151  0.950 -0.929  40.24  30.26  11.53  31.79  53.19  30.51  57.77
  167  0.007 -0.375 -0.857 122.30 165.02  95.49 164.71  37.60 163.29  58.00
  168 -0.248  1.021 -0.860  62.02  22.92 165.15  20.52  68.61  25.46  56.75
  169 -1.127 -0.975 -0.433   1.99 230.00   7.62 227.50 153.09 221.98  79.75
  170 -0.520  0.467 -0.481  36.35  77.41   8.41  79.34  34.31  79.99  66.00
  171 -0.250  0.893 -0.891 220.15  36.18 135.97  36.27  35.85  35.11  62.36
  172  0.834 -0.032  0.097  38.28 130.75  28.15 130.68 229.08 131.17  64.17
  173  0.821 -1.046  0.663 219.15 233.72  67.95 237.97  46.93 239.11  50.92
  174  0.424  0.712  0.629 153.69  52.61 240.61  51.81 201.35  49.73  77.55
  175 -0.722 -0.283  0.568 186.32 155.84 194.24 156.17  12.50 156.91  64.15
  176  0.640  1.152 -0.538 241.56  12.04 144.46   8.71  19.44   7.15  47.50
  177 -0.197  0.573  0.189 253.84  67.16 234.10  65.39 184.29  66.58  58.17
  178  0.042  0.723  0.239 178.44  51.95 202.93  51.06 130.56  51.84  49.33
  179  0.193  0.164 -0.016 182.82 108.41 218.54 108.14 238.02 106.59  53.43
  180 -0.642  0.025  0.219 160.09 123.24  69.66 123.43 197.69 123.56  72.54
  181 -0.352 -0.888 -0.166 145.22 216.84  77.74 215.26 121.66 217.12  72.31
  182 -0.643 -0.501  0.190 204.77 180.59  52.13 179.22  67.62 178.54  68.08
  183 -0.824  0.949  0.198   4.02  25.02  16.12  27.35 254.03  29.49  64.21
  184 -0.554  0.045  0.439 246.78 121.66 211.05 121.50 194.67 122.61  59.50
  185 -0.653 -0.403 -0.223  10.51 168.34  22.05 167.00 222.15 166.59  55.11
  186  0.739  0.764 -0.716 199.20  49.78 213.04  48.52 206.29  46.80  65.83
  187 -0.085 -0.735  0.137 129.21 204.05 208.06 204.18   6.90 204.13  73.78
  188 -0.314 -0.623 -0.993 106.24 188.28  69.49 187.57  37.81 189.87  68.27
  189  0.669 -0.511  0.115  54.86 180.44  60.80 180.79 164.01 181.65  64.33
  190  1.176  0.929 -0.601 216.62  35.10 143.43  33.06 177.30  30.07  49.17
  191 -0.957  0.354 -0.988 220.83  91.00 214.96  90.23 122.98  90.60  71.06
  192  0.347  1.012  0.615 190.78  19.26 139.26  16.71 160.99  15.49  62.68
  193 -0.260  0.099 -0.424 109.80 116.03  94.48 117.86 111.67 117.87  59.33
  194  0.643 -0.273 -0.293 126.79 155.53 148.87 155.46  41.64 156.53  63.40
  195 -0.340  0.457  0.397 160.28  79.06  22.19  78.91 250.14  78.75  68.39
  196 -0.491 -1.031  0.370 240.09 237.09  50.54 235.63  43.31 230.99  59.25
  197  0.225 -0.985 -0.184 109.11 227.31 190.64 227.81 196.34 230.02  71.72
  198  0.571  0.047 -0.808  35.69 120.51 182.87 122.70 150.77 121.39  60.40
  199 -1.049  0.925  0.137 154.85  27.84  30.71  29.00 164.29  31.90  65.46
  200 -1.197 -0.741 -0.156 116.07 205.77 130.78 203.77 180.26 200.27  66.81
  201 -1.062 -0.740  0.383 177.53 207.56 139.37 205.30  16.98 202.81  64.43
  202  0.269  0.800 -0.513 186.48  45.17 182.31  44.25 217.03  44.92  72.57
  203  0.733 -0.783 -0.235  23.31 207.37 126.16 207.97  56.68 209.63  45.83
  204  0.749 -0.714  0.664 101.65 199.83 124.53 199.13  95.17 204.97  64.59
  205  0.199 -1.114 -0.261  49.70 240.57 161.34 241.76 107.11 242.07  64.09
  206 -0.858  0.402 -0.427 119.65  81.69  88.40  82.13  67.82  82.84  74.35
  207  1.113 -0.625 -0.057  85.43 191.96  40.70 191.05 246.99 192.04  60.88
  208 -1.230 -0.962 -0.400 225.18 227.55 206.00 224.92 119.04 221.37  59.80
  209  0.208 -1.093  0.027 205.68 240.26 174.19 251.99 166.68 241.92  64.14
  210  1.214 -1.067 -0.716 234.01 232.62 245.20 235.33 137.88 251.90  61.62
  211  0.649  0.162 -0.519 162.69 252.53 215.27 110.57  93.67 110.79  75.05
  212  1.025 -1.211 -0.344 160.78 248.16 112.56 251.55 137.88 251.90  73.95
  213  0.058 -0.924 -0.854 102.15 220.98  91.99 219.93  48.98 220.99  80.00
  214  0.506 -0.530 -0.312  88.82 181.67 198.03 181.46 137.88 251.90  66.86
  215  0.542  0.055 -0.788 162.69 252.53   6.21 119.39 156.39 119.21  75.05
  216  0.951 -0.164  0.131 156.11 144.45 105.91 145.27 115.50 144.56  68.31
  217  1.197  0.943 -0.742 119.21  32.68 174.19 251.99 126.13  25.60  55.21
  218  1.226 -0.474 -0.244  99.52 173.75 174.19 251.99  25.22 177.98  69.18
  219  0.806  0.164  0.966 228.20 107.64 245.51 107.15 137.88 251.90  59.93
  220  0.111 -0.768 -0.915 209.26 204.98   4.69 204.81 137.88 251.90  68.14
  221  1.190 -1.184 -0.029 141.19 245.78 139.88 250.63 137.88 251.90  58.37
  222 -0.607 -0.493  0.239 168.58 180.53  34.27 178.63 137.88 251.90  76.67
  223  0.012 -1.019 -0.688  60.83 230.24  13.17 227.83 137.88 251.90  55.44
  224  0.434 -1.166  0.465 108.34 249.31 251.68 251.11 133.72 251.41  57.40
  225  1.217 -0.695  0.152 139.12 195.28 174.19 251.99  12.68 201.17  65.19
  226 -0.569 -0.806 -0.363  56.70 211.89 174.19 251.99  33.03 207.79  76.00
  227 -0.755 -1.042 -0.220  82.83 234.84 202.62 234.76 137.88 251.90  68.55
  228  0.858  0.093 -0.340  85.10 117.68 101.71 118.11 108.94 118.08  59.86
  229 -0.810 -0.589  0.520  75.29 191.50 174.19 251.99 149.63 187.91  60.60
  230 -1.118  1.000 -0.912 147.92  24.23 103.33  25.40 137.88 251.90  69.87
  231 -0.357  0.814 -0.002  93.35  42.43  98.52  42.52  75.55  43.25  71.70
  232  0.529 -1.139  0.689  12.21 245.33  57.40 249.00 137.88 251.90  58.31
  233  0.774 -0.373 -0.963  84.53 164.86  21.06 164.07  57.25 166.30  55.83
  234 -0.257  0.997  0.374  72.72  20.37 174.19 251.99 123.87  19.88  51.50
  235 -1.048 -0.081  0.270 206.65 136.38 120.44 135.04 109.44 134.24  62.50
  236  0.711 -1.019  0.171 115.70 231.96 129.47 231.31  57.41 234.96  70.06
  237  0.602 -0.780  0.039 162.69 252.53  57.28 208.62  79.29 209.99  75.05
  238 -0.894  0.466 -0.831  74.92  79.55  92.50  79.91 137.88 251.90  71.21
  239  0.549  0.097  0.331 162.69 252.53  57.49 116.20  26.18 116.24  75.05
  240 -0.376 -0.184  0.839 215.05 146.73  74.52 146.47 137.88 251.90  70.20
  241  0.085 -0.555  0.812  41.32 187.01 174.19 251.99 117.89 186.57  49.00
  242 -0.342 -0.420  0.398 214.79 171.62 174.19 251.99 130.75 170.31  55.11
  243  0.841  0.800 -0.641 145.16  46.90 174.19 251.99 119.80  43.45  45.25
