    1  0.335 -0.567  0.675 102.38 187.05 217.26 187.37  80.91 188.11  74.18
    2  0.810 -0.589 -0.733  67.48 186.25  92.11 186.34 172.14 188.51  63.74
    3 -0.422  0.313  0.355  50.84  93.75 162.97  95.20 203.50  94.49  56.57
    4 -0.895  0.310 -0.371 155.27  95.39 185.74  95.24 121.54  96.63  60.00
    5 -1.223  0.174 -0.564  92.26 107.70  79.74 108.09  98.30 109.69  63.36
    6  1.000  0.778 -0.539   5.53  48.88  37.20  44.66 157.05  43.31  57.03
    7 -0.849 -0.497 -0.969 234.60 173.67 244.84 173.93 211.69 175.29  53.32
    8  0.195 -0.071 -0.184 173.27 133.78 204.58 133.84 103.53 132.90  56.09
    9 -0.404 -0.485  0.635  97.38 177.16  33.27 176.27 199.00 177.28  57.08
   10 -0.599 -0.253  0.308 141.56 155.10 243.40 153.25 253.45 154.19  65.86
   11 -0.221  0.994 -0.903 138.59  25.48  54.00  28.25 196.68  26.20  76.12
   12 -0.916 -0.121 -0.226  12.40 138.11 116.06 136.59 207.96 138.62  54.95
   13  0.426 -0.200 -0.603 147.83 146.41  26.69 146.64 116.01 146.37  79.09
   14 -0.793 -0.902  0.181  44.59 224.50 167.29 220.41  14.35 220.60  64.57
   15  0.902  0.972  0.641  46.77  25.65  10.36  20.71 165.92  22.43  57.86
   16 -0.103 -0.319  0.857 195.55 162.22  51.99 159.53 150.67 160.55  65.57
   17  0.197  0.737  0.800  77.23  48.30 167.41  45.18 228.24  46.66  63.12
   18  0.029  0.443 -0.867 227.96  82.32 216.52  81.30 180.78  80.04  67.48
   19 -0.276 -1.192 -0.256 192.48 251.52 172.99 250.26  89.43 247.38  68.54
   20  1.110  0.468 -0.416  14.72  80.30 221.93  79.57 246.57  77.85  60.67
   21 -1.045 -0.360 -0.378 228.68 164.13 146.98 162.57  92.87 162.53  65.29
   22  0.564 -0.951 -0.725 169.31 219.81  29.68 223.08  92.71 224.46  76.34
   23 -0.708 -0.291  0.888   6.21 158.38 218.65 155.37  14.51 156.72  58.67
   24 -0.186 -0.415  0.909 178.15 170.43 227.03 170.31 147.75 171.28  69.00
   25  0.834 -1.175 -0.297 120.28 244.62 241.12 247.84 153.71 251.78  65.90
   26 -0.308 -0.802  0.841  32.15 213.36 223.16 214.10 125.22 210.46  53.80
   27 -0.989 -0.002  0.045 220.38 123.65 164.42 123.47 210.06 123.48  67.18
   28 -0.969 -0.930  0.263 154.30 224.65 156.70 224.53 155.32 220.65  71.07
   29  0.991  0.587 -0.114 162.98  67.21 246.26  67.01  24.33  63.58  43.75
   30  0.830 -0.357  0.736 164.84 162.42 195.80 164.84   6.01 165.68  63.46
   31 -0.147  0.744 -0.831  64.71  52.46  35.66  53.19 165.24  52.73  77.61
   32  0.281 -0.951 -0.669 163.01 223.61 234.80 223.41  19.80 223.42  66.88
   33  0.445 -1.212 -0.822  79.28 247.06  56.97 248.53 233.76 251.84  52.75
   34 -1.112 -1.078 -0.531  66.31 241.30 160.51 234.81 114.50 231.65  69.77
   35 -0.244  1.122  0.866 169.42 253.84 193.04 254.45 152.96 254.35  59.14
   36 -0.350 -0.563 -0.166 155.22 186.32 185.99 185.61  73.52 184.76  68.38
   37 -0.083 -0.547  0.569  90.74 186.24  75.40 185.32 180.33 185.68  58.38
   38 -1.038 -0.631  0.070 117.35 194.65  67.72 193.85 217.42 189.38  73.70
   39 -0.556 -0.073  0.849 150.99 135.54 246.52 135.53 140.66 135.64  69.32
   40 -0.615 -1.133  0.201 141.58 247.06 134.73 245.06  85.09 244.54  73.05
   41  1.113 -0.436  0.213 215.55 170.04 168.17 170.79  63.15 172.50  76.38
   42 -0.171 -0.661 -0.638  77.76 195.32  47.33 193.99 168.50 194.55  66.94
   43 -1.019  0.561 -0.980  92.72  70.01 238.79  70.56 221.99  70.44  62.12
   44  0.173 -0.318  0.991 244.20 160.91 178.65 160.12 205.29 161.54  60.20
   45 -0.683 -0.552 -0.275 237.54 185.92  41.26 184.07  35.26 180.44  65.56
   46  0.730 -0.593  0.997  22.77 189.21  51.07 188.73  35.54 192.65  54.50
   47 -0.057  0.863  0.821 114.75  35.41 248.90  35.12 153.70  34.36  71.71
   48 -0.299  0.905 -1.004 167.65  35.94 139.93  37.15 222.27  36.51  58.14
   49  0.906  0.077 -0.404 120.51 118.00  38.28 117.29  56.85 117.17  79.33
   50  0.459 -1.065  0.818 152.11 234.55 161.83 241.61 106.15 242.06  75.41
   51  0.031 -0.131  0.375 214.07 138.95 234.78 139.34 230.29 140.10  66.88
   52 -1.003  0.230 -0.371  15.78 101.78  39.14 100.65  24.82 103.32  61.55
   53 -1.002  0.841  0.544  76.43  36.37  14.81  38.15  36.48  40.84  66.07
   54  0.379 -0.177 -0.969 232.84 143.37 183.97 145.56 183.21 146.07  51.64
   55  0.316 -1.044 -0.438   9.56 234.28  14.75 231.03 238.61 234.50  51.29
   56  0.261  0.950 -0.882 196.72  29.01 229.38  32.41  93.17  29.70  81.22
   57  0.096  0.116  0.135 118.70 112.76 119.85 112.75 110.14 114.20  67.73
   58 -0.498 -0.597  0.649  38.57 190.43 163.93 188.73 120.40 189.05  64.89
   59 -0.810  0.516  0.858 246.88  71.30  90.61  70.83  64.09  73.02  52.79
   60 -0.531 -1.096 -0.695 155.11 236.10 169.16 236.47 224.47 236.63  82.77
   61  0.324  0.309  0.753 115.63  94.90  60.82  90.90  59.68  94.06  71.15
   62 -0.777 -0.626  0.264  36.85 194.56 161.11 193.85  45.64 190.81  47.14
   63  0.403 -1.065 -0.565  30.97 234.35 127.27 231.15 161.09 236.22  57.75
   64 -0.052 -0.912  0.474 140.30 224.50 185.21 224.27  38.36 220.77  66.57
   65 -1.124 -0.891  0.233 202.17 221.73 103.40 220.09 134.98 217.60  56.64
   66  0.707 -0.657  0.724 101.04 195.98   1.89 197.02 234.85 195.88  64.48
   67  0.446  0.160  0.589   6.28 109.96   4.00 110.64 141.36 110.58  59.10
   68  1.104 -1.170 -0.419 182.75 244.20 130.61 246.99 100.85 250.44  63.64
   69  0.427  0.511 -0.570  11.44  74.58  41.17  72.77   9.45  74.22  66.29
   70 -1.185  0.637  0.192 136.44  55.00 108.14  59.87  87.53  60.15  77.65
   71 -0.735  0.990 -0.715 136.14  23.66 118.59  25.71 223.70  27.91  75.74
   72 -0.588  1.091  0.496 156.18   8.77 182.70   8.13 248.51  12.16  68.05
   73  0.609  0.763 -0.759 189.93  49.96 149.38  49.23 102.62  49.16  65.84
   74  0.838 -0.556  0.565  80.48 185.17 119.44 186.32 191.90 186.80  64.94
   75 -0.373 -0.735  0.252 166.54 205.48 160.17 202.77 130.70 203.30  70.93
   76  0.570 -0.566 -0.641 230.58 184.26  58.04 185.03  86.19 186.06  62.68
   77  0.252  1.133 -0.051 239.66   8.80 101.98   7.64 197.10   5.53  48.00
   78  0.293  0.054 -0.834  58.37 120.33 220.88 120.41 214.57 120.22  64.13
   79  0.542  1.195 -0.858   7.65 253.98 141.74   5.39 129.57 253.98  57.64
   80  1.000 -0.830 -0.067  86.19 210.14  58.28 213.30  97.82 215.83  70.00
   81  1.035 -0.735  0.196 141.80 201.76 113.08 201.53  74.49 206.47  61.92
   82  0.482 -1.001 -0.627 226.51 226.35 234.44 228.58  88.00 229.90  60.67
   83  0.188  0.614 -0.938  95.94  66.01  97.12  63.37 181.31  65.63  55.83
   84 -1.199  0.250 -0.358  35.35  99.87 198.81 100.28 194.12  99.72  59.58
   85 -0.005 -0.727  0.674 180.86 202.27 236.60 205.16  31.56 203.54  78.13
   86  0.432  0.455  0.329 236.79  79.57 121.43  79.72  83.39  79.13  39.29
   87  0.954  0.229 -0.349  33.91 104.04   5.44 102.65  63.52 101.09  62.22
   88 -0.608  0.193  0.200 211.10 105.31 225.99 104.82 188.11 106.93  62.16
   89  0.145 -0.841  0.513 235.77 215.75 161.06 217.06  59.08 216.91  63.29
   90 -0.846  0.776  0.912 245.38  39.43 203.96  44.27 146.53  44.10  58.33
   91 -0.005 -0.032 -0.292  50.51 128.44 227.73 123.56 251.06 124.75  59.14
   92  0.335 -0.149 -0.649 157.89 142.04  33.99 140.68  43.88 140.45  68.26
   93  0.023 -1.144 -0.034 221.35 245.20 101.09 245.23 129.26 244.88  58.42
   94 -0.485  0.202 -0.995 224.51 104.50 252.90 107.49  42.05 105.21  49.76
   95 -0.877  0.074 -0.028  40.66 116.79  88.83 118.00  67.78 118.28  59.38
   96 -0.581  1.058 -0.061  50.61  13.80 204.07  17.24 195.28  17.26  35.00
   97 -1.103  0.876 -0.257 196.23  34.59  98.30  37.85 127.29  37.66  69.83
   98  0.963  0.045 -0.132 135.11 122.83 157.71 122.82 173.63 122.74  62.15
   99 -0.951  0.864 -0.117 176.22  35.95 158.94  38.01  71.05  38.28  67.04
  100  0.376  0.798  0.100 200.62  42.83 186.38  44.53 189.22  42.42  80.00
  101  0.443  1.048  0.365 214.07  17.52   2.97  17.17 239.31  16.35  52.33
  102  0.383 -0.408  0.084 215.65 167.25 191.61 167.50 205.18 168.75  75.76
  103  0.328 -0.888 -0.977  58.70 216.75  95.20 214.38 109.19 217.53  49.75
  104 -0.677 -0.768  0.206  61.67 208.98 161.35 207.78  61.11 206.73  60.43
  105  0.061 -1.084  0.926 175.34 242.89  88.99 243.62 126.32 243.40  60.00
  106 -1.101 -0.997 -0.199 140.92 231.68  49.24 229.47  10.72 227.53  74.14
  107  0.350  0.046 -0.174 204.81 120.57  37.23 120.64  39.46 120.65  65.64
  108 -0.374  0.097  0.371  17.27 116.51  25.30 116.88  70.57 116.48  60.40
  109  0.476 -0.700  0.008 221.89 199.18 249.23 197.66 211.69 199.62  56.29
  110  0.336 -1.132 -0.964 214.35 240.61  74.53 239.03  68.42 242.43  65.10
  111 -1.081 -0.518 -0.739 128.09 180.28  43.31 177.99  78.19 177.39  68.17
  112 -0.368  0.561 -0.380 201.72  68.66 221.22  68.95 241.72  68.57  52.67
  113  1.058 -0.945 -0.811 123.31 219.45  45.33 222.61 166.43 225.86  86.00
  114 -0.096 -0.880 -0.732 185.17 217.61 156.41 215.37  81.53 217.19  69.89
  115  0.253 -0.222  0.822  35.06 147.26 251.81 147.83 211.72 148.40  57.00
  116  1.027 -0.971 -0.118  74.16 224.65 122.72 224.72  26.87 228.57  67.63
  117  0.320  0.412 -0.261 155.14  83.82 131.18  83.72 172.54  82.89  55.00
  118 -0.824 -0.528  0.425 234.19 183.28  19.09 180.57  49.68 179.54  50.50
  119 -0.872  0.628  0.360  37.13  59.45 233.40  61.53 122.65  63.32  61.77
  120  0.690  0.273 -0.398 244.19  98.07 203.03  97.25 195.67  96.82  57.94
  121  0.720  0.299 -0.001  44.13  95.63  36.66  96.53  64.30  95.63  63.93
  122  0.480 -0.304  0.244  45.12 158.23 221.74 156.87  17.32 158.80  50.67
  123 -0.202  0.691  0.576  23.05  52.52 154.00  53.72  29.91  54.80  60.23
  124  0.040 -0.174  0.094 214.37 145.50 245.97 145.59 186.26 146.31  71.82
  125 -0.082  0.151 -0.380 212.16 111.04 184.82 110.81  30.89 111.04  74.25
  126  0.714  1.045  0.576 209.34  18.71 174.43  16.97  43.82  14.71  70.24
  127 -0.982  0.416 -0.154 110.56  83.38 168.56  83.60 151.12  83.29  63.64
  128 -0.756 -0.968  0.173 159.55 229.18  26.54 225.82 243.27 226.73  65.76
  129 -0.324  0.785 -0.913 178.29  45.70 229.97  49.17   4.09  46.94  73.51
  130 -0.880  0.272 -0.654 204.51  97.68 247.39  97.40  51.34  97.06  56.67
  131  0.900  0.575 -0.140 223.62  68.85 230.75  67.54 167.94  65.88  62.33
  132 -0.066  0.466  0.078 120.63  77.25 105.38  78.00 234.25  78.79  77.83
  133  0.165  0.300  0.245 199.51  95.58  83.82  95.26 250.48  96.24  48.89
  134 -0.768 -0.602 -0.857 197.36 188.00 210.05 187.75  14.49 186.63  64.73
  135  0.290  0.853  0.465  67.96  36.86  68.34  37.28  78.43  36.22  59.10
  136  0.761 -0.056 -0.903  66.27 132.01  10.05 131.57 214.33 132.21  65.89
  137 -0.310  0.647 -0.909 134.24  59.50   4.22  61.55 220.65  59.54  48.43
  138 -0.453  0.588 -0.006 220.27  62.94 177.99  66.77 131.56  66.69  58.86
  139 -0.715 -1.201 -0.976 108.54 251.40  54.43 247.81  53.10 245.06  68.21
  140  0.961 -0.651 -0.828 245.77 190.71  75.21 191.81 130.92 194.88  58.12
  141  1.056 -0.079 -0.932 240.11 135.17 148.31 135.59 194.78 135.74  52.80
  142  0.531  1.080 -0.839 227.03  19.55 178.20  17.78  53.42  16.71  61.67
  143  0.914 -0.827 -0.009  96.73 211.37 239.13 212.84 177.49 214.81  66.00
  144 -1.158  0.760 -0.760 199.82  45.75  95.75  49.58 199.74  49.59  86.83
  145  0.554  0.798  0.252  97.16  43.18 170.81  41.87   5.57  41.54  58.89
  146  0.303 -0.708  0.334 183.49 200.18 177.72 201.02 159.23 202.05  75.30
  147 -0.373 -1.095  0.358  75.72 243.86 177.50 242.50  95.20 238.37  57.89
  148  1.023  0.649 -0.267  73.35  60.61 121.21  57.16 133.71  57.00  59.35
  149 -0.992 -0.180 -0.370 137.63 145.98 166.17 146.04 137.71 146.09  64.89
  150  0.630 -0.342  0.798  49.35 162.27 117.20 162.50  38.71 164.31  49.12
  151  0.838  0.447  0.333 192.19  80.92 173.72  80.50 107.01  79.78  73.94
  152 -0.658 -0.800  0.597 221.07 212.33   6.16 210.74  11.67 208.42  62.30
  153 -0.511 -0.551 -0.081 166.62 185.20 219.95 184.56  25.94 182.84  63.40
  154 -0.008 -0.992  0.022 165.34 230.00 177.10 229.77 215.56 231.55  65.81
  155 -0.609 -0.499  0.662  27.16 179.48  85.18 179.90  54.56 179.19  58.53
  156  0.284 -1.188  0.318  38.94 251.55  59.43 250.99 203.83 251.94  66.47
  157  1.174  0.906 -0.284  48.12  36.50 217.33  33.41 219.71  30.19  62.75
  158  0.522 -0.164  0.681 145.68 143.37 131.52 142.01   7.43 144.01  65.95
  159  0.400  0.812  0.607 185.02  38.83  29.91  38.97  28.99  40.26  64.64
  160 -0.463  0.927 -0.143 220.29  28.20 219.49  31.34 172.44  31.47  55.46
  161  0.532  0.164  0.608 139.34 109.56 117.43 109.74  53.90 108.37  57.43
  162 -0.120 -0.082 -0.484 197.32 136.04  68.51 136.08  32.35 135.95  55.79
  163  0.924 -0.283 -0.674  97.16 155.24 135.34 155.08 222.77 156.13  70.53
  164 -1.113  1.054 -0.463 207.12  15.43  68.10  18.66 245.46  22.47  63.12
  165 -0.238 -0.241 -0.770 196.70 151.84 171.56 148.53 177.37 148.84  71.20
  166 -0.108 -1.097 -0.000 134.20 241.64  22.74 241.30 173.83 238.19  62.50
  167  1.146 -0.249 -0.863 193.69 151.91 154.98 152.09 107.86 152.13  71.24
  168  0.069 -0.260 -0.136 113.14 154.36  65.25 154.86  13.59 154.27  69.78
  169  1.149 -0.649 -0.103 193.29 192.79  20.20 194.01 124.73 195.41  55.88
  170 -0.190 -0.760  0.459 240.17 208.11  79.54 208.50 204.84 207.27  50.67
  171  0.325 -0.645 -0.611 119.89 192.47 207.14 192.29  38.76 192.75  61.62
  172 -1.022  0.113 -0.793 106.29 116.23 106.22 116.32 111.51 116.36  58.83
  173 -0.191  0.651  0.287 110.39  56.56 151.47  56.29  13.05  57.08  72.90
  174  1.092  0.570 -0.672  10.91  70.23 172.77  67.86 204.32  67.23  57.37
  175 -0.558 -0.775 -0.471 107.19 208.40 127.77 205.72  72.56 204.59  68.36
  176 -0.373  0.374 -0.344 159.19  86.09  26.88  85.29 154.96  85.36  73.37
  177  0.179  0.896 -0.034  80.63  35.67 175.51  35.12 235.61  31.92  47.57
  178 -0.144 -0.696  0.369 250.95 199.39 203.86 198.50 153.49 199.58  50.44
  179  1.126  1.110 -0.777  28.57  17.13 162.73  13.63  59.57   8.97  49.43
  180  1.076 -0.069  0.321  38.05 132.90  80.01 132.91 218.97 134.02  51.25
  181 -0.770  0.339 -0.306  27.47  90.74  15.67  90.45  88.37  91.30  47.20
  182  0.893 -0.268 -0.666 207.57 152.80  21.06 154.93  50.38 154.41  50.57
  183 -0.104  0.177  0.214  59.64 107.66  64.61 108.06 110.55 108.14  51.12
  184  0.023 -0.892 -0.503 104.40 218.00 206.58 217.80   7.65 219.10  70.78
  185  0.868 -0.533  0.421 109.98 182.21  63.39 181.46  65.94 184.29  58.75
  186  0.574  0.330 -0.953  24.20  94.52  49.17  93.41 104.24  91.53  46.00
  187 -1.174 -0.793  0.026 226.21 212.32  57.34 208.75  80.78 208.00  62.80
  188  0.131  0.981  0.146 155.77  20.11   2.00  20.73   7.99  23.87  65.69
  189  0.319  1.062  0.950  40.84  13.74 154.35  10.83 140.71   9.80  53.77
  190 -0.069  0.701 -0.634 144.58  54.65 106.84  54.84  75.13  55.47  61.00
  191 -0.451 -0.868 -0.150  83.82 217.65 143.68 217.40 211.16 216.73  65.12
  192 -0.581  0.882 -0.178 189.80  35.28 122.15  35.69 124.56  37.54  55.00
  193  0.378 -0.889 -0.131  93.82 219.22 183.77 219.18 136.74 219.80  62.54
  194 -0.237  0.511  0.003  98.41  71.81  26.32  72.13 211.18  73.18  62.29
  195 -0.215  0.117 -0.389 190.62 114.33 154.07 114.14 119.53 116.13  57.33
  196 -0.162  0.610 -0.799  78.64  62.33  36.39  62.04 212.11  65.81  51.83
  197  0.032 -1.221 -0.933  91.68 248.86 213.89 248.87  57.70 249.05  67.71
  198  1.167  1.007 -0.581  86.97  27.20 153.54  25.60  66.52  19.99  63.35
  199  0.242  0.132  0.717 203.81 111.46 175.65 111.23 134.15 111.05  64.20
  200  0.597 -0.371  0.551 243.73 165.47  21.29 165.08 225.46 166.21  67.96
  201  0.308 -0.741  0.842  35.65 205.63  59.78 207.27  47.72 207.33  59.55
  202  0.960 -0.411 -0.250  29.75 166.24 216.98 166.43  22.68 169.55  63.59
  203  1.045 -0.109 -0.474 250.18 137.92 234.15 136.27 238.69 136.69  50.40
  204 -0.221  0.486  0.005 119.07  74.84 103.64  75.24  94.49  75.35  61.71
  205  0.764  0.974 -0.290 246.19  27.40 246.83  25.91 245.88  25.90  62.59
  206 -0.482 -0.043 -0.808 249.44 128.86 127.76 131.50 126.69 131.51  50.13
  207  0.266 -1.101  0.279  18.10 241.76 173.98 242.71 182.17 243.55  61.89
  208  1.037 -0.159  0.359 211.16 143.20 162.21 143.35 139.26 143.57  52.00
  209 -0.960  0.727 -0.531 165.62  51.91 189.71  51.30 161.61  55.31  64.26
  210  0.989  0.475 -0.139 132.48  78.54 171.61  76.32  95.89  77.75  81.11
  211  0.254  0.733 -0.705  96.16  52.61  60.73  53.48 121.56  49.53  68.00
  212  0.490 -1.191  0.205 149.01 249.86  99.93 250.85 186.84 252.56  64.36
  213  0.457  0.898 -0.134 237.73 253.25 154.47  32.89  80.07  33.39  71.00
  214 -0.664 -1.182 -0.025 105.78 252.22 131.38 250.82 119.38 247.22  78.48
  215  0.396  0.439 -0.545  25.89  82.61 235.31  80.85 142.91  79.89  48.79
  216 -0.193 -0.812 -0.702 110.74 209.37 179.64 253.03 111.37 208.06  72.00
  217 -0.566 -0.613  0.749 181.55 193.74 224.98 193.77 186.84 252.56  71.08
  218  0.732 -0.837  0.750 145.25 214.72  85.08 217.54 186.84 252.56  65.72
  219 -0.017 -0.956  0.672  60.53 228.32 179.64 253.03  41.98 227.59  60.38
  220  0.255  1.034 -0.719 205.06  19.73 179.64 253.03 246.38  19.47  83.54
  221  1.151 -0.659  0.309 237.73 253.25 107.92 195.84 226.66 197.61  71.00
  222 -1.020 -0.254  0.310  88.46 155.24  74.26 154.04 123.91 152.73  71.29
  223  0.733  0.814 -0.154 237.73 253.25  21.94  39.04 129.25  41.26  71.00
  224  0.520 -0.851  0.717 133.04 217.19 177.23 218.55 186.84 252.56  70.96
  225 -0.822  0.711  0.001 207.73  50.60 113.47  53.48 186.84 252.56  65.08
  226  0.229  0.711 -0.663 237.73 253.25  42.91  54.57  72.72  54.27  71.00
  227  0.470 -0.867  0.065 189.50 217.54  81.59 217.75 186.84 252.56  81.10
  228 -0.485 -0.755  0.290  15.03 207.43 179.64 253.03  89.12 205.58  58.80
  229  0.308 -0.628  0.341 146.46 193.49 179.64 253.03 145.00 193.18  57.62
  230 -1.214  1.034  0.031 237.73 253.25 181.71  19.69 175.19  22.55  71.00
  231 -0.223  0.470  0.319 156.81  76.50 179.64 253.03 228.29  78.08  71.29
  232 -0.329  0.112  0.403 154.44 116.14 138.33 116.13  28.59 116.24  71.20
  233 -0.883  0.109 -0.497 125.97 116.38  93.60 116.56 186.84 252.56  61.25
  234  1.302 -0.327 -0.261 193.11 159.79 179.64 253.03  72.84 162.22  76.62
  235  1.025  0.989 -0.973 237.73 253.25 206.98  28.55  43.35  22.98  71.00
  236  0.418  0.568  0.598 122.06  66.45  81.28  67.22 186.84 252.56  62.00
  237 -0.238 -0.880  0.123 237.73 253.25 130.81 219.11 182.03 218.66  71.00
  238 -0.661  0.732 -0.400 237.73 253.25  11.41  51.67  43.90  53.07  71.00
  239  0.641 -1.252 -0.735  78.58 253.17 179.64 253.03 186.84 252.56  72.28
  240  1.173 -0.186  0.366 237.73 253.25 132.42 146.41  43.00 146.32  71.00
  241 -0.510 -0.243  0.506  90.20 152.60 104.17 152.66 186.84 252.56  71.77
  242 -0.380  0.363 -0.582  81.02  89.61 179.64 253.03 175.79  90.88  54.08
  243 -0.932 -0.895  0.478 237.73 253.25  10.47 221.69  89.68 219.71  71.00
