    1  0.922 -0.142  0.663 133.47 140.29 181.41 140.51  33.55 142.26  71.60
    2  1.107 -0.063 -0.745 145.71 131.83 165.45 131.85 176.64 131.90  62.33
    3 -1.092  0.242 -0.351 132.32 101.85 155.24 102.36 246.75 103.61  64.80
    4 -0.736 -0.834 -0.902 184.22 213.50 140.20 209.69 125.89 210.09  66.80
    5  0.382  0.632  0.085   6.08  61.25 221.04  61.34  57.99  58.27  55.57
    6  0.057 -0.803 -0.995  64.01 206.76   9.10 204.76 149.52 207.95  64.57
    7 -0.518  1.039 -0.748   5.90  17.41  19.23  20.11 180.86  21.61  58.45
    8 -0.973 -0.215 -0.063  80.66 149.78  89.43 148.86  64.98 148.65  58.55
    9  0.275 -0.373  0.508  45.47 166.06 146.51 166.88 228.24 167.18  58.04
   10 -0.031 -0.468  0.496  93.97 173.09 202.65 172.88 246.96 172.72  64.44
   11 -0.851  0.380  0.348  99.12  86.90 231.97  86.99  55.97  88.05  70.44
   12  1.173  0.415 -0.678 133.65  86.18 159.52  85.12 148.92  82.64  61.88
   13  0.844  0.477  0.454 193.48  77.36 157.67  76.81  34.63  76.07  71.65
   14  0.223 -0.753 -0.717  49.95 200.95   6.15 201.34 227.41 204.10  74.50
   15 -1.139  0.733  0.063 106.98  48.84  68.68  51.41  58.84  52.33  73.90
   16 -0.312 -0.434 -0.483 200.62 171.99 115.39 169.59 132.90 169.79  45.50
   17  0.659  0.546  0.669  85.21  70.61  84.92  69.02 193.86  68.47  76.64
   18  0.042 -1.146 -0.790  90.06 243.29 114.29 241.46 120.83 243.15  55.14
   19  0.735 -0.329 -0.244 148.69 156.47 120.03 155.97 149.14 159.91  73.06
   20 -1.056  1.048 -0.165 198.03  14.50 147.88  16.88   5.22  20.51  65.97
   21  0.226  0.613  0.287 194.93  62.63 168.05  62.41  88.01  62.23  71.75
   22  0.888 -0.102 -0.681 201.00 138.02 101.52 137.80 116.38 137.81  54.67
   23  0.368 -0.035 -0.728  29.24 123.69  52.13 123.00  44.46 122.70  50.00
   24  0.567 -0.927 -0.209  45.94 219.96  85.55 222.48 210.43 224.97  61.81
   25  0.275  0.482  0.712  51.56  74.55  91.72  74.20  69.27  75.47  46.80
   26 -1.081 -0.529 -0.434 190.92 181.26 207.50 179.10 232.54 179.32  67.61
   27  0.387 -0.482  0.036 244.25 175.82 240.38 177.11 206.66 178.51  60.46
   28 -0.989 -0.861 -0.080 201.88 217.37 144.10 214.10 221.40 214.99  66.56
   29  0.161 -1.048  0.781  99.28 238.25 112.45 237.09 129.28 237.41  69.00
   30 -0.691 -0.135  0.526 185.32 139.77  80.63 140.20  41.81 139.99  76.77
   31  0.592 -0.563  0.137  81.99 185.12  43.41 184.87 225.35 184.76  72.88
   32 -0.157 -1.077 -0.725 199.86 237.50  33.78 236.33  39.26 234.86  67.25
   33 -0.325 -0.258 -0.830  48.00 151.12 222.49 152.14 163.52 152.53  62.22
   34 -0.508 -0.384  0.323 170.15 167.90 134.49 168.04  52.36 167.97  74.00
   35 -0.710 -0.074  0.026  71.84 135.07   7.33 134.98 245.63 134.82  53.29
   36 -0.520 -0.103  0.009 231.39 138.41 218.06 138.60  51.89 135.84  52.50
   37 -0.546 -0.998  0.969  57.18 231.96  19.11 235.63  43.69 233.47  64.55
   38 -0.561  0.956  0.104 155.60  23.97 173.51  23.49 193.17  27.33  62.75
   39  0.247  0.733  0.546 176.47  50.64 117.62  49.86 206.87  49.19  74.88
   40 -1.192  0.216 -0.673 209.34 103.65  16.36 103.48 224.95 103.80  60.89
   41  0.187  0.825 -0.776 196.04  41.95 172.95  39.16  92.58  41.14  46.25
   42  0.401  0.754 -0.001  56.85  50.35 134.72  48.00 112.42  47.86  61.22
   43  0.115 -0.784  0.012 140.40 207.20 147.11 207.30   6.74 209.22  69.68
   44  0.938  0.176  0.621  64.00 109.75 246.01 109.26  37.72 106.86  55.44
   45  0.747 -0.479  0.538 157.09 177.74 168.51 178.35 149.98 178.91  60.00
   46 -0.917 -0.546 -0.633  70.56 184.57  17.88 182.35  37.86 181.14  52.10
   47 -1.059 -0.069 -0.533 208.76 134.47 239.94 134.61 151.93 133.15  59.91
   48 -0.520  0.815 -0.787 185.70  40.13 147.12  45.10 140.80  45.94  71.40
   49 -0.625  0.296 -0.116 240.94  96.50 202.70  95.73 233.31  96.66  65.88
   50 -0.945 -0.357 -0.206 160.55 165.39 203.83 162.15 239.35 162.78  68.95
   51 -0.484 -1.068 -0.839  50.52 237.33  29.27 234.40  58.63 234.55  48.25
   52  0.967  0.566  0.639  43.32  68.92 173.89  66.86 196.24  65.43  65.90
   53  0.213  0.889  0.544  83.53  33.90 193.33  32.04 157.08  31.15  58.00
   54  0.103 -0.310 -0.633 170.28 155.47 139.19 155.66 105.10 155.63  68.46
   55 -0.234  0.783  0.403  63.93  44.48 147.19  41.05 241.56  45.64  61.85
   56 -0.130 -1.049  0.950 185.97 239.56 101.84 241.03 104.70 235.24  66.44
   57  0.207  0.138  0.089 178.67 110.60 166.08 110.44  19.26 111.47  50.33
   58  0.005 -0.616  0.263 154.85 191.98  21.26 192.60  48.87 192.23  67.35
   59  0.690  0.301  0.968  54.10  92.22  20.16  93.29  14.69  94.20  75.17
   60  0.726 -0.874 -0.083  12.49 215.67  25.87 217.42  64.27 219.19  53.18
   61 -0.475 -0.260 -0.352 166.54 152.68 114.72 152.86 118.56 154.26  62.96
   62  0.056 -0.934  0.864 130.20 226.66 100.92 227.00 163.36 228.25  69.26
   63  0.474  0.675  0.546 117.67  54.90 144.64  54.29  13.27  54.03  61.59
   64 -0.592  0.676  0.819 167.80  54.68 238.04  52.26 138.40  55.97  73.36
   65 -0.873 -0.634 -0.262  61.22 194.57 128.77 192.87 223.85 189.43  63.92
   66 -0.443 -0.111  0.864   8.57 139.53  74.24 138.98 227.93 139.02  58.11
   67  0.815  0.123 -0.110 203.44 114.81 149.86 113.81 151.28 111.98  56.18
   68 -0.289 -0.926  0.414  93.33 224.65 251.76 222.84   2.43 223.11  53.50
   69 -0.574 -0.822 -0.350 159.16 213.86  54.38 211.94  13.41 210.13  68.75
   70 -0.647  0.447  0.581 144.31  77.52 217.46  77.78  94.00  80.12  57.41
   71 -0.358 -0.554 -0.697  24.40 184.11  35.29 183.55 238.41 183.34  59.76
   72 -0.660 -0.561 -0.199 198.72 186.27  92.08 184.26 110.57 184.15  67.18
   73  1.067  0.231 -0.269  26.27 102.67 225.36 103.23  13.74 103.49  62.57
   74  1.070 -0.466  0.236 197.17 172.26 163.59 172.60 189.61 173.86  62.62
   75 -0.577  0.007 -0.121  79.86 122.88  94.23 121.81  85.75 122.25  68.50
   76  0.268 -0.621 -0.253 171.73 187.07 251.61 187.43  22.78 191.75  58.25
   77  0.563  0.610 -0.778  41.91  65.72  17.99  63.53 125.50  63.57  60.38
   78 -0.422  0.920  0.535  93.03  27.04 195.45  29.60 201.28  30.51  79.27
   79 -0.933 -1.067 -0.645  20.16 239.27  79.62 235.64 183.59 233.73  51.29
   80 -0.451  0.648 -0.319 196.36  60.46  63.19  60.89 225.57  59.36  63.17
   81  0.933  0.088 -0.977  95.32 118.80 112.40 118.36 164.08 118.74  70.03
   82  0.103 -0.258  0.521  84.01 155.34  95.56 154.26  87.26 154.67  81.00
   83  0.175  0.807  1.000 221.34  40.03  94.12  38.94 148.40  38.10  65.86
   84  0.056  0.374  0.394 236.11  88.00  38.64  88.25 181.09  87.48  71.00
   85 -0.897 -0.395 -0.402 106.36 169.20 157.47 167.74 144.60 167.28  69.00
   86  0.150  0.531  0.226 220.02  71.54  18.22  70.95  40.87  72.10  61.00
   87  0.088  0.160 -0.727 248.51 110.02  10.60 110.21 143.57 110.24  57.88
   88 -0.139 -0.480  0.475 228.40 178.00 125.02 177.81  93.84 177.65  60.92
   89  0.335 -0.640 -0.996  72.44 187.33 206.36 187.68 149.87 192.86  76.05
   90  0.781 -0.594 -0.990  32.72 185.22 190.11 187.08 165.17 188.04  63.58
   91 -0.367 -0.195  0.458  47.04 145.03  40.94 144.60 234.85 147.24  94.25
   92 -0.343  0.508  0.610 237.46  73.04  73.30  71.87  75.56  72.23  56.62
   93  0.428  0.852  0.174 139.61  38.52 236.63  38.42 225.02  35.56  69.08
   94 -0.991  0.706 -0.757 232.53  53.54  64.71  55.74  30.32  57.13  52.12
   95  0.936 -0.973  0.509 179.77 228.03 134.32 228.69 145.72 232.86  70.50
   96  0.786  0.579 -0.996 243.47  70.33 198.58  70.01 248.46  68.26  57.11
   97  0.949  0.245 -0.384 160.08 102.56 111.41 101.97  83.64 101.34  77.94
   98 -0.040  1.000 -0.920   5.51  25.46  75.98  23.42  20.87  24.24  42.56
   99 -0.201  0.352 -0.501 160.96  88.91 183.23  91.32 249.79  90.70  66.47
  100 -0.444  0.450  0.166 103.17  80.02  59.51  80.68  35.18  81.61  65.54
  101 -1.081  0.563 -0.511  68.83  67.91  51.29  70.36 251.81  69.91  66.62
  102 -1.165 -0.697  0.230 230.59 200.60 236.66 199.91  61.12 198.04  59.09
  103 -0.335  0.065 -0.633  26.50 119.35 221.62 119.46 237.58 119.09  58.83
  104  0.105 -1.152  0.430 246.11 243.96 213.95 247.32 169.76 249.11  70.73
  105  0.348 -0.507  0.484  38.39 179.01 113.53 179.01 164.47 179.94  59.00
  106 -0.558  0.389  0.258 202.97  85.62  86.78  86.42  51.86  87.02  62.57
  107  0.356 -0.819  0.298 151.39 209.59  72.92 213.78 124.85 214.56  71.47
  108 -0.572  0.737  0.150  36.90  49.56  79.29  50.84 136.75  51.23  63.35
  109  0.831  1.130 -0.413  42.64  13.64 234.55   5.15  40.09   5.91  59.90
  110  0.193  1.093 -0.504 122.85  14.79 180.85  13.09  16.82  11.63  67.54
  111 -0.417 -1.004  0.980 129.10 233.53  69.30 236.01  28.23 233.86  43.14
  112  0.185 -0.773 -0.443 133.37 204.49 150.73 204.36 238.29 204.77  68.86
  113  1.174  0.660  0.177  54.73  60.47 178.53  56.62 117.05  54.23  54.14
  114 -0.532  0.548 -0.179 156.50  70.00  93.49  70.49 109.75  70.18  59.25
  115  0.989  0.684 -0.808 114.46  60.10  28.29  57.01 218.87  57.04  62.43
  116  1.029 -0.819 -0.279 108.43 209.13 177.06 211.82 120.36 212.35  66.39
  117  1.130  0.182  0.091 155.37 109.50 237.96 104.55  33.66 104.02  79.40
  118 -0.246  0.264  0.277 116.27  99.28 106.50  99.40 147.09  99.04  82.05
  119 -0.653 -1.140  0.444 114.69 244.46 221.42 246.75 247.57 244.08  66.97
  120 -0.365  0.462 -0.707 178.97  80.30  81.80  81.23 106.57  81.33  62.50
  121  0.771  0.935  0.250 181.71  30.57  19.39  29.07 146.87  27.30  63.78
  122  0.745 -1.076 -0.176 140.53 237.26  83.22 236.65  66.56 240.42  54.25
  123  0.720 -0.366 -0.961 125.80 159.79 138.73 159.68 192.70 162.88  76.73
  124  1.124 -0.101 -0.202  76.16 136.14 193.77 138.19  69.18 138.84  70.82
  125 -1.184 -0.377  0.095 185.27 167.41 164.99 165.80 217.29 165.83  76.67
  126 -0.589 -0.404  0.424  42.82 169.80  74.88 168.68 222.18 168.39  64.31
  127 -0.924 -0.683 -0.874  10.90 197.51  38.50 193.46 183.32 193.32  59.62
  128  0.665  0.754  0.941 227.91  47.67  75.85  46.16 231.98  44.75  60.50
  129 -0.524 -0.807  0.484  39.97 214.16 234.18 212.40  85.30 211.11  65.18
  130 -0.016  1.105 -0.431 177.38  14.18 213.20  12.70 171.18  11.18  64.50
  131  0.682 -0.889 -0.817 110.88 214.68 165.63 214.34 232.74 219.14  70.90
  132  1.060  0.432  0.187 154.44  82.29 131.15  81.26 110.32  81.61  81.91
  133  0.444 -0.046  0.123  83.02 127.53  68.58 127.57  69.22 127.59  68.33
  134 -0.211  0.279 -0.134 117.81  96.94  63.68  97.62  64.84  98.00  64.88
  135  0.525  0.352  0.231 166.59  88.49 180.21  88.39  26.67  89.14  62.44
  136 -0.126 -0.227  0.953  29.19 150.68  27.41 150.52  32.51 150.03  49.00
  137  0.722 -0.433 -0.192 102.61 171.50  96.41 172.51 116.32 172.70  79.62
  138 -0.507  0.291  0.618 162.93  92.48 236.75  95.72 142.29  95.31  73.00
  139 -0.710 -0.202  0.146 232.55 146.96 225.91 147.62 193.24 147.88  62.04
  140  0.857 -0.155 -0.609  96.92 142.84  54.99 142.58 176.44 143.74  67.61
  141 -1.074 -1.057 -0.572  65.41 237.77 136.10 232.24 108.00 232.19  64.94
  142  0.526  0.582 -0.808 251.76  69.69 223.21  68.75 176.11  67.52  59.86
  143  0.290  0.400  0.914  48.40  84.14 239.17  83.00 238.01  84.57  65.36
  144  0.261  0.250 -0.101 156.28 101.23  70.02 101.39  59.13 101.19  62.12
  145  0.685  0.815 -0.992 128.00  44.86 103.58  45.64   6.44  43.21  68.44
  146  0.511  1.119 -0.228  31.69  13.62 199.78   8.57 211.80   7.92  62.09
  147 -0.091  0.254  0.615 140.93 100.46 115.71  99.50  94.47 100.63  72.81
  148  1.199 -0.720 -0.292 198.57 198.08 199.71 200.16 248.05 202.40  80.88
  149  0.447  1.034 -0.650  65.59  21.29 234.79  20.73 163.63  18.70  66.05
  150  0.178 -0.377 -0.330 190.11 165.96  30.93 165.06 131.12 166.65  58.56
  151  0.872 -1.110  0.704 109.63 242.16 148.71 242.61  40.03 246.57  70.42
  152  0.990  0.394  0.204 217.00  87.11 246.92  86.25  10.75  85.61  58.92
  153 -0.388  0.391  0.738 241.45  84.15  63.07  85.35  92.19  85.63  59.88
  154  0.931 -0.183  0.242 192.63 143.77 215.19 143.99 217.36 144.41  59.00
  155  0.110  0.909 -0.482 181.17  34.69 150.89  33.98  56.89  31.91  71.56
  156  0.058 -0.374  0.621 143.93 166.92   4.87 167.59 121.42 167.94  60.33
  157 -0.128 -0.409 -0.751 222.66 169.58  36.53 168.65  57.87 168.14  50.56
  158  0.062  0.766  0.237 163.35  47.38 199.98  46.98  79.12  46.25  65.00
  159 -0.809 -0.694 -0.433 234.31 200.36  35.42 196.85 215.00 194.89  58.33
  160 -0.854 -0.160 -0.398 248.87 143.01 226.60 143.42 231.63 143.49  66.69
  161 -0.608  0.629  0.776  39.69  55.25 251.06  59.23 147.57  61.67  53.31
  162  0.770  0.758 -0.541 239.63  50.83 154.47  50.44 152.64  49.03  68.00
  163 -1.194  0.594 -0.677 172.15  64.27  26.81  67.39 224.52  68.65  76.57
  164 -0.214  0.750  0.159 155.41  48.15 247.96  47.48 117.18  50.13  77.57
  165 -1.031  0.334  0.255 196.64  91.77 107.80  92.41 117.02  92.39  69.21
  166 -0.843  0.530 -0.720 162.87  72.80 143.97  72.61  61.07  74.76  62.09
  167  1.058  1.068 -0.810 122.77  19.61 145.10  20.02 152.38  15.73  64.67
  168  1.187 -0.909  0.037 146.29 219.70  32.26 220.96  73.66 225.21  63.35
  169  0.658  0.967 -0.451 102.56  27.08  69.70  28.59 246.71  26.54  62.81
  170 -0.419 -0.920 -0.401 183.04 222.71   2.48 220.49 208.48 220.01  61.00
  171 -0.952 -0.618  0.232 132.88 192.23 253.04 192.85 203.95 189.11  54.15
  172  0.356 -0.364 -0.301 196.26 161.61 200.28 164.94  40.63 164.32  68.66
  173  1.162  0.784 -0.216 120.52  49.21 196.79  46.73 161.94  44.10  75.80
  174 -0.081 -0.266  0.411 127.65 155.37  79.54 154.85 115.94 155.44  74.50
  175  0.090  0.450  0.770 233.44  78.95  92.13  77.53  71.69  77.71  65.12
  176  0.508  0.112 -0.809  35.48 115.65 243.35 114.54 131.42 113.80  55.39
  177  0.893  0.559  0.595  38.03  69.92 231.27  68.02 162.70  65.97  59.26
  178 -0.741 -0.928  0.948  98.85 228.14 224.35 226.41 175.76 225.43  79.00
  179 -1.099  0.645 -0.904  87.39  60.73  82.01  61.81  30.69  62.25  69.60
  180  0.155  0.180  0.023   5.36 105.57   7.62 106.41 217.80 108.71  56.00
  181 -0.954 -0.920 -0.838  42.26 223.33 101.76 219.44 210.77 215.85  48.83
  182 -0.650  0.428 -0.887 141.17  80.96 154.71  83.12 106.78  85.09  76.75
  183  0.156  0.702  0.338 187.90  52.32   9.70  51.98  96.56  52.52  78.47
  184  0.072 -0.986  0.365   3.84 229.94 227.50 231.32  87.13 228.34  54.86
  185  0.362  0.171  0.144 243.61 109.77 228.11 109.52 179.54 109.09  61.67
  186 -0.339  0.470  0.905 124.30  76.77  43.13  74.76 176.85  76.71  67.85
  187  0.547 -0.109 -0.106  93.20 139.10 244.03 138.68 222.82 138.86  74.31
  188  0.827 -0.546 -0.912 146.32 179.12 165.10 181.91  35.86 183.75  69.11
  189  0.195 -1.087  0.332  30.88 239.58  26.19 241.05 100.01 240.53  58.78
  190  0.917  0.661 -0.684 250.87  61.21 227.82  59.38 236.72  57.14  54.64
  191  0.152 -0.823  0.126 220.13 210.49  69.39 212.46  49.80 212.30  70.20
  192 -0.728  0.052  0.172  86.46 121.54  60.96 121.21 110.22 121.70  68.03
  193  0.808 -0.657  0.422  50.12 195.15  42.71 193.88  68.15 195.83  64.50
  194  0.674  0.850  0.520 242.19  38.04 139.49  35.59  83.64  35.33  49.68
  195 -0.315  0.922 -0.762 218.95  32.10 136.74  32.85 114.28  33.64  51.25
  196  0.509  0.392 -0.500  74.95  87.38  69.73  87.46 200.21  85.92  63.67
  197  0.061 -1.223 -0.885  97.35 250.66 139.32 249.93 108.66 250.11  62.33
  198  0.168  1.078 -0.872 138.71  16.80 126.63  15.39  10.36  16.49  66.92
  199 -0.268 -0.968 -0.462  26.67 226.98  97.73 226.03 225.22 225.95  45.00
  200 -0.157  0.096 -0.829 154.87 117.10 212.52 115.57 195.29 115.28  43.75
  201 -0.955 -1.024 -0.044 127.94 237.01 172.49 231.59 240.10 228.30  71.60
  202  0.711  1.187 -0.791 225.29   7.98  26.07   3.30 154.54 252.34  64.56
  203 -0.901  0.894 -0.581 194.35  32.58  96.48  35.25 158.28  36.68  74.78
  204  0.693 -0.692 -0.100 244.67 196.02  45.61 199.09 191.08 199.12  56.14
  205  0.330 -0.414  0.767 100.78 169.95  66.09 170.85  46.65 170.17  70.36
  206  0.342  0.915  0.584 114.95  31.55 209.12  30.25 177.60  28.28  58.31
  207  0.258  0.442 -0.246  81.01  80.78  91.33  81.62  69.76  81.75  67.61
  208  0.614  0.708  0.926 184.18  51.06 206.50  51.17  69.74  50.67  76.06
  209 -0.433  0.586 -0.861 160.89  67.17   7.52  68.24 244.71  69.49  64.36
  210  0.085  0.955 -0.890 122.48  29.82 164.68  30.77 175.89  30.32  69.92
  211 -1.064  0.169  0.309 253.45 108.21 144.34 109.47 129.17 109.50  42.30
  212  0.422 -0.986  0.229 108.83 229.68  20.35 229.29  33.26 232.15  60.38
  213 -0.320  0.836  0.727 185.95  35.91 199.66  38.14 108.66 250.11  40.11
  214  0.876 -0.222  0.881 248.46 253.15  54.10 149.28  47.09 148.92  53.97
  215 -1.002 -1.231 -0.751 248.46 253.15 134.46 251.06 157.10 249.36  53.97
  216 -0.578  0.758 -0.837  93.57  50.00 187.41 252.37  64.93  51.77  67.08
  217  0.280 -1.241 -0.566 248.46 253.15 187.41 252.37 108.66 250.11  53.97
  218  0.355 -0.360  0.450 167.63 164.53 187.41 252.37 159.49 166.03  57.76
  219  0.590 -1.238 -0.931 166.86 249.44  11.24 250.28 108.66 250.11  65.70
  220  1.056  0.875 -0.303 248.46 253.15  36.81  37.25 116.70  35.30  53.97
  221 -0.467  0.739  0.234 248.46 253.15 169.89  49.99  82.07  50.83  53.97
  222  0.289  0.279 -0.124  78.80  97.02  74.28  97.27  46.11  97.72  69.50
  223 -0.257 -1.094 -0.202 166.12 241.20 205.07 239.19 108.66 250.11  62.89
  224  1.080 -0.714 -0.887 248.46 253.15 204.31 197.57 241.95 201.73  53.97
  225  1.182  0.572 -0.621 171.97  70.92 181.20  69.68 181.57  66.62  44.00
  226  0.628 -0.095  0.115  22.95 135.49  54.49 135.97 108.66 250.11  60.37
  227  0.352  0.349 -0.238 103.43  92.02 134.15  88.79 108.66 250.11  66.33
  228  0.027  0.447  0.306 248.46 253.15 125.58  81.04  48.99  78.44  53.97
  229 -1.087  0.991 -0.953 202.34  22.68 124.25  28.03 108.66 250.11  54.75
  230 -0.026  0.453  0.077 106.32  80.69 137.89  80.05 108.66 250.11  81.64
  231  0.892 -0.911  0.923 248.46 253.15 186.71 223.75  12.00 226.09  53.97
  232  0.452 -0.774  0.953 248.46 253.15 133.97 208.54  78.43 211.71  53.97
  233 -0.248 -0.853  0.728 169.71 216.91 196.88 217.72 108.66 250.11  61.63
  234 -0.071 -0.262 -0.168  80.28 154.65 187.41 252.37 236.53 154.26  79.79
  235 -0.264 -0.094 -0.632 248.46 253.15  20.46 135.27  43.69 135.04  53.97
  236 -0.403 -0.925 -0.278  87.16 223.78 187.41 252.37 185.95 220.69  71.60
  237 -0.161  0.252  0.168  97.73 100.98 118.57 101.19 108.66 250.11  72.50
  238  0.442  0.595 -0.168   5.00  66.00 152.05  63.92  54.41  64.71  60.33
  239  0.798 -1.108  0.851 248.46 253.15 132.51 243.73 251.62 248.63  53.97
  240 -0.091  0.730  0.653 166.49  50.28 187.41 252.37 190.32  50.36  66.21
  241 -0.763  0.573 -0.738 173.62  67.42 248.12  70.29 108.66 250.11  77.75
  242 -0.985  0.590 -0.200 178.11  62.96 185.03  66.78 108.66 250.11  70.37
