    1  0.001 -0.531 -0.898  84.72 181.57  96.59 180.78 115.67 180.75  76.55
    2 -0.886 -0.068  0.018  15.45 133.78  95.23 133.49 139.01 132.27  53.21
    3 -0.808  0.321 -0.518 133.95  93.18 160.04  93.19 179.03  92.59  59.70
    4  0.366 -0.997  0.879  75.67 233.18 135.56 232.36   9.87 229.22  69.76
    5 -0.096  0.518  0.193  67.43  73.04  69.28  71.41 240.18  73.75  74.90
    6 -0.669 -0.759 -0.726 198.96 203.34  98.27 202.69  18.74 203.38  67.50
    7 -0.558  0.245  0.361  91.65 101.26  23.39 100.31 122.04 101.59  55.00
    8 -0.697 -0.569 -0.168 134.46 185.80 102.47 185.53  26.10 184.16  72.29
    9  0.306 -0.004 -0.441 144.38 127.36  99.41 127.36  62.72 127.36  68.82
   10 -0.562 -0.326  0.177 251.82 161.00  26.73 158.74 149.85 159.85  42.00
   11 -1.148 -0.761 -0.613  52.41 206.77 183.55 203.81 110.85 201.79  62.28
   12  0.598 -0.467 -0.342  16.94 172.98 157.45 172.06  11.23 174.89  49.25
   13 -0.320 -1.082 -0.249  25.21 239.09 119.03 237.90 133.46 237.68  59.50
   14  0.451 -0.017 -0.396  29.51 129.16 159.54 128.64 160.44 128.64  50.83
   15 -1.202 -0.249 -0.620 240.69 150.46 145.15 150.00 107.61 150.06  53.33
   16 -0.037 -0.777  0.220 241.29 209.28  11.99 205.49 179.11 205.14  63.12
   17  1.054  0.605  0.398 120.23  65.22 167.42  60.34 248.07  61.00  75.66
   18 -0.270  0.008  0.732 119.52 126.49  64.55 126.48  28.29 126.53  69.12
   19 -0.278 -0.691  0.930  86.80 198.34 111.66 196.75  58.29 196.15  60.43
   20 -0.624 -0.448 -0.462  30.77 172.66   9.82 171.23 183.22 170.54  63.52
   21 -0.876  0.507 -0.894 139.33  73.88  23.51  74.92   7.66  76.38  65.75
   22 -0.632  0.731  0.000   8.93  48.67 118.31  49.01 188.85  52.87  54.85
   23 -0.582 -0.116  0.257 196.90 137.90 166.32 138.00 218.79 138.70  66.21
   24 -0.976 -0.376 -0.434 215.71 167.73  84.81 163.47 109.11 163.38  66.25
   25  0.524  1.131  0.126  14.08  10.24 133.05   8.75 139.25   7.95  60.16
   26  0.757  0.486 -0.534  17.97  77.75  40.41  77.40  34.00  75.99  55.09
   27 -1.053  0.581 -0.075 150.12  65.86 170.90  66.93 179.43  68.41  55.00
   28 -0.220  0.708 -0.567  82.54  50.93 215.02  55.42  59.69  53.36  69.16
   29 -0.432 -0.350 -0.831 253.88 161.10 199.21 159.36  35.22 159.98  48.00
   30 -1.027 -0.027  0.187 136.49 129.59 153.49 129.59 164.67 129.63  62.22
   31  0.215 -0.508  0.071 183.45 178.42 140.84 178.63  94.76 178.55  77.03
   32  0.317  0.350 -0.923 242.99  90.81  14.05  90.96 220.90  91.00  61.00
   33 -0.328 -0.052 -0.786  52.11 131.12  20.80 131.05  17.89 130.98  66.33
   34 -0.423 -1.182 -0.762 208.34 248.51 130.81 246.02 114.96 246.19  71.38
   35 -0.185 -0.717 -0.301 114.40 197.30  64.11 195.77 112.91 196.75  75.17
   36  0.535 -1.045 -0.511 159.80 232.08  29.01 231.95 109.37 232.46  72.90
   37 -1.144 -0.415 -0.088 119.17 171.32 198.96 169.57 215.95 169.93  58.25
   38 -0.397  1.191 -0.814  73.80 249.65 217.05   6.99  16.94   8.30  65.84
   39  0.293 -0.820 -0.385 203.64 209.67 124.41 209.71 192.35 209.97  62.00
   40  0.143 -0.960 -0.597 224.68 224.46 203.21 221.83 174.82 223.62  56.14
   41  0.069 -0.989  0.332 240.03 229.29  20.17 230.94  53.36 229.11  59.29
   42  1.090 -0.098 -0.039  19.10 137.53 146.14 135.91 229.12 137.57  52.29
   43 -0.153 -0.040 -0.978 165.53 130.00 174.34 130.00 172.00 130.03  67.44
   44 -0.455 -0.135  0.168  96.88 140.58  67.19 140.37  53.94 140.20  82.44
   45 -0.114 -0.159 -0.287  95.74 143.84  93.22 143.38  99.08 143.32  77.94
   46 -0.463  0.479 -0.487 249.38  77.24  47.22  77.85  22.28  78.99  57.80
   47 -0.930 -0.451  0.559  66.12 174.90  64.68 173.96 160.39 172.58  65.06
   48 -0.593  0.016  0.868 102.13 124.25  40.87 124.31  95.24 125.49  69.30
   49 -0.320  0.583 -0.347  39.98  66.25 185.19  67.19  43.71  67.91  64.67
   50 -0.464 -0.257  0.542  53.19 154.70  25.72 154.05  25.50 153.45  65.73
   51  1.187  0.220 -0.516 201.82 103.38  17.72 102.96  17.48 103.62  53.83
   52 -0.081  0.667 -0.091  14.10  57.94  49.08  56.20 191.54  58.29  55.62
   53  0.467 -1.103  0.168 157.70 239.25  95.40 239.53 235.50 242.63  68.45
   54 -0.234 -0.197 -0.782 119.30 144.72 116.56 144.60 215.66 145.63  70.32
   55 -1.100  0.359 -0.003 110.58  88.29  85.06  88.86 226.84  90.19  74.62
   56  0.540 -0.738 -0.365 112.38 202.48 109.27 201.83  84.41 204.20  65.71
   57  0.017  0.443 -0.538  22.26  81.93 213.99  79.98 198.02  82.45  54.80
   58  0.185 -0.159  0.191  58.77 144.11  31.38 144.04  29.37 143.38  66.43
   59 -0.198  0.135  0.392  94.62 109.57  51.27 109.92  29.54 110.31  65.67
   60 -0.721  1.120  0.270  88.24   7.63  55.24   9.76 167.21   9.97  57.60
   61 -0.717 -0.800  0.382 152.17 211.97 231.92 211.28 104.07 209.62  72.83
   62 -0.706 -0.296 -0.268 118.81 155.84 141.19 154.91  52.97 155.19  65.19
   63 -0.378  0.075  0.372 180.45 119.75  58.37 119.39  15.36 119.60  75.00
   64 -0.229 -1.181 -0.897  55.33 242.32 177.04 243.55 152.21 245.02  51.76
   65  0.555 -1.155  0.457 145.92 246.08 244.62 247.98 122.73 249.51  83.50
   66  0.584  0.083 -0.312  97.94 119.21  44.55 119.33   7.88 118.98  64.36
   67  0.098 -1.160  0.054  86.49 248.44  85.58 247.51  13.05 247.43  77.22
   68 -0.132  0.107  0.129 188.73 114.80 205.63 114.64 204.07 114.26  52.00
   69 -0.497  0.886 -0.863 238.52  36.49 131.10  32.37  58.20  34.00  42.60
   70  0.358 -0.092  0.613 166.65 135.90  36.16 135.30  14.88 137.51  74.00
   71  0.956 -0.392 -0.237  93.33 166.14 234.57 168.27 126.47 169.65  59.00
   72  0.776  0.956 -0.734   7.00  28.96  40.49  29.90  87.46  27.56  82.00
   73  0.019  0.014  0.989 177.60 125.63 137.64 125.48 222.88 126.06  59.00
   74 -0.725  0.173  0.551  25.90 108.24 245.32 108.26  21.10 108.28  54.09
   75  0.100 -0.855  0.301  43.05 217.48 126.84 215.76 133.65 215.77  66.88
   76 -0.560  0.540  0.345 214.92  68.23  95.48  68.54 100.63  68.75  57.67
   77 -0.025 -0.402 -0.334 115.92 168.38 226.60 168.55 247.26 166.25  84.75
   78  0.290  0.398  0.011 129.04  84.84 238.62  84.73  31.84  84.09  76.04
   79  0.231  1.160 -0.813 197.25   8.93  52.49  10.74 159.21   8.49  59.83
   80  0.027  0.943  0.788 110.94  23.28  78.40  24.50  59.49  25.86  72.00
   81 -0.941 -0.845 -0.284 151.02 215.73  52.70 212.59  37.01 210.96  61.10
   82 -0.854 -0.001  0.836 181.44 126.75 130.32 126.69  78.77 126.69  73.97
   83 -1.102 -0.555 -0.181  83.55 183.85  75.74 182.64  80.76 182.13  80.79
   84 -0.147  0.820 -0.819 247.83  37.94 177.07  45.28  49.39  42.69  61.33
   85 -1.036  0.676 -0.844  99.30  55.53 217.27  59.95 125.10  59.80  72.20
   86  0.587  1.182 -0.526 125.73   8.22  25.94   5.17 149.41 252.05  66.69
   87 -0.760  0.473  0.653   5.47  74.14   5.13  76.04 205.38  77.61  58.20
   88 -0.162 -0.667 -0.302  87.02 195.07  72.79 193.99  82.12 194.89  78.75
   89 -0.473  0.985  0.358  51.17  22.63 245.94  19.28 127.92  20.97  59.14
   90 -0.314 -0.520 -0.731  92.06 178.47  63.99 177.79 183.64 177.01  64.59
   91  0.716 -0.894  0.190 103.47 219.52  89.59 220.07  31.35 221.48  85.33
   92  0.287 -0.430 -0.488 125.61 169.69  61.28 170.93  18.78 170.13  67.33
   93 -0.665  0.084  0.297 113.12 118.86  95.29 119.30  85.77 119.35  68.15
   94 -0.868  0.972 -0.690 252.30  23.25  40.15  25.29 183.81  29.21  53.53
   95 -0.041 -0.857 -0.566  88.97 214.09 173.98 213.59  29.24 215.14  65.33
   96 -1.019  0.506  0.356   9.96  71.09  10.16  74.42  49.27  75.48  55.83
   97 -0.983 -0.247  0.097 164.89 150.70 135.30 150.71 103.84 150.69  66.89
   98  0.047  1.173 -0.505 249.00   6.81 187.94   7.94 189.20   5.45  58.64
   99 -0.412  0.377  0.199 245.43  85.46 144.19  84.79 142.04  86.56  64.78
  100  0.913  0.779  0.509  88.66  45.91 226.11  42.28 163.78  40.55  61.79
  101 -0.014 -0.832  0.301 161.36 213.19 124.13 215.36 175.70 215.00  66.33
  102 -0.163  0.887 -0.502 250.78  35.49  20.71  32.35 223.05  33.61  68.12
  103 -0.244 -0.543  0.419 106.93 181.99 167.57 182.24 120.58 182.60  69.44
  104  0.118 -0.470  0.816 180.57 175.59  29.50 176.11  53.11 176.89  59.04
  105 -1.059  0.242  0.129 228.60 101.68  69.48 102.45 251.39 102.06  47.84
  106  0.171 -0.073  0.275 120.73 135.35  76.45 135.29  36.80 135.14  50.80
  107 -0.486 -0.066  0.644  81.44 133.57 112.92 132.26 116.57 133.51  64.81
  108  0.449 -0.838 -0.503 145.77 209.77 158.28 212.19  26.53 213.81  71.93
  109 -0.821 -0.829  0.416 115.47 215.94  31.55 215.13 157.14 213.21  62.55
  110 -1.103 -0.865 -0.262 156.41 218.22  41.54 215.73 236.64 213.98  60.20
  111 -0.605  0.777 -0.925 206.57  46.51  85.63  47.12 133.68  45.37  76.33
  112 -0.736  0.669  0.890 145.71  48.91 252.97  54.81 236.64  53.66  62.17
  113  0.123 -0.254  0.348   6.23 154.45   6.36 153.51  34.77 152.94  58.83
  114  0.067 -0.212  0.469 177.83 149.83 104.68 148.12 124.68 148.12  56.75
  115  0.725 -1.047 -0.113 208.42 233.96 167.60 235.50 229.83 237.19  64.72
  116 -0.379 -0.899 -0.437  28.54 220.07 172.07 218.61 113.37 218.26  65.22
  117  0.367 -0.505  0.747 162.64 180.92 150.61 181.11 149.74 181.99  68.96
  118 -0.240  0.264 -0.725 157.94  97.67 117.17  97.60 195.23  97.08  79.64
  119 -0.620 -0.603  0.297  22.32 190.99  14.03 188.80  33.42 187.16  61.93
  120 -0.500 -0.360 -0.039  95.73 162.90  69.54 162.39  58.89 161.91  64.40
  121  0.646  0.659 -0.092 129.72  58.93 119.83  59.23  14.65  57.97  72.81
  122  1.026 -0.821 -0.704  11.44 208.29 230.66 208.22  43.94 213.40  66.38
  123 -0.426  0.610  0.204 198.62  61.19  24.11  60.23  57.48  61.43  65.00
  124  0.117  0.073  0.041   8.99 119.80 188.17 119.72  24.64 120.32  59.52
  125  0.683 -0.401 -0.120 176.48 168.34 204.59 168.83  22.95 169.94  67.83
  126 -0.855  0.039 -0.400 205.84 122.43 193.94 122.32 164.47 122.26  70.00
  127  0.491  0.337 -0.622 228.16  92.88 238.27  92.02  19.21  91.92  62.73
  128 -0.975  0.117  0.439 137.68 113.97 107.38 114.03  82.81 114.12  58.64
  129 -0.857  1.002 -0.277 192.45  11.65 106.93  21.20  16.32  21.28  68.14
  130  0.423  0.609 -0.807 249.45  66.23 107.99  65.95  64.75  65.16  63.54
  131  0.249 -0.013 -0.695 151.10 128.64  36.60 128.40   6.57 128.39  68.21
  132  0.862  0.724 -0.824 106.82  55.15  62.63  52.32  97.50  50.90  65.00
  133  0.626  0.056  0.240 120.23 120.23  88.40 120.40  67.40 120.37  70.17
  134  1.103  0.252 -0.919 103.06 102.07 104.06 101.62  79.67  97.30  75.16
  135  0.158  0.429 -0.680 126.24  82.79  33.44  83.35  65.92  84.01  65.44
  136  0.432 -0.890 -0.593  80.40 217.53 138.76 218.04  40.52 218.42  70.11
  137  0.961  0.911  0.563 126.41  31.95 131.19  27.20 238.37  29.14  71.25
  138 -0.537 -0.636 -0.115  94.88 192.56  32.17 189.98  48.98 190.53  66.31
  139 -0.614 -0.472  0.208  75.40 177.19 189.57 176.09  78.29 173.45  61.76
  140 -0.657  0.190  0.905 224.46 106.34 174.42 104.93 137.90 104.72  63.08
  141  0.024 -1.130  0.080 188.92 242.23 149.30 239.55   7.04 244.49  71.19
  142 -0.312  0.804  0.965  63.34  37.44 111.64  37.93 104.53  39.62  67.35
  143 -0.896 -0.372 -0.059 199.81 167.63  76.45 165.56  72.83 165.16  58.91
  144  0.534  0.573  0.671 147.59  67.12  74.32  66.91  11.79  66.21  62.92
  145  0.759 -0.403 -0.818  34.25 167.82 102.40 168.38 213.33 169.69  56.57
  146 -0.632 -0.663 -0.580  23.71 192.86  63.11 191.63 227.73 192.16  73.00
  147  1.066  0.351 -0.160 168.60  90.42 173.43  89.86 111.69  89.32  78.88
  148 -0.622 -0.395  0.932 196.54 169.14 125.70 169.51 245.49 169.69  78.41
  149  0.440  0.373 -0.292  66.91  88.49 158.42  86.92 234.81  88.41  66.59
  150 -0.944  0.447 -0.858  44.26  81.05  70.33  83.12  28.71  82.96  55.64
  151  0.028  0.939 -0.440 174.05  27.70 206.60  31.75 242.77  30.53  67.59
  152  0.159 -0.205  0.586 164.68 144.78 147.67 144.85 238.76 146.00  65.42
  153  0.889 -0.941  0.134  23.83 223.31  87.39 223.09  34.13 227.58  54.00
  154 -1.074 -1.020 -0.824 168.60 233.90   7.54 227.49 163.07 228.33  67.88
  155  0.759  0.134 -0.493  80.44 111.89  48.67 112.35  38.43 112.53  69.29
  156  1.058 -0.399 -0.872  70.36 164.12  35.35 166.77 203.75 169.65  62.24
  157 -0.457  0.541 -0.855 102.26  70.57 160.37  69.37  52.34  72.25  65.10
  158 -0.922 -0.593  0.079  70.21 188.18  56.40 186.94  60.62 186.10  68.30
  159 -0.538  0.419  0.903 247.54  81.25  81.07  79.46 187.69  83.64  66.70
  160 -0.390 -0.905  0.186  54.91 222.25 242.68 221.19 233.14 220.70  60.43
  161 -0.342 -0.149 -0.360  70.51 141.15  31.47 141.07  18.87 140.58  64.00
  162 -0.190  0.584  0.691  47.13  64.69 239.44  64.46 184.48  65.79  49.71
  163  0.320  0.587 -0.926  98.33  67.78  19.19  68.05 139.10  66.48  68.47
  164  0.368  0.638  0.633  30.12  60.77 195.11  60.10 178.75  58.74  49.00
  165  0.854  0.655  0.090 194.44  61.00 105.90  56.38 117.81  56.33  67.62
  166 -0.511 -0.530 -0.271 203.16 181.57 128.30 181.56 132.80 181.49  60.00
  167  0.203 -1.073 -0.031 106.96 238.89 237.53 238.87 186.87 238.89  71.86
  168 -0.934  0.195 -0.597  39.92 106.35  57.57 107.80 245.16 105.02  58.24
  169  0.796  0.448  0.899 187.01  79.47 205.29  78.84  73.08  78.03  68.00
  170  1.075 -1.088 -0.546 200.60 234.87 203.21 236.54  96.76 239.05  61.54
  171 -1.074  0.957 -0.948  35.32  27.07 230.30  31.47 135.12  31.77  62.37
  172 -0.317  0.087  0.042  66.42 115.56 114.47 117.11 159.75 118.25  67.18
  173 -0.918 -0.120  0.398 234.99 138.12 241.28 138.39  11.47 139.98  65.94
  174 -0.758  0.152  0.259 209.15 108.60  33.47 108.39  56.75 108.77  55.70
  175  0.088  0.026  0.737  46.89 124.22  78.83 124.30  55.93 124.37  56.57
  176  0.436  0.221  0.469  46.88 102.23 238.85 102.93  51.90 102.84  54.69
  177 -0.091 -1.081 -0.678 181.57 235.23 162.24 236.18 183.88 236.74  70.31
  178  0.611 -0.940  0.238 112.16 223.82 142.74 225.69 151.34 226.63  68.97
  179  0.873  1.192 -0.529  84.50   8.46  39.51 250.83 191.95 251.08  77.17
  180 -0.212  1.063 -0.820 130.57  11.26 151.59  11.54 248.89  16.98  60.59
  181 -1.042 -0.871  0.301 211.81 220.15  97.79 218.50 102.97 215.67  65.87
  182  1.018  0.413  0.480 121.66  83.00 129.96  83.26 137.84  82.95  61.20
  183  0.664 -0.291  0.713 165.15 154.91  55.85 158.72  16.99 157.99  75.09
  184 -0.929 -0.149  0.113 105.26 142.50  80.70 142.34  68.69 142.19  72.44
  185 -0.104  0.289  0.686  19.59  95.30  46.02  95.62  64.55  96.08  43.67
  186 -0.249 -0.386 -0.057 179.05 168.24  69.86 167.49  39.01 166.10  71.92
  187 -0.885 -1.220 -0.915 151.58 248.93 138.47 249.03 107.13 247.15  72.19
  188 -1.117 -0.592 -0.398  31.48 187.37  14.57 185.59  77.56 185.16  59.81
  189 -0.416  0.791 -0.373 149.74  41.25 224.98  45.72 181.36  43.80  51.83
  190 -0.506  0.578  0.678 104.10  63.59  45.81  64.58  71.51  66.48  58.29
  191  1.074  1.023  0.569  90.82  19.87   8.01  10.80  48.62  13.24  67.00
  192  0.971 -0.756  0.355 174.68 203.09  60.66 204.93 152.08 205.40  64.52
  193 -0.437  0.389 -0.913 167.11  87.15 138.47 249.03  71.37  89.14  79.65
  194  0.323 -1.027  0.305  11.21 234.55 182.74 234.71 122.73 249.51  59.14
  195 -0.809 -0.971  0.256  46.26 230.45 192.28 226.84 197.79 223.72  60.80
  196 -0.934 -0.976  0.583 151.58 248.93  43.29 229.66 193.22 228.96  72.19
  197 -0.679  0.528 -0.638 151.58 248.93 118.25  74.07  99.86  74.16  72.19
  198 -0.782  0.083  0.776 133.48 117.02 137.19 118.36 181.23 119.52  80.25
  199  0.520 -0.724  0.303 151.47 202.84 138.47 249.03 243.50 204.30  59.92
  200 -0.095  0.752  0.354  51.25  48.56 113.48  45.77 122.73 249.51  59.39
  201 -0.296 -0.878 -0.268 161.36 217.82  14.83 217.17 122.73 249.51  81.42
  202 -0.438  0.311 -0.080  47.01  94.76 178.01  94.09 122.73 249.51  66.46
  203 -0.615 -0.661  0.072  61.13 197.03 138.47 249.03  72.48 193.27  61.94
  204 -0.474  0.037  0.130  50.92 123.99 140.38 120.63  31.71 123.46  56.06
  205 -1.070 -0.903 -0.479  89.66 221.50 138.47 249.03  11.92 217.31  69.21
  206 -1.147 -0.943  0.338 130.80 225.93 221.12 226.56 122.73 249.51  69.55
  207  0.705 -0.399 -0.623  55.49 167.75 138.47 249.03  95.98 168.17  61.74
  208  0.458  0.779  0.629  96.67  44.85  94.54  41.49 122.73 249.51  67.45
  209  0.089  0.099 -0.956 151.58 248.93  25.27 115.86  12.10 116.27  72.19
  210 -1.213  0.519 -0.619  54.65  73.46  59.46  74.70  80.25  75.29  70.00
  211 -0.766  0.592  0.895 151.58 248.93  86.70  64.44 218.62  65.70  72.19
  212 -0.965 -0.290  0.343 151.58 248.93  79.01 155.56 113.65 154.98  72.19
  213 -1.248  1.108 -0.278 172.58   8.90 138.47 249.03 187.76  16.51  65.50
  214 -1.239  0.080 -0.441  90.59 119.22 138.47 249.03  45.02 119.55  65.00
