    1  0.731 -0.224 -0.212  29.75 147.76  28.21 147.51 118.79 151.33  49.75
    2  0.082  0.193 -0.717  64.94 106.95 225.53 107.25  38.43 104.49  61.88
    3  0.146 -0.981  0.763 129.13 227.27 113.11 231.88 105.07 230.82  65.00
    4 -1.082  0.269 -0.346 182.67  97.81 146.96  98.51 199.62  99.82  58.60
    5 -0.063 -0.182  0.427  81.30 145.92  54.73 145.59  33.10 147.08  66.65
    6 -0.938 -0.329 -0.207 197.87 161.12 243.13 161.35  98.08 159.18  61.75
    7 -0.966 -0.186 -0.061 128.55 147.62 114.83 147.28  47.47 145.27  77.25
    8  0.244 -0.704 -0.739  51.40 197.68   6.34 198.13 211.24 199.18  50.67
    9  0.136 -0.681  0.027  23.79 195.16  47.06 195.98   4.43 196.04  53.88
   10 -0.890 -0.366 -0.404 179.47 164.81   5.39 164.69   8.52 163.66  70.94
   11  0.555 -0.820 -0.190  40.14 209.66 199.17 209.56 211.18 211.72  62.08
   12 -0.547 -0.960  0.957 139.68 232.55  80.11 231.25  33.89 228.74  54.25
   13 -0.017 -0.389  0.503 101.79 167.02  97.06 169.01 236.70 167.60  68.85
   14 -0.734 -0.790 -0.903 171.23 208.78 175.14 204.03   6.95 205.74  58.60
   15  0.510  0.452 -0.492 102.87  80.64 239.36  81.38 107.37  78.60  67.18
   16 -0.512 -0.059  0.018  23.63 132.45  55.36 132.56  52.38 132.44  61.97
   17 -0.865 -0.603 -0.267  18.81 191.45  28.80 189.66  23.23 188.47  53.57
   18 -1.074 -0.501 -0.437  38.43 175.98 212.12 173.82 225.89 175.26  59.25
   19  0.707  0.398  0.966 164.67  83.57 166.48  83.27  92.84  82.57  69.00
   20  0.886  0.606  0.442  70.45  65.06 150.35  62.53 126.37  62.20  62.22
   21 -0.528  0.801  0.166 153.75  42.41  84.81  43.12 143.56  45.06  59.13
   22 -0.824  0.413  0.346 167.01  82.51  64.38  82.27 158.66  82.62  72.62
   23  0.312  0.568  0.737 129.76  67.36 243.46  67.30  64.68  67.08  67.85
   24 -0.704 -0.166  0.149 125.91 143.34  90.67 143.12 161.35 143.09  66.75
   25  0.405 -0.354  0.068 230.32 163.75 208.91 164.57  53.05 165.07  65.36
   26  0.347 -0.287 -0.271 167.75 156.09 199.76 156.36 147.91 156.77  62.79
   27 -0.502 -0.335  0.328 200.62 163.62 202.41 161.56 188.29 162.29  57.67
   28 -0.306 -0.400 -0.482 192.93 168.94  66.33 166.55 133.42 166.74  74.50
   29  1.091  0.009 -0.713 233.04 123.97 246.13 123.90 170.89 126.85  76.25
   30  0.715 -0.750 -0.058 161.58 203.23 146.46 203.42  85.53 206.77  54.00
   31  0.049 -1.091 -0.801 110.96 235.77 218.65 236.50  66.55 234.80  68.50
   32  0.280  0.521 -0.245 239.14  73.43  86.11  73.55  70.16  73.07  47.67
   33  0.918  0.160 -0.951 120.88 108.64 136.60 108.76 150.41 108.56  68.06
   34  0.471  0.866 -0.021 242.14  36.32 243.85  35.82  96.06  34.48  57.71
   35 -0.362  0.444  0.729 205.23  79.26 161.34  78.59 174.81  80.37  71.32
   36  0.427 -0.879  0.231  88.96 217.56 220.65 218.10   2.29 219.87  68.19
   37  0.298 -0.259  0.520  83.86 151.78  79.37 151.32 126.09 152.14  78.72
   38  0.576  0.468  0.226 166.14  77.81  92.61  78.48 235.80  77.61  73.67
   39 -0.280  0.891  0.741 245.85  31.34 138.57  29.61 116.70  33.31  65.31
   40  0.856  0.268 -0.123 157.90  98.60 170.86  97.50 147.83  97.13  63.08
   41  0.445  0.735  0.067 204.49  51.50  12.45  50.03 248.55  49.87  57.40
   42  0.127 -0.157  0.529 253.32 142.44 220.98 142.84  65.89 143.05  61.90
   43  1.099  0.372 -0.281 164.06  88.79 108.53  88.88 149.23  88.07  69.71
   44  0.367 -0.389  0.494  43.41 166.77 115.76 166.58 106.99 168.93  63.77
   45  0.193 -0.709 -0.452 134.42 199.36 142.40 199.11 127.24 199.47  64.20
   46 -0.403  0.523  0.176 146.15  71.26  44.41  72.33 150.74  74.06  63.50
   47  0.760 -0.342  0.557  46.10 163.11  75.47 163.47 115.98 164.23  65.05
   48 -0.909 -0.520 -0.635  24.95 181.08  57.00 180.34  38.59 178.30  61.75
   49  0.861 -0.135  0.901  97.86 138.69  56.00 138.47  56.26 141.23  69.22
   50 -0.981  0.726 -0.751 119.67  51.83 158.58  54.49  32.88  54.06  61.76
   51  0.094 -0.279 -0.622 187.87 155.46 159.90 155.69 123.12 155.89  69.59
   52 -0.701 -0.041  0.032 235.66 132.29   8.26 131.85 219.86 131.98  67.91
   53  0.714 -0.281 -0.942 193.43 152.64 168.99 152.87 247.19 156.21  78.18
   54 -1.112  0.751  0.068 173.71  46.16  71.39  49.82 154.07  50.69  77.77
   55 -0.358  0.491 -0.641 105.77  75.50  62.92  76.19 110.28  78.06  68.83
   56  0.576  0.661 -0.755 230.31  59.00 203.77  57.49  89.25  57.59  64.08
   57 -0.346 -0.521 -0.699 172.60 176.64  18.59 179.42  60.37 180.15  61.38
   58 -0.999 -1.189 -0.740 154.90 250.01  10.95 247.20 206.50 243.90  74.38
   59 -0.565  0.780 -0.826 209.54  47.34 118.71  46.18 226.97  49.83  68.15
   60  1.096 -0.316  0.240 171.33 159.11 135.77 159.28  41.25 161.48  59.40
   61 -0.681 -0.096  0.527 192.17 136.98  81.36 135.59  42.54 135.55  66.67
   62 -0.982 -0.824 -0.077 145.40 214.35  73.20 210.31 209.87 209.44  60.28
   63 -0.150 -1.026 -0.734 170.75 232.77  19.15 231.62  58.41 230.51  65.75
   64 -0.369  0.985  0.553  98.15  20.86 171.43  21.71 245.18  24.71  72.41
   65  0.045 -0.871  0.849  42.49 219.75 173.00 220.37 111.06 221.16  43.14
   66 -0.125 -0.177  0.953 172.75 144.81 141.75 144.92 241.20 146.82  69.23
   67  0.868 -0.036 -0.651 145.11 127.98 164.05 127.98 177.01 129.48  49.08
   68  0.239  0.254  0.094  27.43  99.75 216.73 100.51  14.21 101.21  63.80
   69 -0.290 -0.872  0.399  22.00 219.58 225.97 217.55  92.61 216.41  59.46
   70 -0.477 -0.225 -0.352 197.17 150.96  95.89 151.23 115.63 147.52  70.15
   71 -0.572  0.043 -0.110  81.39 119.06  53.56 119.27  45.33 119.65  70.74
   72  0.616 -0.424  0.162  94.62 169.54 114.68 171.67  85.66 171.49  69.72
   73 -0.480 -1.024 -0.843 127.37 232.79 203.09 227.86  39.72 230.22  62.11
   74 -0.157  0.132 -0.824 184.88 112.45 177.69 111.83  20.04 109.07  58.27
   75 -0.568  0.705  0.810  58.42  48.03 174.57  51.66 168.42  53.78  68.06
   76  0.136 -1.172  0.052 143.96 247.85 156.48 247.94 155.34 246.55  69.25
   77  0.288  0.702  0.287  41.09  53.10 236.63  52.70 181.27  52.64  54.38
   78  0.725 -0.964 -0.151  26.79 223.80  20.56 225.74  43.26 229.53  46.25
   79  0.736  0.968  0.513 246.12  25.54  89.12  23.71  22.08  23.00  48.87
   80 -0.521  0.448  0.266 200.88  79.89 188.66  79.17 180.87  81.34  67.33
   81 -0.424  0.693 -0.291 242.01  54.79 179.50  54.93  58.65  56.25  62.36
   82  0.068 -1.167 -0.889 165.73 241.37 138.69 241.75  21.77 245.57  66.00
   83  0.555  0.013 -0.086 204.97 123.82  69.14 123.76 230.05 123.84  56.17
   84  0.837 -0.087 -0.577  94.28 134.54 101.19 134.59 115.83 134.58  75.22
   85 -0.137 -0.998  0.933  20.66 235.10 148.97 233.40 121.55 233.86  51.57
   86 -0.659 -1.100  0.431 247.08 242.96 189.37 241.28 155.20 240.67  55.25
   87  0.708  0.663  0.668  13.75  58.36 251.68  57.44 250.42  54.73  53.17
   88 -1.179 -0.350  0.097 107.05 163.92 163.36 164.06  58.17 162.99  76.56
   89 -0.582  0.661  0.764  90.89  56.08  84.66  57.15 155.73  56.44  59.92
   90 -0.615  0.490  0.570 145.63  73.83 157.07  74.64 249.92  74.20  64.36
   91  0.967  0.320  0.630 246.29  94.51  65.83  93.45 221.81  92.49  70.60
   92  1.167  0.333  0.079  81.38  92.82 108.04  92.81  49.26  92.01  62.00
   93  0.029 -0.522  0.295  83.00 181.71  44.24 181.49 111.70 180.81  66.06
   94 -0.507  0.836 -0.775 112.21  42.19 123.31  42.32  85.80  42.40  63.46
   95 -0.034  1.020 -0.905 199.83  23.23 157.66  25.39 120.36  24.82  68.83
   96  0.237  1.151 -0.490  11.03   7.90 239.22   9.68 245.35   5.51  75.25
   97 -0.933 -1.026 -0.639 243.30 234.88  69.22 231.84 188.27 230.01  71.10
   98  0.278 -1.178 -0.566 113.33 246.19 135.11 245.41  56.58 246.23  60.25
   99 -0.556 -0.776 -0.342 246.48 206.61 202.39 206.01  13.54 206.73  44.50
  100  1.189  0.515 -0.646 156.25  74.78  92.90  73.90  35.47  74.07  69.64
  101  0.722  0.874  0.925 231.98  35.08 142.31  30.46  87.23  29.31  47.30
  102  0.176 -0.313 -0.310 161.15 157.59 163.96 157.77 157.82 158.12  68.71
  103 -0.323  0.126  0.030  35.89 113.32 220.18 112.23 235.21 111.70  50.08
  104 -0.916 -0.646 -0.887 231.12 192.77  42.87 190.47 253.08 190.64  64.17
  105 -0.889  0.911 -0.571 233.77  32.68 151.27  34.46  85.08  36.73  54.82
  106  0.213  0.868  1.000  52.78  33.33  98.18  33.04 195.62  33.38  59.52
  107 -0.636  0.458 -0.874 135.69  80.48  16.18  81.73  54.57  81.39  56.44
  108 -1.026  1.062 -0.154  45.70  12.09 201.43  17.71   7.85  19.26  60.90
  109 -0.604  0.336 -0.098 118.78  92.22 121.79  92.00 102.75  92.83  82.80
  110  0.283  0.353 -0.096 226.20  90.89  77.51  91.47 219.59  90.61  59.93
  111  0.117  0.518  0.791  52.83  72.14 236.23  72.00 115.00  70.92  58.25
  112  0.196  0.855 -0.756 161.29  39.55 160.69  41.03 203.29  40.02  67.50
  113 -0.516  1.052 -0.733 159.80  18.59 243.17  20.24 130.79  20.85  63.12
  114  0.023  1.154 -0.424  53.00   6.86  52.68 253.93 207.11   6.62  54.69
  115 -0.499  0.596 -0.159 158.36  65.11  86.17  66.20 110.32  67.26  66.14
  116  0.385 -0.233  0.467  80.27 151.58 203.50 151.32 191.15 151.80  77.21
  117  0.211  0.627  0.228 224.23  59.11  18.98  61.35 196.58  60.14  54.00
  118 -1.073 -1.017 -0.559  51.67 233.67  30.26 230.93 145.26 227.84  62.33
  119 -0.122 -0.380 -0.745  34.27 165.88  37.23 165.73 150.41 165.59  58.56
  120  0.529  0.774  0.546 108.24  45.87 151.49  45.67  69.08  44.09  68.73
  121 -1.052 -0.039 -0.534  72.56 132.17 216.14 131.85 234.62 130.19  56.23
  122 -0.652 -0.523 -0.197  33.42 182.49  36.18 180.93  36.69 180.49  62.39
  123  0.099 -1.075  0.414  89.60 240.03 211.11 238.87 150.40 239.14  54.79
  124 -0.044  0.380  0.041 242.36  86.36 204.52  85.37 249.11  85.87  56.84
  125  1.102  0.583  0.173  39.91  67.50   8.51  66.33 194.17  63.41  63.52
  126 -0.322 -0.229 -0.833  48.82 148.04 121.55 147.48 226.85 150.64  62.47
  127  0.221  0.785  0.339 169.63  45.59  77.19  43.99 100.19  44.47  68.87
  128 -0.128 -0.410  0.479 158.63 169.40 167.07 169.40  94.81 169.36  69.36
  129 -1.067  0.583 -0.505 136.43  66.09  99.24  67.78  77.48  67.34  65.00
  130  0.923 -0.843  0.504  12.97 211.92  32.12 216.77 250.17 218.48  56.75
  131  0.074 -0.903  0.354  10.99 222.00 102.70 221.13  86.71 221.49  52.25
  132  0.943  0.696  0.586 177.70  55.10  67.39  52.66 186.80  50.87  75.43
  133  0.485  0.091  0.129  27.16 116.96  63.17 116.74  18.92 117.43  51.52
  134  0.610 -1.128 -0.948 114.85 238.89 133.12 238.16 108.87 241.93  70.36
  135  1.118  1.051 -0.261  66.98  19.79 177.16  17.95 182.59  15.80  67.53
  136  0.935 -0.010  0.683 208.75 127.35 238.53 127.34 243.08 127.26  60.26
  137 -0.830  0.554 -0.712 244.49  68.99 130.89  71.01 252.12  72.11  59.25
  138  0.705 -0.808 -0.831 201.89 204.80  71.27 207.96 223.74 211.40  70.53
  139 -0.414  0.812  0.249 236.71  41.75 184.69  42.18   7.49  41.74  53.12
  140  0.328 -0.334  0.771 223.20 161.19  31.63 162.17 231.14 163.18  54.53
  141  0.314  0.384 -0.121 104.89  88.29  41.49  84.71  29.09  85.67  58.29
  142  0.368 -0.708  0.308 140.69 200.69   8.50 201.53 150.57 201.33  71.63
  143  1.174 -0.621 -0.279 243.26 186.58 233.31 190.29  69.32 192.21  53.27
  144 -0.355 -0.141  0.463  47.44 141.80  41.33 141.42 238.50 138.34  59.57
  145 -0.237 -1.034 -0.214  31.09 235.36 143.86 233.24  99.30 233.21  58.67
  146 -0.850 -0.129 -0.397   8.93 137.07 213.23 137.10  34.35 138.24  45.92
  147 -0.795 -0.663 -0.429  11.03 194.34 248.91 192.01 242.27 192.38  56.32
  148  0.809  0.858 -0.544 129.53  41.69 199.07  40.43 142.06  38.63  60.67
  149 -0.948 -0.587  0.229 201.84 188.72 198.82 187.76 228.46 187.43  60.31
  150  0.537  0.630 -0.786   6.00  64.04 208.71  63.07  55.20  62.52  60.58
  151 -0.398 -0.861 -0.403 242.54 215.27  26.54 213.54 173.93 214.28  59.94
  152  0.966  0.357 -0.386 159.15  92.08  22.27  90.36  97.41  88.88  87.00
  153  0.277  0.970  0.540 103.62  24.98  75.74  22.15 236.05  24.37  63.06
  154 -0.437 -0.069  0.860  77.15 132.59  75.03 134.42  69.49 134.37  67.94
  155  1.086 -0.613 -0.883 198.12 186.26  22.14 189.41  49.86 189.15  78.89
  156  0.718 -0.323 -0.166 144.52 160.39 146.37 160.40 143.70 160.62  77.89
  157  0.178  1.100 -0.844   7.78  16.15   6.32  15.56  12.14  15.45  51.46
  158 -0.061  0.340  0.618 135.96  91.57 157.59  91.70  97.55  91.85  56.17
  159  0.794 -0.489 -0.998 179.62 173.25 192.61 172.56 216.71 178.30  62.33
  160  0.406  1.002  0.578 228.62  22.71  22.30  18.58 229.38  16.63  59.56
  161  0.137  0.960 -0.471 226.52  27.74 179.98  29.03  58.01  29.18  70.70
  162  1.100  1.175 -0.759 126.62   9.86 241.93 250.83 197.17 254.05  62.93
  163 -0.497  0.602 -0.229 174.61  63.70 182.40  64.72 241.54  63.66  56.67
  164 -0.195  0.344 -0.109 162.30  91.93 115.00  91.78  86.28  92.19  81.38
  165  1.032  0.538  0.188 110.39  72.94 137.04  70.61  38.62  67.41  66.30
  166 -0.338  0.096 -0.625  97.58 116.57  94.70 115.15  46.34 117.22  71.25
  167  1.137  0.736 -0.318 199.28  52.91 224.02  52.18 237.12  47.98  66.82
  168  1.216  0.698 -0.587   7.05  58.85  29.30  55.06 131.18  53.96  54.71
  169  0.408  0.294  0.143 100.60  95.05  98.10  94.35  65.96  93.89  64.69
  170 -0.329  0.504  0.901 182.26  73.15 140.77  72.80  72.95  74.08  62.50
  171 -1.089  0.667 -0.903  56.01  58.29  66.00  57.47 225.13  61.22  55.43
  172  0.836 -0.455 -0.904 147.49 171.76 252.74 171.82 204.33 173.08  63.90
  173  0.496  0.949  0.152 116.22  29.16 124.86  25.90  60.92  25.00  65.50
  174 -1.183  0.613 -0.678  44.58  63.42  29.30  65.12 115.93  67.27  71.55
  175  0.671  0.043  0.119  29.77 121.38 178.91 118.75 155.51 118.59  50.00
  176  0.804  0.651 -0.966 168.43  62.85 186.36  61.59  33.49  58.82  67.40
  177  0.371  0.437 -0.235  50.07  81.09 180.24  82.21  58.94  81.92  55.58
  178 -0.715  0.085  0.179  86.43 118.24  94.03 118.74 109.62 118.44  65.41
  179  0.070 -0.291  0.623 125.43 156.65 137.77 156.58 215.96 157.11  61.25
  180 -0.095  0.807 -0.624  98.47  43.29  73.09  44.52  62.26  45.55  69.09
  181  0.967 -0.040  0.243 191.99 131.80  21.12 132.31  44.38 132.04  65.78
  182 -0.742 -0.895  0.940 160.98 223.12 133.14 221.82 146.14 221.40  68.19
  183 -0.284  0.316  0.730 210.72  92.40 249.79  93.58 181.89  93.47  60.33
  184  0.084  0.547  0.319  57.73  70.25  52.61  67.90  41.82  70.07  55.71
  185  0.369 -0.561 -0.999 154.97 183.06 131.12 183.07 107.47 183.09  79.78
  186  0.266  0.831  0.246 181.89  39.29 245.73  40.02 118.98  39.11  67.46
  187  0.130  0.848  0.229 141.24  36.45 110.30  36.72 223.34  38.63  72.62
  188 -1.077  1.007 -0.951 128.18  22.93 206.31  25.62 146.83  25.16  65.67
  189  0.549  1.064 -0.058 225.34  18.57 146.14  17.66 198.33  14.43  65.00
  190 -1.185  0.241 -0.675 211.50 101.02  17.42 100.66  34.39 101.27  70.06
  191  0.683 -0.573 -0.085  73.19 183.14 165.16 184.26 189.10 187.56  73.24
  192 -1.011  0.362  0.256 144.71  88.67  48.46  89.64  61.17  90.18  56.75
  193 -0.945 -0.990 -0.038  99.53 233.01 138.44 227.01 248.05 227.57  62.19
  194 -0.169  0.869  0.407 199.50  35.53  37.94  35.71  61.62  34.05  60.11
  195  1.179 -0.774  0.057  63.59 203.41  54.65 207.52  50.16 208.51  54.12
  196 -0.243  0.587 -0.075  44.91  66.57  76.85  66.68 212.03  65.52  59.43
  197  0.100 -0.971 -0.538 199.06 226.33  48.11 224.60 108.86 223.55  59.71
  198 -1.163 -0.666  0.230 153.84 198.99  36.34 193.11 235.36 194.24  67.94
  199  0.174 -0.720  0.137 218.81 201.67 231.69 202.35 232.72 202.95  72.53
  200  0.839  1.068  0.262 124.72  17.23 215.40  14.39  17.62  10.66  52.00
  201  1.004 -0.723 -0.257  40.65 200.20 147.91 200.64 126.48 203.91  52.00
  202  1.144  0.042 -0.206  83.93 123.70 198.25 123.65 173.24 123.67  64.23
  203 -0.523 -0.772  0.472  76.75 209.27 250.99 208.81  79.54 207.04  67.95
  204  0.180  0.285  0.028 251.38  95.16  72.92  95.52  61.34  95.14  60.13
  205 -0.251 -0.911 -0.464 178.18 221.24  97.61 220.32 160.50 219.67  66.73
  206  0.108  0.478  0.403 219.59  77.23 248.70  76.07  38.45  77.20  59.12
  207 -0.955 -0.877 -0.839  95.37 218.06 101.27 214.12 240.05 211.85  54.17
  208  0.846 -1.018  0.691  65.45 233.22 103.79 234.74 102.86 234.59  63.19
  209 -1.147  1.073  0.243 143.22  10.95 152.39  10.90 163.53  16.29  62.93
  210 -0.618  0.108  0.366 112.31 115.09 112.46 115.00  85.93 115.32  69.29
  211  0.354  0.002 -0.712 187.43 127.01 185.23 126.98 165.87 127.20  77.68
  212 -1.056 -1.137  0.283 200.62 249.68  58.61 244.49  40.10 242.38  33.67
  213  1.017  0.770 -0.698  39.60  47.65 244.67  50.00  72.05  46.01  63.77
  214  0.025  0.548  0.085  38.09  70.73  19.61  68.86 204.88  70.44  61.60
  215  0.718  1.087 -0.430 252.28  17.05 216.29  16.36 152.27  12.14  55.50
  216  0.824  0.202  0.200   5.95 102.96   8.33 103.85 134.15 101.69  43.67
  217  0.660  0.820  0.915 166.39  41.50 141.83  39.31 179.70  37.91  66.73
  218  0.806  1.056  0.993  39.68  15.36 130.61  10.37 134.04   9.72  60.62
  219 -1.053  0.194  0.310 165.74 101.90 242.28 106.84 164.25 106.88  68.31
  220  0.998 -1.196 -0.260  96.36 246.37  27.41 248.30 126.22 250.87  62.56
  221 -0.514  1.014  0.122 201.18  19.61 142.38 250.24  98.62  22.49  69.11
  222 -0.739 -1.232 -0.399  21.30 252.22 142.38 250.24 162.38 249.49  52.00
  223 -0.081  0.769  0.926 123.85  42.46 142.38 250.24 122.99  45.32  69.73
  224  0.858 -0.834  0.913  21.30 252.22   2.71 216.99  74.18 219.50  52.00
  225 -0.772  0.929 -0.995 144.04  32.65 206.11  34.08 126.22 250.87  61.36
  226  0.103  0.982 -0.893 186.80  26.37  20.37  27.38 126.22 250.87  65.40
  227 -0.048  0.835 -0.325  65.40  42.34 147.98  41.94 126.22 250.87  68.83
  228  0.307  0.461  0.932  82.91  77.70 139.54  77.62 126.22 250.87  65.00
  229  0.564  0.862 -0.973 163.08  42.25 210.84  41.10 209.93  38.78  85.31
  230  0.434 -0.702  0.957  21.30 252.22 166.99 202.62 137.80 203.34  52.00
  231 -0.310  0.941 -0.750 240.89  30.60 142.38 250.24 146.00  29.53  54.45
  232 -0.253 -0.803  0.717 182.70 211.92 185.44 212.82 126.22 250.87  61.00
  233 -0.068 -0.187 -0.152 166.66 147.26 142.38 250.24  67.01 147.16  64.73
  234  0.197 -0.999  0.318 183.76 232.41  33.73 232.24 130.21 232.27  65.45
  235 -0.587 -0.363  0.423  21.30 252.22 170.45 165.14 164.98 165.22  52.00
  236 -0.267 -0.062 -0.625  21.30 252.22 229.73 132.68 196.54 132.48  52.00
  237 -0.380 -0.863 -0.279  46.65 215.92 142.38 250.24  64.27 214.58  67.00
  238 -0.127  0.349  0.180  56.05  89.11 227.12  91.66  16.34  91.33  67.93
  239  0.497  0.711 -0.186  21.30 252.22 228.47  54.34  15.33  52.08  52.00
  240  0.272 -0.534 -0.238  21.30 252.22  61.06 182.25  65.58 181.59  52.00
  241  0.946  0.753 -0.641 182.98  52.44 230.20  50.56 130.81  46.25  69.45
  242  0.772 -1.030  0.836  21.30 252.22  25.83 237.84 167.84 238.60  52.00
  243 -0.042  0.808  0.672 190.57  42.07 142.38 250.24 161.97  40.94  78.95
  244 -0.749  0.597 -0.728  88.84  65.97 161.61  67.59 126.22 250.87  77.70
  245 -0.960  0.612 -0.190 162.87  62.03 221.93  64.24 126.22 250.87  64.71
