    1 -0.747 -0.936 -0.900 111.90 224.38 126.28 220.88 200.03 219.39  70.41
    2  0.218  0.511  0.041 249.04  74.73 126.29  74.11  32.29  73.32  26.50
    3 -0.086 -0.441 -0.226 189.82 173.23  28.70 171.49   6.64 172.70  64.90
    4  0.709 -0.995 -0.179  39.04 224.77 247.96 226.91  63.16 231.82  63.51
    5  0.502 -0.399 -0.168 125.62 167.19 139.90 167.04 151.44 167.43  66.28
    6 -1.122  0.182 -0.364  72.12 106.53 216.47 106.61 248.75 109.45  61.29
    7  0.123 -0.145  0.063  20.47 142.30   4.70 142.07 215.16 142.11  59.87
    8  0.213  0.398  0.117 140.18  85.35 243.51  85.95 184.70  84.90  63.47
    9 -0.106  0.206  0.288 129.96 104.10 113.30 104.21 162.60 104.49  77.50
   10  0.739 -0.574 -0.307 165.97 185.72 214.84 185.72  35.40 187.75  61.95
   11 -0.334 -0.006 -0.658 154.65 128.16 111.95 125.62 133.55 125.63  78.82
   12  0.087  0.542  0.498  78.17  69.61 104.55  69.60  71.98  70.14  67.80
   13 -1.104 -0.596 -0.422 167.00 188.89 204.12 187.16 230.95 186.46  75.00
   14  0.179 -0.857 -0.678 237.12 214.87 153.85 214.21 243.89 214.44  62.23
   15 -1.017  0.669 -0.773  52.86  54.45 154.06  60.28  63.59  60.48  63.35
   16  0.051 -1.187  0.396  91.23 251.76 206.37 249.79 180.24 251.69  58.23
   17 -0.925  0.308  0.353 224.87  94.41 241.84  93.63 147.71  94.53  63.56
   18 -1.118  0.522 -0.528 216.77  72.01  81.46  74.80 235.54  75.89  48.20
   19 -0.543 -0.215 -0.017 234.64 147.46 221.68 147.72 161.53 148.05  68.73
   20 -0.374  1.119  0.879 218.42   4.57 133.60 253.44  35.65   7.65  55.29
   21 -0.623 -0.934 -0.362  10.50 224.51  72.21 223.26 149.51 221.60  65.23
   22 -0.730  0.357  0.612  76.30  87.18  88.09  87.92 110.22  86.57  66.72
   23  0.924 -0.269 -0.784  45.77 152.49 200.64 152.22 184.15 152.71  59.29
   24  0.356 -0.532 -0.361 141.58 181.72  64.16 181.47  55.70 181.30  69.00
   25  1.131  0.180 -0.770  22.97 108.98  13.37 109.61  61.87 107.28  60.98
   26  0.039 -0.496  0.501 141.14 178.33 220.93 179.11 104.09 180.27  76.11
   27 -0.482 -0.337 -0.357 192.18 160.35  94.25 160.75 116.74 160.71  57.29
   28 -0.397  0.590  0.380  81.21  64.50 111.10  63.66 244.10  65.91  67.09
   29 -0.801  0.526 -0.770 176.09  72.77 150.99  75.10 134.28  74.70  61.11
   30 -0.399 -0.630 -0.697  30.32 191.70  15.43 189.11 234.24 190.14  61.80
   31 -0.537  1.022 -0.782 225.28  21.81 142.14  23.19 128.27  24.65  49.00
   32  0.994 -0.848  0.219 223.57 212.84 203.28 214.85   6.11 217.89  62.08
   33  0.478  1.110  0.142 128.27  11.43 175.46  11.72  47.35   9.66  69.39
   34  1.125 -0.242 -0.852  90.09 150.86  51.84 152.14  31.04 151.68  74.86
   35  0.490 -0.959  0.950 196.65 229.44  32.60 230.79 244.82 230.56  68.24
   36 -0.053  1.128 -0.199  48.02   8.83  88.05   7.91 137.81  10.65  52.94
   37 -0.467 -0.208  0.875 254.02 147.13 234.54 147.97 206.69 148.54  68.25
   38 -0.298 -1.063  0.462  56.18 240.41 251.75 238.53  84.29 237.91  59.88
   39  0.788 -0.764 -0.920  16.73 202.86  26.41 201.03  65.17 204.58  52.71
   40  0.065  0.922 -0.945 144.08  34.42 182.26  33.16 175.73  32.73  62.12
   41 -0.140 -0.350  0.949  83.21 163.30  78.86 162.76  86.81 162.49  80.28
   42 -0.498 -1.172 -0.836 201.82 247.84 161.85 243.01  58.58 244.37  69.60
   43 -0.558  0.778  0.498 158.96  41.26  57.64  41.89   3.81  45.78  61.77
   44  1.108  0.338 -0.334 219.19  92.06  59.66  92.28 237.88  92.21  63.17
   45 -0.737 -0.155  0.011 167.56 142.90 153.42 142.97 132.67 143.07  51.33
   46  0.973 -0.131 -0.245 105.89 138.07  90.49 137.95 181.44 141.58  66.72
   47  0.485  0.254 -0.534 147.60 102.07 236.45 101.85 143.62 101.79  67.30
   48 -0.192  0.637  0.885  18.34  58.51 115.30  54.98 162.22  59.60  59.80
   49 -0.069  0.123  0.374  90.00 114.26  62.33 114.50  52.75 114.24  71.50
   50 -0.343 -0.512 -0.491 241.80 178.38 112.06 177.96  87.06 177.99  63.37
   51 -0.020 -0.924 -0.943 227.86 220.73 232.39 217.06 233.81 220.53  53.33
   52 -0.444  0.347  0.617  41.67  89.07  50.60  90.33  26.59  91.14  37.50
   53 -0.601 -0.078 -0.148 204.22 132.96 219.48 133.03 124.00 135.94  55.70
   54  0.625 -1.079 -0.785 145.88 235.58 134.62 235.32 210.77 237.05  85.68
   55 -0.183 -1.203 -0.712  18.11 249.34 189.28 249.36 225.41 246.42  51.00
   56  0.663  0.825 -0.500 188.31  42.69 224.18  41.45  57.81  41.06  54.38
   57 -0.966 -0.419 -0.205 178.89 169.03 163.33 167.98 143.41 168.40  83.07
   58  0.826 -0.548  0.226 158.58 182.52  71.81 182.05 162.04 183.51  68.43
   59 -0.115  0.583  0.240  93.26  66.51  86.39  66.10  49.92  66.71  76.90
   60 -0.184  0.025  0.138 156.11 125.21 152.16 125.17 142.12 125.18  73.23
   61 -0.464  0.284  0.360 148.56  96.35 128.02  96.54  88.01  97.25  75.00
   62 -0.748 -1.011  0.968 206.91 236.02 239.91 236.68 124.06 232.48  59.16
   63  0.973  0.703  0.380 166.46  54.26  82.56  52.14  98.70  50.73  71.71
   64  0.861  0.798 -0.308 123.64  46.70 195.78  44.22 195.31  42.36  64.67
   65 -0.529 -0.896  0.517 138.93 223.64 183.50 221.97  84.26 221.29  74.14
   66  0.378  0.074  0.257 120.56 119.30   7.05 116.16 153.10 119.30  63.94
   67  0.530 -0.900  0.074 246.55 218.94 121.66 217.08  74.45 222.84  51.60
   68 -0.244  0.127 -0.182 226.53 114.14  88.78 113.98 152.75 113.56  64.57
   69 -0.260 -0.164 -0.649 154.07 143.36 141.07 143.38 124.73 143.43  74.07
   70  0.878  0.332  0.582  44.44  91.38  81.01  91.36  51.75  91.90  66.00
   71 -0.652  0.256  0.240 196.06 100.20 152.69  99.89 206.59 101.18  65.77
   72 -0.537 -0.512  0.314 100.77 182.33 145.63 181.29 100.02 180.71  62.18
   73  0.276  1.009 -0.408 117.37  22.66 230.51  22.94 163.80  21.93  63.00
   74 -0.019  0.515  0.319  38.60  73.73  20.06  72.04  35.97  73.22  61.17
   75  0.718  0.169  0.454 111.36 109.62  65.56 109.86 240.62 109.92  57.89
   76 -0.095  1.069  0.163 250.14  15.57 178.24  12.37 174.73  12.66  59.22
   77 -0.902 -0.705 -0.250 182.49 198.40 202.70 199.89  19.92 199.14  89.56
   78  0.432  0.636 -0.066 112.70  60.78  25.77  60.77 131.05  59.90  63.18
   79 -0.773 -0.033  0.161  85.57 128.84 182.23 129.12 111.21 128.82  65.39
   80  0.757 -1.177 -0.152 183.09 245.03  26.86 249.32 169.44 250.32  67.53
   81 -0.620  0.443 -0.244 149.90  80.26 161.87  80.49 124.73  80.32  64.43
   82  0.715 -0.580 -0.992 103.37 182.79 164.77 182.77 183.82 187.00  71.25
   83  0.494  0.269  0.432  48.80  98.85  14.42  99.57  44.72  99.17  68.08
   84 -0.728 -0.290  0.136  27.48 157.24 221.39 155.42 229.87 156.25  48.75
   85 -0.118  1.000 -0.445  62.61  23.13 173.60  25.46  24.34  24.88  65.29
   86  1.014  0.360 -0.275 123.66  91.02   7.94  90.26 130.83  86.49  67.27
   87  0.858  1.067  0.544  35.35  15.84 122.83  11.98 154.15  10.79  58.07
   88  0.115 -0.383 -0.666 120.55 163.56  85.37 163.19  65.77 165.69  67.33
   89 -0.074 -0.663  0.475  68.64 196.88 151.20 196.64  82.07 196.76  84.72
   90 -0.364 -0.093 -0.037 148.62 135.87 137.50 135.90  68.23 136.25  67.67
   91 -0.223  0.551  0.607 139.37  66.99  15.45  68.09  53.87  68.65  67.50
   92  0.096  0.088 -0.757 148.79 115.24 120.97 115.25  95.15 115.28  69.88
   93  0.249 -0.837 -0.290  39.45 212.02 201.52 211.97 218.21 214.30  45.50
   94 -1.127  1.028 -0.192 138.33  16.11 190.94  19.23 156.40  23.89  71.27
   95  0.700 -0.232 -0.101 131.61 150.84  39.59 151.85  54.85 151.46  60.75
   96  0.299 -0.790  0.462 168.99 210.03 163.48 209.78 148.65 210.69  77.80
   97 -1.083 -0.133 -0.541 216.83 141.45 168.56 141.38  84.73 137.89  64.88
   98 -0.369  0.133  0.758   3.54 111.40 159.13 113.70 234.39 113.26  56.00
   99  0.089 -0.073  0.001  75.16 131.76  47.51 131.66  40.86 131.57  67.90
  100 -0.176 -0.652  0.461 179.10 196.20  57.22 195.13  63.14 194.07  74.67
  101  0.317  0.450  0.525 205.55  79.52  39.78  79.70 221.91  79.82  64.11
  102  0.320 -1.092  0.288  87.42 240.53  96.74 240.70 220.73 242.08  61.20
  103  0.193  0.255 -0.267 213.31 100.34  59.88 101.45  10.19 100.41  74.24
  104 -0.971 -0.693  0.255  47.92 202.76  18.63 200.38 116.98 197.06  67.00
  105  0.628  0.064  0.978  34.11 120.75 167.92 120.50 140.69 120.41  48.15
  106  0.938  0.069  0.193 184.50 120.58 137.95 119.40 242.64 119.85  72.54
  107  0.591  0.645  0.212 170.22  60.66 107.59  59.78  94.90  56.62  70.85
  108  0.511  0.503 -0.850  79.53  75.41 183.54  75.39 108.15  75.99  63.35
  109  0.170  0.737  0.585 239.59  49.53 131.25  47.01 210.53  48.35  64.56
  110  0.512  0.489  0.995 161.79  75.27  14.50  75.12 101.92  74.14  69.25
  111  0.247  0.649  0.192  36.03  59.47  66.99  56.10   7.94  57.57  55.67
  112 -0.063 -0.848  0.223  64.41 214.90 146.33 215.01 157.56 215.98  58.00
  113  0.305  0.849 -0.233  46.20  38.32  95.16  38.37 116.70  38.42  57.43
  114 -0.928  0.874 -0.613 110.95  35.21 134.75  35.87 238.88  38.58  64.36
  115  0.082  0.978 -0.541 205.98  26.94 211.51  25.69  18.09  26.21  64.50
  116  1.089 -1.058 -0.337 147.61 233.11 247.93 234.07  71.08 239.64  75.00
  117  0.217 -0.647  0.484  67.71 193.47 163.37 193.50 229.71 194.46  53.27
  118  1.083  0.966 -0.735   3.17  28.55 116.27  26.17 122.29  25.96  51.71
  119  0.231  0.030 -0.135 131.27 123.83 219.08 123.43 188.09 123.29  63.29
  120  0.164  0.278  0.660  95.69  98.32 239.22  98.27 243.70  97.23  67.63
  121 -0.999 -0.281 -0.067 191.75 155.00 241.39 152.56 251.12 153.47  62.67
  122  0.987  1.016 -0.061 149.73  25.33 211.96  19.45 175.95  17.19  68.16
  123 -0.720 -0.226  0.525 206.26 152.10  78.01 150.69  39.21 150.28  58.06
  124  0.400 -0.130 -0.780  79.87 136.51  66.25 136.35 244.28 136.76  68.00
  125 -0.610  0.718 -0.866 102.86  54.24 230.88  54.14  49.84  53.24  67.70
  126 -0.128  0.724 -0.695 165.51  52.38 179.53  53.58 192.00  52.29  83.00
  127  0.958  0.867 -0.952  80.37  40.47  34.18  39.56 157.10  34.91  73.18
  128 -0.867 -0.231 -0.399 198.78 151.90  71.85 150.54  68.12 150.27  65.94
  129  0.300  0.142 -0.251 222.42 110.75 204.19 110.40  36.20 112.43  69.21
  130  1.182 -1.056  0.145 223.26 234.37  18.85 237.45 119.20 240.44  69.79
  131 -1.200 -0.439  0.097 225.32 173.75 119.42 173.62 168.28 170.06  54.33
  132  0.835  0.467 -0.793 189.77  81.07 176.32  80.03  21.92  78.72  74.88
  133  0.892 -0.047 -0.388  90.16 131.46  54.92 131.41 196.75 129.14  71.71
  134  1.019 -0.189  0.105 239.49 146.78 219.11 147.18 240.19 148.02  59.25
  135 -1.177 -0.775  0.232 125.75 210.11  32.84 205.74  58.17 204.92  54.85
  136 -0.679  0.206 -0.160 231.38 105.42 117.11 106.58 167.91 106.34  59.56
  137 -0.684  0.359 -0.912  96.54  89.67 232.50  91.28 175.23  92.30  66.78
  138  0.241 -0.141  0.137  69.21 141.72  18.09 141.77  41.97 141.58  55.69
  139 -0.219  0.275 -0.555 209.37  98.82 183.81  99.83 138.59  99.55  51.90
  140 -0.428  0.713  0.699 122.85  50.42 143.57  50.81 180.51  52.29  69.71
  141  0.337 -0.381  0.087 165.15 165.95 113.22 166.01 247.40 166.06  64.41
  142 -1.086 -1.154 -0.598  64.27 248.49  25.88 242.57 104.58 240.53  63.19
  143  0.354  0.931 -0.740  99.53  30.11  17.20  32.09 143.77  27.97  62.00
  144  0.867  0.046  0.216 235.85 121.44 196.01 121.30 135.97 121.26  63.06
  145  0.855 -0.178  0.579  92.65 145.13  51.66 144.35 117.41 144.90  68.56
  146  0.167 -0.934 -0.436 103.52 221.68  53.29 222.23 161.73 223.38  59.48
  147 -0.654  0.621  0.841 157.72  59.76 190.15  60.66 157.92  61.51  66.38
  148 -0.154 -0.473  0.381  99.72 176.62  33.92 175.37 130.40 176.26  68.08
  149  0.293  0.323 -0.132 241.67  93.89 221.53  93.01 231.16  92.49  61.82
  150 -0.406 -0.331  0.445  79.64 161.68 218.85 160.77 224.65 161.79  75.88
  151 -0.818 -0.702  0.516  60.00 202.92  35.49 200.76 125.58 199.29  70.34
  152 -0.692  0.599  0.115 111.43  63.28 172.97  62.38 142.10  65.54  80.50
  153 -0.521  0.563 -0.393 205.49  67.20 244.73  69.50 104.57  70.77  73.90
  154  0.206  0.002 -0.113  93.98 125.55 103.10 125.61  88.94 125.62  68.54
  155  0.248 -0.816 -0.984  22.00 208.28   4.93 209.48 219.30 210.16  54.25
  156  0.753  0.220  0.600 163.29 102.56 177.57 102.42 180.25 101.92  62.00
  157 -0.250 -0.977  0.765 252.85 230.78 201.40 230.91   2.78 230.55  57.67
  158 -1.211  0.160 -0.674 209.85 110.47 242.30 110.16 164.92 110.16  58.83
  159 -0.940 -1.166 -0.662 127.80 248.62  78.18 246.09  43.67 242.98  53.20
  160  1.098  0.297 -0.712 128.29  98.40  30.91  95.86 107.12  96.43  61.25
  161  0.153  0.771 -0.838  60.21  48.13  73.13  49.80  73.79  47.13  60.81
  162  0.061 -1.032 -0.004  25.62 234.68 101.52 232.90 187.87 233.10  54.67
  163 -0.679  0.829  0.060  81.15  37.37 159.64  40.90 228.46  41.71  56.11
  164  0.088 -1.072  0.121 108.87 238.94 247.92 238.29  31.04 240.01  58.20
  165 -0.037  0.756  0.982 180.14  45.15  69.17  45.79 138.24  46.50  68.12
  166 -0.923 -0.461 -0.402  32.15 175.58   3.15 174.07 160.20 172.98  58.67
  167 -1.110  0.961 -0.960 191.52  27.10 237.59  30.69 147.40  31.06  53.33
  168 -0.607 -0.504  0.422  90.95 181.15 132.36 180.80 157.26 178.88  65.87
  169  1.135  0.141 -0.351 157.76 113.76   5.76 112.06  37.63 110.25  73.12
  170  0.765 -0.937 -0.256 190.82 220.82 145.31 223.55  30.00 224.11  73.55
  171 -0.392  0.397  0.911  74.58  81.74 212.43  81.23  70.33  83.29  70.57
  172 -0.951 -1.019 -0.845   8.12 232.27  23.26 226.33 195.86 226.92  55.55
  173  0.724 -0.696 -0.251 152.37 198.40 120.47 198.39  45.99 199.42  69.73
  174  0.499  0.585  0.512 109.41  66.79  56.07  65.91 114.77  63.63  61.00
  175  0.026 -0.572  0.616  37.86 186.23 199.77 186.18 217.82 187.76  53.22
  176  0.828  0.203  0.647 142.03 106.51 208.30 104.88 100.58 104.31  68.14
  177  0.819  1.009 -0.557 225.39  25.35  74.18  25.29 209.69  20.01  68.35
  178 -0.588  0.173  0.649 239.90 107.16  58.22 106.98  31.63 110.01  64.75
  179 -1.051  0.546 -0.227 143.80  69.43 137.51  70.81  84.63  71.18  67.09
  180 -0.213  0.042  0.263 149.09 121.64 110.15 121.75  76.27 121.71  69.14
  181 -0.543  0.282  0.127 169.34  97.26  79.40  98.30  60.25  98.67  51.60
  182 -0.945 -0.608 -0.629 219.26 190.79 131.03 189.06 195.33 188.47  52.20
  183  1.035  0.253  0.149  89.57 100.98 106.02 100.32  57.82 100.30  69.31
  184  0.867 -0.180  0.908   7.45 145.16 101.99 144.91 173.14 147.56  52.50
  185 -1.015 -0.949 -0.094  69.92 225.84 206.94 224.67 240.88 223.33  71.34
  186 -0.691 -0.650 -0.223  70.88 194.72  40.27 192.99 106.90 191.77  63.55
  187 -0.949 -0.771 -0.852   9.98 205.23  41.50 202.65 191.96 201.51  55.93
  188  0.594 -1.179 -0.265  46.85 245.77 232.42 247.84 126.47 250.17  49.75
  189  0.662  0.552 -0.605 167.96  71.04   4.91  71.97  42.96  70.56  77.56
  190  0.282 -0.669  0.420 142.43 197.44 109.64 197.24  90.73 198.14  70.33
  191 -0.170  0.062  0.619 231.17 121.21 226.42 121.06 195.68 120.91  62.56
  192  0.029  0.798 -0.518 108.41  44.73 216.61  46.34 206.84  44.21  71.21
  193 -0.386  0.516 -0.697  33.10  74.74  47.50  75.25  74.72  75.87  56.17
  194  0.425  0.963  0.688 113.14  25.33 156.47  25.12 211.91  22.95  62.93
  195  0.896 -0.322 -0.710  45.40 158.17  52.21 158.60  45.90 158.05  64.97
  196  1.057 -0.452 -0.212  43.48 172.69 181.64 173.76 116.88 173.67  62.24
  197  0.478  0.480 -0.873 214.59  79.51 249.53  78.46 215.49  78.41  64.33
  198 -1.086  0.273  0.251 181.27  98.82 145.72  98.59 117.50 100.27  65.69
  199 -0.648  0.571  0.608 118.83  65.50 181.17  66.23 197.45  67.86  71.29
  200 -0.144  0.231  0.064 237.78 102.54 148.07 102.11  48.40 101.90  62.70
  201 -0.988 -1.103 -0.060  94.37 242.34 137.40 240.13 202.14 239.57  55.00
  202 -0.003  0.304  0.218 161.81  95.03 158.57  94.85  90.26  92.55  57.67
  203  0.708 -0.816  0.504 185.65 211.02   9.60 212.69 149.56 215.11  68.33
  204  0.872 -0.482  0.597  40.41 176.77 224.07 176.49  45.08 180.57  63.31
  205  0.139  1.049 -0.948 161.29  19.98  12.08  22.27   6.33  17.92  59.50
  206 -0.480 -1.065 -0.392 166.10 236.20 191.29 237.03  10.49 234.60  62.95
  207 -0.338 -0.324 -0.813  78.55 159.16  24.81 157.34  30.43 156.78  71.44
  208  0.453 -0.427 -0.074 174.16 167.68 180.07 169.42  38.72 170.59  65.27
  209 -0.548  0.778 -0.823 175.93  47.00 124.25  46.63 161.27  49.76  76.50
  210  1.195 -0.962 -0.341 198.43 222.99 234.38 224.69 201.58 229.64  64.77
  211 -0.168  0.630 -0.366 201.60  61.65  58.01  61.60  56.38  61.92  69.00
  212  0.339 -0.789 -0.050  46.01 208.16  41.71 206.18 228.80 209.53  72.75
  213  0.503  0.732 -0.495  29.88  53.11 133.12  52.08 108.68  49.82  57.86
  214 -1.148  0.363  0.219 164.25  86.93 150.45  86.75 220.19  90.19  69.98
  215  0.445  1.100  0.484   3.01   9.99  19.00   4.96 228.81   8.28  73.75
  216 -0.848 -0.763 -0.443  84.53 204.09 207.32 204.86 232.61 203.20  62.62
  217  1.103  0.483 -0.258 221.62  79.09 179.57  77.78  38.36  76.24  60.29
  218  1.139 -1.005  0.301  42.88 229.52 181.13 231.72 121.45 235.81  66.73
  219  0.076 -1.094  0.902 180.63 242.05  18.01 245.35 134.00 243.94  67.40
  220  0.625  1.086 -0.914 238.48  17.75 219.37  15.01  15.12  13.26  64.12
  221 -0.840 -0.619  0.215  78.23 193.03  87.92 191.97  57.07 189.12  65.50
  222  0.795  1.033  0.355  28.73  18.81 118.33  16.48 101.01  16.70  60.70
  223 -0.056  0.969 -0.968 127.48  28.37 136.62  28.74 242.97  27.34  71.08
  224 -1.095  0.114  0.303 111.46 115.01 103.14 115.13 101.12 115.17  67.42
  225  0.170 -0.519 -0.374 163.66 180.63  93.29 180.40 174.15 180.74  73.75
  226  0.328 -0.610  0.757  22.55 191.16  54.34 192.27  32.85 191.61  61.29
  227 -0.884  0.472 -0.010 226.22  76.38 220.83  77.90 191.86  79.13  58.50
  228 -0.396  0.405 -0.768 156.74  86.04 134.58  85.96  44.54  86.19  71.26
  229 -1.123  0.602 -0.930  51.32  64.68 116.19  67.21 239.18  67.66  56.46
  230  1.039  0.562 -0.035  34.66  70.38  65.50  67.49  96.22  67.36  61.25
  231 -1.206  0.699  0.050 128.36  51.56 206.37 249.79 130.77  54.81  73.82
  232 -0.162  0.026 -0.852  24.50 124.60 206.37 249.79  18.21 125.21  56.38
  233  0.046  0.718  0.533 178.88  50.51 146.31  49.93 191.27 252.50  69.63
  234 -0.456  0.276  0.764 111.78  97.96 206.37 249.79 105.14  98.63  63.14
  235  0.227  0.263  0.885  91.23 251.76  42.67  99.76  62.62  99.28  58.23
  236 -0.148 -0.474 -0.732 124.17 173.87 206.37 249.79  50.13 174.60  73.87
  237  0.512  0.902  0.388 207.25  32.59 122.58  31.09 191.27 252.50  57.73
  238  0.909  0.484 -0.406  48.47  79.47  89.12  76.25 213.01  77.30  46.00
  239  0.927  0.506 -0.937 153.63  77.93 206.37 249.79 124.27  74.99  63.36
  240  0.732 -0.837 -0.961  91.23 251.76 153.09 209.95 175.02 211.09  58.23
  241  0.473  0.463  0.968 186.21  78.30 206.37 249.79 194.05  76.68  50.17
  242 -0.874  0.480 -0.750  52.41  77.93 206.37 249.79  32.61  79.94  55.81
  243  0.060  0.403  0.277 183.80  81.86  86.09  85.48 191.27 252.50  69.89
  244 -0.329  0.891 -0.794 245.94  36.64 164.01  34.29  55.58  33.82  57.69
  245  0.005  0.291  0.724  68.11  95.05 206.37 249.79  20.07  96.63  69.00
  246 -0.321 -1.103 -0.455 131.36 241.38 206.37 249.79 229.39 240.19  63.38
  247  0.966 -1.109  0.949  91.23 251.76 136.43 246.29 142.92 249.07  58.23
  248 -0.471 -1.075 -0.270 153.23 239.97 206.37 249.79  88.07 236.31  68.25
  249  0.512 -0.437  0.090 178.19 172.39 175.18 172.21 191.27 252.50  83.09
