    1 -0.337 -0.436  0.376  80.77 173.25  53.45 172.42  45.79 171.75  68.90
    2 -0.097 -0.728 -0.443 128.72 201.99 108.25 201.56  93.01 201.29  67.70
    3 -0.470  0.781  0.411 186.53  41.49  46.54  38.88 159.62  45.34  73.00
    4  0.417 -0.864  0.707  99.73 217.45  74.50 216.06 146.73 217.16  66.53
    5  0.068 -1.013  0.250 197.61 233.42  48.41 232.61 241.92 232.96  58.76
    6  0.887 -0.916  0.644 228.09 222.60 139.45 225.63 183.56 226.73  66.41
    7  0.963  0.402 -0.375 201.77  86.59 240.99  86.10 195.18  85.00  63.20
    8 -1.013  0.015 -0.360 185.43 125.47 202.48 125.44  60.21 126.51  64.14
    9 -1.088 -0.254 -0.542  94.24 154.02 116.28 153.70  33.87 153.30  62.39
   10  0.495 -0.516  0.147  49.46 179.52 226.78 181.97  19.44 181.56  55.67
   11  1.034 -0.183 -0.316 208.16 144.48 133.67 142.37 242.47 145.84  58.60
   12 -0.914 -0.557  0.027 109.11 186.11  86.03 183.57 240.23 183.79  61.50
   13 -0.634 -0.362  0.113 247.81 165.35  54.48 164.89 121.74 164.92  49.60
   14  0.271 -1.176 -0.454  71.08 246.78  48.79 245.84  26.91 248.89  60.29
   15  0.052 -0.465  0.944 165.14 177.46 118.88 177.66  75.01 177.27  66.29
   16 -1.100 -1.139 -0.779 133.81 246.65 203.08 242.65 127.43 238.79  70.92
   17 -0.768 -0.908  0.190 234.15 223.52 225.78 221.04 189.72 217.69  52.25
   18  0.687 -0.894  0.929 206.04 219.21  93.05 221.88  51.23 224.37  63.72
   19 -0.190  0.016  0.972 145.24 125.16 127.16 125.16 109.33 125.15  69.08
   20  0.689  0.908 -0.419 145.95  34.54  96.09  34.81 123.45  32.36  64.00
   21 -0.056 -0.882 -0.956 170.15 215.15 186.88 215.91 101.57 215.67  64.50
   22  0.307 -0.122 -0.484  89.04 138.59  34.88 138.42   7.71 138.17  58.08
   23  0.470 -0.320  0.023 116.94 160.76  15.52 159.66  58.39 161.23  66.46
   24  0.403  0.410 -0.482  28.92  83.85 195.05  85.97  54.58  84.07  60.48
   25 -0.054 -0.328 -0.221 237.06 161.06  21.58 161.73  88.85 161.44  44.17
   26 -0.263 -0.828 -0.862  53.32 211.92  11.63 210.97 112.93 209.61  56.43
   27 -0.117  0.719  0.032  84.33  49.84 125.89  52.01 127.14  51.73  57.68
   28 -0.407 -0.676 -0.189 159.09 194.36 168.54 194.63 168.35 195.63  67.56
   29 -1.090  1.115 -0.982 250.94  12.52  55.98  15.81 242.43  17.80  40.83
   30  0.325 -0.498 -0.407  26.53 177.70  49.33 178.23  67.83 177.63  44.86
   31  0.547  0.463  0.956  19.88  75.34  68.89  75.47  33.03  76.71  49.44
   32 -0.343 -0.912 -0.293 239.16 222.43 172.82 220.55 126.77 221.23  58.69
   33 -0.970 -0.750 -0.026  19.51 206.12 118.37 202.62 152.19 203.62  45.50
   34 -0.270 -0.021  0.422  99.90 128.20  97.13 128.26 172.81 127.09  63.00
   35  0.157 -0.810  0.956  36.78 213.57 117.64 213.93  84.99 213.11  60.30
   36 -0.987  0.423 -0.553 251.06  82.19  36.49  83.29 170.82  85.85  37.57
   37  0.699 -1.068  0.775 229.22 235.64 138.41 240.92 194.66 243.19  59.36
   38  0.983 -0.929  0.018 195.54 219.54  47.87 223.23 135.68 226.24  70.22
   39 -0.011  0.030  0.147 213.68 122.53 247.65 122.43  54.26 122.16  52.88
   40 -0.064 -0.090  0.140 247.62 135.17  69.65 134.51  45.56 134.32  64.35
   41  1.164  0.620  0.119 193.11  64.14  74.02  62.73  88.30  58.61  67.25
   42 -0.106  0.458  0.275 165.27  78.81 187.30  78.34 133.12  78.21  70.80
   43  0.630  0.011  0.030 161.35 126.47 107.80 126.49  13.87 126.64  58.94
   44  0.577 -0.862 -0.565 192.62 214.73  44.09 214.58 225.51 217.06  64.64
   45 -0.054 -0.412 -0.086  86.53 166.65 186.04 168.60 141.45 169.08  58.95
   46  0.046  0.066  0.606 186.66 117.84 160.11 117.73 124.67 117.69  67.30
   47 -0.935  0.962  0.326  17.30  24.28 253.19  23.45  70.83  28.89  55.88
   48 -0.181 -0.280  0.376 239.73 155.63  28.51 155.29  20.11 154.65  62.87
   49  0.800 -1.042 -0.357 149.76 229.65 119.96 233.07  96.18 237.03  76.00
   50  0.032 -1.148 -0.255  99.94 244.48 188.37 244.46 150.66 244.31  66.08
   51 -1.070  0.350 -0.554   6.15  89.51 173.99  91.92  28.22  91.81  61.47
   52 -0.396  0.342 -0.591 191.32  92.28 158.81  92.60  43.44  93.46  78.29
   53  0.632  0.785 -0.201 113.21  44.87  78.63  45.79 200.15  41.78  70.08
   54 -1.122 -0.796  0.017  84.64 212.65  30.89 209.74  33.49 207.89  60.68
   55  0.956 -0.760 -0.142  49.34 202.68  27.59 206.09 162.04 207.95  48.17
   56 -0.540  0.652 -0.853 244.64  59.27 184.15  60.81 180.79  59.54  57.73
   57 -0.872 -0.095  0.769 233.02 136.89 242.21 134.77 205.18 134.97  48.64
   58  0.291 -1.111 -0.623 149.49 237.58 187.08 237.88 137.20 241.66  84.60
   59 -0.553 -0.059  0.529 194.05 133.03  20.74 133.29 226.81 133.03  65.86
   60 -1.061  0.513 -0.269  24.05  70.01 233.54  75.29 174.79  74.10  54.83
   61 -0.571 -0.927  0.347  54.63 225.52 172.96 225.00  16.75 222.51  55.44
   62 -0.905  0.921 -0.111 126.33  27.18 122.60  32.69 207.93  33.65  61.67
   63 -0.718 -0.814 -0.801 130.30 209.89 120.64 209.52  16.45 208.81  67.71
   64  0.476  0.120  0.713  54.94 114.54 131.27 114.49 122.73 114.49  58.88
   65 -0.594 -0.427 -0.404  86.14 171.16  57.76 170.38  48.10 169.64  70.57
   66 -0.348  0.058  0.769 199.50 120.94 159.23 121.05 110.04 120.78  68.65
   67 -0.357 -1.114 -0.217 196.41 242.87  54.11 241.30  11.21 241.08  62.22
   68  0.278  0.547  0.725   9.70  69.69  89.31  65.54 158.85  68.83  63.23
   69 -0.148 -1.185 -0.122  84.45 248.06 131.56 246.34  33.65 249.20  64.06
   70 -0.710 -1.159  0.609 104.76 253.19 155.86 248.27 164.45 246.39  87.32
   71  0.356  1.096 -0.688 115.03  17.49 229.60  16.22 213.79  15.17  62.00
   72 -0.778 -1.017 -0.315 103.74 233.99 138.73 229.85 134.24 229.49  68.39
   73 -0.120 -0.254 -0.947 112.41 151.49  86.61 151.27  13.40 153.32  77.00
   74  1.095  0.321  0.307  82.34  93.02  19.53  92.71 120.78  92.39  66.12
   75 -0.565 -0.518 -0.015 190.54 181.52 120.90 179.88 116.47 179.92  71.62
   76 -0.655  0.632  0.184 177.17  58.86 133.57  58.39 100.51  63.05  47.25
   77 -0.949 -0.257  0.298  19.76 154.95  55.69 153.85 140.72 153.86  62.44
   78  0.231  0.477  0.101  66.97  74.18  19.18  75.54 245.93  77.40  71.94
   79  0.415  0.181 -0.860 142.51 109.31  85.99 109.18 107.44 109.20  81.00
   80  0.968 -0.920 -0.783  59.49 217.96 122.66 216.56  96.44 221.49  62.06
   81  0.764  0.762  0.765 189.05  48.41 154.83  40.64 226.04  41.05  65.20
   82  0.288  0.336  0.555  21.08  91.52 108.85  89.66 144.39  91.52  61.73
   83  0.109  0.788 -0.641  14.55  44.29 208.69  46.73 181.53  45.80  62.75
   84  0.986 -0.439  0.544  71.00 172.79  28.33 174.07  28.42 173.46  66.03
   85  0.243 -0.468 -0.346 124.22 174.58  92.73 174.23  45.50 176.01  70.83
   86  0.728  0.027 -0.508   4.85 123.12 247.53 125.15 204.87 124.63  54.00
   87  0.099 -1.098 -0.326 233.88 240.09 117.84 238.02  49.53 240.91  66.18
   88 -0.790 -0.351  0.635 197.46 164.14 164.70 164.56 212.79 162.83  64.21
   89  0.420 -0.196 -0.379  14.26 146.73 234.28 147.01  18.40 146.70  50.31
   90 -0.674 -0.402  0.201 214.23 167.93  62.08 165.98 251.58 167.99  57.85
   91 -0.204 -0.625  0.085 177.25 191.07 246.04 188.44 240.45 190.78  65.22
   92 -1.139 -0.977 -0.522 191.69 229.41  68.11 225.83 233.83 224.01  72.10
   93 -0.948  0.292 -0.093 104.12  95.91   6.43  95.30  39.92  96.20  65.70
   94  0.546  0.659 -0.397  87.31  61.00 201.35  57.53 143.59  56.57  67.90
   95 -0.755 -1.116  0.356  10.45 247.19  27.08 244.16 165.67 242.44  57.58
   96 -0.015  0.994 -0.698  84.19  26.22  99.35  24.44  86.46  25.73  62.50
   97  0.717  0.654  0.999 208.61  58.49 135.58  55.66  86.87  56.14  72.90
   98  0.392 -0.292  0.526  63.68 155.99 227.32 156.23  84.93 157.61  63.88
   99  0.872 -0.316 -0.698 196.51 158.79 169.85 159.21 131.59 159.45  62.60
  100  0.543 -0.379  0.634  91.73 166.28  44.14 165.65  55.02 165.41  60.00
  101  1.023  0.474 -0.745 227.78  79.33 152.30  78.56 129.24  77.87  63.00
  102 -0.072 -0.500 -0.183 154.08 179.03 133.81 178.37  83.49 178.16  67.48
  103  0.560 -0.656 -0.271 125.30 193.86 107.06 193.42  16.19 195.50  61.20
  104  0.301  0.099  0.486  33.68 115.80 179.07 115.45 160.41 116.67  54.82
  105 -0.684 -0.241  0.533 158.86 153.36 113.95 153.47  25.65 148.79  51.60
  106  0.939 -0.265  0.404  97.83 154.19  17.57 154.07 240.46 154.29  69.54
  107 -0.103 -0.828 -0.116  68.38 212.80 101.86 211.42  41.60 212.97  61.00
  108 -0.535 -0.874 -0.873  68.50 216.62 145.21 215.60 111.05 213.85  61.00
  109 -0.083 -1.039 -0.783  15.74 231.19 164.63 230.50 127.52 231.37  55.00
  110  0.898  1.041 -0.288  79.46  21.95 233.42  19.14  62.60  17.42  65.22
  111 -0.326  0.951  0.403  35.41  26.52 126.77  27.78 243.38  25.89  70.90
  112 -0.711  0.192  0.752 109.08 106.29 197.22 106.50 192.38 106.01  78.29
  113 -0.025  0.385 -0.334 158.09  86.70 226.82  87.10 236.96  86.50  68.83
  114 -0.396 -0.520  0.642  88.18 182.95  14.10 182.60  66.19 181.41  69.78
  115  0.109 -0.947 -0.260  76.88 225.19 230.39 224.80  36.28 225.46  67.80
  116  0.395 -0.650 -0.437 225.55 191.76 171.99 191.57  94.33 193.16  52.00
  117 -0.074 -0.786 -0.095  49.66 208.29 226.98 206.75 209.65 208.89  67.21
  118 -0.319  0.926 -0.735  52.72  30.46  34.66  32.96 104.45  34.68  63.14
  119 -0.306  1.140  0.404 248.47   5.95  84.23 253.99  98.73 253.73  44.83
  120  0.692  0.411 -0.202  41.06  82.90 218.16  83.83 155.65  83.09  62.48
  121 -0.808 -0.829  0.067  91.96 215.04  82.85 213.83 125.03 211.54  79.75
  122 -1.033  0.960 -0.255 230.15  25.29  65.15  27.95  30.24  30.18  50.81
  123 -0.282  1.166 -0.908 242.58   7.63  95.99   8.02 250.01   3.94  81.55
  124 -0.461 -0.097  0.808 140.16 137.68 121.62 137.64 104.84 137.65  73.83
  125 -0.608 -0.690  0.233   7.42 200.00  86.34 197.99  86.88 197.51  58.05
  126 -0.188  0.373 -0.085 210.84  87.88 247.69  87.67 190.73  86.59  61.60
  127 -0.419  0.189 -0.757 185.40 106.77 108.63 106.97  22.57 108.18  55.29
  128  0.458  0.110 -0.066 211.45 115.60 148.63 114.95  99.26 114.95  63.59
  129 -0.776 -0.198  0.536 163.54 148.21 100.79 148.11 168.62 148.64  65.62
  130  0.072  0.717 -0.655 131.20  53.15 116.09  53.49 216.74  53.66  71.47
  131 -0.406  0.572  0.360  18.81  66.53 249.77  63.61 204.10  68.80  50.59
  132 -0.776 -0.491 -0.532 182.50 178.00  63.96 176.75 151.12 176.77  61.42
  133  0.101 -0.977  0.002 166.15 228.19  12.32 227.68 173.70 227.91  61.08
  134  0.029  0.133 -0.108 104.02 111.08  59.88 113.08  50.49 113.77  61.90
  135 -0.609 -0.459  0.408  53.93 175.28 232.90 174.85  70.97 173.75  67.86
  136  0.435  0.346  0.299  13.86  90.64 125.68  88.80 126.43  88.68  53.43
  137  0.117  1.100 -0.960   4.32  12.71  19.26  16.77 174.01  15.62  54.79
  138 -0.583  0.520 -0.544 194.52  70.50   3.93  74.66  70.75  72.53  65.36
  139 -0.192 -0.702  0.145 227.33 200.99  10.63 200.48   3.85 198.39  57.50
  140  0.544 -1.014  0.994 156.46 234.36 210.23 235.03  89.72 237.59  68.90
  141  1.159 -0.346 -0.079 127.23 162.17 239.34 161.88  20.41 164.76  73.10
  142  0.421 -0.611 -0.027  57.00 187.64  33.26 186.16 194.78 189.54  66.00
  143  0.416  1.018 -0.058   5.49  23.12 220.47  21.28  58.10  18.70  55.19
  144 -1.162  0.983 -0.418 208.77  23.25  29.88  27.06  62.26  29.32  72.81
  145 -0.907  0.563 -0.903 146.83  69.62  85.47  67.92  65.34  68.83  68.94
  146 -0.059 -1.036  0.368  57.20 235.16 135.38 234.52 137.96 233.57  63.70
  147 -1.040  0.172 -0.021  74.23 108.83 167.01 109.30 182.52 109.33  57.86
  148  0.054 -0.141 -0.934 129.58 138.66  78.86 138.62  42.49 138.51  65.19
  149 -0.605 -0.811 -0.450  45.23 212.30  55.96 210.23  83.04 209.39  59.23
  150 -0.716 -0.423  0.165  22.09 171.60 122.72 170.94 114.39 170.99  51.56
  151  0.472  0.258 -0.578  72.60  98.02  33.70  98.85  61.54  99.37  55.67
  152  1.039  1.078 -0.673 242.45  19.21 164.31  17.34 244.38  15.08  53.89
  153  0.443 -0.958 -0.734 245.05 223.37 202.27 224.65 143.51 225.90  67.15
  154  0.596 -1.155  0.775 147.55 248.05 113.01 250.80 248.86 251.93  69.44
  155 -0.024  0.744 -0.353  29.82  49.15 139.28  48.39 149.93  47.60  57.36
  156 -0.870 -0.516  0.486  36.12 182.81 179.92 182.18  24.94 181.31  50.50
  157  0.674  0.213 -0.388 160.51 102.19 176.15 102.02 180.70 101.65  65.53
  158  0.342 -0.341  0.660 239.31 163.15 122.76 162.02  62.92 164.41  63.00
  159 -0.804  0.880 -0.579 195.72  34.07 144.80  37.79 150.82  37.42  61.80
  160 -1.106 -0.526 -0.160  78.36 184.04  69.68 182.04 160.90 179.83  60.12
  161 -0.034  0.894  0.217  84.24  33.41 164.81  32.96 194.56  33.39  69.70
  162  0.758 -0.159  0.007 110.37 142.45 159.53 140.68 162.09 140.85  68.56
  163  0.584 -0.750  0.198 115.04 203.20   3.69 203.55  31.26 204.33  72.95
  164 -0.193  0.209 -0.365 202.95 102.14 128.33 105.82 148.12 105.65  63.33
  165  0.920 -0.047 -0.712 132.18 130.47  16.65 130.11  75.09 130.45  71.68
  166 -0.056  0.944 -0.684 101.76  28.08  22.07  29.53  76.97  30.28  71.83
  167 -0.716 -1.091 -0.078 137.09 241.08 157.77 240.87 202.88 237.71  73.06
  168  0.673 -0.696  0.672  96.33 198.92  64.55 200.51  18.72 201.57  75.09
  169  0.687  0.255  0.032  26.86  97.95  77.94  98.58  95.02  98.83  60.14
  170  0.242 -0.964  0.097 140.52 225.63 222.78 225.88 206.38 227.45  69.10
  171  0.250  0.824  0.596 168.41  38.65 193.11  37.91  96.69  37.66  48.83
  172  1.067 -0.323  0.063  78.69 160.39  84.34 161.62 119.59 162.02  59.55
  173  0.289  0.069  0.830 178.93 116.95 175.69 116.84 246.44 117.59  63.08
  174  0.343  0.895  0.616 109.89  32.04  84.30  30.31  34.92  31.71  66.50
  175 -0.664 -0.534  0.773 129.09 184.09  36.17 182.84 155.69 182.89  75.43
  176  0.190  0.124  0.870 138.99 114.47 208.89 114.47 185.90 114.15  65.58
  177 -0.304  0.001 -0.341  33.39 126.73  24.48 126.76  40.75 126.79  64.16
  178 -1.067  0.735  0.094 234.82  48.59 193.42  47.40 104.14  53.62  62.33
  179 -1.117 -0.686  0.343  93.52 201.69 185.79 195.70 177.41 196.93  76.25
  180 -0.369  0.594  0.403   6.03  62.17 160.20  63.42 118.17  63.12  38.59
  181 -0.088 -0.460  0.834 100.10 177.38 153.15 176.28 249.36 176.06  69.93
  182  0.828  0.864  0.522 188.60  38.43 223.63  35.18  40.21  34.83  61.43
  183 -0.441 -0.831 -0.220 126.75 214.31  66.50 211.02 233.77 211.87  72.26
  184  0.960  1.060  0.425  57.98  17.56 100.00  11.48 124.87  11.09  65.60
  185 -1.064 -0.334 -0.930 183.43 161.15 136.94 161.52  65.22 160.08  75.04
  186  0.300  0.608  0.648 173.91  61.46  59.74  62.18 220.08  61.55  70.21
  187  0.895  0.873  0.643 185.36  36.59 124.71  34.61 136.87  32.33  70.03
  188 -0.569  0.716 -0.561 124.89  51.74 100.82  52.15   4.31  53.95  82.79
  189 -0.608  0.966 -0.015  66.13  24.59   9.49  27.80 140.89  27.14  62.19
  190 -0.568  0.161  0.407  43.26 109.88  20.31 110.40 185.66 109.77  62.44
  191  0.576 -1.114  0.113 142.97 240.76  10.35 243.45  34.72 243.48  67.90
  192 -0.938 -0.785 -0.011  24.53 209.00 229.46 209.42   6.52 204.03  56.19
  193 -0.960 -0.441  0.066 249.50 173.55  67.49 172.00  78.72 171.49  69.78
  194 -0.259 -0.190  0.544  40.38 146.87 207.06 144.72 223.50 147.60  54.14
  195  0.643  0.896 -0.764 133.43  38.13 216.00  36.57 115.40  34.84  56.00
  196 -0.938  0.291 -0.736  49.23  97.16  30.17  97.99  35.82  98.73  65.49
  197  0.343 -0.965  0.513 101.37 227.27 153.52 228.68 124.91 230.11  74.64
  198 -0.015  0.321 -0.925 169.27  95.07 243.36  94.54 103.20  93.73  68.31
  199 -0.653  0.144  0.186 144.87 110.14  68.21 111.22  49.30 111.57  75.69
  200  1.000 -0.802 -0.696 200.41 205.61 189.34 206.71  79.47 210.23  55.00
  201 -0.955 -1.093  0.505  58.96 246.59  17.42 243.10  55.31 239.53  59.37
  202 -0.496  0.292 -0.607 170.57  97.45 126.91  95.87  84.27  97.44  59.25
  203 -0.703  1.093 -0.236 146.48  12.65 241.92   8.24   9.74  16.55  61.47
  204 -1.210 -0.731 -0.227 219.37 205.06 200.04 202.52  52.55 199.43  63.48
  205  0.155  0.843  0.856 245.68  37.59 198.72  35.54 203.04  35.82  52.86
  206  0.049  0.651  0.818 122.30  55.33 205.80  57.50 174.78  56.19  69.33
  207 -0.441 -0.339 -0.972   8.41 162.97 177.18 161.47 158.08 161.94  59.00
  208  1.129  1.192 -0.813  21.97   9.29 235.92   4.15 140.84 253.38  55.00
  209  1.154 -0.592 -0.475  31.88 184.28  57.15 185.31  34.09 184.90  57.79
  210  1.111  1.006  0.148 119.43  24.29 171.37  22.71 209.57  18.36  70.20
  211 -1.006 -0.297  0.550 240.55 159.37 109.16 157.76 187.85 156.92  64.38
  212  1.083 -0.064  0.300  22.77 133.45 211.96 134.03 211.19 134.21  55.10
  213 -0.278  0.991  0.112 175.60  23.57  26.10  22.73 126.33  23.45  59.89
  214 -0.898  0.998  0.505 146.30  17.59  29.77  21.94 156.12  21.36  67.89
  215 -1.067 -0.021  0.226 197.87 127.11 193.82 127.11 101.73 128.16  66.08
  216 -0.408 -0.306  0.359 190.63 159.81 192.05 252.06  14.53 159.25  58.33
  217  0.081 -0.309  0.877  96.80 253.58 216.47 160.23 222.01 161.16  57.75
  218  0.700  0.678  0.148  67.57  53.99 224.57  55.75 147.21  55.04  59.00
  219  0.274  0.576 -0.478   7.94  67.05 192.05 252.06  67.03  66.28  57.06
  220  0.001  0.223 -0.854  96.80 253.58 199.67 101.72 178.03 101.11  57.75
  221 -0.718 -0.357 -0.276  96.80 253.58 248.22 164.04 113.30 162.26  57.75
  222  1.185  0.058 -0.790 168.45 121.24 133.19 121.21 114.40 252.17  71.54
  223  1.129  0.031  0.437  96.80 253.58  91.03 122.06  96.54 121.23  57.75
  224  0.725  0.912 -0.690  45.20  36.54 192.05 252.06 174.49  33.29  60.70
  225 -0.285  1.045 -0.951 205.91  21.21 192.05 252.06 197.17  20.57  61.33
  226 -0.398 -0.220  0.216 138.11 148.21 171.29 148.31 114.40 252.17  66.84
  227 -0.257  1.077  0.753 208.17  10.61 192.05 252.06 253.00  12.11  43.86
  228  1.014  0.167  0.732  96.80 253.58 169.94 110.09 249.54 108.44  57.75
  229 -0.898  0.438 -0.455 201.75  81.26 117.11  80.17  95.69  80.33  62.54
  230  0.941  0.708 -0.374  96.80 253.58  70.43  55.48  85.52  52.65  57.75
  231 -0.209 -1.213 -0.451 122.61 251.59  53.61 251.53 107.26 250.69  66.24
  232  0.155  0.885 -0.554 178.30  37.00 192.05 252.06 172.66  34.89  59.83
  233 -0.007  0.311  0.747 188.31  92.96 192.05 252.06 206.45  93.60  68.73
  234 -0.425  0.949  0.012 112.93  27.09  82.96  28.55  20.14  29.50  68.50
  235 -1.057 -0.049 -0.540 249.55 131.61  99.78 130.52 114.40 252.17  55.62
  236  0.386  0.189 -0.854 103.71 107.50  52.29 107.73 114.40 252.17  74.10
  237  1.347 -0.372 -0.266  64.20 163.31 192.05 252.06 226.80 165.19  69.22
