    1  0.170 -0.876 -0.672  64.30 216.48 162.53 216.02 173.36 214.33  54.59
    2  0.951 -0.202 -0.245  72.30 146.32 102.02 146.10 123.48 149.08  64.05
    3 -0.744 -0.170  0.009 146.57 143.68 169.16 143.29  41.64 142.71  60.50
    4 -1.128  0.172 -0.366  70.69 108.21  57.09 108.63  12.15 109.28  60.71
    5 -0.635 -0.956 -0.363  38.82 226.83 230.84 225.15  47.75 223.73  59.13
    6  0.106 -0.199  0.054  92.52 146.37  50.99 145.96 117.61 146.12  69.33
    7 -0.909 -0.718 -0.249 151.27 202.50 108.69 200.82 233.62 198.72  75.50
    8  0.355 -0.564 -0.371 162.23 185.48  70.96 184.68 145.51 184.43  73.83
    9 -0.134  0.717 -0.705 200.96  54.62  80.21  54.43 226.50  53.98  65.00
   10 -0.055  0.480  0.315 173.60  76.21  46.74  75.99 107.84  76.91  67.71
   11  0.828  0.730 -0.332 175.39  53.73  72.59  50.22 161.10  50.40  74.81
   12 -0.095  0.077  0.372 156.67 117.84 157.97 117.78  16.71 117.85  66.33
   13  1.126 -0.276 -0.877  93.39 154.41 216.98 154.53 204.24 156.31  76.83
   14 -0.953 -0.619 -0.624 220.37 192.22 199.37 190.35 173.30 188.10  63.14
   15  0.231 -0.848 -0.981  45.13 209.51 206.42 208.99 221.24 211.22  50.00
   16  0.178  0.356  0.122  75.36  88.19  87.56  88.99  43.62  87.44  66.61
   17  0.713 -1.052 -0.195   7.55 233.56 101.18 235.57 124.44 236.59  58.10
   18 -0.335 -0.018 -0.664  26.97 129.63 223.51 128.37 240.60 129.41  49.12
   19 -0.171 -0.515  0.375 224.05 180.67 235.65 181.91 159.40 178.94  54.83
   20 -0.409 -0.644 -0.698  29.68 192.94 204.04 191.96  58.43 192.56  61.61
   21  0.615 -1.116 -0.780 251.94 238.61 133.30 240.19  70.37 242.54  58.44
   22 -1.110 -0.608 -0.418 193.66 191.02 219.54 187.14 162.34 186.71  66.69
   23  0.738 -0.621 -0.318  37.68 187.52  14.80 190.39 106.01 193.11  54.33
   24 -0.701  0.808  0.053  45.34  38.68  94.95  38.62 238.12  41.86  59.45
   25  0.928 -0.302 -0.807 232.43 154.94 241.36 155.97 252.09 156.98  60.31
   26 -0.809  0.519 -0.777  16.60  73.88  13.71  75.69 101.93  74.30  56.36
   27 -0.352 -0.527 -0.491 187.38 180.19 223.94 181.56 129.78 177.38  65.90
   28 -0.585  0.754  0.493 155.45  45.78 155.46  45.54 136.90  48.42  77.70
   29 -0.093 -0.473 -0.237 171.68 174.44   2.68 175.25 167.69 175.71  70.30
   30 -0.940  0.296  0.354  43.55  92.59  78.86  94.45  49.81  94.95  66.00
   31  0.181  0.470  0.048  51.59  78.74 122.50  77.78 194.19  78.88  57.85
   32 -0.715  0.577  0.108   2.93  66.67 186.26  66.00 113.68  65.83  42.70
   33 -0.539  1.022 -0.788 158.94  21.22 141.55  23.33 171.80  24.99  54.73
   34  0.053  0.510  0.486 140.86  72.79  18.67  72.77  35.42  73.78  72.75
   35 -0.132  0.162  0.286  22.22 110.06 233.32 110.03 204.12 109.53  61.73
   36  0.179  0.221 -0.269 207.28 103.76 177.05 105.14 235.87 104.77  58.22
   37  0.536  0.019  0.245 147.55 125.35 108.39 125.31  74.69 125.36  56.33
   38 -0.084 -0.701  0.472 141.45 201.07  34.81 202.18  45.38 200.76  69.11
   39 -0.672  0.233  0.237 178.59 102.87 151.00 102.64 243.00 102.39  68.28
   40  0.780 -0.805 -0.920  84.37 205.78  32.37 207.45 192.30 206.82  64.83
   41  0.770 -0.988 -0.270 189.46 227.50 182.38 228.66 241.21 231.21  71.33
   42 -0.785 -0.048  0.175 223.50 130.43 148.08 132.95 197.62 131.36  58.20
   43 -0.975 -0.709  0.255  47.37 204.19 149.78 202.25  81.39 200.38  61.43
   44 -0.971 -0.431 -0.206 164.70 168.52 139.91 168.49  65.45 168.26  65.00
   45 -0.553  0.776 -0.826 185.52  45.80 129.49  48.85  44.17  49.77  60.14
   46 -0.209  0.622  0.878  17.79  59.06 176.54  57.47 189.04  61.62  58.42
   47  0.264  0.272 -0.127 216.32  99.81  29.25  97.10  18.69  97.89  63.72
   48 -0.251  0.520  0.597  33.16  71.10   4.37  72.54  42.31  71.27  57.54
   49  0.937  0.617  0.366 166.90  64.15 105.75  61.36  94.50  57.16  68.96
   50  0.060  0.961 -0.547 234.78  29.19 207.85  28.14 153.11  28.12  62.32
   51 -0.548 -0.237 -0.024 131.09 152.78 150.72 149.33 213.03 149.59  57.00
   52 -0.464  0.318  0.620  95.22  91.31  48.79  91.89  24.86  92.67  66.17
   53 -1.021 -0.964 -0.092 198.36 228.28  63.27 226.19 147.60 223.94  69.12
   54 -0.395  1.111  0.876  96.86 253.56  17.82   4.98  34.91   7.76  70.45
   55 -0.950 -1.038 -0.843 196.34 235.15 233.81 229.41 233.69 228.88  66.71
   56 -0.130  1.047  0.171  22.55  14.84 170.82  17.33   5.57  17.97  59.73
   57 -0.636  0.426 -0.258 148.39  81.84 247.59  83.55 121.85  84.46  65.14
   58 -0.432  0.555  0.378 108.46  67.75  53.66  68.11  48.08  69.11  62.43
   59 -0.297 -1.090  0.471 249.48 242.75 241.03 241.48  82.96 240.93  62.30
   60 -0.501 -1.192 -0.837 179.79 247.60 251.04 246.18 117.77 245.50  63.27
   61 -0.530 -0.914  0.524 227.00 224.85  53.01 224.11  84.01 223.17  53.00
   62  0.203 -0.699  0.479  67.77 198.48  18.00 201.94  19.60 200.80  83.14
   63 -0.473 -0.226  0.876 152.18 148.98 226.10 149.02 130.47 149.47  70.12
   64  0.115 -0.398 -0.674 119.56 166.40 219.12 164.22  61.29 165.66  63.75
   65  0.436  1.059  0.122 135.40  18.27 118.94  15.34 115.02  15.21  66.94
   66 -0.401  0.385  0.911 186.56  85.12 158.28  84.63 210.40  84.52  84.31
   67 -1.140  1.026 -0.198 195.16  18.49 114.68  18.77 246.94  24.62  52.57
   68 -0.153 -0.485 -0.729  31.73 176.74  33.23 176.68  49.63 175.79  64.50
   69  1.122  0.136 -0.788   3.18 112.40   5.44 112.99 159.88 111.70  55.00
   70  0.835 -0.247  0.566  89.32 153.17 220.55 153.49 160.84 153.95  72.60
   71 -0.232 -0.001  0.257 234.61 126.24 194.30 126.21  16.39 126.73  60.33
   72 -1.022  0.664 -0.777 163.49  57.92  66.38  56.64 207.86  61.80  72.38
   73  0.288 -0.846  0.460 167.87 215.51 200.37 216.53 156.59 217.83  71.56
   74  0.049 -1.078 -0.003 223.67 239.02  18.45 238.97 188.76 239.07  65.97
   75  0.711 -0.621 -0.998 158.12 185.71 164.64 185.96  34.72 188.98  71.30
   76  0.520 -0.964  0.062 138.49 226.81 144.88 226.72 147.24 227.80  69.90
   77  0.330 -0.847 -0.059 124.35 213.36 151.41 213.10 230.98 211.46  63.36
   78 -0.562  0.253  0.121 145.77 100.65  77.16 101.58 117.60 101.60  67.90
   79 -0.090  1.095 -0.190 226.79  13.32 215.95  10.73  14.85  13.40  57.17
   80  0.723 -0.748 -0.263 177.67 201.68  25.94 202.63  57.59 206.09  73.72
   81  0.284  0.411  0.519 212.05  84.50 210.70  84.39 118.37  82.60  50.25
   82 -0.690  0.190 -0.171 146.35 105.53 146.69 105.56 142.48 105.36  73.29
   83  0.264  0.804 -0.230  78.04  42.53  55.34  44.19  57.74  41.21  67.05
   84 -0.250  0.100 -0.193 219.88 116.91   6.23 117.17 151.98 117.77  62.72
   85  0.496 -0.996  0.953  40.66 233.48 247.26 234.72 246.18 235.84  50.83
   86 -0.144 -0.374  0.948  82.59 164.84  84.35 166.07 225.75 165.26  81.50
   87 -0.371 -0.122 -0.046 253.70 138.47  65.68 138.01  67.96 137.91  48.14
   88  0.985  0.283 -0.284 121.86  94.12 240.05  95.80 181.18  94.98  67.20
   89  0.698 -0.882  0.501 130.38 217.09 158.69 217.72 243.06 222.84  68.16
   90  0.209  0.616  0.193 155.85  61.32 226.97  63.23  62.31  62.04  64.16
   91 -0.728 -0.242  0.524  45.43 153.84  39.29 153.16  67.92 152.53  59.43
   92  0.012  0.690  0.527  52.05  54.96 213.13  53.44 105.53  53.04  66.62
   93 -0.747  0.342  0.619 153.58  90.03 146.81  91.09 212.33  91.89  71.19
   94 -0.253 -1.002  0.771 223.12 233.82  32.65 232.65 196.87 232.25  63.26
   95  0.674 -0.300 -0.103 191.28 158.21  24.16 158.60  29.98 158.06  54.90
   96  0.994 -0.262  0.105 237.26 153.93  51.11 153.90 227.20 154.62  67.36
   97  0.192 -0.045 -0.119 154.80 130.19 216.13 130.45 185.48 130.50  70.33
   98 -0.932  0.873 -0.621 110.04  35.51 177.97  38.03 116.70  38.68  57.19
   99  0.845  0.258  0.581  99.06 101.29 125.23 100.59 217.69  98.35  65.00
  100  0.900 -0.356 -0.732  78.70 161.89  93.86 161.84 116.45 161.89  78.46
  101  0.025 -0.542  0.497 100.36 184.44 145.26 183.92  55.07 183.92  73.90
  102  0.391  0.585 -0.064  78.71  66.93 109.40  65.84 159.02  65.07  66.77
  103 -0.184  0.610 -0.374 238.05  64.80 252.09  63.72  22.73  63.83  60.67
  104  0.492  0.214  0.652 162.36 105.22  57.84 103.89 179.79 104.64  67.75
  105 -0.954 -0.788 -0.849 174.28 208.11 202.59 205.14 124.26 205.65  55.79
  106 -1.088 -0.145 -0.543 146.93 141.18  89.80 140.88  84.52 140.82  74.31
  107  1.198  0.997  0.029  62.17  23.15  10.71  22.46 206.13  17.98  67.79
  108  0.462  0.538  0.510  76.22  70.99  62.68  70.34  22.33  69.90  58.00
  109 -0.164  0.014 -0.858 181.81 126.22 164.64 126.20 137.85 126.19  68.87
  110  1.053  0.909 -0.754  31.75  37.10 162.18  35.71 124.00  30.16  62.00
  111 -0.536  0.550 -0.409  90.51  69.36 112.24  70.61  52.26  70.88  76.50
  112  0.238  0.969 -0.413   2.75  28.99 114.22  27.99  17.56  26.45  57.67
  113 -0.606 -0.095 -0.154  74.10 133.39  53.60 133.29  38.86 133.19  67.70
  114  0.491 -0.453 -0.178 125.33 168.65  28.21 172.65 245.55 175.05  63.21
  115  0.310 -1.145  0.288  93.25 245.11  77.84 248.08 103.09 247.60  64.80
  116 -0.079 -0.894  0.218 151.10 218.31 153.34 218.50   6.03 219.67  73.60
  117 -0.616  0.713 -0.871 126.14  53.82 129.50  55.07  48.06  55.59  64.62
  118  0.801 -0.622  0.220 165.42 189.78 130.20 193.12  32.14 193.19  59.30
  119 -0.690  0.347 -0.918 161.31  91.23   6.63  91.24   5.25  92.33  73.07
  120 -0.750 -0.956 -0.900 112.01 226.37 120.04 221.88 100.29 221.74  72.46
  121 -0.382  0.112  0.764 237.30 114.54 213.33 114.25 248.62 114.07  62.90
  122 -0.060  0.969 -0.971 146.16  29.32 134.40  30.56 142.06  29.84  71.72
  123  1.006  0.175  0.140 127.87 108.36 111.09 108.55  61.31 108.90  61.00
  124 -0.929 -0.473 -0.403 123.12 177.28 178.93 174.98 141.64 175.20  72.21
  125  0.136  0.240  0.665 109.40 101.71 238.60 102.21  61.17 102.26  70.92
  126 -0.665  0.613  0.846  35.32  60.08  25.24  61.26  56.16  62.43  49.07
  127 -0.486 -0.351 -0.362  85.39 163.15  51.70 160.44  45.49 159.92  26.60
  128 -0.138  0.982 -0.447 116.27  22.77  73.91  25.32  98.02  25.86  50.75
  129  0.314 -0.446  0.076  43.00 173.89 112.75 168.58   6.33 173.86  64.30
  130  1.100 -1.105 -0.351  22.34 236.00  77.78 240.41 200.96 243.28  64.65
  131  0.639  0.518 -0.616  63.46  74.70 101.60  73.00  31.25  74.02  63.32
  132  0.952  0.928 -0.092 202.12  32.11 122.24  31.28 120.58  27.83  64.00
  133  0.631  0.776 -0.511 121.77  48.57  66.32  48.44  51.55  45.54  73.82
  134 -0.185 -0.686  0.457 199.61 196.78  56.44 196.77 116.73 198.30  58.67
  135  0.060  0.920 -0.957 187.90  32.85  16.80  32.51  55.35  34.22  76.00
  136  0.554  0.595  0.204 109.71  65.26 150.13  63.80 127.56  63.44  74.00
  137 -0.259 -0.176 -0.653   7.11 146.11   4.11 143.36  49.56 145.64  45.50
  138 -0.450  0.691  0.694  28.50  53.55 142.78  52.24  96.46  55.17  63.20
  139  1.110  0.064 -0.354 120.27 120.56 118.30 120.12  92.98 120.14  64.11
  140  0.910 -0.002  0.192  93.65 126.83 111.83 126.85 133.73 126.76  64.25
  141 -0.415 -0.358  0.443 191.67 163.65  78.52 164.12  86.62 163.87  51.12
  142 -1.126  0.516 -0.532 202.10  72.05 133.88  74.26 197.36  74.58  64.25
  143  0.079 -1.123  0.909  45.99 247.32  32.74 248.25  58.49 246.30  48.75
  144  0.980 -0.925  0.214 222.62 219.81 124.73 223.07  73.50 225.07  64.39
  145  0.829  1.112  0.449 215.27  11.04  85.80   8.79 221.55   6.98  66.64
  146 -0.698 -0.666 -0.226  70.46 196.38  53.53 193.71 181.64 194.81  56.73
  147  0.381  0.913  0.691  98.93  30.32 152.58  29.19 207.58  29.56  65.40
  148  0.798  0.131  0.647 228.58 112.31  63.72 112.03  35.89 112.87  59.78
  149  0.722  0.153  0.596 139.61 111.15  12.73 110.66  31.14 111.05  70.86
  150 -1.005 -0.293 -0.068  27.05 158.33 231.89 155.63 238.81 156.88  49.00
  151 -0.545 -0.537  0.313 240.18 185.47  63.51 183.52 157.38 183.20  62.33
  152  0.474  0.695 -0.505 162.23  55.22 114.69  55.80 130.55  55.52  66.30
  153  0.027  0.365  0.271 139.24  86.59  85.09  86.83  69.39  85.01  63.13
  154  0.163 -0.965 -0.439   9.97 226.18  72.03 225.21  29.55 225.74  62.50
  155 -0.751 -1.027  0.972 165.38 239.85 201.72 236.73  62.65 234.47  66.11
  156  0.610  1.075 -0.938 184.30  18.81 173.84  17.71 151.01  16.31  72.57
  157  0.859 -0.552  0.586 139.55 182.74 130.91 185.64  98.89 185.58  78.26
  158  0.472  0.856  0.375 203.92  38.18 134.24  36.14 174.82  34.29  60.19
  159 -1.205 -0.450  0.096 177.56 174.43 160.94 174.74 151.71 168.88  75.53
  160  0.690  0.109  0.453  88.34 116.66 241.34 114.54 165.09 114.09  60.00
  161  0.869  0.416 -0.384 181.60  84.99  62.86  84.39 221.28  83.17  61.82
  162  0.217 -0.018 -0.138 122.14 130.05 101.44 130.04  87.80 130.03  80.75
  163  0.822  0.956  0.531 247.02  27.48 252.85  24.57 163.91  22.08  66.06
  164 -0.065  0.267 -0.025 159.41 100.27 229.42  99.21 172.17 100.31  68.10
  165  1.042 -0.521 -0.213 176.45 178.17 179.03 180.73  44.53 182.57  76.41
  166 -0.153  0.550  0.239 115.54  69.12  82.76  69.71  62.44  70.43  68.72
  167  0.336  0.918 -0.761 221.13  34.33 226.77  32.20 240.77  33.37  70.83
  168 -1.113  0.956 -0.962 111.24  27.14 208.09  31.50 146.96  30.59  67.08
  169 -0.870 -0.244 -0.400 253.10 152.84  77.37 152.58  38.62 152.17  67.75
  170 -0.187  0.028  0.620  33.79 121.61 137.98 120.57 232.11 121.45  52.83
  171  0.479  0.228 -0.541  87.66 103.45 143.03 102.68 102.04 102.75  61.94
  172  0.096  0.076 -0.766 110.46 117.87 102.48 117.98 100.95 118.01  69.84
  173 -0.222  0.262 -0.566 127.19 100.47  41.91 100.94  43.27 101.18  68.14
  174  1.078  1.176 -0.517   1.98  10.01  52.76   4.14 225.07 254.44  73.25
  175  0.877 -0.105 -0.394  79.12 138.18  46.48 133.31  40.99 133.23  63.92
  176 -1.065  0.539 -0.231 135.87  70.40  73.51  72.03  69.88  73.52  75.43
  177  0.266 -0.729  0.413  16.27 204.43  41.17 204.38 227.78 202.67  52.57
  178 -0.613 -0.524  0.424  90.11 182.68 110.25 182.51  85.95 182.20  69.59
  179  0.018 -0.610  0.612  22.15 192.46  31.68 191.03 217.65 191.96  61.29
  180  1.176 -1.129  0.138  55.89 241.99  25.12 244.07  87.33 248.88  59.71
  181  0.839 -0.021  0.216  85.27 130.08  94.37 130.04 111.35 130.04  69.97
  182 -0.331  0.890 -0.799 141.68  35.79 234.47  36.49 157.11  35.24  62.25
  183  0.439 -0.484 -0.087  99.29 177.77 118.68 176.96 116.64 177.04  63.54
  184 -0.395  0.507 -0.708  32.10  75.48  80.71  75.75  74.35  76.62  59.36
  185 -0.035 -0.946 -0.931 235.69 222.77 202.17 221.67 161.13 223.24  62.08
  186 -1.097  0.263  0.251  66.68  96.36 155.56 100.17 228.88 100.97  63.49
  187 -0.642  0.551  0.331 173.11  68.12  14.91  68.74  92.83  70.80  68.15
  188 -0.165  0.190  0.061 210.36 105.88 180.69 105.47 135.92 105.28  66.29
  189  0.073 -1.120  0.122  86.08 243.73 247.50 243.74 230.95 245.14  62.40
  190 -0.943 -1.185 -0.665  17.56 251.26  17.63 247.21 210.11 245.29  50.86
  191 -1.090 -1.172 -0.604 183.62 248.32 135.88 245.15 103.47 243.27  64.67
  192  0.938  0.836 -0.982 242.81  45.15  33.72  39.75 252.67  39.43  61.33
  193  0.912  0.476 -0.967 151.90  79.59 240.98  80.15  98.81  77.85  59.73
  194 -0.189 -1.227 -0.711 183.11 252.98 135.69 251.23 220.35 249.87  68.83
  195  0.073 -1.209 -0.525  63.89 250.53 136.78 249.17 133.15 249.52  63.25
  196  0.215 -0.202  0.133 214.90 148.59 139.25 149.00 230.31 146.31  65.42
  197  0.966  1.179 -0.683  47.45   8.80 237.99   8.49 203.49   4.42  50.12
  198  0.133  1.048 -0.965  27.27  18.95 189.35  20.52  97.55  19.02  62.89
  199  0.245 -0.880 -0.301 184.52 216.88 145.48 216.87 124.45 218.20  71.65
  200 -0.059  0.740  0.986  59.51  48.52 222.12  44.60 192.83  47.51  72.90
  201  0.857 -0.235  0.904 165.06 149.19  71.37 152.82  54.58 152.77  74.25
  202 -0.821 -0.718  0.517  59.63 204.52 119.35 202.47 115.91 202.54  61.97
  203  0.012  0.780 -0.525 105.68  47.35 121.84  48.33   3.35  46.11  66.19
  204 -1.181 -0.790  0.232  21.60 209.98  40.93 207.62  64.61 206.25  54.75
  205  1.078  0.257 -0.344 238.73 101.53 105.70 101.58  86.50 100.48  62.68
  206 -0.494 -1.094 -0.391 206.67 241.86  47.08 239.21 201.04 237.70  54.89
  207 -0.725 -0.633 -0.176 166.20 192.94  86.86 193.36  56.17 189.93  73.50
  208 -0.342 -0.332 -0.822 196.44 158.83 197.94 159.25 181.77 159.90  69.53
  209 -0.996 -1.118 -0.063 151.93 245.06  96.99 243.62 120.40 240.58  70.00
  210  0.401  1.049  0.474  34.03  16.01 237.86  10.85 230.96  13.82  53.41
  211 -0.848 -0.634  0.219  67.26 195.01 212.23 193.43  93.77 193.00  61.75
  212 -1.102  0.104  0.302 135.23 116.13 201.26 116.66 162.26 116.73  62.86
  213 -0.883  0.473 -0.753 147.79  77.70 147.07  79.40  32.25  80.54  73.86
  214  0.145  0.762 -0.851 174.27  48.63 192.46  49.23  71.76  48.94  55.62
  215 -1.214  0.152 -0.674 110.08 111.79 205.06 111.94  92.97 111.24  56.11
  216  0.470  0.463 -0.889  47.78  80.28  39.09  80.47 242.50  79.51  66.67
  217  0.865  0.431 -0.392 219.29  83.42 175.52  82.12 237.36  81.50  54.38
  218  0.406 -0.151 -0.793  68.60 142.90 135.98 140.95 122.96 140.99  55.31
  219  0.797 -0.512 -0.062  39.81 178.02 173.71 178.30 103.30 181.76  60.00
  220 -1.171  0.585 -0.488  50.74  65.24 168.73  67.63 154.07  66.87  56.54
  221  0.327 -0.649  0.749 218.19 195.33  39.45 194.55 230.32 195.09  63.30
  222  1.072 -1.122 -0.337 144.89 240.28  94.90 243.61  43.56 244.82  74.14
  223  0.074 -0.123 -0.007 202.69 138.76 217.96 138.97 211.51 139.30  67.88
  224 -1.220  0.694  0.049 177.00  50.13 234.00 252.27 178.14  56.26  79.85
  225  0.211  0.238  0.879 222.13 102.40  69.58 101.89 125.83 252.64  64.33
  226 -0.734 -0.308  0.134  91.46 253.44 221.74 158.67 231.13 159.62  61.50
  227  0.134  0.706  0.580 121.72  51.22 234.00 252.27  98.31  50.67  74.43
  228  0.166 -0.544 -0.383  91.46 253.44 220.81 182.90 220.53 183.51  61.50
  229  0.289  0.101 -0.255  60.67 116.90  60.75 116.86  51.34 116.44  57.24
  230  0.786  0.952 -0.576 221.01  30.41 168.90  30.84 125.83 252.64  47.00
  231  0.499  0.485 -0.876  31.61  79.04  88.28  77.12 227.45  77.83  49.83
  232 -0.478  0.253  0.752  91.46 253.44 218.09 100.84 104.52 100.64  61.50
  233  0.442  0.421  0.979 183.89  81.30 234.00 252.27  67.11  81.36  53.19
  234 -0.856 -0.776 -0.447   9.71 206.72 156.30 205.16  22.56 202.80  55.71
  235 -0.606  0.152  0.659 234.90 110.48 114.44 111.23 125.83 252.64  63.00
  236 -1.161  0.353  0.214  91.46 253.44 131.05  89.99 127.50  90.86  61.50
  237  0.756  0.950  0.333 125.29  30.11 215.42  26.82 125.83 252.64  62.71
  238 -0.489  0.250  0.358  93.66 101.49 234.00 252.27   9.22 101.45  62.05
  239  0.720 -0.881 -0.957  91.46 253.44   9.51 214.16 228.52 218.11  61.50
  240  1.083  0.247 -0.733 194.42 102.89 234.00 252.27  58.13 102.13  61.46
  241  0.597 -1.226 -0.277 127.26 251.77 234.00 252.27 125.83 252.64  64.50
  242 -0.015  0.261  0.717  47.71  99.96 234.00 252.27 144.87  99.89  65.92
  243 -0.329 -1.130 -0.454 131.40 244.37 190.23 240.71  30.49 241.48  63.19
  244  0.980 -1.144  0.955  91.46 253.44  26.90 251.06 142.28 252.16  61.50
  245 -0.485 -1.105 -0.270  80.77 242.01 234.00 252.27  86.85 239.20  75.29
  246 -0.404  0.390 -0.763 202.47  86.41 217.19  85.66 125.83 252.64  64.44
  247  0.487 -0.512  0.084  91.46 253.44 112.78 177.27 167.16 182.50  61.50
