    1 -1.121 -0.228 -0.584 107.15 148.80  76.47 148.55  59.77 148.28  66.11
    2  0.762  0.614 -0.446 175.73  64.02 108.27  60.60  72.13  60.97  60.30
    3 -0.496  0.207 -0.553 133.70 103.59  16.87 104.27  22.69 104.92  73.67
    4  0.816  0.372  0.350  44.38  88.57  77.25  86.94  97.17  87.20  64.57
    5 -0.174  0.472 -0.419  22.41  78.58 114.79  78.55  74.39  78.94  65.12
    6  0.924 -0.817  0.736 172.23 210.97 178.26 214.87  92.88 215.00  57.00
    7  0.219  0.511 -0.565  15.40  70.05  97.86  71.55  95.75  71.79  49.00
    8 -1.021 -0.733 -0.099 101.54 205.58 171.93 200.73   6.52 201.44  71.68
    9 -0.672 -0.444 -0.049   3.45 174.85  60.01 171.04 233.66 171.47  59.00
   10  0.472  0.121 -0.588 181.24 111.98 136.10 111.84  88.69 111.92  64.57
   11 -0.136  0.387 -0.967  15.13  86.58 214.23  89.04  27.54  87.69  60.23
   12 -0.666  0.580 -0.635 182.17  66.75 144.13  68.87 164.50  68.41  58.13
   13 -0.520  0.931  0.428 172.00  24.99  29.05  25.74 140.32  28.11  69.17
   14 -0.493 -0.193  0.308 137.80 144.71 146.10 144.68  16.72 146.84  66.69
   15  1.019 -0.508 -0.952 128.63 177.41 151.34 178.59  24.71 179.20  76.44
   16 -0.232 -0.277 -0.306 163.78 156.61 112.47 156.64  58.30 156.21  61.83
   17 -0.566 -0.907 -0.977  87.53 220.80 227.14 215.66 173.72 217.51  66.51
   18  0.257  0.351 -0.659 244.02  90.79  30.07  91.51  32.91  90.56  43.20
   19  0.851 -0.991  0.876 134.70 229.26  47.98 231.59 224.05 235.90  60.92
   20  0.563 -0.495  0.919  29.86 178.85  10.91 180.46  30.07 181.13  50.00
   21 -0.510 -0.416  0.624  61.22 172.05  21.60 170.16  74.92 170.61  66.21
   22 -0.734 -0.267  0.072  71.76 156.14  14.43 151.38 204.43 154.67  52.92
   23  0.402 -0.785 -0.623  15.99 206.41  25.68 207.16  79.04 208.65  60.33
   24 -1.091 -1.167 -0.840  91.28 248.37  44.73 242.84 132.89 242.18  65.86
   25 -0.178  0.843 -0.417 110.37  36.96 122.42  41.59 237.62  40.32  68.36
   26  0.504  1.054 -0.488 181.43  20.88 135.38  20.16 144.91  16.77  59.86
   27 -0.938 -0.031  0.721  17.20 128.98  16.83 128.95  42.59 128.92  52.80
   28  0.304 -0.543  0.712  15.73 184.12  94.28 183.57 156.79 183.76  49.15
   29 -0.786 -1.011 -0.424  11.12 231.87  11.21 228.34  38.56 226.16  52.38
   30 -0.232 -0.449 -0.261 164.81 174.58  74.01 172.55  15.38 174.02  64.50
   31  0.226 -0.649 -0.528 224.83 194.11 209.26 193.29  74.61 194.40  66.69
   32  0.108  0.678 -0.561  19.45  57.82 166.33  57.15 109.66  56.84  61.30
   33  0.690  0.728  0.883 183.65  49.98 144.34  49.01 167.51  46.72  72.96
   34  0.798  0.111 -0.397 124.49 115.36  92.97 115.51  71.12 115.56  75.46
   35  0.084 -0.150  0.638  90.03 143.64  97.79 143.76  18.52 143.83  65.93
   36 -0.604  0.058  0.494 184.50 119.81 193.52 121.83 204.91 121.74  61.40
   37  0.235 -0.151 -0.087 126.15 143.61  48.99 143.31  77.92 143.39  74.28
   38 -0.232  0.911 -0.001  36.37  28.90  40.57  31.64 200.10  32.76  63.44
   39 -0.992  0.373 -0.114   9.66  86.37   5.14  89.31 140.17  89.30  47.50
   40  0.142 -0.747  0.124 116.02 204.60 106.94 204.69  31.38 205.40  66.86
   41 -0.030  0.897 -0.731 119.45  32.95 104.14  33.70  77.69  34.48  79.96
   42  0.169 -1.190 -0.710 249.31 247.71 107.00 245.76  29.02 247.73  46.75
   43  0.840  0.708  0.279 237.46  51.75  80.61  52.30 224.98  50.46  65.80
   44  0.010 -0.818  0.256  74.35 213.72  43.29 213.47 245.91 213.45  59.63
   45  0.175 -0.161 -0.484 158.33 143.86 152.58 143.90 140.67 144.05  70.16
   46 -1.026 -0.403  0.014 148.08 168.40  98.56 168.28  42.67 165.56  64.86
   47  0.577 -0.895 -0.362  40.81 216.19  83.76 219.40  90.76 218.98  57.92
   48  0.601  1.032  0.685  11.88  18.63 115.27  16.33  55.77  15.37  61.00
   49 -1.165 -0.781 -0.063  81.98 210.86 193.08 208.95  37.25 205.91  77.50
   50 -0.961  0.993 -0.158 191.90  22.39 176.24  24.27 219.26  26.57  69.80
   51 -0.730 -0.854 -0.894 144.17 215.43  94.77 212.23  37.39 211.75  69.85
   52 -0.529 -0.625 -0.237 211.97 192.09  58.25 190.68  84.89 191.28  74.31
   53 -0.446  0.175  0.741  74.62 106.83  77.88 107.24 231.25 106.92  56.14
   54  1.129  0.305 -0.076 171.46  95.79 158.83  94.86 148.91  94.49  68.30
   55  0.791  0.642  0.835 251.95  59.93 210.69  54.84 167.78  53.49  48.59
   56  0.150  0.559  0.560  61.77  67.85 205.99  65.60 217.29  65.03  52.69
   57 -0.294  0.549 -0.161 184.92  69.97 181.52  69.33 107.81  68.80  65.50
   58 -0.347 -0.048  0.503 118.61 129.43  68.15 129.39  35.01 129.40  64.76
   59  0.753 -0.489 -0.161 186.50 177.02 172.77 177.53  68.19 178.82  56.33
   60  0.778 -0.625  0.059 233.76 189.18  96.43 191.64  77.89 191.86  38.50
   61 -0.504  0.408 -0.683 235.37  83.03 203.95  82.00 150.52  81.30  51.33
   62  0.444  0.268 -0.067 124.51  99.30 118.41  99.65  49.88  98.92  76.70
   63  0.751  0.061 -0.198 167.16 121.87 184.40 119.71  47.13 118.40  67.65
   64 -0.335  0.121  0.377  30.80 111.11  80.58 109.60  46.61 109.89  50.67
   65 -0.985  1.070  0.313  76.71  11.36  57.13  13.62 133.40  15.77  62.00
   66  0.957  0.056 -0.171 211.20 122.06 198.83 121.98 167.26 121.93  72.11
   67 -0.105  0.236  0.070 217.56 103.18 120.39 102.51  27.47 102.30  59.86
   68 -0.870 -0.762  0.042 152.72 207.60 143.11 206.19 117.25 204.91  65.11
   69  0.371  0.788 -0.474  50.92  46.92  17.65  44.69 138.66  44.13  66.19
   70 -0.806 -1.106  0.661 114.77 246.67  18.50 245.61  25.80 240.35  71.37
   71  0.288 -0.323  0.059 210.75 159.49 104.71 161.54  58.17 160.70  59.50
   72 -0.561 -0.011  0.771 213.86 125.43 239.73 126.04  12.49 127.35  69.60
   73 -0.190  0.645  0.238 128.99  59.10 139.21  59.34 157.11  58.11  77.88
   74 -1.074  0.231 -0.034 156.34 102.46 233.35 102.66 103.82 103.72  74.57
   75  0.144  0.309  0.458 161.16  94.93 151.15  94.75 171.80  94.28  65.77
   76 -0.147 -0.263  0.932 249.83 155.82   8.95 155.46  47.95 155.61  43.88
   77 -0.162 -0.429  0.992  21.84 172.26  58.57 174.27  58.15 173.56  43.71
   78  0.231  0.288  0.716 236.84  97.48 212.73  96.70 183.65  96.03  62.54
   79  1.025  0.250 -0.340 251.83 101.94  69.55 101.73 159.14 100.13  41.50
   80  0.025 -1.005  0.956 251.43 231.94 219.75 234.78   5.92 234.31  63.47
   81 -0.543  0.245  0.995  92.96 100.16  93.58 100.24 102.10 100.18  81.11
   82  0.733 -0.832 -0.868 113.19 209.65   7.55 209.17  80.95 213.27  71.53
   83 -0.670 -0.420 -0.479 236.27 168.97 250.07 170.03  24.91 169.18  66.36
   84 -0.075  0.243  0.583 129.18 101.51 174.28 100.52 223.55 101.86  60.58
   85  1.182 -0.405 -0.206  93.57 166.70  58.34 166.09  30.09 170.32  65.52
   86 -0.172  1.056 -0.764 221.56  20.23 179.59  20.85  87.20  20.51  64.33
   87 -0.814 -0.815  0.160 151.38 214.06 201.94 211.82 175.90 209.17  74.42
   88  0.352  0.658  0.986 230.61  56.47 216.50  53.94  61.20  53.45  63.33
   89 -1.097 -0.007 -0.591  79.58 125.23 216.67 124.54 239.46 125.91  52.06
   90 -0.986 -0.521 -0.029 233.65 181.32 142.20 180.80 191.32 179.85  66.47
   91  0.150 -0.092  0.438 101.51 136.80  76.86 136.74  65.76 136.87  75.80
   92 -0.129  1.111 -0.770  83.89  13.37  24.68  15.77  68.63  14.13  57.71
   93 -1.106  0.550 -0.305  55.91  68.14  60.74  69.53  81.23  70.11  64.69
   94  0.731 -0.053  0.447  80.84 131.68  28.05 131.61   3.91 131.53  61.70
   95  0.514  0.568 -0.039 176.01  69.23 211.65  65.94 222.23  64.13  72.14
   96  0.370 -0.558 -0.313 111.78 184.09 206.54 183.03  85.62 183.17  74.00
   97 -0.638 -0.832  0.321  62.08 216.01 117.04 215.20 215.06 213.99  62.00
   98  0.073  0.152  0.864  49.91 109.91 219.69 107.57  93.02 107.35  60.28
   99  0.910  0.206 -0.861 176.12 104.53 128.78 104.41  81.36 104.53  68.29
  100 -1.140 -0.507 -0.227  43.97 180.92 230.29 179.10 147.14 178.35  68.31
  101 -0.126  0.464  0.766  32.88  77.25  14.78  71.81  30.69  73.11  50.79
  102 -0.426 -0.331  0.333  76.75 161.73 218.59 161.64 139.92 162.15  65.00
  103  0.005  0.222  0.891  39.48 103.58 117.27 103.74  86.29 102.55  58.81
  104 -0.869 -0.282  0.592 107.88 156.96  19.90 156.64  65.81 156.37  68.09
  105  0.467  1.012 -0.268 161.82  22.59  87.08  22.27 129.35  21.44  53.29
  106 -0.671  0.285  0.159  95.94  97.74  65.86  97.96 200.85  98.55  65.19
  107 -0.444  0.046 -0.406 218.36 122.64 227.03 122.52  37.57 123.22  68.45
  108 -0.134  0.096  0.318 195.85 117.04 176.14 115.94 204.27 116.64  70.47
  109  0.587 -0.229 -0.806  57.18 147.74  22.92 147.20  13.39 149.50  62.62
  110 -1.035  0.474 -0.609 138.67  76.33  30.82  78.68 116.31  80.02  69.09
  111 -0.522  1.111  0.015  53.03   7.23  86.71  11.49  95.74  13.54  56.00
  112 -1.065  0.051 -0.395  45.43 122.47  64.31 122.07  42.44 122.17  73.44
  113 -1.196  1.038 -0.479 222.32  14.26 110.88  21.75 110.69  22.52  54.91
  114 -0.774 -0.476  0.744 156.95 178.45 205.95 178.72  62.03 174.22  74.62
  115  0.961  1.069  0.106 100.07  15.11  19.36  15.82   9.15  13.39  67.15
  116  0.280 -1.003 -0.817 129.22 224.87 181.16 226.73 155.04 228.15  71.40
  117  0.593 -1.044  0.972  66.59 236.30   4.27 238.84  89.76 238.80  58.71
  118 -0.277 -0.373  0.841  17.10 166.68  44.40 164.75  39.86 164.25  50.44
  119  0.105  0.719  0.033 112.92  51.45 177.64  51.36  62.67  50.68  77.67
  120 -0.453  0.720  0.361 117.71  49.15 202.43  49.98 183.11  52.30  45.00
  121 -0.107 -0.826  0.344 235.57 214.09  63.85 214.21 106.89 214.12  55.19
  122 -0.825 -1.013  0.325 180.59 236.04  50.29 233.94 171.78 230.69  67.88
  123  1.200  0.305 -0.549 189.47  97.70 245.18  96.65 223.84  95.65  61.06
  124 -0.777  0.281  0.714 100.74  97.51 152.94  97.45 109.03  97.37  64.50
  125  0.280  0.617  0.255 132.47  60.30  35.61  60.07  89.59  60.92  80.70
  126  0.706  0.432  0.797 159.60  81.93 188.63  81.36 170.99  80.55  73.33
  127 -0.377  1.171  0.119  85.73 252.65 242.03 253.19 150.24 253.18  63.07
  128 -0.206 -1.139 -0.187 126.21 244.38 125.30 243.68  52.53 243.46  74.91
  129 -0.749 -0.143  0.489  35.46 142.44 220.57 141.04 174.03 141.32  44.22
  130  0.477 -0.826  0.244 252.04 213.26 129.28 214.11  46.46 214.26  61.33
  131 -0.029 -1.125 -0.309 128.75 241.93 131.40 241.57  17.86 243.40  76.07
  132  0.296  0.324 -0.156 124.36  94.29 174.76  94.26 174.95  93.68  69.00
  133 -0.335 -0.839 -0.966  29.75 211.81  73.81 209.38 138.14 209.85  59.35
  134  0.002 -0.879 -0.014  94.18 217.15 110.37 219.00 102.85 218.53  64.42
  135 -0.210 -0.752 -0.530 186.99 204.41   2.81 203.75  29.74 202.33  61.08
  136 -0.936 -0.444  0.446 109.56 174.86 104.40 174.38  45.60 171.84  73.46
  137  0.298 -0.098  0.580 126.47 137.01 137.54 136.79 146.37 136.87  80.11
  138  0.537  1.028  0.089  28.86  21.81 142.60  20.58 180.22  18.88  55.92
  139 -0.655  0.783 -0.649  25.50  45.82 166.12  47.89 145.55  48.90  60.27
  140 -0.219 -0.783 -0.198  45.93 209.36 169.04 207.90  16.04 207.01  56.00
  141  0.829  0.619 -0.821   5.81  66.09 157.66  63.55 131.69  63.10  59.67
  142 -0.435 -0.890 -0.356 140.34 219.63  71.65 218.99  84.25 218.50  83.21
  143 -0.926  0.682 -0.984 226.14  55.51 213.15  59.30 146.93  58.75  66.56
  144 -0.393  1.105  0.426  17.60   5.75 240.83   9.65 239.40   9.94  47.57
  145  0.066  1.005  0.883  72.76  20.41 228.50  16.73 196.31  19.59  67.60
  146 -0.835 -0.106  0.490 190.23 138.54 144.15 137.98 112.70 138.00  75.20
  147 -1.080  1.005 -0.314 174.74  21.26   6.37  22.48  29.75  25.00  61.18
  148 -0.205 -1.140  0.608 128.92 248.92  42.35 246.24 104.52 245.45  68.64
  149 -0.159 -1.090 -0.878  76.64 237.03 130.92 236.74  80.46 236.18  63.06
  150 -0.139  1.099  0.195  52.18  11.26 151.87  11.92  24.86  13.01  62.85
  151  0.137 -0.516 -0.512  97.30 179.95  45.62 179.21 244.57 180.83  63.96
  152 -0.754 -1.022 -0.121  52.54 234.18 156.39 229.20  62.76 230.10  65.47
  153 -0.064  0.829 -0.754 181.49  42.44 110.12  42.12 205.80  42.09  53.60
  154 -1.063 -0.257  0.459  15.20 152.17 187.39 151.29 199.51 151.84  59.86
  155  0.777  0.692  0.526 151.39  53.62 139.23  53.51 124.25  53.17  63.59
  156 -1.029 -1.031  0.476 232.62 238.55  41.50 234.83  53.63 232.25  65.59
  157 -0.663 -0.360  0.365  71.17 165.56  83.42 163.14  64.64 162.72  64.67
  158  0.405 -0.672  0.948 140.71 194.34 232.99 195.67 214.75 197.31  68.00
  159 -0.669 -0.597  0.200 196.08 185.57 166.20 185.47 161.44 186.26  71.31
  160 -0.866  0.954 -0.665 117.26  28.14 128.81  28.72  52.54  31.38  45.00
  161 -0.305 -0.608  0.094  86.52 191.88 160.79 186.26 116.08 186.51  56.83
  162 -0.705  0.777  0.187  77.20  42.77 121.82  44.58  12.94  46.09  58.33
  163 -0.788 -1.082  0.504  52.07 242.03 192.30 240.92 134.74 238.24  63.28
  164 -0.633 -0.845 -0.552  71.37 215.40  54.98 213.94 122.57 212.25  73.71
  165 -0.409  1.053 -0.824 229.75  19.33 184.38  21.21 227.47  20.79  64.82
  166 -0.957  0.487 -0.521 107.65  70.94 150.51  76.37 157.10  75.76  66.50
  167  0.151  0.740  0.747 155.62  48.22  68.73  48.78  45.89  48.39  71.92
  168  0.091 -0.085 -0.587 223.35 133.75 205.57 133.89 166.49 134.00  63.45
  169  1.013 -0.651 -0.130 116.33 192.26 151.30 194.34 156.33 195.08  67.60
  170  0.456  0.333 -0.461  27.34  93.64 154.25  92.73  89.61  92.58  44.67
  171 -0.685  1.105 -0.022  93.33  11.07  73.97  12.86 201.01  13.80  75.82
  172  0.888 -0.328 -0.539  82.50 158.84  46.48 161.43 101.64 161.42  62.83
  173 -0.340  0.274 -0.437  61.87  98.17  76.43  98.79 114.71  99.45  62.83
  174 -1.004 -0.181  0.265 173.18 144.18 137.25 144.27 150.15 144.83  65.38
  175 -0.758 -0.314  0.165 198.07 161.16  35.85 158.20  15.18 157.48  54.67
  176  0.543  0.082 -0.115 147.36 118.16 110.38 118.13  97.98 118.17  62.27
  177 -0.327 -0.532  0.026  26.21 182.21  25.94 182.32 147.69 181.40  60.54
  178  0.648  0.038  0.188  27.07 122.85  13.99 124.19  91.93 123.62  61.92
  179 -0.991 -0.762 -0.074 228.76 207.13 156.47 205.12 105.01 203.81  64.05
  180  0.603 -0.750  0.860  18.15 206.36  37.80 207.51 103.86 208.76  73.07
  181  0.135  1.014  0.559  96.43  20.53 192.38  18.16 161.65  19.46  73.14
  182 -0.767  1.172 -0.289 110.74   4.76 151.40   5.14 175.00   7.00  63.45
  183 -0.803 -0.350  0.125  54.72 162.08 158.22 161.82 217.77 162.58  60.57
  184 -1.083 -0.284 -0.968  75.63 156.66  51.80 156.09  14.90 154.73  64.26
  185  0.582  0.452 -0.042  36.43  79.61 110.46  80.07  51.76  79.62  59.00
  186 -0.414 -1.083 -0.283  93.49 238.99 112.32 237.73 161.20 236.71  75.87
  187 -0.975  0.365 -0.804  92.21  89.04 114.71  89.51  41.64  89.54  64.98
  188  0.868 -0.120  0.589  31.15 138.66 159.93 138.70  22.41 139.26  53.12
  189 -1.154 -0.986 -0.614 193.18 225.53 129.60 224.54 237.92 222.96  73.43
  190  0.732  0.914 -0.454 114.53  32.79  91.12  33.67 237.98  29.54  47.44
  191 -0.289 -0.146  0.310 144.58 141.50  98.49 141.81  16.88 141.98  51.00
  192  0.160 -1.218 -0.524  19.97 252.02  46.18 250.49 157.79 249.90  55.75
  193  0.505 -0.941  0.189  53.01 221.05 183.80 222.04 129.61 224.00  60.00
  194 -0.530 -0.789 -0.268  61.73 209.43 105.65 209.03 124.08 206.54  60.83
  195 -0.777 -1.155  0.447  49.88 252.45 145.35 248.53 125.03 244.08  50.19
  196 -0.096  0.279 -0.193  84.65  98.01  58.24  98.57  18.24  98.88  70.27
  197  0.222  1.095  0.582 135.46  12.71  25.58  10.21  59.11   9.73  70.20
  198  0.494 -0.298  0.655   5.39 157.66 104.46 156.70 106.92 156.64  53.00
  199 -0.135  0.433  0.801 108.90  79.60  23.29  80.15  48.51  81.13  65.18
  200 -0.595  0.356 -0.691  21.23  90.33  25.65  89.67  61.23  92.15  54.38
  201  0.173  0.812  0.645 108.69  41.29 230.58  40.24 170.84  38.43  73.84
  202 -0.054  0.806  0.861   9.86  40.52 125.21  37.67 106.52  41.62  57.69
  203 -0.027 -0.615  0.984  83.16 193.69 204.37 193.95 224.81 191.41  75.94
  204  0.733 -0.511  0.699 133.38 180.90 188.88 181.65 132.15 182.14  70.60
  205 -0.418  0.743  0.401  56.50  47.16  61.88  48.99 157.65  50.31  64.14
  206  0.227  0.336 -0.958 138.47  92.71 148.37  94.09 169.07  93.51  63.10
  207 -0.798 -0.322 -0.331 168.70 161.63 180.94 159.98 136.08 160.25  70.59
  208  0.006  0.982 -0.632  45.75  22.85  17.47  25.11  33.24  27.40  64.45
  209 -1.112  0.394 -0.604  69.11  86.12  13.94  84.70 178.20  88.22  63.71
  210 -0.998  0.790  0.554 169.46  41.91 246.01  44.48 250.91  43.50  56.33
  211 -0.492 -0.082  0.159 128.19 133.26  91.46 133.35  65.01 133.23  75.90
  212 -0.985  1.131  0.101  59.29   5.06  49.54   7.92 113.51  11.51  59.00
  213  0.013 -0.936 -0.329  47.58 220.85 187.32 219.95  18.15 222.06  53.56
  214  0.409 -0.469  0.305  76.97 175.16  29.36 175.20 105.14 174.30  68.28
  215  1.098  0.024 -0.594 166.50 124.72 184.35 124.32 189.00 124.24  70.67
  216 -1.240 -0.671 -0.418  41.32 197.83 125.39 194.68 185.51 194.70  58.00
  217 -0.278 -0.124  0.758  81.90 139.71  39.90 139.52 120.77 138.74  65.14
  218  0.648  0.064 -0.806 251.89 118.18  91.73 118.48 157.79 249.90  56.00
  219  0.516 -0.872  0.874 177.95 219.04 128.36 219.60 157.79 249.90  77.44
  220  0.266 -0.724  0.572 214.72 199.53  22.61 204.11 157.79 249.90  67.10
  221 -0.805 -0.505 -0.608 227.66 180.58 144.56 252.53 138.92 178.22  61.50
  222 -0.592  0.287  0.384 219.49  97.38 250.25  97.25 157.79 249.90  72.33
  223  0.951  0.818  0.878  49.88 252.45 203.00  34.97 242.19  35.96  50.19
  224  0.569  1.055 -0.768 153.95  22.06 144.56 252.53 193.34  19.38  72.75
  225  0.807  0.301  0.184 225.82  95.02 143.47  95.62 111.34  95.50  61.31
  226 -0.197 -0.734 -0.176   5.02 200.02 144.56 252.53  20.82 201.84  67.24
  227 -0.756 -1.196  0.120  49.88 252.45 250.95 252.33  73.48 248.60  50.19
  228 -0.339  0.092  0.964  49.88 252.45 209.93 116.90 224.49 117.54  50.19
  229  0.475  0.739  0.046  49.88 252.45  84.23  49.81 100.51  49.01  50.19
  230  1.101  0.039 -0.297  49.88 252.45  82.84 123.59  12.35 123.26  50.19
  231  0.223 -0.487 -0.095 201.08 177.87 134.09 177.19 157.79 249.90  63.07
  232  0.057 -0.479 -0.448  70.59 176.28 110.76 174.64 157.79 249.90  59.75
  233 -1.093  0.047  0.181 103.77 121.99  19.39 122.96 210.99 122.35  69.41
  234 -0.170 -0.860  0.419  49.88 252.45  61.09 215.80 150.29 215.94  50.19
  235  1.117  0.795  0.380  49.88 252.45 146.64  41.79 115.89  42.08  50.19
  236 -0.516  0.293 -0.853 224.24  97.99  45.26  98.17 157.79 249.90  54.38
  237  0.853  0.036 -0.064  49.88 252.45 241.27 124.31 229.16 124.11  50.19
  238  0.201  0.342 -0.937  49.88 252.45  68.12  92.25 164.01  92.26  50.19
