    1 -0.895 -0.169 -0.176 191.77 144.23 156.84 144.41 140.22 142.35  58.17
    2  0.125 -1.006  0.730 160.94 232.36  52.72 235.15  21.04 234.57  68.04
    3  0.273 -0.890 -0.876 251.97 215.10 125.27 215.33 165.62 215.04  46.21
    4 -0.350 -0.688  0.696 132.19 200.55 187.44 200.25  17.85 197.34  43.10
    5  0.705 -0.971  0.084 252.17 226.25 230.22 228.97  94.29 230.09  60.27
    6  0.887  0.374  0.508  26.30  88.61 249.95  87.93 191.64  87.27  48.35
    7 -1.033 -0.678  0.175 215.21 200.19  69.42 196.54 239.49 196.18  52.38
    8 -0.302 -1.062  0.546  22.46 240.49 180.90 240.75  87.64 235.75  60.30
    9  0.629 -0.360 -0.592   6.52 162.69 244.64 157.74   9.18 162.73  46.00
   10  0.064  0.086 -0.387 191.99 116.70 176.21 116.46 147.24 116.31  75.27
   11  1.130  0.039 -0.506  45.52 121.39  39.68 121.55 122.33 121.69  55.44
   12  0.151 -0.857 -0.965 204.15 212.91 236.55 209.88   7.70 212.94  57.00
   13  1.101 -0.261 -0.225  38.48 151.41 175.90 151.37 135.47 151.56  64.22
   14  0.502 -0.740  0.122 191.57 202.19 211.41 203.26 211.58 205.26  67.67
   15  0.057 -0.409  0.431 157.58 169.80 151.58 169.88 253.60 171.15  59.12
   16  0.584 -0.521  0.684 201.76 181.89 162.49 182.61  79.75 180.97  67.31
   17 -0.596 -0.897  0.273  54.84 223.16 251.00 221.22 134.86 219.80  53.40
   18  0.449 -0.217  0.562  76.01 149.54   3.17 150.45 244.83 150.42  64.69
   19 -0.654 -0.600 -0.163  14.40 189.55 190.57 183.83 202.87 186.05  57.78
   20  0.053  0.266 -0.876 123.77  99.82  98.06  98.62 249.74 100.69  62.75
   21 -0.289  0.328 -0.342 224.87  92.37  23.66  91.57  93.36  94.29  55.43
   22  0.156  0.456  0.733 166.01  79.36 170.19  78.93 154.89  78.25  40.50
   23  0.351 -0.214 -0.175 128.21 148.18  73.45 147.84  41.02 150.26  65.95
   24  1.109 -0.473 -0.689 157.61 174.16 141.48 174.27  33.19 175.72  67.21
   25 -1.202  0.224 -0.287 201.06 103.88 103.90 103.25 229.21 104.94  77.50
   26  0.639 -1.084 -0.001  13.96 237.72 188.64 239.85  45.50 242.24  58.33
   27 -1.085 -0.972  0.331 197.05 232.07  68.76 230.22  66.02 226.84  77.44
   28  0.523 -0.319 -0.628 179.13 157.26 212.23 157.59 226.60 158.80  54.73
   29 -0.655 -0.374  0.948  22.33 168.02  19.68 165.40  10.72 164.42  47.36
   30 -0.140 -0.422 -0.627  31.92 170.46 173.00 169.83 188.91 170.66  61.15
   31 -0.232 -0.658 -0.069  36.46 194.81 238.73 196.04  26.10 195.37  48.90
   32 -0.097 -1.019  0.499  51.98 233.44  38.52 235.32 143.47 234.90  58.50
   33  0.540  0.397 -0.710  14.52  85.92 188.82  86.85  79.49  85.13  62.66
   34  1.023  0.239 -0.287 129.62 103.13 174.62 101.61 170.96 100.78  67.64
   35 -0.993 -0.062  0.074 106.39 132.37 131.19 132.30 155.34 132.37  68.91
   36 -0.720 -1.019  0.267 180.58 235.05 176.81 233.43 141.91 232.17  69.78
   37  0.477  1.085  0.034   7.05  14.24 245.52  10.23 106.13  10.92  51.71
   38 -1.113 -0.669 -0.904 102.01 197.02  60.75 190.23 222.82 191.42 105.75
   39 -0.999  0.760  0.545  90.75  42.72  70.14  45.29 202.42  45.85  73.12
   40 -0.610 -0.281 -0.833 210.91 153.60 184.63 154.01 142.55 154.33  51.83
   41 -0.028 -0.818  0.619 117.86 214.43 143.38 213.99 238.65 212.75  68.77
   42 -0.667  0.342 -0.955  11.67  90.54 246.26  91.50 239.44  90.20  66.97
   43 -0.099 -1.101  0.212 179.36 242.44  96.25 241.00 181.65 242.68  62.48
   44  0.581  0.397  0.109  46.16  85.64  84.64  84.74 239.41  84.84  62.58
   45  0.040  0.945  0.592 144.39  25.22 159.29  21.98 203.72  26.14  61.95
   46 -0.464  0.095  0.338 194.98 115.60 215.31 115.37  25.03 115.10  71.75
   47  0.687  0.607 -0.948  98.97  67.67 160.92  66.92 146.04  65.13  65.33
   48  0.127 -0.441  0.145 104.21 171.42  66.48 172.80 104.38 171.49  69.56
   49  0.525  0.653 -0.333 190.69  59.91 246.13  59.79  96.33  58.92  71.05
   50 -0.399 -0.120  0.384  37.57 140.20 178.92 139.83  68.42 140.01  58.80
   51  0.195 -0.952 -0.336  96.24 223.93 121.92 223.01  77.58 225.95  76.94
   52  0.268 -0.151  0.687 142.57 141.78 164.56 141.62 178.57 142.06  75.92
   53  0.818 -0.738 -0.551  51.15 201.13  90.87 201.69 235.26 203.26  63.00
   54  0.440 -0.925  0.401 115.15 223.67  69.80 223.78 146.35 226.73  68.33
   55  1.126  0.612 -0.772 195.68  67.50 130.73  65.59 176.45  60.16  75.52
   56  0.356  0.930 -0.951 164.09  31.82 162.02  31.45  68.17  30.97  72.00
   57 -0.891  0.479  0.360 138.08  76.07 213.76  76.10 197.57  77.83  69.12
   58 -0.441 -0.206 -0.653 158.90 146.44 142.54 146.42 122.54 146.48  64.65
   59 -0.021  0.216  0.038  18.06 104.48   4.77 105.30  84.70 103.44  57.00
   60 -0.873 -0.004 -0.007  89.57 127.90  61.25 127.92  19.60 127.72  62.82
   61  0.549 -0.789 -0.484  85.97 207.52  60.78 207.89 143.78 208.97  69.33
   62 -0.076  1.127  0.074 174.79   7.77 191.28   9.33  54.57   6.80  73.07
   63  0.446 -0.414 -0.873  51.09 168.66  57.60 168.60  34.77 168.38  53.43
   64 -0.085  0.064 -0.368 131.61 119.39 134.85 119.43 136.50 119.36  75.77
   65  0.247  0.725  0.939 217.04  50.10 230.52  47.71  74.44  46.15  53.92
   66  0.408  0.582  0.471  80.04  66.48  33.88  66.20 178.37  65.20  62.88
   67  0.342  0.018  0.701 219.97 124.39 119.51 121.72  18.37 122.57  57.52
   68 -0.011 -0.492  0.894 213.78 177.13 240.44 176.16 247.05 179.97  66.14
   69  1.105 -0.090 -0.538  51.14 134.89  24.83 134.71  25.34 134.58  66.91
   70  0.759 -1.159 -0.431 219.62 243.09  57.12 244.28 192.92 248.25  52.21
   71 -0.232  0.491  0.483  98.37  74.26 154.29  76.07 105.03  75.21  63.00
   72 -0.969  0.401 -0.123 100.75  82.03 109.51  83.95 165.14  86.17  69.20
   73 -0.484 -1.083 -0.492 167.88 239.74  33.13 236.99  98.71 235.74  68.97
   74  0.185  0.010  0.230 199.00 126.37 164.79 126.36 120.07 126.35  69.33
   75  0.852 -1.168 -0.515 191.19 245.01 182.85 246.13   5.68 248.49  59.47
   76  0.832  1.132  0.574 216.52  10.00 159.04   7.19  82.15 253.86  68.32
   77  0.856  0.763  0.461 193.76  48.21  81.98  44.01  84.69  44.66  60.47
   78  0.838  0.931  0.110   4.50  31.04  66.87  29.81  55.92  26.83  58.50
   79  0.523  0.326 -0.670  44.46  93.20  61.50  94.02  58.87  92.20  59.07
   80  0.137 -0.174  0.154 127.09 145.56 131.59 145.33 135.35 145.42  74.57
   81  1.069 -0.806 -0.645 119.49 207.56  77.30 208.47 184.28 210.28  65.69
   82 -0.113  0.741  0.022 196.68  49.54 226.18  50.04   5.80  49.81  70.73
   83 -0.450  0.819 -0.232  49.92  39.17  30.26  41.17 236.71  43.38  60.00
   84 -0.841  0.686  0.891 200.12  51.01 154.85  50.09 214.33  54.68  66.64
   85 -0.151 -0.969  0.869 124.58 231.71 244.38 230.77   6.53 230.84  68.50
   86 -0.053 -0.967  0.431 120.05 230.13 201.72 229.47 194.70 228.67  69.87
   87  0.564 -0.686  0.284   4.72 197.83  20.22 199.16  56.98 200.77  56.67
   88 -0.658 -0.776 -0.303 209.63 208.31  52.93 206.13 157.36 206.51  61.33
   89  1.141 -0.493 -0.692 211.14 175.17 112.76 174.73  14.62 175.97  53.23
   90 -0.074 -0.580  0.949 219.84 182.78  14.97 187.50  41.89 186.29  67.24
   91 -0.594  0.953 -0.134 197.75  23.21 132.55  27.78 189.24  28.86  62.00
   92 -1.053 -0.399 -0.295 147.05 169.73 240.79 166.27 195.59 165.59  66.22
   93  0.404  0.476 -0.053  11.33  78.54 103.72  76.29  76.12  76.72  54.40
   94  0.290  0.992  0.785  27.99  18.44 177.91  15.38 217.37  16.16  55.50
   95 -0.678 -1.106  0.254 160.54 245.17 185.00 243.51  67.26 239.87  66.55
   96 -0.866  0.294 -0.318 196.61  96.83  53.08  96.52 224.33  97.80  49.20
   97 -0.094 -0.080  0.219  66.83 132.57  84.41 132.50 111.85 132.49  53.43
   98  0.856  0.127 -0.547   7.31 114.24  39.90 108.19  60.60 108.51  59.34
   99 -0.083  0.597 -0.911 137.75  66.96 100.50  67.42 127.11  67.33  72.90
  100  0.491 -0.112 -0.200 216.59 137.23 232.83 138.09 178.56 138.34  60.36
  101 -0.306  0.957  0.817 213.28  19.62 246.73  17.28   5.94  25.08  51.28
  102  0.457  0.678 -0.063 159.73  57.24 215.75  56.65 238.70  55.66  62.85
  103 -0.756 -0.730 -0.714 135.56 202.13 205.58 201.47 184.54 197.70  75.47
  104 -1.061  0.011 -0.667 251.58 125.95 243.31 124.31 239.37 124.17  57.94
  105  0.456  0.112  0.273 237.65 114.65 130.90 113.44 215.05 115.03  39.67
  106  0.834  0.509 -0.338 177.29  76.61  98.10  74.87 142.77  68.07  66.93
  107 -0.437 -0.042 -0.916 249.21 130.59 242.47 130.64 204.92 130.72  60.67
  108  0.690  0.535  0.451 165.26  67.98 197.10  67.49  28.19  67.54  58.29
  109  0.661 -1.179 -0.363 196.01 245.38 205.77 246.61 213.47 250.42  65.25
  110 -0.232  0.238  0.266 167.21 101.41 133.55 101.51 221.42 102.97  69.00
  111 -0.866  0.066 -0.408 110.97 118.17  79.42 118.21  61.17 118.34  72.78
  112  0.595  1.123  0.480 136.59  10.49 184.79   7.94 216.49   6.56  76.43
  113 -0.363 -0.949 -0.020 127.48 227.10  99.09 226.43 100.44 223.31  72.28
  114 -1.090  0.861 -0.222 136.29  35.14 163.94  35.23 148.94  39.13  67.17
  115 -0.173  0.272 -0.027  52.46  97.60  39.47  98.07 110.52  98.53  63.06
  116 -0.640  0.003  0.208  17.88 127.08  20.85 127.12 123.96 127.20  52.50
  117  0.295  1.158  0.190  84.54 254.17 207.88 254.28 162.75 254.27  74.33
  118  0.079 -1.189  0.414 218.92 252.32  31.19 251.82 190.06 251.65  57.43
  119 -0.732  0.309 -0.268 101.32  94.29 181.20  95.26 103.19  94.79  69.67
  120 -0.424 -0.654  0.006  26.16 195.14 214.46 196.01  37.77 195.32  53.12
  121 -0.358 -0.879 -0.325  36.84 218.14   6.20 215.39  89.20 214.98  66.25
  122  0.029 -0.041 -0.981 209.76 130.24 211.48 130.23 101.84 129.42  60.75
  123  0.517 -1.103 -0.492 197.52 239.24  78.89 238.62 136.77 241.05  66.08
  124 -0.788 -0.648  0.497  30.07 197.55 104.20 196.35  71.18 194.71  63.28
  125 -0.277  0.607 -0.952  64.57  64.81 171.40  66.61 250.32  66.56  65.67
  126 -0.587 -0.424  0.364 162.48 171.35 114.03 171.05 127.16 171.17  70.24
  127 -1.042  0.365 -0.895 212.88  88.77 222.25  88.66 178.95  87.81  56.40
  128 -0.297  0.292 -0.552  48.85  97.34 108.53  97.22 100.05  97.34  74.70
  129  0.331 -1.154  0.542 236.70 248.64 215.03 247.15 201.67 249.45  52.50
  130  0.168  0.644  0.887 196.11  57.90 175.61  58.00 189.59  58.07  53.87
  131  0.882 -0.004  0.190 166.20 127.24 147.63 127.25  50.82 127.96  69.10
  132  1.011 -0.640  0.509  74.36 191.45  40.83 195.56 158.98 197.22  59.48
  133  0.531 -0.242  0.578 202.98 151.03  27.45 150.68 154.61 150.65  55.17
  134 -0.509 -0.182  0.888  51.26 146.12  35.95 145.66 205.80 145.81  65.58
  135 -0.993 -1.062 -0.388  71.22 239.47 141.57 235.78 200.28 233.62  63.25
  136  0.225 -0.402 -0.085 116.73 169.11  20.14 169.30  19.46 167.68  60.12
  137  1.115  0.219 -0.260  53.80 105.58 233.33 103.69 134.09 103.27  49.00
  138 -1.117 -0.584 -0.618 214.25 182.12 186.93 183.32 143.27 184.51  63.50
  139 -0.982 -0.219 -0.300 165.26 150.24 164.41 150.34 101.63 149.06  77.50
  140 -1.159  0.648 -0.695 178.98  58.65 140.56  60.26  88.32  60.43  67.60
  141 -0.559 -0.957  0.634  31.94 230.27  87.68 229.41 140.79 226.84  60.13
  142  1.156  0.360 -0.438 239.45  89.62 182.80  88.09  35.21  87.70  67.73
  143 -0.350 -0.113  0.408 176.69 139.69  10.00 138.90 219.48 138.64  64.45
  144  0.728 -0.689  0.587  86.53 198.13 159.55 200.25 156.95 201.32  64.94
  145 -0.190  0.299 -0.031  28.20  96.52 231.63  96.28 243.67  95.16  46.30
  146 -0.179  0.423  0.207 196.19  81.13 101.99  81.69 138.69  80.82  66.07
  147  0.563 -1.041  0.802  37.58 237.62  13.48 237.16  91.59 237.93  53.78
  148 -0.317  0.819  0.985  11.41  38.46 131.28  35.32  45.26  39.04  50.36
  149  0.024  0.621 -0.744  37.68  62.68  10.94  62.63 248.38  64.26  61.42
  150  0.473 -0.872  0.728 219.66 219.05  70.71 221.11  51.99 221.00  52.50
  151  0.541 -1.166 -0.742 139.81 243.88 117.90 243.56 187.59 245.28  69.42
  152  0.749 -1.174  0.203 185.27 247.50 195.96 248.94 125.19 251.55  68.17
  153  1.030  0.319 -0.894  63.23  95.82  98.68  94.68 188.64  94.56  57.38
  154 -0.034 -0.774 -0.474  58.67 207.06 180.68 205.45 147.01 206.84  50.25
  155  0.859  0.703 -0.523 207.87  55.75 168.04  54.66 250.67  52.94  61.80
  156 -1.194  0.925 -0.692 167.41  28.17 215.69  31.09  42.25  32.96  68.90
  157 -0.080 -0.901 -0.692  95.72 219.59 155.72 217.61  96.36 217.97  64.39
  158  0.320 -0.506  0.814 174.80 181.00 127.11 181.23 208.31 180.86  59.50
  159  0.027  0.148 -0.989 248.85 109.06  26.60 107.05  40.50 107.49  46.71
  160 -0.828 -0.987 -0.899 117.06 228.01  90.58 226.82 131.13 222.46  73.21
  161  0.552 -1.122 -0.273 134.19 241.66 194.67 240.83  98.74 243.29  71.52
  162 -0.989  0.206 -0.295 140.06 105.70 126.05 105.79  85.65 106.36  70.30
  163  0.327  0.939 -0.149 100.52  29.54  62.37  31.00  96.48  27.94  59.24
  164  0.370  0.685  0.855  24.07  53.79 116.56  51.27 104.94  51.36  58.30
  165  1.124  1.132  0.110 237.41  10.80 216.64   7.97 135.72   6.18  62.25
  166 -1.031 -0.352  0.356 173.64 164.42 181.25 160.60 187.11 161.23  68.22
  167  1.086 -0.023  0.324  59.62 128.77  75.91 129.42 190.54 128.78  68.42
  168 -0.583 -0.954 -0.952 195.75 224.63  65.68 222.45 227.82 221.21  69.92
  169 -0.624  0.919  0.455  81.04  28.02  60.39  27.80 151.31  30.17  68.50
  170 -1.169 -0.834  0.138 162.22 215.11 242.99 214.56 235.73 211.61  65.59
  171  0.055 -1.014 -0.555 152.49 230.37  14.06 230.56  67.96 231.61  77.30
  172  0.461 -0.998  0.384 113.62 231.41 133.87 231.26  32.46 234.38  57.44
  173 -0.716 -0.743  0.300 101.99 206.87   5.77 204.94 247.79 205.02  56.00
  174 -0.565  0.806 -0.227 150.18  39.63  58.73  41.99 177.73  45.84  71.59
  175  0.361 -0.134 -0.797 124.11 140.24  91.37 140.10  23.25 140.46  50.80
  176  0.033 -0.168 -0.432  12.83 143.48 143.53 142.31 113.73 144.46  57.11
  177 -0.108  0.665  0.739  69.67  54.72  66.25  56.21   5.40  56.46  64.70
  178 -0.781  0.427  0.846  15.75  81.01 167.90  81.13 129.24  80.36  41.79
  179 -0.574 -0.926 -0.906  61.95 222.22  91.50 218.31 173.33 218.94  57.00
  180  1.069 -0.923  0.494 107.27 220.15 148.29 225.83   7.03 227.66  49.00
  181 -0.902  0.593  0.200  64.55  62.16  42.61  63.66 175.17  66.68  73.06
  182  0.599  0.488 -0.724 201.22  76.97  34.44  77.87 124.16  75.81  64.21
  183 -0.654  0.219 -0.724 219.45 104.19 242.93 105.70 112.59 105.73  61.84
  184 -0.295  0.521 -0.406 232.43  70.21 119.93  68.34 162.40  70.71  61.30
  185 -1.095 -1.024 -0.037 151.24 236.29 112.01 232.43 177.80 231.44  67.00
  186 -0.946  0.840 -0.089  31.14  36.72  94.01  39.67  28.68  41.64  58.12
  187  0.375  0.447  0.551  82.93  81.01 144.98  79.52  22.75  79.01  76.50
  188 -0.908 -1.155  0.740 169.81 253.50 163.33 250.64 176.77 245.78  82.62
  189  0.763 -1.165  0.620 215.31 249.04 206.69 251.26 104.03 253.75  63.89
  190  1.018  0.798 -0.867 251.05  48.26 218.77  47.56 245.20  44.03  57.73
  191  0.770 -0.289 -0.523 228.54 154.47 241.59 155.11 226.54 155.94  66.29
  192  0.313 -0.720 -0.965 228.72 199.93  44.81 196.91  76.50 201.22  66.21
  193 -0.426 -0.769  0.703 106.59 209.04 184.24 208.71 225.71 208.02  66.65
  194 -0.909  0.197 -0.784 228.43 106.36  62.23 106.17 163.59 107.37  62.68
  195 -0.152 -0.460 -0.644 116.60 174.50  75.98 174.01  49.25 172.18  70.56
  196 -1.053 -0.107  0.302 140.44 136.71 240.62 137.43 168.47 139.99  57.71
  197  0.675 -0.537 -0.140 205.34 181.06 165.45 181.87 113.69 182.62  63.14
  198  1.214 -0.919 -0.701 131.91 217.75 120.23 219.37 104.03 253.75  66.33
  199  0.453  0.263 -0.360  24.93 100.72 110.29 100.02 101.36 100.11  51.21
  200  0.803 -0.019 -0.050 226.21 128.53  37.59 128.69 104.03 253.75  65.78
  201 -0.869 -0.669 -0.831 116.85 196.95 120.29 190.75 226.93 192.54  71.00
  202 -0.902 -1.032  0.376 222.94 237.78 146.27 253.76 232.83 233.69  61.00
  203 -0.688  0.854 -0.716 169.81 253.50 152.65  40.05  48.26  40.98  82.62
  204  1.175  1.101 -0.782 184.61  16.56 120.34  10.87 104.03 253.75  68.19
  205 -0.262  0.464 -0.909 174.72  79.42 118.40  81.10 104.03 253.75  79.30
  206 -0.062 -0.931 -0.523 252.79 223.01 178.86 221.40 104.03 253.75  51.57
  207  1.097 -0.969  0.476 169.81 253.50 122.63 230.37  18.97 232.84  82.62
  208  0.758 -1.203  0.275 191.73 249.36 146.27 253.76 104.03 253.75  71.28
  209 -0.521 -0.012 -0.845 169.81 253.50 220.50 128.56  39.02 128.70  82.62
  210  0.247  0.495  0.371 248.04  74.52 201.23  71.67 205.42  74.80  52.27
  211 -0.421  0.419 -0.031 169.81 253.50  44.40  82.25  91.82  84.10  82.62
  212  1.259  0.583 -0.468 209.45  67.74 146.27 253.76 213.74  65.93  59.29
  213  1.219 -0.648 -0.272 171.20 190.56 146.27 253.76  77.75 195.55  61.95
  214 -0.277 -0.934  0.317  52.38 225.95 174.66 225.83 104.03 253.75  60.25
  215  0.803 -0.632  0.818 169.81 253.50  16.58 195.39  97.78 196.13  82.62
  216  0.431  0.233  0.554 228.52 101.79 146.27 253.76 153.59 101.26  56.12
  217  1.211  0.402 -0.869 161.42  88.35  28.06  86.80 104.03 253.75  70.65
  218 -0.098  0.469 -0.837 169.81 253.50 188.72  78.97 101.55  79.53  82.62
  219  0.237  0.860 -0.302 169.81 253.50  15.97  39.55 243.02  37.96  82.62
  220  0.956 -0.945  0.671 145.30 225.76  85.74 227.09 104.03 253.75  67.58
  221 -1.247  0.132 -0.467 129.24 111.64 146.27 253.76 155.46 113.31  45.67
