    1  0.818 -0.885  0.907  45.38 219.52 249.51 218.21  18.62 222.12  54.00
    2 -1.087 -1.177 -0.856  83.49 249.75 106.01 244.56 124.76 243.69  59.56
    3  0.498 -0.218 -0.839 104.12 145.45  73.81 145.21  13.26 148.38  70.31
    4  0.025 -0.081 -0.616  98.48 132.35  74.21 132.27 197.80 136.29  75.90
    5 -0.695  0.598 -0.662 103.26  65.48 204.44  62.17 103.29  62.11  65.57
    6 -1.133 -0.221 -0.596 205.17 146.92 174.83 147.17 131.17 147.29  63.75
    7  0.720  0.189 -0.426 124.88 105.60  77.04 105.77  90.10 105.97  59.57
    8 -0.123 -0.766  0.335 109.51 208.88 127.62 207.46  77.33 207.82  71.16
    9  0.386  0.141 -0.612 201.84 112.75 177.37 112.64  96.32 112.55  70.90
   10 -0.539  0.977  0.434  26.52  20.30  26.99  23.50  36.00  25.73  68.80
   11 -0.222  0.704  0.222 236.17  52.97 202.42  51.21 146.94  50.13  64.56
   12 -0.518 -0.162  0.291 129.96 144.67 138.57 144.61  15.71 144.69  62.50
   13 -0.994  0.400 -0.250 217.63  85.28 242.15  85.27  95.22  85.09  66.38
   14 -1.047 -0.395  0.001 229.97 168.42 167.24 168.68  52.74 165.37  69.56
   15 -0.767 -0.241  0.058  13.65 151.53 178.38 150.16  39.74 150.26  59.49
   16  0.167 -0.111 -0.120  29.45 137.45  38.23 136.62  57.11 138.17  58.77
   17  0.191  0.377 -0.688  56.73  89.36  28.77  89.25 106.68  88.75  52.33
   18  0.529 -0.364  0.912 253.01 165.64  56.71 163.15  41.57 162.56  46.36
   19  0.875 -0.687  0.762 217.09 198.60 190.08 199.00  29.57 202.49  52.11
   20  0.559  0.089 -0.832 142.57 115.99  86.57 116.04 232.19 115.65  58.94
   21  0.645  0.055  0.416  24.97 121.80  13.41 120.37  11.87 120.82  62.29
   22 -0.564 -0.614 -0.247 112.79 189.87 119.19 190.62 113.74 189.66  61.55
   23 -0.280 -0.442 -0.283  73.47 173.25  55.08 172.49  14.20 171.95  64.74
   24 -0.801  0.309  0.703  99.63  93.52  57.54  93.92  47.74  94.54  70.67
   25  0.240 -1.037 -0.838   9.66 232.38  39.76 231.66  64.39 230.46  53.75
   26  0.674 -0.821 -0.892  43.72 208.94 115.30 208.89  36.71 209.06  58.14
   27 -1.113  0.005 -0.606 115.06 126.75  64.67 126.74  32.63 126.81  64.14
   28  0.084 -0.536 -0.543  13.83 182.76  90.49 181.16  28.82 180.37  49.00
   29  0.308  0.825 -0.499 116.21  43.96 139.26  42.93 136.25  41.04  60.38
   30 -0.274  0.974 -0.009  43.30  20.50  71.29  25.04  50.60  26.61  61.57
   31 -0.834 -1.094  0.659 125.72 243.54 124.36 243.35 134.54 240.49  82.32
   32  0.157  0.537 -0.596 184.58  72.03 182.33  71.40  29.72  72.10  49.33
   33  0.090  0.373  0.450  19.26  87.93   4.43  87.50 217.37  88.62  59.00
   34 -0.543 -0.388  0.617 181.45 168.28 201.47 169.20 129.26 167.76  49.00
   35 -0.169  1.152 -0.798  59.03   9.07 178.30   9.56  53.63  10.79  61.00
   36 -0.650 -0.807  0.315  70.14 212.44  42.13 210.71  91.77 208.57  69.44
   37  0.908 -0.561 -0.151 155.93 183.09 160.11 183.32 179.42 184.95  55.75
   38  0.694  0.679 -0.472 170.39  55.36 152.24  54.89  87.36  54.91  67.44
   39  0.085 -0.049  0.413 182.84 131.73 152.07 131.76  63.24 129.79  61.08
   40  0.584  0.150  0.233 122.72 111.59  90.90 111.19 222.85 110.87  84.38
   41 -0.842 -0.983  0.315 251.49 232.53 127.56 224.78 128.62 225.24  38.00
   42 -1.053  0.489 -0.626  30.31  75.72 105.65  77.50  67.68  77.81  59.27
   43 -0.419  1.153  0.434  16.00   4.62  47.16   5.50 139.46   7.81  54.17
   44  1.053  0.478 -0.104  34.58  78.52 204.27  78.53 152.66  73.14  59.67
   45 -0.222  0.497 -0.447 226.97  74.08  28.77  77.33  70.05  74.16  75.25
   46  0.718 -0.534  0.072  42.57 182.06 136.84 182.80 144.12 183.23  69.62
   47  0.447 -0.739  0.286 226.62 201.91   2.66 204.34 229.26 205.71  59.13
   48 -1.122  0.560 -0.315  52.29  66.26  94.03  66.21 214.32  69.32  65.61
   49 -0.454 -0.304  0.322  73.52 159.10 240.32 159.00  40.01 157.98  61.62
   50 -0.333 -0.350  0.838  15.42 165.36  41.42 162.80  37.76 162.24  51.44
   51 -0.725  0.822  0.189 246.43  39.27 171.81  40.83  95.93  43.01  62.78
   52  0.495 -0.791  0.904  79.23 210.03  92.82 213.05 121.96 213.05  74.75
   53  0.544  1.116  0.687 186.11  10.84  70.76   7.47  92.55   6.58  70.65
   54 -0.783 -1.016 -0.462  74.65 233.90  10.78 228.74  28.74 229.38  66.27
   55 -0.809 -0.462  0.733 150.71 175.90 144.98 175.98 225.05 174.62  67.22
   56  0.218 -0.274  0.026 101.77 156.27  98.70 155.91  13.55 155.53  71.40
   57  0.803 -0.253 -0.558 152.96 150.06  13.27 150.75  45.59 152.94  68.00
   58  1.088 -0.298 -0.227 161.23 156.63 150.92 156.70  97.53 159.28  72.05
   59 -0.026 -0.857 -0.028 172.37 215.87  63.77 215.94 126.29 214.12  70.94
   60 -0.679 -0.332  0.355  51.71 161.37  43.79 160.62  56.56 160.06  54.00
   61  0.251 -0.645  0.590  79.57 192.59  70.21 191.44  20.41 195.78  69.86
   62  0.101 -0.161 -0.518  87.79 140.58 129.45 139.99  18.35 142.80  62.00
   63 -1.177 -0.780 -0.089 166.24 209.99  71.31 208.60 115.57 206.40  57.33
   64 -0.460 -0.888 -0.376  39.83 217.89 177.99 218.14 114.62 217.31  57.46
   65 -0.539  0.430 -0.711  76.88  82.26 248.05  83.51 240.50  83.82  54.33
   66 -0.812 -0.517 -0.630 107.70 181.81 128.75 178.61  24.61 178.94  60.40
   67 -0.978  0.501 -0.539 155.46  73.73 144.23  73.71 170.27  77.60  62.28
   68 -0.982  1.015 -0.172 166.15  17.97  84.11  17.88 136.77  25.25  74.55
   69  0.050  0.707 -0.592 128.93  54.07 105.05  54.52 127.61  54.47  73.62
   70  0.480  1.140  0.065  50.08   9.37  54.47   8.90  57.88   7.37  61.21
   71 -0.283 -0.302 -0.179 227.38 158.26  45.92 158.49 134.85 156.91  55.50
   72  1.130  1.085  0.267   9.96  16.71  16.88  13.70  66.38   9.60  53.75
   73 -0.002  0.172  0.875 240.81 109.71  73.71 105.81 197.98 108.51  50.89
   74  0.444  1.096 -0.512 148.62  16.60 246.85  14.32 189.61  14.04  49.17
   75 -0.594  0.014  0.759 157.71 122.63 175.24 122.51 241.72 124.17  70.62
   76 -0.888 -0.744  0.036  39.93 206.23  21.18 203.98 103.03 202.76  65.47
   77 -1.083  0.060 -0.408 158.48 119.33 184.51 119.27  41.44 119.09  70.75
   78 -0.332  0.602 -0.186 175.27  62.94 139.00  62.16 216.63  60.40  72.36
   79 -0.085 -0.578  0.984  84.72 189.21  93.18 189.29  82.66 188.80  68.44
   80 -0.007 -0.942 -0.350 249.77 221.00  81.16 219.15  78.73 224.56  60.61
   81 -1.003  1.105  0.308 179.15   6.28 186.36   9.13 175.45  14.77  62.80
   82  0.101  0.623  0.562 183.88  59.86 199.00  59.04 160.18  58.67  65.43
   83 -0.685 -0.572  0.192 214.98 185.10 203.06 183.83 156.46 183.94  67.48
   84 -0.337 -0.586  0.078 210.90 188.50 222.06 186.21  47.38 187.11  61.91
   85  0.113 -0.684  0.127 227.44 197.65 154.95 196.84 236.34 197.23  55.05
   86 -0.288 -0.270 -0.333  69.22 155.11  19.14 155.31  58.70 155.41  50.50
   87  0.310 -0.537 -0.324 207.26 182.90  23.72 181.57  83.03 180.83  64.95
   88 -0.815 -1.058  0.499  90.86 241.10  84.36 238.73   4.44 232.43  73.86
   89 -0.584  0.266  0.989 129.71  97.00 114.89  96.59  98.43  98.54  65.07
   90  0.093  1.075  0.548  81.83  11.12   4.43  12.81   8.81  12.41  57.29
   91  0.722  0.473  0.325 155.76  77.35 108.95  77.38 217.64  77.31  58.25
   92  0.886  0.174 -0.203  29.65 109.85 201.79 108.96  43.95 106.13  54.36
   93 -0.213  1.096 -0.793 178.59  15.24 179.97  17.27 226.04  15.51  59.14
   94  0.371 -0.567  0.929  45.55 183.17  56.55 188.14 205.58 187.77  80.07
   95  0.690  0.717  0.850 111.31  46.55  59.05  46.79  59.65  48.75  73.57
   96 -0.387  0.293 -0.449 152.24  97.00  73.33  95.53 101.45  97.04  62.89
   97 -0.767 -0.114  0.475 122.37 139.67 145.50 139.70 135.66 139.77  70.00
   98  0.575 -0.658  0.888 186.40 196.22 146.59 195.51 115.99 197.08  71.40
   99 -0.169  0.509  0.776 253.30  72.60 192.96  73.00 140.06  72.36  42.33
  100 -1.159 -0.991 -0.641 126.66 225.27 216.34 223.51 156.87 225.12  65.64
  101 -1.052 -1.013  0.466  65.16 234.30  48.33 231.91  53.01 230.26  58.57
  102 -0.479  0.210  0.733 244.83 104.90  15.64 102.45 223.63 103.67  50.79
  103  0.224 -0.033  0.563 125.04 129.36  88.53 129.35  41.84 127.75  70.37
  104 -0.989  0.388 -0.823 210.95  85.84 137.81  88.79 167.56  89.30  57.33
  105 -1.008 -0.514 -0.043 127.55 183.00  45.91 180.62 134.55 179.02  64.91
  106 -0.471  0.766  0.361  52.72  44.87 134.60  45.96  60.76  45.83  62.71
  107 -1.151 -0.505 -0.247 122.88 178.91  41.75 177.65  14.66 176.41  59.50
  108 -0.676  0.329  0.138 171.24  92.68 145.13  90.82 102.04  91.90  68.08
  109 -0.851 -0.079  0.474 164.33 133.40 137.24 133.42 107.65 133.42  71.44
  110 -0.489  0.057 -0.426  44.15 120.20  17.63 122.15 159.47 122.33  53.92
  111 -0.537  0.221 -0.572 178.94 104.59 210.44 104.30  21.75 103.26  61.69
  112  0.685 -0.384  0.710 224.39 166.68 185.23 167.40 142.66 169.06  62.44
  113  0.457  0.662 -0.065 122.67  56.12 133.36  56.46 142.82  55.95  68.33
  114  0.409  1.080 -0.292 250.75  17.59 173.51  16.56  83.56  15.10  61.06
  115 -0.180  0.475  0.810 103.56  76.94 110.12  73.71 113.15  77.52  64.45
  116 -0.600  0.325  0.373  26.09  92.86 167.98  92.02 154.89  91.94  35.00
  117 -1.022  0.806  0.529   8.11  39.37  52.43  42.23  99.61  44.46  59.24
  118  0.760  0.830  0.265 178.76  41.65 117.10  40.82  73.14  37.22  67.77
  119  0.372 -0.386  0.192 142.73 166.03  92.52 165.87  23.58 168.28  57.38
  120  0.272 -0.430  0.712 219.82 173.05  27.38 173.04 185.19 172.16  54.89
  121 -0.060  0.246  0.898 125.09  99.25  88.80  98.25 216.57  99.41  62.09
  122  0.061  0.792  0.007  23.92  44.80  82.04  45.13 159.58  44.65  58.04
  123  0.787  0.013  0.563  76.78 123.92  11.32 124.05  12.27 125.94  63.64
  124 -0.691 -0.423 -0.501  20.21 170.59  19.46 169.27  30.39 169.15  44.14
  125 -0.078  0.934 -0.765 111.30  26.51 235.99  31.22  64.39  30.64  61.62
  126 -1.036 -0.733 -0.124 148.18 205.65 221.96 201.77   6.58 200.91  74.50
  127 -0.439  1.098 -0.854 170.49  14.72 170.16  17.38 164.39  15.65  67.20
  128  1.159 -0.859  0.190  92.66 214.48 125.59 217.16 251.77 218.88  71.52
  129 -0.178  1.167  0.187 223.69   5.22 147.10   5.42 219.12   4.80  66.05
  130  0.845  0.901  0.887 104.77  33.19  38.54  29.22 196.78  28.63  62.07
  131 -0.216 -1.128 -0.209  84.14 242.55 130.23 242.38 191.63 243.30  62.70
  132  0.031  1.056  0.893 216.62  11.20 138.13  14.20 192.21  15.00  65.06
  133  0.514  1.102 -0.792 160.54  17.23 131.59  14.61 103.01  14.16  72.62
  134  0.725  0.413  0.150  13.03  85.18 252.87  84.01 191.96  82.87  55.93
  135  1.097  0.730  0.269 222.47  47.55  78.62  47.56  81.29  47.65  65.22
  136  0.688  0.776  0.519 146.33  45.98 159.64  44.19  44.00  43.77  80.08
  137  0.819  0.238 -0.884  38.16 101.69 121.83 101.75  75.19 101.93  63.03
  138 -1.086  0.248 -0.037  88.22  97.91  65.19  99.51  24.06 100.06  82.74
  139 -0.798 -1.127  0.439 113.01 245.51  39.36 244.85 104.45 244.25  82.31
  140  0.143 -1.227 -0.734  49.37 251.87  50.88 250.71  45.65 248.58  53.00
  141  0.515 -0.863 -0.367  71.66 214.71  55.00 215.55  86.58 214.84  68.07
  142  0.603  0.515  0.815 132.08  73.60 250.00  70.98 166.24  70.55  67.47
  143  0.952  0.376 -0.360 119.15  89.59 142.46  89.19 145.19  87.99  71.92
  144 -0.824 -0.789  0.154  27.73 211.68   6.47 208.95 102.08 207.87  61.47
  145 -1.097  1.020 -0.331 156.17  17.81   5.13  20.66 224.77  25.66  51.75
  146 -0.832 -0.332  0.115 111.39 160.67  80.45 160.23 225.44 159.98  79.09
  147 -0.229 -0.725 -0.200   4.34 200.31 140.04 199.70  21.49 202.41  58.72
  148 -0.788 -0.289  0.152  79.61 156.73  33.25 156.13 102.91 155.91  62.83
  149 -0.742 -1.173  0.110 125.77 252.63  19.00 246.61  53.52 244.44  68.68
  150  0.177  1.156  0.573 131.63   5.49 187.06 253.49 198.48 254.28  76.89
  151  0.681 -0.417 -0.172  43.30 170.48  70.52 169.59  55.51 171.66  62.16
  152 -0.706 -0.426 -0.057  58.34 172.42  57.90 171.30  73.85 170.92  67.25
  153 -0.613  0.844 -0.998  74.61  40.69  14.93  42.72 162.79  43.08  62.50
  154  0.180 -0.662 -0.554 171.49 190.47 197.52 191.30 209.04 192.87  72.29
  155 -0.887  0.979 -0.693 107.72  23.71  87.48  27.76  74.63  28.71  69.10
  156  0.142  0.391 -0.970 155.19  88.64 153.33  88.37  31.81  88.08  73.91
  157  0.923 -0.482 -0.999 104.33 174.14 157.29 174.21 134.91 176.41  68.50
  158 -0.006 -0.756  0.253  98.07 207.32  24.17 206.75  16.06 206.82  71.05
  159  0.229  0.700  0.237 247.97  53.76 243.37  51.69 207.98  49.48  56.88
  160 -0.873 -0.014 -0.121  15.19 127.73  15.36 127.76 167.33 126.91  57.56
  161 -0.387  0.113  0.962 151.67 114.03 167.43 113.99 174.06 113.77  68.56
  162 -1.000  1.168  0.093 206.38 253.19 109.63   6.11 157.41   7.91  69.88
  163  0.758  0.657 -0.845 178.90  60.28 175.62  59.64 197.18  57.42  58.57
  164  0.475 -0.857  0.233 250.12 215.60 180.93 216.72  89.32 218.59  59.09
  165  0.419  0.841  0.018  80.89  40.53 104.69  39.07 112.12  39.13  66.70
  166 -0.223 -1.067  0.608  49.99 240.89  41.93 240.35 221.86 239.14  62.97
  167  0.476  0.151 -0.150 218.38 111.70 189.49 112.50  69.97 111.38  48.17
  168 -0.730 -0.871 -0.922 137.18 217.48 181.55 213.39  82.41 213.89  80.13
  169  0.360 -0.767 -0.642 112.15 203.65  35.86 205.68 145.94 206.74  66.79
  170 -0.824 -0.315 -0.347 108.04 159.72  99.05 159.43  62.74 159.85  68.93
  171 -0.711  1.150 -0.025  90.51   5.53  24.07   6.46  23.90   9.37  64.23
  172 -0.955 -0.424  0.433 193.09 173.80 198.51 171.41 217.82 171.50  78.43
  173 -0.354 -0.849 -0.994 139.42 214.11 195.91 210.67  45.53 211.62  70.24
  174 -0.684  0.805 -0.678 230.09  44.33 201.26  45.95 121.16  45.67  57.00
  175 -0.894 -0.263  0.579   4.31 156.29 104.99 155.90 210.52 154.65  57.62
  176  0.009 -1.172  0.837  76.38 252.96 142.67 252.16 227.52 250.02  79.91
  177  0.463  0.056 -0.630  79.88 122.38 196.30 122.43  36.62 122.27  63.00
  178  0.125  0.873  0.637 245.90  33.92 219.21  31.30 217.41  32.58  48.83
  179 -1.209  1.056 -0.500  91.71  16.45 106.83  17.83 109.22  18.18  67.00
  180  1.025  0.165 -0.320 249.02 110.70 219.50 110.33 205.37 109.84  44.78
  181  0.162 -0.462 -0.113  68.27 174.16  99.46 173.66 113.06 174.38  58.75
  182 -0.555 -0.782 -0.281 142.32 209.11 103.51 207.06 172.63 207.20  69.19
  183 -0.620  0.091  0.483 206.01 115.36 231.13 116.03  42.83 116.35  68.24
  184  0.522  0.549 -0.066  13.68  68.42  13.16  70.76  79.79  68.35  49.11
  185 -0.242 -0.771 -0.553  15.50 205.94 164.70 206.01  35.88 204.10  63.33
  186 -0.036 -1.120 -0.312 143.89 242.07 104.52 241.83 132.84 243.11  64.25
  187  0.103  0.796  0.751 218.56  42.81 192.94  42.55 153.47  39.74  64.65
  188 -0.123  0.295  0.577 119.52  94.79  42.74  95.24  16.61  96.01  76.20
  189  0.659  0.972 -0.485  33.42  26.33  99.77  27.17  32.29  26.06  63.44
  190  0.005 -0.494 -0.478  27.87 177.85 220.55 176.42 237.35 177.93  49.75
  191  0.437 -0.177  0.643  55.16 145.40  21.18 144.93  58.19 144.99  62.38
  192  1.195 -1.028  0.148 244.18 225.62 152.44 232.60  23.66 237.78  51.00
  193 -0.353  0.160  0.370 210.89 110.67 128.04 109.78  81.36 109.90  57.00
  194 -0.364 -0.510  0.009  93.64 178.47   9.89 180.19  68.44 179.94  65.26
  195 -0.174 -1.113 -0.911  60.26 238.30 253.05 235.69  89.18 238.02  53.62
  196 -0.092  0.853  0.874 251.39  33.93 141.62  35.31 137.72  33.51  57.93
  197 -0.626  0.376 -0.716 166.26  88.94 225.79  89.71  60.77  89.82  71.47
  198 -1.100  0.074  0.172 101.83 118.30  62.72 118.46 197.83 119.07  66.00
  199 -0.232  0.872 -0.451 176.95  35.90 247.67  35.46 102.48  35.28  68.50
  200  0.384  0.348 -0.099 156.26  91.26  65.01  90.19  87.87  90.58  65.20
  201 -1.082 -0.247  0.430 190.00 153.61  48.44 153.40 192.51 150.59  63.38
  202 -0.438  0.790  0.407  47.97  41.85  66.95  43.88  12.40  45.01  65.00
  203  0.600  0.798  0.900 179.47  44.04 207.99  41.09 176.02  39.39  79.75
  204  1.143  0.885  0.133 166.54  36.81 120.41  33.97 160.28  29.60  49.57
  205  0.239  0.366 -0.498 131.30  90.03 147.67  90.15 158.81  89.68  68.89
  206  1.160  0.545  0.266  24.76  68.83  57.90  67.76  93.38  66.52  55.31
  207 -0.552  1.160  0.009 118.97   5.23  83.99   6.44  61.23   7.93  60.42
  208 -1.090 -0.272 -0.988 157.97 155.86 209.83 154.00  14.75 153.55  62.67
  209  1.204  0.442 -0.459 229.26  79.95 237.20  78.79  50.74  78.25  60.32
  210 -0.006 -0.898  0.929  84.47 220.61 142.67 252.16 216.90 220.98  70.58
  211  0.565 -1.205  0.060  19.11 251.02 208.29 251.82 156.37 253.32  55.50
  212 -0.428 -1.076 -0.299  76.38 252.96  17.00 235.47 168.96 234.02  79.91
  213 -0.190 -0.812  0.418 221.03 211.85  59.88 213.09 210.49 212.72  66.22
  214  0.156  0.340  0.720 210.54  90.46 142.67 252.16 169.60  90.42  49.67
  215 -0.322 -0.107  0.290 140.04 138.29 130.81 136.48 141.53 136.50  62.00
  216 -0.635 -0.863 -0.583 192.23 217.00 108.29 213.74 156.37 253.32  64.75
  217  0.779 -1.202 -0.291  88.50 247.12  43.91 247.32 156.37 253.32  60.71
  218 -0.216 -0.256  0.947  72.00 153.93   6.82 154.36 156.37 253.32  79.93
  219 -0.375 -0.010  0.489 232.91 126.95 211.86 126.92 156.37 253.32  78.50
  220  1.022  0.920  0.377 180.47  30.20 195.47  29.09  91.62  27.71  51.14
  221  1.014  0.124 -0.612 177.25 112.82 209.08 113.77 191.80 113.46  81.00
  222  0.688 -0.626 -0.815  76.38 252.96 168.30 189.42  69.24 190.13  79.91
  223  0.170  0.384 -0.972 116.78  89.01 142.67 252.16 164.99  88.64  65.08
  224 -1.127  0.410 -0.629  64.94  83.94 204.04  85.05 156.37 253.32  63.25
  225 -1.021 -0.160  0.254  33.72 141.22  47.10 140.31  16.55 141.22  47.88
  226 -0.766 -1.003 -0.130 130.48 232.79 142.67 252.16  39.17 226.57  69.36
  227  0.243  0.386 -0.187  42.70  85.95  24.07  87.15  27.03  86.44  65.61
  228 -0.140  0.300  0.049  57.98  94.79 142.67 252.16 111.93  95.05  62.17
  229 -0.139  0.323 -0.221 239.10  94.08 142.67 252.16  50.50  94.48  44.25
  230 -0.547  0.326 -0.882  93.22  94.65  64.97  94.03 156.37 253.32  64.64
  231  0.781  0.140 -0.101  76.38 252.96 107.34 112.50 165.22 112.44  79.91
  232 -0.249 -0.775 -0.222  59.75 207.61 142.67 252.16 105.67 207.45  60.72
  233 -1.222 -0.738 -0.316 191.84 204.99 104.71 203.07 121.27 199.94  56.40
  234 -0.518 -0.038  0.143  78.23 129.69  25.84 129.64 156.37 253.32  61.83
  235 -0.324 -0.094  0.750  79.72 136.77 142.67 252.16  21.58 136.43  58.88
  236  1.160  0.412  0.855  76.38 252.96  11.32  83.42  47.66  79.63  79.91
