    1 -0.328 -0.855  0.297 250.87 218.28 191.90 216.99 244.64 215.61  57.68
    2 -0.810 -0.290 -0.015 232.72 158.24 102.17 152.69 222.08 155.93  65.87
    3 -0.372  0.553  0.805  46.15  67.72 180.96  66.84  25.30  67.10  51.14
    4  0.559  0.218  0.808 202.36 103.82 180.64 103.49  72.65 103.39  68.04
    5  0.496  0.234  0.442 239.03 103.67 227.49 102.96 120.51 102.35  55.00
    6 -0.459 -0.634 -0.519 245.18 190.17  72.57 190.05 167.06 189.83  53.00
    7  0.055 -1.147  0.467  21.42 248.74  30.46 247.90  63.22 245.46  31.29
    8 -0.130  0.059  0.152 205.96 119.98  39.50 120.81  56.87 120.29  55.17
    9  0.602 -0.840  0.430  58.33 211.40  19.50 215.74  17.65 216.48  73.52
   10  0.221  0.910 -0.946  28.29  35.07 224.25  34.07 118.08  35.60  61.21
   11 -1.028 -0.512 -0.199 252.52 181.48 136.60 179.24 140.44 177.46  43.78
   12  0.740 -0.413  0.888  82.30 168.69 134.12 171.45 127.89 171.65  37.33
   13  0.305 -0.814 -0.470  64.27 209.33 202.36 208.97  39.12 210.70  57.25
   14  0.677 -1.125 -0.900  91.65 239.78 154.60 239.57  42.09 240.99  66.21
   15 -0.609 -0.419 -0.078 138.82 171.55 172.46 168.61 130.29 167.84  74.67
   16  0.362  0.635  0.888 218.74  60.18 114.55  58.72  93.11  57.77  43.50
   17 -0.726  0.053  0.070 134.60 122.07 129.97 122.03  98.39 122.12  71.77
   18 -0.204 -0.722 -0.338 138.83 202.77  23.80 200.09  49.19 198.70  73.25
   19 -1.030 -0.708 -0.613 250.32 202.24 121.04 194.90 112.07 194.99  48.89
   20 -0.514 -0.738 -0.710 221.21 202.78 107.30 202.30  38.01 198.90  60.26
   21 -0.748  0.263 -0.971 171.75  99.61  33.62 101.04 130.50 101.37  67.85
   22 -0.528 -0.585  0.419 179.75 189.90 107.25 188.73  61.23 188.09  53.29
   23 -0.532  1.066 -0.828 199.06  16.56 193.59  18.01 143.27  18.54  60.88
   24 -0.886  0.662 -0.009  46.99  55.48 249.92  58.67 125.91  58.54  65.12
   25 -0.121 -0.060  0.581  90.68 134.00 110.80 133.92  14.91 133.74  63.32
   26 -0.534  1.102  0.844  44.41   6.11  34.87   4.43 235.58   9.42  51.75
   27  0.609  0.738 -0.233 149.74  48.50  70.24  49.18 233.75  49.08  70.72
   28  1.040  0.464 -0.138  56.61  80.14 151.27  79.45 103.18  78.25  70.84
   29  0.670  0.353 -0.320 200.86  90.30 237.39  91.54 152.24  89.14  69.00
   30  0.076 -0.382 -0.194 125.24 166.23  17.76 167.18 138.48 166.45  56.15
   31 -0.565 -1.079  0.588  34.37 242.94 188.77 241.27 129.84 238.73  74.37
   32  0.040  0.249 -0.024  36.39 101.26 151.21 101.52  86.91 102.21  58.30
   33 -1.173 -0.699 -0.384 241.57 201.53  81.56 192.79 249.42 194.51  56.00
   34  0.177 -0.217  0.567 143.06 148.68  59.96 150.66  64.86 150.32  66.56
   35 -0.879 -0.164  0.125 137.89 138.57 243.50 138.59  83.54 140.42  68.30
   36  0.748 -0.325  0.497  65.23 159.02 199.79 160.51 192.61 160.66  66.22
   37 -0.540 -0.437 -0.399  81.68 172.46  65.20 171.64  64.71 171.08  73.14
   38  0.057 -0.419 -0.178  74.94 168.45  89.47 167.76 134.70 168.98  61.15
   39 -1.055  0.646 -0.814 188.05  58.54 131.54  61.01 213.36  61.10  64.56
   40  0.721 -0.785 -0.252 131.80 204.99  60.51 206.44 219.69 209.93  59.08
   41  0.363  0.494 -0.614  61.51  77.52   7.16  76.18  32.65  76.45  72.33
   42 -0.760 -1.161 -0.380 163.96 249.19 219.87 241.92 206.22 244.22  83.29
   43 -0.195 -0.561  0.935 200.81 187.91 200.66 185.85 211.97 185.61  71.60
   44 -0.070 -0.643 -0.063 108.19 190.85 214.72 190.68 230.65 192.58  67.40
   45  0.083 -0.506 -0.766 249.95 177.48  43.77 176.12 178.94 176.92  53.83
   46  0.012 -0.100 -0.097 215.47 138.03 223.55 138.10 181.35 138.40  60.08
   47 -0.912 -0.335 -0.410 189.51 160.17 220.64 158.96 183.41 159.69  63.75
   48  0.814 -0.973  0.771 158.63 229.74  96.70 231.49 218.81 233.88  74.00
   49 -0.450  0.345 -0.847 187.69  92.48  74.95  91.82  34.70  91.73  66.97
   50  0.602 -0.019  0.237  30.90 127.38  54.20 126.40  38.89 126.54  50.20
   51 -0.034  0.159  0.447 131.53 108.13 113.93 108.25  99.98 108.36  74.12
   52 -0.578  0.787 -0.873 182.15  46.83 197.63  46.57 160.53  48.59  65.89
   53 -0.359 -0.177  0.258 109.86 140.64  92.01 140.51 249.86 142.82  60.20
   54 -0.542 -0.350  0.892  97.10 165.69 184.41 164.79  79.52 164.16  68.18
   55  1.197 -0.524  0.170 247.17 177.91  22.33 180.99  43.24 184.10  65.33
   56  1.104 -0.099  0.136 248.38 137.85 229.08 138.16 207.08 138.48  62.76
   57  0.046 -0.025 -0.290 126.45 129.17  75.03 129.21  39.17 129.52  67.04
   58  0.877 -0.291  0.364 251.01 154.69  44.20 158.34  72.57 157.75  54.67
   59  0.702 -0.891  0.091 162.10 219.21 165.59 219.68  59.72 219.03  71.57
   60 -0.663 -0.217 -0.202  77.50 148.18 144.04 148.75  28.51 147.38  69.71
   61  0.089  0.020 -0.848 151.76 123.52 167.36 123.50  12.85 125.41  61.67
   62  1.039  0.350  0.279 130.80  91.64 184.10  89.63 134.52  86.74  58.35
   63 -0.394  0.869 -0.090 220.04  36.00 150.40  37.11 171.17  35.78  61.33
   64 -1.036 -0.833  0.282  10.92 217.02  27.24 212.19 191.64 210.78  81.75
   65  0.746  0.518  0.836 102.11  70.91  97.81  70.76 222.17  71.08  64.67
   66 -0.787 -0.789 -0.261 235.60 210.28  31.27 207.39  24.18 205.55  51.57
   67 -0.118  0.417  0.193  45.47  82.95 215.79  81.41  29.29  83.76  54.47
   68 -0.386 -0.392 -0.819 197.85 168.12  42.43 167.34  24.17 166.32  57.60
   69  0.614 -0.580  0.141  32.70 187.00 184.75 188.24 158.96 189.09  58.64
   70 -0.807  0.591  0.477  30.26  62.81  22.01  63.19  14.12  65.68  50.31
   71  0.812 -0.355 -0.424 226.86 161.97  34.99 162.52  31.80 165.16  70.59
   72 -1.004 -0.557 -0.404 185.13 185.18 217.23 184.10 113.78 181.88  57.50
   73 -0.645 -0.745  0.279  67.30 204.29 138.17 204.78 149.06 204.44  61.37
   74 -0.250  0.310  0.407  56.82  93.66  83.01  93.59  63.83  94.97  67.61
   75 -0.492  0.297  0.542 133.52  95.43  79.51  95.56 185.26  95.27  72.74
   76  0.948 -0.093  0.597 189.69 137.31  92.63 137.12 112.50 137.16  61.00
   77 -0.887  0.255  0.691  88.94  97.08  53.23  97.82 183.53  98.96  63.08
   78 -0.268  0.087  0.261 107.26 113.76  59.97 113.94   9.84 115.22  63.93
   79 -1.188  0.105 -0.396 215.49 112.02  65.15 111.88  32.21 114.24  74.60
   80 -0.138  0.192  0.092  93.46 107.20 103.17 107.47 234.77 107.65  56.29
   81 -0.747  0.597  0.880 171.20  61.26 250.28  63.12 207.27  64.55  62.50
   82 -0.810 -0.459  0.113 205.29 175.27 132.08 173.69 150.14 173.30  64.92
   83  0.731 -0.698  0.894  35.79 198.24 124.46 202.53 110.49 202.25  58.25
   84 -0.102  0.880 -0.577 124.72  36.78  32.09  37.83  54.38  35.75  59.75
   85  1.015 -0.740 -0.227  22.89 202.45  76.37 202.82 142.23 205.39  65.11
   86  1.053  0.083 -0.701 126.12 119.08   6.76 117.49  27.24 117.84  68.84
   87 -0.174 -0.057 -0.913  73.62 133.12 132.99 130.86  40.19 133.05  64.93
   88  0.871 -0.547 -0.423 130.94 182.05 121.50 181.80 123.15 184.23  68.25
   89  0.449  0.906  0.046 115.15  27.48  88.21  28.48  72.04  29.45  65.56
   90 -0.653  0.708 -0.919 156.45  53.97 122.33  54.23 253.21  56.01  52.17
   91  0.117  0.770 -0.034 172.63  47.35 146.95  46.17 206.76  44.54  65.91
   92 -0.382  0.951  0.246 222.53  20.15  74.69  21.00 210.15  24.47  62.92
   93 -0.690 -0.682  0.416 131.85 195.19   8.17 199.76  28.03 198.04  70.10
   94  0.042 -1.078 -0.941 193.90 233.32 215.45 232.47 112.32 234.82  46.75
   95 -0.058  0.724 -0.420 111.95  48.95 190.99  52.36  97.89  49.63  71.94
   96  0.927  0.909 -0.063 182.57  34.95  15.38  33.99  14.60  25.73  75.12
   97 -0.298 -0.976  0.460 187.28 230.32 244.59 230.43 152.09 228.92  67.88
   98  0.078 -1.012 -0.655 147.93 229.91 157.66 230.37  71.08 230.54  61.08
   99  0.530 -0.345  0.515 195.87 163.97 211.24 164.53  83.61 164.92  62.81
  100  1.203  0.689 -0.701 106.44  58.10  62.77  57.23  55.04  54.94  66.18
  101  0.453  0.321 -0.754 106.71  95.02 101.90  95.54 108.15  93.66  64.88
  102 -0.756  0.331 -0.382 243.35  92.50 197.01  92.02 225.83  92.85  58.87
  103  0.688  0.810 -0.753 162.89  46.22 136.50  46.11 105.63  39.67  72.00
  104 -1.083  0.220  0.368 169.92 103.73 141.66 103.60 109.69 103.54  62.08
  105  0.612  1.033  0.684  61.41  18.74 218.70  14.72  34.45  12.13  64.66
  106  0.706 -1.012 -0.413 243.85 229.86 135.90 230.80  11.38 232.16  56.33
  107 -0.863 -0.852  0.546   5.67 219.37 171.30 217.87  51.05 214.27  58.08
  108 -0.866  0.484 -0.837  93.04  77.43   7.69  78.82  79.52  79.15  62.58
  109  0.176  0.770  0.653 205.12  45.72 176.57  44.54 134.40  43.79  61.86
  110  0.031  0.630  0.710  13.31  60.95  36.32  59.47  37.87  60.85  60.38
  111  0.127  0.233  0.459 118.81 102.94  90.68 103.13 144.52 103.19  73.07
  112  0.226  0.480 -0.554 149.58  78.28  62.75  78.59 172.04  77.36  68.20
  113 -0.950  0.893 -0.670  79.37  34.06  94.99  35.57 128.67  38.56  56.83
  114 -0.640  0.134  0.669 118.41 111.74 222.41 111.61  30.18 112.86  58.75
  115  1.097 -0.487  0.249  69.98 177.16 181.36 176.91  33.20 179.81  68.56
  116 -0.358  0.239  0.286 165.80 101.62 132.42 102.42 244.49 102.71  66.20
  117  0.385  0.047 -0.606  55.00 123.30  52.66 122.78  48.69 122.84  58.06
  118 -0.925 -0.754  0.250 194.75 207.82  46.25 206.29  47.42 205.14  65.18
  119 -0.304  0.870 -0.442 101.21  37.17  87.51  38.28  84.14  38.98  74.00
  120  0.402 -0.359  0.372 107.29 164.92  85.06 165.02 206.43 165.40  64.40
  121  0.254 -1.072 -0.012 109.08 237.06 108.73 238.51  80.97 237.85  60.33
  122  0.417 -0.381  0.505 140.03 167.71 136.14 167.65 112.62 167.63  68.57
  123 -0.808 -0.368  0.511  22.49 167.20 170.60 165.96 144.85 165.28  47.25
  124 -0.222 -0.553 -0.715  37.86 182.57 253.41 183.10   2.28 182.32  63.40
  125 -0.248  0.205 -0.656 222.79 105.26 188.21 104.86 136.20 104.57  64.28
  126  0.795  0.696 -0.592  58.31  57.75 109.47  57.11 126.71  54.01  65.34
  127  0.500  0.500  0.383  20.44  74.20 207.90  72.64  49.44  74.05  62.00
  128  0.232  1.167 -0.750 213.96   6.70  59.63   6.57  20.64   7.38  57.55
  129 -0.351 -0.088 -0.722 101.03 137.01 190.53 136.23 188.21 136.39  71.00
  130  0.540 -0.574  0.172  27.70 185.86  25.59 185.23 198.96 187.24  57.22
  131  0.592 -1.216 -0.876 221.09 249.15 199.81 248.09 224.95 251.10  69.65
  132 -0.186  0.706 -0.793  17.04  54.39 101.85  54.01 210.92  55.78  58.54
  133  0.220  0.256  0.142  84.55 100.48 184.41  99.40  37.74  98.21  68.14
  134  0.802 -0.918  0.990  81.43 220.49   6.18 227.08 246.64 225.74  69.33
  135 -0.065 -0.518 -0.097 119.07 179.52 243.34 179.29 227.22 180.62  71.75
  136  0.097 -0.750 -0.461 109.23 203.00 206.95 203.35  53.57 205.01  72.74
  137 -0.861  1.073 -0.185  12.22  11.51 151.71  10.53 240.12  18.27  61.70
  138  0.864 -0.624 -0.966 235.92 188.14 192.38 188.84 249.68 191.81  51.81
  139 -0.087  0.509 -0.175 241.12  73.92 180.94  75.47 147.12  74.83  62.23
  140 -0.333 -0.282  0.345  90.61 153.07  91.10 151.65 119.67 152.69  67.67
  141  0.089  0.787 -0.977  55.58  47.40 140.43  48.38 106.55  46.03  68.91
  142  0.550  0.283 -0.461 116.25  96.40  76.01  96.74  50.48  97.24  66.00
  143  0.145  0.586  0.281 105.38  63.11  47.92  64.10 191.39  65.56  61.38
  144  0.610 -0.078 -0.437 152.16 134.58  97.31 134.39 134.79 133.99  69.24
  145 -0.745  0.023  0.731 146.41 123.44 104.78 123.40 173.69 123.44  52.00
  146 -1.004 -0.918 -0.833 206.63 219.60  36.68 218.62  74.83 217.26  75.18
  147 -0.336  0.491 -0.451 200.36  76.25 119.27  75.71  23.48  77.32  71.15
  148  0.454  0.787  0.602  96.29  38.30 117.93  38.86  58.10  39.33  66.08
  149  1.074  0.196 -0.525 233.93 107.92  35.36 107.86   5.81 105.80  43.67
  150 -0.258 -0.242 -0.707  13.69 151.48 147.09 151.33  59.53 151.40  59.46
  151 -0.629  0.552  0.666 158.45  67.09 109.84  68.83  80.51  69.26  54.67
  152  0.100  1.068 -0.485  17.01  17.00  39.45  17.61 145.99  16.54  69.88
  153  0.912  0.161 -0.144 154.84 111.42 237.56 108.29  54.69 108.19  71.17
  154  0.368  0.990  0.690 131.18  19.09 138.41  19.39  46.91  19.64  62.67
  155 -0.349 -0.220  0.635  62.11 151.17  12.43 150.67  38.38 151.00  53.92
  156 -0.419 -0.357 -0.135 208.28 164.28  88.23 164.63  72.12 163.30  68.05
  157 -0.135  0.685 -0.582  94.09  56.26 208.96  57.60 129.31  57.00  67.69
  158  0.100 -0.981 -0.046  61.97 229.76 120.87 227.19  86.22 226.03  63.79
  159  0.888  1.115 -0.517  54.21  14.79  70.88   9.92 164.99   9.00  63.69
  160 -0.288  0.544  0.440 137.78  68.60  88.38  68.96  33.32  70.51  66.83
  161  0.183 -1.216 -0.315  56.59 249.99  13.38 251.34 160.33 253.23  64.90
  162  0.710 -0.565 -0.477 201.13 183.22 105.81 184.23 221.35 184.85  60.76
  163 -0.331  0.922 -0.837 200.98  23.92 174.99  34.02 204.04  31.55  62.42
  164  0.704 -0.459  0.052 153.89 173.37  73.03 172.91  39.66 175.19  72.24
  165 -0.712  0.290  0.373 152.11  95.93 173.91  95.81  77.56  95.78  63.35
  166 -0.774  0.525  0.863 144.34  68.66  61.19  69.33  72.79  71.33  65.10
  167 -0.195 -1.095 -0.835 163.01 239.08 132.47 236.28  23.95 237.80  58.50
  168 -0.827 -0.185  0.355  63.88 145.81  36.53 145.41  33.21 145.05  66.00
  169 -0.787  0.079 -0.273  15.44 117.13 100.10 119.13  81.69 119.12  61.04
  170  0.153 -0.199 -0.294 117.63 147.04  90.65 146.84  73.71 146.68  69.57
  171 -0.644  0.488 -0.538   9.49  76.71  93.93  78.09 157.29  78.87  59.80
  172 -0.787 -0.046  0.151 133.62 130.86 191.38 130.24 162.31 130.30  67.65
  173 -0.456  0.475 -0.804  23.77  79.26  41.17  79.52  71.74  80.21  57.27
  174  0.037 -0.432  0.253 242.08 171.58 207.86 172.68  83.23 172.52  61.74
  175 -0.349 -0.118  0.030 243.15 138.28 129.52 138.56 120.79 138.58  55.08
  176 -0.316 -0.085 -0.287  22.83 135.45 115.47 134.62  82.25 134.53  53.86
  177  0.363 -0.889 -0.286  36.63 218.42  93.80 218.06 154.91 218.26  48.50
  178 -0.127 -0.928  0.464  17.49 223.61  27.28 220.57 228.53 225.42  49.44
  179  1.119 -0.983  0.033 147.01 226.59 138.62 229.92 148.13 231.61  69.54
  180 -0.703  0.017  0.368  99.74 125.75  48.67 125.78  20.49 125.86  60.00
  181  0.501 -0.459  0.562  76.17 173.77 201.53 175.97 232.66 175.77  71.75
  182  0.522  0.609 -0.748  84.05  64.47  42.85  65.68  54.68  64.35  63.31
  183 -0.209 -1.032  0.475 252.55 236.99 157.33 234.37 161.76 234.33  59.81
  184 -0.245  0.688  0.976 185.76  53.25 137.13  49.58 180.60  50.88  69.32
  185  0.685 -1.164  0.490  36.11 246.84 187.72 250.43  23.73 252.90  56.80
  186 -0.847  0.072  0.207  57.82 119.96 234.75 119.82 239.05 119.53  66.17
  187  0.426  0.389  0.531 137.25  84.47  32.73  83.45  64.55  85.14  76.67
  188 -1.179  0.508 -0.282 174.81  73.25 210.69  75.61 114.80  75.67  62.24
  189 -0.982 -0.817 -0.250 149.90 211.11  47.32 209.47  56.31 208.06  70.05
  190  1.151 -1.148 -0.050 158.21 240.62  68.22 242.95 102.81 249.52  59.58
  191  0.531  0.367  0.327 199.66  87.62 115.91  84.60 149.27  85.28  65.76
  192 -0.496 -0.010  0.813  89.76 126.33 137.24 126.23 155.87 126.21  63.69
  193 -0.917  0.429  0.054 226.76  81.43  75.66  81.23  18.44  82.47  64.18
  194  0.699 -1.170 -0.376 239.92 244.11 247.64 247.28   5.86 247.85  71.25
  195  0.605 -1.129 -0.950 209.91 239.82  14.37 240.52 216.41 241.63  67.00
  196 -1.140 -0.223 -0.576 178.72 151.12   8.02 150.62 141.03 148.81  66.04
  197  0.829  0.444  0.417 238.80  80.74  82.27  80.38  34.20  79.93  56.50
  198 -0.797 -0.757 -0.218  91.81 207.72 232.80 204.43  97.37 202.39  67.61
  199 -0.385 -0.349  0.050 111.34 164.01 207.49 162.66 166.19 163.29  71.00
  200 -0.791 -1.107 -0.916 166.27 240.21 106.20 237.46 154.89 237.27  64.75
  201  0.698 -0.313 -0.335 146.48 158.38 174.67 158.45  44.75 157.77  59.44
  202  0.272 -0.993  0.730 123.31 231.15 200.42 231.63 196.13 234.11  67.46
  203 -1.187  0.488 -0.570 125.97  75.45 165.13  78.13 217.59  78.89  67.33
  204  0.941  0.240  0.382 143.26 102.39  53.40 102.00   9.59 101.79  70.15
  205 -1.091 -1.166  0.346 143.41 253.07 134.07 249.54 239.49 244.45  69.31
  206 -0.495  0.340  0.922  67.94  89.02  39.46  89.91 202.12  90.53  62.75
  207  0.885 -0.095 -0.522 177.93 136.12  95.80 137.09 238.86 137.71  52.25
  208 -0.913  0.202 -0.503  53.51 104.43  14.14 105.06 118.75 107.47  57.84
  209  0.463 -0.301 -0.929 123.44 158.19  93.24 157.99 160.33 253.23  68.75
  210 -0.174  0.561  0.505 108.17  68.58 143.51  66.74 118.30  66.54  62.38
  211 -0.037 -0.714  0.041  17.39 202.26  55.45 200.26 160.33 253.23  60.96
  212 -1.230  1.044 -0.243 248.20  15.63 200.82 251.66 100.14  21.55  47.53
  213 -0.526  0.470 -0.975 139.72  79.44 235.65  80.33 160.33 253.23  66.56
  214  0.788  0.555 -0.924 131.23  70.44 200.82 251.66  50.54  69.78  66.90
  215  0.285 -0.989 -0.197  34.37 227.16 214.91 227.46 160.33 253.23  50.60
  216 -0.850  0.367  0.160 185.74  86.23 173.41  86.88 160.33 253.23  55.83
  217  0.016  0.058  0.830  70.02 120.60  47.41 120.14  32.70 120.72  66.38
  218  0.417 -0.868 -0.144 211.33 215.50  32.38 215.89 160.33 253.23  61.06
  219 -0.220  0.045  0.667  76.27 122.65 114.68 122.09  84.82 122.17  65.21
  220 -0.940 -0.859 -0.464  54.92 218.13  11.59 213.97 161.35 212.37  70.29
  221  0.098 -1.228 -0.472  19.22 251.85 200.82 251.66 160.33 253.23  59.92
  222 -0.465  0.313  0.231  68.21  92.92  50.82  94.34 160.33 253.23  64.39
  223  0.890 -1.105 -0.242   3.63 239.53 196.17 241.13 160.33 253.23  50.00
  224 -1.067 -0.376 -0.080  85.59 168.09  69.93 165.90 160.33 253.23  66.39
  225 -0.588  0.150  0.831 214.48 108.77 124.68 111.52 205.68 111.18  63.25
  226 -0.402 -0.338  0.199  41.10 163.50 200.82 251.66  51.37 161.90  58.57
  227  0.803  0.513 -0.304 143.41 253.07  11.14  73.00  12.47  73.23  69.31
  228 -0.974 -1.191 -0.866 159.82 249.63  50.48 247.13 160.33 253.23  67.78
  229 -0.935  0.434 -0.803  57.78  82.75 200.82 251.66  97.83  84.73  75.23
  230  0.433  0.406  0.165  24.98  83.12 200.82 251.66 210.82  85.01  69.00
  231  0.078  0.780  0.392  39.57  39.17  97.25  39.43 160.33 253.23  53.25
  232 -1.249 -0.534  0.102  93.59 184.88 200.82 251.66 208.85 180.81  63.23
  233 -1.128  0.942 -0.969 143.41 253.07 167.54  22.53 155.28  32.77  69.31
