    1 -0.763  0.328  0.625  74.43  89.13 237.30  90.42   4.22  93.14  66.44
    2 -0.336 -0.029 -0.670  26.53 130.50 239.48 129.37  73.14 128.83  45.11
    3  0.190 -0.751  0.475  59.26 206.12  40.67 206.40 232.95 207.45  64.97
    4  0.089 -0.253  0.045  92.38 147.48  76.65 154.40  37.97 153.95  69.56
    5 -0.157  0.120  0.283   2.77 113.38   5.03 113.93  96.87 112.71  60.25
    6 -0.647 -0.978 -0.364 137.94 230.06 118.24 226.66 217.55 226.90  73.54
    7 -0.101 -0.505 -0.248  39.13 179.25  32.52 177.83  49.00 176.90  59.79
    8 -0.981 -0.723  0.259  46.74 205.55  17.36 203.36 196.02 198.28  61.33
    9 -0.095 -0.739  0.469  15.80 205.97 107.64 204.41  80.58 203.88  59.17
   10  0.035 -1.124 -0.004  55.53 243.53  76.32 243.45  81.57 243.93  67.00
   11 -0.420 -0.657 -0.699  29.07 194.18  30.95 192.20 219.19 190.72  64.03
   12 -0.956  0.284  0.356 158.35  95.29 143.27  95.28 124.21  95.04  73.17
   13 -0.936 -0.485 -0.403  31.38 177.91  27.63 173.74  37.80 172.81  58.33
   14  0.018  0.480  0.474 198.66  76.72  45.99  76.66  73.92  77.32  69.27
   15 -0.652  0.411 -0.271 155.57  83.60 218.06  83.46 126.95  83.27  76.44
   16 -0.753 -0.974 -0.900 246.59 228.16 157.37 223.54 215.40 223.33  51.13
   17 -0.723  0.787  0.045 200.67  43.39 231.38  41.84 141.49  41.63  58.59
   18  0.479 -0.506 -0.190  98.87 178.87 112.22 178.34 129.12 178.45  63.85
   19 -0.166  0.003 -0.863 143.93 124.90 198.18 122.93  90.79 124.90  70.12
   20 -0.553 -0.259 -0.029 130.52 154.61  38.90 154.44  54.32 154.00  71.10
   21  0.171  0.584  0.194  50.07  65.80 103.86  62.68  21.51  64.50  53.36
   22 -0.186 -0.554  0.369 252.74 185.14 144.75 186.52  43.96 184.57  52.69
   23  0.161 -0.893 -0.667 122.90 216.51   9.36 215.76 220.37 215.37  58.75
   24 -0.542  1.023 -0.795 156.62  22.25 169.44  22.68 201.28  22.19  59.30
   25  0.927 -0.271 -0.245  88.74 155.52 147.99 155.62 128.23 155.82  70.81
   26 -0.305 -1.118  0.481 251.11 246.39 242.04 246.18 189.51 244.96  58.89
   27 -0.361 -0.541 -0.493 169.17 181.07 177.61 180.44 166.98 181.21  59.75
   28  0.815 -0.316  0.552  26.58 159.55 219.66 159.34 159.95 159.82  40.80
   29  0.715 -1.109 -0.210  22.20 237.82  18.05 240.49  29.89 242.89  57.17
   30  0.249 -0.788  0.406 193.95 209.15  31.78 209.14   2.43 210.12  55.22
   31 -0.466  0.522  0.375  87.78  72.06  59.90  73.01  83.36  73.72  61.00
   32 -0.613 -0.110 -0.159 151.82 137.76 213.12 137.32 136.81 137.79  80.94
   33 -0.514  0.216  0.358  91.66 104.49 149.19 105.34 209.18 105.28  61.86
   34  0.144  0.317  0.125  42.66  93.79 127.53  93.86 235.57  94.54  59.10
   35  1.111 -1.151 -0.364 164.62 243.47 131.92 244.99  58.35 248.15  58.52
   36  0.795  0.665 -0.353 252.62  60.56  65.85  57.03  94.12  57.63  49.11
   37 -0.259 -0.188 -0.658   6.85 147.09 169.73 145.17 121.95 145.95  45.25
   38  0.647 -0.366 -0.106  78.30 163.29 229.10 163.15  86.33 165.14  81.88
   39  0.775 -0.696  0.215 165.45 196.96 129.45 197.13  18.98 202.26  51.17
   40 -0.414  1.104  0.873 224.96   3.99  16.65   4.90 227.32  10.81  76.75
   41 -0.063  0.969 -0.980 109.36  28.80  73.69  25.23 118.84  29.58  66.69
   42  0.424  0.492  0.508 137.93  75.99  17.30  73.41 205.05  74.62  62.00
   43 -0.701  0.175 -0.181 145.04 108.88 145.32 108.92 226.54 109.15  69.82
   44  0.114 -0.412 -0.682 190.98 166.96 219.19 167.51  60.46 168.40  88.75
   45  0.395  1.013  0.103  61.72  23.05 212.39  22.14  94.19  21.14  64.76
   46  0.845 -0.620  0.573  37.56 188.85  14.19 191.57  58.03 194.48  53.56
   47 -1.135  0.162 -0.369  69.31 109.87  55.97 110.26  60.75 110.50  60.43
   48  1.045  1.113 -0.527  32.75  16.11 202.08  11.97 157.51  10.09  57.62
   49 -1.027  0.659 -0.782 123.97  55.96 209.71  60.09   5.85  58.49  68.83
   50 -0.007  0.328  0.272 199.49  92.99 214.08  92.42 240.90  92.51  70.62
   51  0.143  0.430  0.054 144.29  81.10 173.99  83.29 235.02  82.10  74.71
   52 -0.256 -1.027  0.780 223.66 237.67 207.81 234.90 160.74 236.81  61.81
   53 -0.472  0.671  0.691  51.30  55.34 138.68  55.93 130.35  56.18  57.16
   54 -0.148 -0.397  0.947 118.50 169.29  83.26 168.94 226.70 168.69  60.94
   55 -0.273 -0.059  0.125 127.31 132.79 101.79 132.75  83.51 132.74  63.00
   56 -0.533 -0.933  0.532   9.38 227.83  52.70 225.99 123.42 224.03  58.53
   57 -0.581  0.224  0.118  98.34 102.46 105.35 102.77 177.67 104.79  56.86
   58  0.967 -0.335  0.104 234.95 161.03  51.02 162.34 116.03 162.84  60.81
   59 -0.751 -0.185  0.006 251.80 147.19 134.48 145.88 183.47 145.47  54.67
   60  0.899  0.534  0.352 112.22  72.60  51.38  70.27 155.82  70.31  70.67
   61  0.737 -0.667 -0.328  21.65 193.69  53.06 195.23  93.09 197.00  65.77
   62 -0.158  0.965 -0.449 179.94  23.56 141.05  23.27  98.08  25.80  70.90
   63 -0.279  0.489  0.589  36.66  75.26 173.23  76.09  30.43  74.64  61.04
   64  0.456  0.448 -0.905 150.16  81.04  38.47  81.14  66.67  82.02  63.50
   65 -0.558  0.773 -0.832 193.55  43.54 151.34  49.90  69.71  50.53  81.33
   66  0.349  0.537 -0.059  74.35  72.39 182.32  71.10  46.32  71.34  70.78
   67  0.882 -0.071  0.188  73.00 134.93 149.19 134.79 139.82 134.85  62.05
   68  1.114  0.094 -0.808 232.09 118.39   5.43 118.11 233.72 117.11  55.33
   69 -0.735 -0.259  0.524 162.50 155.52  70.88 155.12  67.74 154.78  59.00
   70  0.688 -0.948  0.500 183.36 222.68  71.79 227.19  29.04 227.25  65.37
   71 -0.164  1.028  0.178 122.19  17.84 220.98  18.97 205.65  19.12  73.26
   72 -0.127  1.064 -0.181 238.61  16.37 222.50  14.56 236.03  17.30  44.67
   73 -0.159 -0.496 -0.726  42.50 175.08   2.29 176.37   5.93 174.95  61.67
   74 -0.915 -0.731 -0.248 199.32 200.97 163.02 201.87  62.13 197.33  46.25
   75  0.275 -0.901  0.457 166.81 221.08 161.51 222.18 148.29 223.25  72.67
   76  0.501 -1.034  0.953 188.13 234.03 181.32 235.29   9.59 237.89  67.91
   77 -0.377 -0.150 -0.056 242.50 138.15 146.62 137.69 238.47 138.82  61.06
   78 -0.977 -0.442 -0.205 124.97 170.04 139.79 169.92 151.96 170.29  73.31
   79 -0.677  0.607  0.851 197.30  61.12  24.79  61.78  55.91  62.94  63.32
   80 -0.936  0.872 -0.626 198.30  36.89 211.44  37.76 116.74  38.80  61.25
   81  0.661  0.051  0.452 234.50 121.96 156.67 121.77 150.82 121.71  62.90
   82  0.865  1.020  0.807  25.86  19.01 234.65  14.97  14.59  13.49  65.50
   83  0.771 -0.846 -0.920 178.93 210.83 154.52 211.45 122.96 211.87  73.31
   84  0.932 -0.334 -0.833  44.15 160.69  23.54 159.78 170.35 162.44  66.55
   85 -1.116 -0.620 -0.416 160.79 190.29 164.42 189.09 156.84 188.78  70.67
   86  0.510 -1.028  0.050 198.15 233.17  32.62 234.49  64.77 232.91  68.71
   87  0.194  0.213  0.875 107.11 105.22 121.59 104.98  59.53 105.16  66.54
   88  0.917  0.844 -0.121  44.49  39.03  94.73  38.76 174.02  35.51  51.62
   89  1.052  0.181 -0.352 235.80 109.14 214.56 108.64 169.10 108.30  68.25
   90 -0.090  0.448  0.309  47.16  80.98 177.05  80.94 193.04  79.90  57.50
   91  0.202 -0.063 -0.144 155.26 133.37  99.70 134.44  86.60 134.37  59.00
   92  0.353 -0.594 -0.382 222.79 187.53 176.37 187.62 167.08 187.91  48.57
   93 -0.426 -0.385  0.441  82.15 166.18 195.18 166.14 237.24 165.68  75.77
   94 -0.412  0.375  0.912  70.56  85.13 172.62  86.87 115.22  86.79  71.00
   95 -0.506 -1.211 -0.839 248.65 250.16  17.26 249.05  43.42 246.66  57.09
   96 -0.692  0.210  0.233 157.00 105.34 236.53 105.45 215.06 106.28  67.80
   97  0.516  0.546  0.197 245.38  69.24  14.44  69.46 124.06  66.81  61.64
   98 -1.153  1.026 -0.204 212.10  17.19 166.39  21.96 164.09  22.03  63.53
   99  0.750  0.060  0.745 120.01 121.64 137.97 121.68 157.32 118.86  70.75
  100 -0.141  0.711 -0.716 173.10  55.10 189.20  53.85  42.00  52.31  78.55
  101 -0.227  0.610  0.871 160.65  61.41 173.60  61.05 175.72  59.88  66.00
  102  0.617  0.487 -0.630  77.11  77.06 130.21  77.51  99.17  77.55  72.94
  103 -0.485  0.290  0.623 150.47  93.86  58.36  94.65  89.48  94.93  69.22
  104  0.459  0.161  0.644 219.41 110.13 236.08 109.71  11.89 110.12  64.89
  105 -0.738  0.556  0.100 163.53  67.35 107.68  67.83 185.98  70.75  76.42
  106 -0.611  0.730  0.489  75.66  44.69  72.16  50.51  98.09  50.97  66.64
  107  0.486  0.472 -0.885  30.85  79.84  87.45  77.92 195.88  77.79  69.00
  108  0.011 -0.587  0.493 157.55 188.79 234.09 188.91 162.56 189.92  69.43
  109 -0.035  0.232  0.710 126.13 102.38  76.43 102.57 117.67 102.77  67.43
  110  0.158 -0.995 -0.442  38.52 228.68 201.15 228.64  72.51 227.28  60.13
  111  0.290 -0.510  0.065 176.02 179.95 117.87 180.23 116.33 180.28  79.32
  112  0.812  0.184  0.579 205.23 108.38 226.35 106.88 242.36 107.33  62.00
  113  1.168  0.885  0.009 184.12  38.09 148.67  32.93 140.37  31.49  77.00
  114  0.200  0.933 -0.417  98.31  30.32 132.23  32.15 146.99  30.60  58.18
  115  0.166  0.188 -0.272 161.42 107.70 176.05 107.71 179.46 107.33  61.89
  116 -0.257  0.073 -0.203 206.95 119.02 201.42 119.06  16.33 118.82  58.29
  117  0.955  0.208 -0.289  85.66 105.85  55.79 106.23  99.32 105.35  65.18
  118 -0.816  0.512 -0.784 132.33  73.64  98.65  76.26 135.31  75.60  67.75
  119  0.276  0.063 -0.257 109.44 120.62 101.75 120.67 100.71 120.71  74.87
  120  0.432  0.814  0.364 216.90  42.74 223.02  40.95 238.68  39.00  66.94
  121 -0.120  0.032  0.369  33.47 122.47 210.10 121.78 162.44 122.02  52.96
  122 -0.410  0.381 -0.771 183.38  89.05 245.75  88.30  42.63  88.57  83.09
  123  0.224  0.761 -0.228  58.83  48.82 173.72  42.52  49.92  47.72  60.42
  124 -0.490 -0.363 -0.364  85.35 163.82  93.47 162.84 201.74 164.07  34.67
  125 -0.960 -0.631 -0.622 238.43 192.55 129.38 190.39  97.77 190.27  61.43
  126  1.177  0.584  0.034 107.72  67.68  55.53  63.04  61.03  63.43  65.81
  127  0.249  0.374  0.515 138.31  87.69  83.96  87.91  68.52  86.57  56.76
  128 -0.951 -1.056 -0.844   6.98 234.83 229.41 233.01 146.90 230.78  55.23
  129  1.023  0.857 -0.773 231.02  39.77  33.32  39.86 205.23  38.67  61.15
  130 -0.653  0.528  0.194  31.65  71.75 222.91  72.07 150.09  71.98  57.15
  131  0.839  0.350 -0.392  39.32  90.92  86.94  89.87 108.67  89.98  37.25
  132  0.695  1.094  0.588  46.89   8.69  50.79   6.13 243.43   7.78  50.12
  133 -0.698  0.335 -0.924  93.86  92.77  46.99  93.41  23.12  94.17  61.28
  134 -0.226  0.251 -0.577  46.53 100.99  41.03 101.99  57.05 102.42  59.77
  135 -1.094 -0.156 -0.546  67.96 144.04  65.05 139.65  67.63 139.49  59.17
  136 -0.793 -0.062  0.148 120.43 134.47 183.03 133.34 237.08 133.54  63.60
  137 -0.252 -0.043  0.252  84.95 131.25  94.28 131.21 132.35 131.28  69.83
  138  0.178 -0.092 -0.123 226.06 135.50 220.50 135.70 190.50 135.87  63.56
  139 -0.195 -0.720  0.455  66.97 200.15  34.13 203.50 179.41 202.63  80.86
  140 -0.395  0.092  0.769 137.17 115.61 230.10 118.05 201.46 117.76  67.04
  141  1.032  1.056 -0.200 132.57  20.17 115.14  18.53  43.93  11.43  67.06
  142  0.445  0.660 -0.512  34.65  60.64 125.84  57.71 202.32  58.40  59.27
  143  0.319  0.906 -0.782 109.14  35.69 133.81  36.31 119.81  35.21  63.64
  144  0.424 -0.543 -0.097 121.93 180.54 158.51 181.41 243.61 183.99  72.21
  145 -0.096 -0.940  0.214 101.44 226.10 123.03 225.16  47.24 225.64  67.94
  146  0.039  0.945 -0.553   2.40  29.35 112.18  29.72 229.49  30.48  46.00
  147 -0.706 -0.682 -0.230  69.82 197.93 203.88 196.64 172.38 195.47  55.90
  148 -1.208 -0.461  0.097 164.29 171.07 112.31 171.12  65.10 170.70  64.59
  149 -0.333  0.889 -0.806 139.39  36.97 160.38  36.94 168.49  36.22  62.00
  150  0.796  1.004  0.436 191.06  23.19 187.71  21.59 111.37  18.54  70.60
  151 -0.620 -0.542  0.421  89.19 184.16  91.49 183.33 102.59 183.15  67.63
  152  1.086 -0.011 -0.359  93.32 127.96 111.62 127.96 133.71 127.93  64.29
  153  0.055  0.919 -0.970 123.18  31.71 164.20  35.79 207.19  34.83  66.85
  154 -0.347 -0.343 -0.821 190.57 161.38 222.00 161.93  45.04 161.70  54.71
  155 -0.191  0.518  0.237 169.60  72.95  72.07  73.26  50.10  73.92  71.47
  156  0.213 -0.879 -0.977 173.53 212.17 205.58 213.02 192.57 212.07  62.75
  157  0.722 -0.798 -0.275  84.17 207.53 148.37 207.74 225.90 210.91  62.58
  158 -1.011 -0.305 -0.069 204.42 158.69 241.26 159.28 229.38 156.52  55.86
  159 -1.117  0.953 -0.963 228.61  24.45 122.00  31.36 149.85  32.03  74.11
  160 -0.874 -0.256 -0.400 150.28 154.51  50.28 147.51 117.80 147.24  72.83
  161  0.784  0.853  0.522 243.64  38.82 204.19  36.69 157.15  35.40  60.72
  162 -0.484  0.240  0.776  65.24  97.59  11.91 101.69   8.24 102.45  64.65
  163  0.901 -0.389 -0.754 194.00 165.64  78.11 165.43 179.39 166.87  64.00
  164 -0.622  0.709 -0.876  27.14  53.96 114.01  56.42 102.39  55.93  57.25
  165  0.862 -0.162 -0.401 103.94 143.95  16.88 144.02  84.33 143.66  64.63
  166  1.028 -0.589 -0.213 137.97 186.89 220.83 187.58  34.12 190.17  75.76
  167  0.804  0.407 -0.839 216.91  87.55  61.23  86.03 191.02  82.38  60.71
  168  0.890 -0.545  0.825 174.73 184.14  62.80 185.55  54.49 186.57  82.32
  169 -1.078  0.533 -0.239  76.19  69.16  79.11  73.23  35.21  74.40  71.72
  170  0.315 -0.035  0.257 233.32 130.99 192.47 131.03 111.49 131.20  60.61
  171  0.594  1.065 -0.965 249.79  21.76 234.58  19.37   4.91  17.98  62.02
  172 -0.403  0.499 -0.719  31.07  76.16  80.11  76.81  37.44  77.52  61.43
  173 -0.755 -1.043  0.976 147.66 238.59 182.34 239.78 233.51 237.17  59.39
  174 -0.621  0.133  0.654 125.85 112.53 108.92 112.76  30.70 111.97  52.33
  175 -1.110  0.253  0.250 120.06  97.04  76.68  97.33  17.27  99.06  63.44
  176 -0.947 -1.204 -0.670 178.79 253.10 247.13 250.01 199.95 246.64  61.45
  177 -1.028 -0.980 -0.097 234.13 230.47  62.01 228.45 228.10 226.70  62.31
  178  0.011 -0.648  0.611  76.27 195.83  38.62 196.12  31.31 194.66  65.28
  179 -0.554 -0.562  0.306 184.72 187.03 223.76 186.68 158.35 185.13  65.40
  180  0.810 -0.087  0.214  87.71 135.23  52.27 135.17  37.51 135.15  58.33
  181  0.774 -1.037 -0.286  67.65 230.56 233.17 234.10   2.74 233.36  68.15
  182 -0.053 -0.967 -0.918 150.38 222.46 153.00 222.64  83.74 225.01  62.33
  183  0.976  0.098  0.135  60.04 117.89  61.93 114.15  90.80 115.70  60.06
  184  0.337  0.866  0.694 142.63  32.94  16.46  32.87 170.23  34.62  68.53
  185  0.114  0.203  0.635 192.62 105.53  74.16 105.55  55.97 105.85  69.24
  186 -0.960 -0.804 -0.846  44.29 210.75 118.20 206.50  56.95 207.20  50.00
  187 -1.133  0.511 -0.537 234.16  73.39 248.53  76.09  67.71  76.72  65.80
  188  0.189 -0.262  0.128  45.09 155.19 137.47 154.53 242.08 154.98  58.29
  189  0.594 -0.026  0.989 222.00 129.41 106.47 129.03 229.97 129.46  60.19
  190  0.470  0.203 -0.550 175.88 106.86 140.30 106.73  45.24 106.62  66.15
  191  0.604 -1.150 -0.777 195.99 240.84 246.46 242.54  69.56 245.47  70.31
  192  0.057 -1.168  0.122  92.08 247.93  77.33 250.04 102.77 249.54  80.50
  193 -1.185 -0.805  0.234  21.24 211.68 202.42 210.25  64.08 207.79  54.88
  194  0.598  0.729 -0.533 239.73  53.18  63.52  50.96 160.92  50.81  58.50
  195  0.140  0.763 -0.867 151.97  50.08 127.68  50.59 135.59  50.21  67.08
  196  0.322 -0.905 -0.074  64.21 218.06 144.59 218.66   5.96 221.22  61.07
  197 -1.094 -1.191 -0.609  63.42 252.51  93.03 246.25 102.41 245.91  66.20
  198 -0.345 -1.156 -0.455 131.37 247.36  24.28 245.59 119.23 245.29  63.10
  199 -0.825 -0.735  0.521 150.12 206.56  25.35 204.17 229.54 203.71  69.27
  200 -0.186  0.150  0.059  21.51 111.10 177.21 111.16 133.27 110.91  62.44
  201 -0.721 -0.066  0.361 153.20 134.79  45.41 134.79  39.84 134.57  83.18
  202 -0.508 -1.123 -0.390 223.99 243.55 201.93 242.45 124.95 240.60  65.38
  203  1.128 -1.158  0.293 143.66 245.10  95.99 246.62 116.31 250.48  74.14
  204  0.078 -1.156  0.916 150.50 250.10 134.17 250.15 232.39 250.10  47.17
  205  0.932  1.126 -0.692 225.90  14.36  83.70   9.54  53.92   8.08  64.81
  206  0.061 -0.169 -0.009 201.11 144.53 216.35 144.76 210.32 145.26  61.78
  207 -1.004 -1.132 -0.066 206.43 247.57 189.17 244.33 247.42 240.89  52.59
  208  0.360  1.004  0.464 115.18  22.72 111.05  20.77 172.95  20.04  50.75
  209  0.325 -0.688  0.746 217.93 199.72  55.63 198.45  44.73 202.08  62.70
  210  0.128  1.049 -0.982 223.72  21.78   9.48  22.54 130.81  21.23  57.58
  211  0.411  0.383  0.987 181.50  84.24 143.18  83.49 220.69  86.12  51.24
  212 -0.205 -0.006  0.620  23.54 126.34 115.57 124.98  17.58 127.21  58.04
  213  0.750 -0.572  0.029  99.57 186.38 108.60 186.69 145.39 187.06  78.25
  214 -0.856 -0.649  0.223  66.31 196.69  85.80 194.68 105.13 194.44  57.89
  215 -0.201  0.589 -0.385 232.97  65.82 146.19  67.12 224.41  65.53  51.42
  216  0.848 -0.288  0.902 212.82 155.64 223.58 156.19 210.80 156.97  65.73
  217 -0.730 -0.650 -0.182 193.27 195.70 217.99 194.12  55.48 191.24  68.00
  218  1.046 -1.020 -0.240 226.10 228.92  21.87 229.59 197.86 237.05  57.00
  219 -1.110  0.095  0.299 108.75 113.84 111.79 115.68 248.54 118.50  62.00
  220 -0.890  0.466 -0.757 171.15  79.38 190.76  78.92  31.86  81.12  65.52
  221 -1.068  0.570  0.119 153.95  62.61 250.64  67.51  51.64  70.67  62.23
  222  1.126 -0.309 -0.903  92.81 156.19  50.31 155.67 116.31 250.48  75.36
  223 -0.480 -0.243  0.877  71.59 147.93 102.04 147.26  49.07 147.19  70.41
  224 -0.740 -0.326  0.131 178.79 253.10 214.79 161.83  29.44 159.23  61.45
  225  0.096  0.065 -0.772 225.69 119.12  59.09 119.07 116.31 250.48  59.56
  226  0.241 -0.920 -0.309 129.80 218.87 199.16 220.90 116.31 250.48  69.81
  227  0.299 -1.197  0.288 184.02 251.77 136.52 253.00 116.31 250.48  69.57
  228  0.098  0.681  0.577 178.79 253.10 142.32  51.71 190.42  52.28  61.45
  229  0.412 -0.168 -0.807 178.79 253.10   3.57 144.61  41.28 143.83  61.45
  230  1.169 -1.201  0.131  45.09 248.89  26.94 252.76 116.31 250.48  50.25
  231  0.236  0.222 -0.122 143.03 104.95  67.62 104.86  84.92 103.55  58.25
  232 -0.550  0.538 -0.425 194.43  71.79   3.82  73.07  41.79  71.94  63.80
  233  0.690  0.087  0.589  86.72 118.91  85.99 118.29  49.95 118.54  70.86
  234 -1.218  0.142 -0.675 207.23 111.38  12.06 111.67 116.31 250.48  69.83
  235  1.072  0.209 -0.754 213.51 107.33 152.68 105.29 101.66 106.37  56.67
  236 -0.082  0.725  0.981 103.01  49.90  53.06  46.37 144.98  49.17  60.59
  237  0.750  0.900 -0.599  31.16  37.19 249.66  36.31  55.10  34.60  59.30
  238 -0.006  0.763 -0.533 178.79 253.10 119.39  49.93 250.85  48.14  61.45
  239 -1.172  0.345  0.217 209.58  89.10 250.30 253.64 207.87  91.48  53.91
  240 -0.864 -0.786 -0.448   9.38 208.17 250.30 253.64  22.02 204.41  57.26
  241  0.717  0.873  0.312  80.32  37.33 250.30 253.64 224.46  33.32  57.00
  242  0.161 -0.570 -0.392 178.79 253.10 172.09 184.40  84.84 186.36  61.45
  243 -1.233  0.690  0.046 120.36  51.01 250.30 253.64  46.27  57.74  67.00
  244 -0.023  0.665  0.521 100.92  55.73  77.93  56.62 116.31 250.48  70.96
  245  0.898  0.447 -0.998 146.79  83.39 118.76  81.18  95.77  81.30  65.00
  246  0.708 -0.925 -0.944 178.79 253.10 149.56 216.27  12.77 221.49  61.45
  247 -0.500 -1.135 -0.268  79.49 245.10 250.30 253.64  85.57 242.15  66.94
