    1  0.149  1.129 -0.595 179.37  10.90 163.65   9.90 200.10  10.84  73.51
    2 -0.951 -0.057 -0.290 108.60 133.56  71.17 133.51  49.53 133.56  71.00
    3 -0.609  0.399  0.189 196.22  84.12 179.38  86.17 102.44  86.41  61.59
    4 -0.425  0.538  0.382 207.95  70.49  60.74  69.84 160.20  70.08  51.83
    5  0.574 -0.244  0.535 186.32 151.77  44.80 149.71 188.98 152.55  71.17
    6  0.831  0.975 -0.420 115.69  27.72 140.30  28.31 202.25  21.59  58.64
    7 -1.027  0.277 -0.458  18.77  97.69   4.81  97.76 173.41  98.56  48.50
    8  0.558 -1.103 -0.466  65.85 234.41  53.43 239.49 173.83 238.32  56.67
    9  0.299 -0.715 -0.923  91.27 199.00 103.90 199.35 128.65 199.49  60.50
   10 -0.468 -0.480 -0.283 129.39 176.53 221.61 176.68 155.58 176.43  77.70
   11 -0.587 -0.578  0.224 190.48 188.69 188.00 188.63  97.01 186.68  65.90
   12  0.435  0.179  0.695  90.91 108.76 196.19 107.76  39.37 106.68  67.40
   13 -0.209 -0.138  0.810 245.00 142.51  24.73 140.84 241.79 142.73  58.00
   14  0.714 -0.842  0.684  62.45 215.20 141.97 217.47  90.29 217.30  70.08
   15 -0.193 -0.655  0.426  29.67 197.46  74.19 197.14  26.56 196.25  58.45
   16  0.768  0.963 -0.053   9.90  30.03  63.82  27.83 195.36  22.84  51.47
   17 -0.205 -0.725  0.655 239.04 204.12 158.19 199.94  15.29 204.20  47.50
   18  0.223 -0.012 -0.701 241.78 125.40 232.80 127.05 171.05 127.02  58.32
   19  0.295  0.638 -0.556 185.09  61.98 250.82  62.73 170.38  60.77  70.50
   20 -0.124 -0.457  0.622 235.14 176.44 101.75 176.30 123.98 175.83  59.54
   21  0.175  0.834 -0.923  60.67  42.51 166.93  44.09 153.30  41.50  64.38
   22  0.064 -0.790 -0.861 245.78 205.86 141.91 206.84 191.10 207.33  42.92
   23  0.660 -0.232 -0.332 100.62 150.09 243.29 146.97  13.38 149.21  58.52
   24 -0.874 -0.397  0.361 247.46 170.55 212.30 166.29  11.12 166.95  48.00
   25 -0.854 -0.525  0.144 130.36 183.85  97.82 180.50 119.69 180.58  69.11
   26  0.133 -0.765 -0.283 147.40 205.74 200.92 205.60 249.87 207.24  68.40
   27 -0.725 -1.077 -0.150 172.34 239.87 225.31 236.09 232.73 237.55  67.31
   28  0.026  0.411  0.094  82.05  83.86 207.18  83.47 215.81  83.78  69.59
   29  0.676  0.234 -0.395   4.11 103.49  23.51  99.97  43.44 100.52  59.86
   30  0.770  0.437 -0.323  24.91  83.75 112.32  81.85 243.50  81.48  43.00
   31  0.018  0.661 -0.941 222.47  59.68 209.96  61.09 218.26  60.74  54.80
   32 -1.054 -0.309 -0.462 209.08 158.36 110.85 158.20  81.39 158.01  63.73
   33 -0.511 -0.651  0.464  72.83 197.65 149.36 196.52  41.53 194.93  65.48
   34  0.770 -1.030 -0.577 126.85 231.06 111.05 231.72 148.18 231.53  77.00
   35 -0.232  0.230 -0.460  34.42 103.26 175.47 104.43 241.21 104.03  45.00
   36  0.120  0.998 -0.949 216.01  27.34  92.48  27.73 207.99  26.01  70.58
   37  0.662 -0.595 -0.230  32.67 186.81  70.13 188.76  54.88 187.96  45.86
   38  0.283 -1.152 -0.202  88.42 243.68 185.15 240.83 184.31 243.01  66.62
   39 -0.413 -1.137  0.392 244.13 247.59  58.00 241.72  46.62 239.91  52.88
   40  0.338  1.130  0.215   8.39   9.10 102.95   8.65  63.93   7.05  52.36
   41 -0.121 -0.851 -0.673 129.64 213.77 150.98 213.56  34.73 211.43  61.56
   42  0.385  0.507  0.604 116.26  70.91  83.41  71.55  62.84  72.17  72.85
   43  0.328 -0.374 -0.779 166.31 164.62 184.08 163.04  31.23 165.25  57.62
   44  0.930 -1.036 -0.476  80.22 231.51  12.65 231.78 182.15 232.55  66.47
   45 -0.896  0.854  0.171 133.39  35.11 106.56  35.95  36.27  37.48  54.33
   46 -0.580 -1.093 -0.887 166.60 235.38 163.44 235.98 219.45 237.00  68.33
   47 -0.366 -1.183 -0.415 172.88 249.61 157.44 247.02  63.41 246.77  70.54
   48  0.508  0.919 -0.673  89.85  35.03  33.64  34.20  67.35  29.02  69.45
   49 -0.668 -0.480  0.696 181.14 179.08 151.93 178.59  85.17 177.19  64.50
   50 -0.491 -0.544  0.184 233.43 183.97  39.09 183.06  34.63 181.93  57.19
   51  0.116 -0.473 -0.778  78.53 175.26  66.40 173.29  69.12 173.83  64.43
   52 -0.692 -0.783 -0.635 113.94 208.18   5.26 206.32 185.72 204.29  64.37
   53 -0.844 -0.861  0.085  49.38 219.74  19.50 217.28  18.21 214.99  61.85
   54  0.132 -0.406  0.251 216.49 170.03  25.36 168.00  55.40 170.68  56.50
   55  0.555 -0.346 -0.864 164.93 160.32  20.72 159.83 120.60 160.60  64.07
   56 -0.879 -0.815  0.085 119.74 213.56  73.45 212.02   7.21 211.21  68.92
   57 -0.933  0.350 -0.453  47.33  89.17 252.24  91.75 193.06  92.24  60.90
   58 -1.209  0.299 -0.441 252.77  93.80 235.79  93.12  51.29  93.19  59.94
   59  0.970 -0.471  0.223 188.66 175.95 115.02 176.91 233.72 178.14  59.86
   60  0.222 -0.124  0.009 223.92 140.35 117.66 140.57 115.34 140.59  59.57
   61  1.111 -0.661  0.236 211.32 191.73 153.42 197.16  79.01 199.16  68.17
   62  0.367  0.799  0.353  72.09  43.45  95.06  41.55 122.88  41.50  63.12
   63 -0.219  0.784 -0.850  93.60  48.04 109.72  48.98  23.97  47.23  64.00
   64 -1.207  0.236 -0.666  16.90 101.05  30.57 101.91 132.29 104.10  50.58
   65  0.500  0.411 -0.387  91.69  85.77  80.40  84.68  90.37  84.87  63.27
   66  0.579 -0.585 -0.170 157.37 186.68 127.01 186.78  24.05 186.69  64.95
   67 -0.243 -0.709 -0.913 128.34 199.52 244.71 197.51  10.98 198.42  63.40
   68  0.103 -1.009 -0.608 135.79 228.46 142.91 229.70 185.15 230.29  57.71
   69 -0.012  1.068 -0.764 114.89  17.07 200.82  19.38 237.29  18.97  67.47
   70  0.204 -0.658 -0.052 247.85 195.59 151.23 192.88  51.85 196.14  56.89
   71 -0.306  0.006 -0.945 185.48 124.62 101.37 124.56 247.00 125.25  64.38
   72  0.957  0.332  0.686 126.22  91.72  94.06  92.17  57.53  90.03  56.22
   73  0.440 -0.604  0.678  40.27 189.93  66.70 188.85 175.46 189.71  58.93
   74 -1.194  0.680  0.150 152.81  53.86 222.52  55.37 215.54  57.25  45.25
   75 -0.777 -0.200  0.834 224.07 146.83 219.75 143.56 245.09 147.11  63.93
   76  0.127 -0.827  0.947  35.58 216.24 130.31 216.27  37.75 216.18  61.42
   77 -0.468  0.427 -0.420 244.97  82.96  11.41  83.14  34.94  82.50  62.75
   78  0.229 -0.486 -0.084 153.51 176.96  80.22 177.59  28.65 178.50  71.78
   79 -0.012 -0.553  0.459  67.06 184.32  97.55 183.93  73.25 183.00  69.79
   80 -0.846  0.807 -0.046  74.65  40.06 142.75  42.37 166.21  43.61  51.33
   81  0.515 -1.194 -0.356   4.44 248.05  84.66 248.17 149.27 248.27  54.19
   82  0.340 -1.042 -0.117 248.96 233.15 206.52 232.84 208.08 235.51  55.83
   83  0.082  1.100 -0.880 128.76  16.72  98.11  14.43 126.37  14.30  73.87
   84 -0.484  0.184 -0.971  34.71 109.03  92.85 109.00 103.00 109.22  57.38
   85  0.920  0.101  0.177 151.88 112.37 126.61 112.35 101.77 112.48  69.53
   86  0.188  0.211 -0.225 189.14 105.12 225.82 104.80 112.77 104.81  63.27
   87  0.838 -0.710  0.204  84.50 200.37  87.71 199.56 177.44 201.06  68.44
   88  0.175  0.574 -0.269 196.39  67.26 137.92  66.86 178.77  66.59  59.86
   89  1.137  0.636 -0.248 145.80  63.49  34.88  62.69 236.96  57.76  72.67
   90  0.209  1.009  0.831 110.79  19.69 237.49  19.27 202.19  16.81  66.33
   91  0.158 -0.970 -0.763 159.34 224.59 131.60 223.35  95.76 225.86  61.25
   92  0.421 -0.441  0.788 109.96 173.38  49.99 172.27 211.38 173.08  63.53
   93  0.455 -0.036  0.546 217.51 131.01 150.83 129.43 162.50 129.47  58.33
   94  0.831  0.395 -0.131  21.88  87.02 146.91  86.45 176.18  85.44  48.80
   95 -0.188 -0.926  0.974 111.45 227.16 100.01 226.20  31.68 226.23  54.83
   96  0.032 -0.907  0.236  65.73 220.09  76.74 220.35  60.43 219.16  57.71
   97  0.160 -0.307  0.257 201.39 157.47 205.56 158.82 181.99 159.49  58.43
   98 -0.301  1.138 -0.992  39.14   9.82 143.44  13.63  13.73  13.30  53.69
   99 -0.724 -0.514 -0.398 105.65 180.29  56.95 179.56 140.06 179.00  64.83
  100 -1.010  0.454 -0.206  23.62  75.31  81.56  80.81  94.46  82.02  48.62
  101 -0.103 -0.120 -0.226 212.55 139.05 196.36 140.17 161.67 140.38  71.07
  102 -0.167 -1.002 -0.167  23.58 231.85 214.28 230.21 127.03 230.10  63.57
  103  0.586 -0.115  0.777  92.22 135.69 175.17 138.17  44.30 140.58  68.52
  104  0.693 -0.066 -0.740 171.13 133.71 195.13 133.80 203.69 133.87  64.58
  105 -0.709 -0.970  0.131   4.55 231.11 164.47 228.47 159.06 227.11  50.86
  106 -1.041 -0.852  0.148 189.56 216.65  80.39 215.33 101.42 213.26  64.71
  107  0.965 -0.289 -0.276 119.91 157.27  78.35 156.99  50.67 156.69  68.26
  108  0.625  1.171 -0.020  43.14   6.39 173.62   5.17  20.17 254.20  57.00
  109 -1.062 -0.577 -0.043  99.76 189.63  76.88 185.13  64.80 184.45  71.21
  110 -1.060 -0.430 -0.843 162.27 170.68  36.22 170.09 199.92 167.34  69.84
  111 -0.016  0.151  0.329  60.54 109.44  79.82 109.84 109.73 109.91  53.67
  112  0.930 -0.482 -0.878 209.66 174.75 139.92 175.94  80.32 176.58  62.67
  113 -0.869  0.610  0.864 208.35  60.30 189.95  61.87 152.88  61.43  65.60
  114 -0.462  0.469 -0.688 199.00  74.98 244.02  73.94 127.89  73.90  55.33
  115 -0.366  0.324  0.361  37.63  91.54 230.37  92.81  71.47  92.39  66.84
  116 -0.899  0.171 -0.058 207.09 109.44 174.64 109.15  60.00 109.81  68.26
  117  0.975  0.234 -0.969 185.35 104.58   6.03 104.37  65.87 102.36  68.53
  118  0.022  0.071 -0.256  47.88 120.09 208.49 120.45 206.52 120.24  66.62
  119  0.244  0.292 -0.948  11.96  96.66  89.76  94.04  68.99  94.56  60.45
  120 -0.183  0.782 -0.639 231.12  47.73 139.45  46.23  42.78  46.14  59.36
  121 -1.106 -1.104 -0.660  68.28 241.91  70.08 237.97  98.25 237.33  68.21
  122  0.662 -0.055 -0.733 202.90 132.04 176.53 132.07 136.68 132.10  66.20
  123  0.857  0.991 -0.010  73.41  26.03 150.77  19.99   9.31  21.02  62.38
  124  0.789  0.905  0.436   4.23  33.90 213.16  28.65 119.50  27.81  62.35
  125  0.207 -0.256  0.635  19.29 154.70 195.92 152.05 148.30 154.51  50.46
  126  0.020 -0.841  0.183 231.53 216.21 116.00 214.42 166.53 215.11  62.13
  127  1.016  0.332  0.462 120.97  93.74  33.05  92.55 239.71  90.45  70.76
  128  0.235 -0.643  0.784  78.70 195.72  46.66 196.54 136.49 197.02  69.00
  129  0.930  0.675 -0.368 198.49  56.40   3.52  57.22  88.51  55.79  49.57
  130 -0.470 -0.271  0.585 253.15 155.51 150.30 155.50  53.77 155.34  47.75
  131 -0.302 -0.520 -0.812  28.80 180.27 138.17 179.41  92.26 179.33  52.44
  132  0.015 -0.138  0.974  30.04 141.27 105.87 143.09  14.37 142.80  55.90
  133 -0.044  1.068  0.884 131.46  13.31  52.56   9.50 151.81  12.48  69.00
  134 -1.032 -0.142  0.264 180.37 143.08 151.31 141.16 135.84 141.25  63.27
  135  0.846  0.144  0.916  55.17 110.09  35.18 110.48  38.70 110.95  71.26
  136 -0.783 -0.440 -0.988  11.81 172.99  21.63 171.49 230.34 170.80  49.50
  137 -0.682 -0.355  0.603 203.93 165.68 199.50 164.93 198.64 163.74  58.43
  138 -0.534 -0.816 -0.293  53.63 209.55 134.72 207.70   9.31 209.16  70.73
  139  0.143  0.848 -0.649 199.09  37.04  34.58  39.00  29.83  40.93  77.25
  140 -0.882  0.788  0.348 128.83  42.18  40.51  44.53 149.34  45.48  68.29
  141  0.877 -0.905 -0.192  71.90 216.99 204.50 218.15 155.67 219.55  65.88
  142 -1.189 -0.754 -0.096 141.72 206.91 106.47 205.58 210.62 199.55  73.95
  143  0.110  0.809 -0.622 121.52  44.33 145.85  44.72 135.93  43.35  73.00
  144 -0.979  0.899 -0.172  24.21  31.31  13.06  34.59  81.94  36.17  57.38
  145  0.707 -0.753 -0.271  11.69 203.16 215.99 202.59 240.96 206.94  59.85
  146 -0.252  1.190 -0.863 189.98   6.02  66.36   5.45 174.11   4.54  80.50
  147 -1.014 -0.123 -0.452 122.59 140.65 191.03 140.51  10.48 138.31  58.12
  148 -0.095 -1.212 -0.307 157.96 252.97  90.84 249.16  99.06 248.67  68.19
  149  0.092  0.586  0.240 230.72  64.42  81.93  65.44 205.48  66.52  57.55
  150  0.909 -1.010  0.694 204.29 232.07 223.12 233.94  57.39 237.79  62.88
  151 -0.490 -0.876  0.296 210.69 219.87  40.32 218.00 110.63 216.36  64.22
  152 -1.134  0.905 -0.861  94.77  32.59 168.75  35.89  29.72  36.63  55.35
  153  0.742 -0.294  0.065 145.37 157.27 235.67 158.01  41.21 159.20  73.76
  154 -0.216  0.916 -0.837 147.79  34.15  27.29  35.51 187.30  33.47  70.53
  155 -1.178 -0.817  0.130 104.31 215.25 108.28 212.93 154.01 208.41  64.11
  156 -0.152  0.443  0.199  72.80  79.97 248.85  80.98 101.08  81.02  63.63
  157  0.362 -1.002 -0.982 223.38 228.10 205.70 227.47 181.73 229.60  63.14
  158  0.141 -0.974  0.046 161.62 228.21  13.73 228.62 221.19 228.87  72.96
  159 -0.975  0.263 -0.927 126.64  98.91 152.74  98.97 243.32  99.14  56.57
  160  1.004 -0.027 -0.295  77.65 127.67  97.56 127.68 124.37 127.74  66.41
  161 -0.927 -0.372  0.722 100.76 166.58  55.72 166.00 217.01 165.82  60.00
  162 -0.303  0.702  0.005 130.80  53.76 101.31  54.43  14.06  54.27  80.93
  163  0.820 -0.972  0.253 126.15 226.37  54.24 229.55 107.24 231.47  68.34
  164  0.475  0.551  0.627 145.94  69.28 187.27  67.93 114.97  66.68  69.52
  165 -0.317  0.721  0.008  20.04  49.50  75.31  49.25 166.76  52.57  59.85
  166 -0.502  1.057 -0.108 186.76  16.78 148.10  17.14 102.41  19.73  79.50
  167 -0.332  0.866 -0.967  64.06  36.80  14.35  37.48  49.71  38.99  60.71
  168  0.092 -0.477  0.818  87.19 178.39 229.89 177.66 197.58 178.92  70.77
  169 -0.669 -1.082  0.247  54.97 240.45  16.32 240.09 249.44 238.24  59.00
  170 -0.825  0.379 -0.376  30.37  87.53  38.71  88.70 191.24  88.34  66.30
  171  0.197  1.103 -0.778  26.65  14.15 204.15  14.12  77.04  14.05  48.86
  172  1.124 -0.184 -0.390  54.53 143.61 129.89 143.17 241.22 145.83  68.20
  173 -0.625  0.974 -0.183 192.28  20.98 217.26  25.32 162.16  27.13  71.80
  174 -0.751  1.178 -0.776 153.77   5.41 193.15   6.76 125.98   8.47  62.39
  175  0.594  0.639  0.003  93.04  61.51 223.49  59.10 230.76  60.66  57.35
  176  0.181 -0.928  0.060 106.97 221.46 218.66 221.59 204.07 224.04  70.78
  177 -0.454 -0.671  0.545 132.45 200.02  77.46 199.12  81.93 197.02  71.00
  178  0.259  0.565 -0.552  10.06  69.49 178.86  69.59 142.01  68.74  36.05
  179  0.712 -0.366 -0.976  25.86 160.85 145.02 160.45 247.98 164.58  62.49
  180  1.114 -0.416  0.222  89.07 168.82 142.15 170.82  84.55 171.77  53.15
  181  0.817 -0.370 -0.230 156.96 162.87 161.33 166.00 174.83 166.57  63.38
  182 -0.357  1.003 -0.937 252.02  23.93 127.06  20.51 188.68  26.26  44.62
  183 -0.194 -0.820 -0.081 235.39 212.43  20.76 211.45  79.62 211.27  62.89
  184 -0.059  0.090  0.018 252.61 113.25 219.38 112.76 194.53 117.46  59.77
  185 -0.783 -0.652  0.123 192.69 196.44  96.03 194.65 134.72 193.35  59.50
  186  0.744 -0.953  0.073 152.60 223.26 144.11 226.11  47.71 227.85  68.50
  187 -0.628 -0.071  0.247  41.79 134.26 198.16 134.90 206.85 135.02  64.96
  188 -0.257  0.702  0.358 224.75  50.71 164.15  53.59  98.43  54.13  48.00
  189 -0.540 -0.050  0.461   9.88 131.13 231.37 131.05 219.94 131.11  54.95
  190  0.174  0.391  0.753 234.70  86.33 130.98  85.47 114.71  85.38  53.67
  191 -0.774  0.907 -0.033 206.68  30.17  18.74  30.06 172.27  30.69  69.63
  192 -0.291 -0.524  0.423  59.25 182.02  54.22 180.86  22.26 181.04  65.28
  193 -1.118 -0.979 -0.359 186.59 231.49 107.95 228.25 130.18 225.41  73.50
  194 -1.124  0.914 -0.323 197.78  30.16 211.61  32.69 128.25  35.97  63.07
  195  0.160  0.052 -0.758 191.48 121.08  61.47 122.98  27.40 121.58  62.71
  196 -0.324  0.343  0.394 233.76  91.30  43.78  89.44 178.76  92.01  53.32
  197 -0.888  0.392 -0.774 185.93  86.86  64.51  86.48  54.20  87.09  82.00
  198 -0.111  0.705  0.381 112.00  52.60  95.31  53.33 224.68  53.04  70.17
  199 -0.273 -0.947 -0.113 209.59 225.71 147.02 225.00  13.97 224.50  62.44
  200  0.930  0.720 -0.623 113.16  54.70 112.26  53.90 241.48  51.54  77.17
  201 -0.581 -0.420  0.594  73.32 171.02 244.94 171.81 118.29 170.97  64.75
  202  0.267  0.574  0.806 251.20  64.62 158.30  63.40   4.06  64.54  57.17
  203 -1.003  0.073  0.006 228.94 117.94 224.46 117.69 143.43 120.56  69.33
  204 -0.723  0.782 -0.469 187.38  44.97  35.43  45.29 123.84  48.85  70.78
  205 -0.164 -0.279  0.507 234.83 157.25 230.12 157.85 110.13 155.56  61.58
  206  0.714  1.071 -0.561  90.57  17.22  76.31  18.89 156.28  16.64  61.00
  207 -0.348  0.188 -0.476 148.84 106.54 147.66 106.51 213.51 106.81  72.10
  208 -0.454  0.617 -0.441 193.66  62.78 245.18  62.82 163.68  62.52  64.25
  209 -0.674  0.583 -0.954 158.13  67.02 146.21  69.23 135.38  69.02  62.08
  210  0.855 -0.139  0.716 160.84 141.09  19.99 143.16  65.13 142.93  65.50
  211  0.679  0.208 -0.965 228.37 106.23 104.62 104.81 141.60 106.34  54.14
  212  1.005  1.018  0.647 182.27  20.72 136.51  17.76 162.77  15.57  57.50
  213  0.791 -0.807  0.604  26.22 208.98   5.34 213.50 130.53 214.74  65.75
  214  1.134  0.449  0.193 134.34  81.66 169.25  74.34 199.12  72.39  65.17
  215  1.109  0.023 -0.303  36.90 124.56   7.95 123.34 115.04 123.29  55.00
  216 -0.321 -0.657 -0.883 161.88 192.57 172.56 192.73 185.38 190.75  67.15
  217 -0.292  0.040 -0.389  61.59 123.22 144.31 123.29 240.84 122.84  59.12
  218  1.028  0.367  0.278 249.61  88.58 214.14  87.44 197.56  86.49  51.27
  219  0.437 -0.096  0.827 173.55 134.85 229.51 135.41  50.35 135.88  70.07
  220  0.226 -0.848 -0.824  80.71 213.50  36.69 213.18  99.13 253.12  76.20
  221 -0.473 -0.861 -0.685 149.44 216.29 212.14 214.40  99.13 253.12  51.67
  222  0.381  0.073  0.192 135.83 119.04  23.98 120.31 109.90 118.89  70.31
  223  0.787  0.075 -0.486 182.17 120.79 122.13 118.89 220.23 117.92  72.93
  224  0.747  1.114 -0.526 189.36  15.22 123.50  13.36  79.23  10.78  59.62
  225  0.941 -0.066  0.894 120.43 253.39  30.56 134.11  43.32 134.00  91.43
  226  0.221 -0.621  0.037  45.49 190.78 196.40 189.52  99.13 253.12  48.75
  227  0.879 -0.158  0.195 153.12 143.11 104.73 253.51  78.90 143.10  64.54
  228 -0.603 -0.447 -0.177  32.59 173.49 104.73 253.51  40.51 172.03  62.00
  229 -0.510  0.761 -0.006  56.83  46.44  54.42  48.36  99.13 253.12  63.00
  230  1.172  0.626  0.189  82.47  64.09 130.07  62.04   5.02  59.32  68.71
  231  0.646 -0.113  0.363 120.43 253.39  62.39 135.58 123.85 138.23  91.43
  232 -0.171  0.056 -0.374 132.66 121.05 168.08 120.60 159.09 122.81  77.47
  233 -1.018 -0.788  0.417 120.43 253.39  58.18 207.66 138.75 207.44  91.43
  234  0.352  0.733 -0.500 120.43 253.39 106.28  49.43  70.03  49.67  91.43
  235  0.381  0.868  0.616 160.03  35.79 179.63  35.27  99.13 253.12  64.68
  236  0.443  0.224  0.631 102.19 104.55 197.43 104.37 192.85 103.79  68.83
  237  1.208  0.356 -0.306 120.43 253.39 241.54  89.28  67.49  89.44  91.43
  238 -0.474 -0.660  0.807 111.40 197.98 107.92 197.50  99.13 253.12  72.86
  239 -0.227 -1.209 -0.097 120.43 253.39 118.52 252.77 176.36 252.67  91.43
  240  0.808  0.664 -0.699 106.91  61.51 241.80  57.64  99.13 253.12  65.21
  241  1.354 -0.738 -0.198 106.72 200.37 104.73 253.51  79.04 206.78  68.63
  242 -0.554 -0.577  0.265 185.56 187.93  18.12 188.12  99.13 253.12  62.45
  243 -0.759 -0.655  0.548 139.52 197.77 104.73 253.51 247.89 195.29  72.68
  244 -0.226  0.880  0.348 228.02  34.61 104.73 253.51  71.73  35.15  65.72
