    1 -0.725  0.356 -0.562 220.20  82.79  77.73  88.55  63.47  89.05  36.75
    2  0.397 -0.726 -0.406 104.28 199.16  92.32 200.36  12.12 202.55  65.62
    3 -1.001 -0.164  0.450 162.67 145.46 184.56 144.07 170.78 144.34  68.42
    4 -0.800  0.031  0.349 132.96 123.82  91.23 123.83  59.89 123.96  69.27
    5  0.673 -0.166  0.726 119.72 143.84 168.75 145.54   9.50 145.09  73.43
    6 -0.325  0.656  0.400 118.82  58.22  33.77  58.21  91.13  57.18  53.75
    7  1.066 -1.169 -0.491  18.78 244.94  29.65 244.97  92.79 249.23  56.25
    8 -0.959 -1.030  0.615   6.59 236.88 125.41 234.60 228.35 232.18  58.29
    9 -0.677  0.250  0.379 126.47  96.46  69.20  96.73  29.42  97.39  52.22
   10  0.462  0.213 -0.512  87.48 105.29  42.37 104.38  66.13 104.60  75.50
   11  0.478 -0.867 -0.139 213.06 213.69   8.86 216.87 193.10 217.36  65.07
   12 -1.163 -0.399 -0.079  53.65 168.36  62.35 167.67  30.42 166.88  61.32
   13 -0.138  0.022  0.725 137.80 124.39 155.97 124.41 167.71 124.34  67.12
   14  0.000 -0.409 -0.968 113.25 168.20  34.55 167.37 214.84 167.52  56.38
   15 -0.783  0.142  0.619 194.72 110.42 161.91 110.16 247.95 113.05  70.30
   16 -1.100  0.541 -0.114 122.59  67.66   5.19  71.76  37.43  73.25  71.96
   17  0.827 -0.839 -0.021 152.42 213.18   6.09 214.41  31.38 214.81  79.82
   18  0.824 -1.008  0.378 135.64 228.75  13.85 233.14   6.38 234.88  64.27
   19  0.274  0.038 -0.718 101.94 121.80   2.46 123.65  33.93 123.63  74.59
   20 -0.585 -0.188  0.195  64.47 146.00 237.01 147.07  26.84 146.96  62.00
   21 -0.007 -0.335  0.226  70.20 157.95  59.57 159.63  46.43 162.90  62.69
   22 -0.141 -0.150 -0.212 210.39 140.62 221.63 140.85  11.07 142.06  48.25
   23  0.248 -0.101 -0.350  20.77 136.76 101.77 135.49 102.30 137.81  46.50
   24 -1.156  0.340 -0.037 105.27  88.20 116.38  89.52 131.84  89.38  69.86
   25 -0.611 -0.005  0.171  33.88 128.23 113.57 125.94  75.01 125.95  46.48
   26  0.756  0.235 -0.205 196.44 104.15 213.89 103.74  40.72 102.34  70.73
   27  0.799  1.113 -0.516 234.68  13.57  18.72  12.82 147.91  10.33  56.50
   28  0.459 -0.207  0.673  94.22 148.26  67.04 147.93  40.46 147.91  70.59
   29  0.202  0.472 -0.640  29.27  79.92  83.41  77.53  36.93  78.39  56.00
   30 -0.245 -1.016 -0.684 108.44 232.06  10.71 225.68  75.51 229.97  72.07
   31 -0.521  1.159  0.063  60.69   4.09 129.10   7.46   2.65   7.91  40.00
   32 -0.469 -1.098 -0.833 112.06 239.80  26.22 237.90 172.69 237.66  60.20
   33 -0.314 -0.787 -0.347 104.32 206.91 113.13 206.11 125.52 206.36  67.00
   34 -0.530 -0.665  0.324 149.26 198.28  27.39 196.28  28.58 194.77  70.00
   35  0.800 -0.378 -0.686 122.69 164.48  64.80 165.47 112.59 166.70  67.50
   36 -0.783 -0.682 -0.726  52.32 198.12  47.17 193.01 225.38 193.73  62.24
   37 -0.040  0.808 -0.359  70.26  43.20 222.82  42.87   3.90  40.60  62.39
   38 -0.776 -0.619  0.162  64.78 192.43  53.93 191.26 198.31 191.45  64.46
   39  0.395 -0.169 -0.343 183.60 142.99 113.76 143.73  12.73 145.03  71.30
   40  0.988  1.069  0.385  92.91  15.17  62.03  14.71 208.51  11.97  71.58
   41 -0.380 -0.221 -0.804  84.17 148.65  52.13 148.24  56.15 147.62  69.28
   42  0.323  0.090  0.054 108.83 115.73 103.57 115.51  55.64 116.02  78.90
   43 -0.337  1.135  0.778 146.21   4.56 138.08   4.54 105.43   7.17  73.90
   44 -0.976 -0.448  0.619  87.79 174.31  71.91 173.57  70.35 173.08  58.40
   45  0.927  0.595  0.432 140.61  65.38  93.94  59.05 215.63  61.38  68.97
   46  0.211 -1.031 -0.399  92.71 232.35  86.10 231.05  91.20 231.17  66.31
   47 -0.024 -0.714 -0.035 147.59 200.83 237.81 199.49  30.27 201.96  70.71
   48  0.083 -0.911  0.585  14.89 219.98  77.38 223.23  25.95 223.45  66.00
   49 -0.381  0.501 -0.199 177.21  74.54  48.01  75.21  94.06  74.35  64.94
   50 -0.939  0.696 -0.822 112.02  55.48  90.23  56.84 127.89  56.95  62.92
   51  0.912  0.320 -0.357  31.56  91.79   8.39  92.95  73.44  92.53  61.42
   52 -0.268  0.949 -0.761 150.48  31.00 157.10  30.80 217.71  31.55  71.00
   53 -0.303  0.452 -0.888 127.34  80.86 131.58  81.08  32.32  81.57  68.22
   54  0.186 -0.913 -0.653 114.60 217.53 177.61 217.81 139.52 217.48  66.57
   55  0.982  0.915 -0.294 237.51  33.54  32.78  32.93 224.92  27.66  62.19
   56  1.084 -0.705 -0.708  23.86 194.05  72.48 198.24 176.47 199.69  46.55
   57  0.659  0.971  0.305 246.82  24.28  93.46  25.15 169.88  19.10  57.86
   58  0.534  0.186 -0.174 134.72 108.17 103.22 108.25  10.57 108.54  62.15
   59 -0.448  0.564  0.600 239.82  67.02 129.63  65.50 118.28  65.74  66.37
   60 -0.725 -0.191  0.278  55.06 147.90  27.87 147.38 173.23 147.50  62.13
   61 -1.123 -0.536 -0.149 131.69 180.96 137.81 180.79  81.20 180.75  64.90
   62 -0.516  0.142  0.907 181.44 109.26 183.37 109.07 119.46 110.11  70.71
   63 -0.014 -0.876 -0.657  69.15 217.23 214.09 215.31 169.45 215.70  58.57
   64 -0.697  0.630  0.056  38.03  58.90  63.02  58.99 225.68  61.37  52.92
   65  0.239 -1.201 -0.532  50.19 248.04 236.88 247.45 232.74 251.36  58.71
   66 -1.095 -0.056  0.192  16.87 133.11 192.71 132.47 181.98 132.62  49.65
   67 -0.930 -0.113  0.003 178.34 137.76 142.33 137.81  15.07 138.56  66.12
   68 -0.200  0.074 -0.783  71.37 119.04  35.38 119.26  26.68 119.39  59.00
   69 -0.905 -0.378 -0.084  66.20 166.75 209.23 166.49 115.46 165.65  66.77
   70 -0.730  0.425  0.670 134.36  80.39  41.02  81.32  72.28  81.93  67.25
   71 -1.212 -0.229 -0.642 208.35 150.03 177.19 150.37 112.63 150.52  61.62
   72 -0.990  0.468  0.596  83.96  76.76  89.02  76.64  93.60  77.91  61.67
   73  0.152 -0.985 -0.490  76.93 227.99  39.38 225.61 244.69 225.06  75.40
   74 -0.699 -0.441  0.159  16.19 174.19 116.37 172.48 115.97 172.52  47.50
   75  0.346 -0.597  0.260 173.27 188.31 230.97 189.07 223.89 191.05  56.17
   76 -0.940 -1.113  0.248 215.34 245.00 100.77 243.16  75.94 237.68  61.02
   77 -1.187 -0.837 -0.239 247.26 217.06 109.00 212.91 248.54 211.17  59.09
   78  0.084  0.920 -0.727  65.32  31.63  56.78  33.72 221.09  31.71  69.83
   79 -0.963 -0.183  0.102 229.55 145.62 200.24 146.00 216.13 146.30  65.52
   80  0.282  0.953 -0.402  20.76  29.89 197.57  26.25 194.13  26.74  55.29
   81 -0.028 -1.039 -0.369 144.35 233.67 149.82 233.71 150.13 234.79  74.82
   82 -0.574  0.715  0.862 123.35  45.06 124.20  45.54 148.24  48.51  64.57
   83 -1.003 -0.265  0.075   4.47 152.39  90.00 150.55 132.05 150.55  57.24
   84 -0.258 -0.070 -0.333  99.72 133.26 115.92 133.19  11.87 133.93  73.75
   85  0.806  0.543  0.421  94.11  71.15 175.52  68.74  52.02  69.11  54.50
   86  0.538 -0.617 -0.900  49.53 188.17 147.02 188.67 193.37 190.64  67.30
   87 -0.122 -0.781  0.510  98.89 209.96  96.08 208.96  34.09 209.06  73.28
   88 -0.679  1.013 -0.638 154.96  19.98 216.29  21.66 165.01  24.48  66.60
   89 -0.579  0.218  0.001  37.02 104.30 206.12 104.05 171.25 103.58  64.58
   90 -0.237  0.189  0.409 162.10 106.65 175.31 106.54 177.33 106.15  66.12
   91 -0.308 -0.370 -0.712  33.61 164.67  27.99 163.59  32.67 163.37  51.00
   92 -0.429  0.831 -0.843 200.30  40.60 198.92  39.24 230.52  40.14  64.06
   93  0.003  0.528  0.210 228.87  72.20  10.61  72.64  84.17  71.39  64.60
   94  0.033  0.462 -0.425  50.66  80.12  22.97  78.51 158.33  79.90  62.00
   95 -0.499 -0.931 -0.463 132.55 220.90 247.59 219.58  18.39 222.24  66.56
   96 -0.180 -0.793  0.722  76.38 210.81  20.46 211.12  85.16 210.60  67.13
   97 -0.970 -0.654  0.043  75.03 194.35 245.96 192.59  40.64 191.75  67.70
   98 -0.982 -0.346 -0.437 248.60 163.54  19.78 162.41 249.88 161.49  56.89
   99 -0.298 -0.733 -0.332 137.08 202.52 125.82 202.32 115.15 202.45  74.00
  100 -0.116 -0.430 -0.273  29.31 170.92 128.27 169.23  16.85 168.45  63.21
  101  0.040 -0.027  0.046  90.86 128.79  64.37 128.78  54.81 128.78  67.41
  102 -0.370  0.694 -0.216 163.63  53.20 137.52  52.97 120.07  56.39  54.43
  103 -1.030 -0.324  0.356 101.97 159.87  61.28 157.34  36.42 158.94  65.04
  104  0.685 -0.750 -0.906 160.49 202.17 168.85 202.55 167.41 203.63  68.63
  105 -0.348  0.041  0.628  49.48 121.48 125.08 122.22 199.26 123.39  46.44
  106  0.840  0.240 -0.474  92.59 101.43 219.29  98.61 186.73  97.91  64.73
  107  0.387 -0.694 -0.678 208.32 198.11  49.20 197.13  55.79 197.25  57.58
  108  0.975 -0.578  0.350 156.19 186.06  52.70 186.88 115.61 188.91  58.62
  109 -1.048 -0.805 -0.265 149.55 211.15  43.98 209.06 223.97 206.57  50.07
  110  0.681  0.858 -0.021 215.72  36.22 136.73  35.29 237.38  37.08  65.61
  111  0.351  0.180  0.862  38.97 107.42   9.17 108.00  78.62 108.41  64.90
  112 -0.050  0.535  0.695  10.28  70.68  69.30  68.79 174.49  69.75  54.82
  113 -1.116 -0.925  0.357  73.00 226.73 137.11 225.07 216.57 222.45  61.50
  114  0.414 -0.001  0.583 156.37 125.92  44.01 125.01  31.12 125.07  68.29
  115  0.201  0.244 -0.996 227.46  99.29  56.94 101.89 210.92 103.06  57.56
  116 -0.652 -0.283 -0.283  54.30 153.02   5.44 151.49  34.79 151.01  47.00
  117 -0.505  0.117  0.384 105.16 113.27  48.31 113.28  14.84 113.69  54.00
  118  0.908 -0.123 -0.267 149.38 138.59 153.66 138.61 151.74 138.72  73.69
  119  0.215  0.770 -0.338 193.51  44.12  85.11  44.74 126.04  45.23  44.33
  120  0.610 -1.036 -0.021  87.29 233.45 215.13 234.49 127.42 235.04  75.50
  121  0.081  0.505  0.746  34.72  74.15  86.66  72.80  46.84  73.38  72.50
  122 -0.329  0.975  0.459  54.70  23.20 168.49  20.78  44.64  19.36  63.40
  123 -1.173  1.132 -0.271 147.63   7.33 133.47  11.27  22.26  12.12  76.16
  124 -0.378 -1.056  0.156  41.30 235.41 191.55 235.73 177.81 236.69  59.85
  125  0.034  1.160  0.101 140.05   6.08 189.84   6.02 197.93   4.53  65.64
  126  0.480  1.029  0.956 191.40  16.47 232.40  15.50  23.64  14.71  57.22
  127 -0.696  0.921 -0.302  87.81  31.21 101.19  32.54 120.73  32.49  64.08
  128  0.093 -0.515 -0.454 142.39 178.35  85.54 179.78  84.87 179.69  81.41
  129 -0.745 -0.577 -0.610  17.15 187.10   7.35 185.08  23.01 182.29  58.77
  130  1.067 -0.007  0.356 200.73 128.34 172.30 128.34 131.45 128.36  67.25
  131 -0.616 -0.368  0.765 147.32 166.61 130.31 166.60  39.22 166.58  82.44
  132 -0.723 -0.611 -0.248 181.80 190.38 182.24 190.10  73.48 186.02  68.00
  133 -1.181 -0.555 -0.371  30.58 185.46  73.09 181.56 141.63 181.23  59.48
  134  0.019 -0.367  0.131 184.87 166.01  97.18 165.69 251.79 166.22  56.75
  135  0.132 -0.090  0.659 104.45 135.57  13.65 134.07  12.48 137.31  76.95
  136  0.496  1.079 -0.783 243.27  18.43  59.46  17.19 122.84  16.45  62.05
  137 -0.617 -0.756 -0.251   5.31 206.85  97.70 203.41 101.96 203.20  63.60
  138 -0.483  0.378  0.236  79.98  82.18  97.81  82.88 122.45  82.85  64.89
  139  0.987  1.153  0.167  64.60   8.43  77.32   7.48 127.36   3.94  69.89
  140 -1.141  0.194  0.126  22.68 106.40  68.18 105.66 245.19 106.33  58.00
  141 -0.750 -0.840 -0.063 177.92 217.00 230.90 213.92  21.11 212.23  77.25
  142 -0.868  0.467 -0.857  52.58  77.32 148.74  80.45  19.86  81.12  57.21
  143  0.316  0.170  0.654 206.31 109.19 165.96 108.92 114.51 108.79  59.08
  144 -0.149 -0.767 -0.605 250.24 205.74 196.95 203.50  70.80 205.10  49.33
  145  1.142 -0.874  0.155 243.99 215.72 126.89 216.90 157.35 221.73  51.00
  146  0.666  0.972 -0.456 211.40  27.96  59.45  25.61  68.25  26.20  70.12
  147  0.095  1.195 -0.077 221.63   3.72 198.88 251.21 211.32 253.88  34.38
  148  0.868  0.283  0.253 207.21  96.07 221.73  95.44 213.50  94.55  64.91
  149 -0.548  0.292  0.937  90.79  93.36  30.55  94.03  15.84  93.89  59.04
  150 -0.123 -0.049 -0.792 187.47 132.37  66.78 131.36  37.87 131.29  52.75
  151  0.088  0.714  0.388 146.90  49.37 150.26  49.29 220.47  47.73  64.78
  152 -0.906 -0.911  0.433 171.04 224.61 147.14 220.71 164.87 219.17  65.80
  153 -0.607  0.644  0.884  23.95  56.03 169.28  57.18  64.91  59.28  57.72
  154  0.386  0.664  0.821  98.66  55.87 115.31  56.10 108.90  52.91  63.07
  155 -0.880  0.086  0.304  10.02 118.86  75.12 116.11 203.42 117.62  57.79
  156  0.578  1.147  0.653  21.63   7.89  29.48 253.22 219.62   3.92  61.84
  157 -0.654  1.055  0.329  97.09  13.04 209.62  14.92  22.08  19.08  44.69
  158 -0.029  0.061 -0.971  55.22 120.94  81.02 121.48   6.15 121.70  58.07
  159  0.938  0.847 -0.769  10.63  43.17 117.10  36.65 179.31  37.50  58.76
  160 -0.544 -0.438 -0.076 119.67 172.76   7.83 169.58 152.25 169.56  74.25
  161 -0.439  0.496 -0.439  20.37  74.94  15.10  76.46  89.55  76.96  53.00
  162 -0.647 -0.295  0.550  50.23 156.60  23.74 155.83  69.14 157.01  63.75
  163 -0.582  0.586 -0.624  10.30  66.64  80.57  68.22 187.57  67.68  59.91
  164  0.178 -0.572  0.427 240.73 187.53 112.54 186.02  26.92 183.75  56.65
  165  0.469  0.590 -0.777  64.19  67.56  95.96  66.08 185.59  64.00  64.90
  166 -0.539 -0.519 -0.348 101.99 180.44 111.03 179.99  95.57 177.01  66.60
  167  0.013  0.604 -0.030 250.60  64.51  55.74  62.63  51.82  63.74  50.78
  168 -1.092  1.150 -0.903 218.25   8.25  31.44  11.28 193.11  12.66  69.12
  169 -0.333 -0.669  0.962  41.90 198.99 167.42 198.49  74.67 196.30  67.12
  170  0.052  1.158 -0.726   6.92   8.72 233.29   7.68  66.90   8.98  51.80
  171  0.383 -1.114  0.520 121.72 244.02  65.39 244.74  87.26 242.96  67.71
  172 -0.236  0.121  0.198  91.72 112.84  44.90 113.15  21.66 113.48  66.15
  173 -1.135 -1.040 -0.794 124.06 235.19 103.45 231.02 148.21 229.54  70.63
  174  0.649  1.089  0.903   5.31  11.93  73.99   7.60  54.73   8.25  57.64
  175  0.008  1.177 -0.305  95.29   5.77  92.19   6.65 143.98   4.52  71.28
  176 -0.654  0.531  0.440  34.03  70.51 122.96  71.12 220.00  72.06  69.24
  177 -1.170 -0.868 -0.463  21.24 217.40  50.60 215.27 167.48 213.75  58.20
  178 -0.239 -0.500 -0.095  73.30 177.03 117.71 177.15 230.27 175.60  62.14
  179 -0.621 -0.368 -0.475  85.92 166.19 127.54 163.31 106.59 163.31  63.31
  180 -0.628  1.077  0.368 240.32  10.90   7.68  11.89  54.92  14.92  57.92
  181  0.395  1.054 -0.480 221.81  19.30 180.03  17.23 190.22  17.33  62.00
  182 -0.103  0.850  0.934 120.67  34.86 229.07  34.33 240.27  35.90  69.14
  183  1.138  0.940 -0.082  50.64  31.47 196.19  29.22  80.21  26.70  57.86
  184 -0.744  0.139  0.869 128.25 112.79  72.65 112.99  33.49 113.20  65.00
  185 -0.263 -1.102  0.130  74.85 240.41  88.77 238.67 105.80 238.33  59.04
  186 -0.800  0.064 -0.467  93.12 120.71  40.58 121.14  70.84 121.54  68.74
  187 -0.576 -0.029  0.671 248.91 129.01 240.67 129.03 202.00 129.04  83.25
  188 -1.129  0.518 -0.935 148.98  72.95 136.93  74.18  79.24  75.77  66.42
  189 -0.799  0.527 -0.884 138.05  72.45 128.58  72.96  23.59  73.66  61.56
  190  0.789 -0.144 -0.698  54.52 140.35  31.66 140.02 209.84 141.19  56.95
  191 -0.445 -0.998 -0.155 228.76 232.17 143.73 228.60 100.69 225.06  63.22
  192 -1.051  0.075  0.427 171.58 118.91 161.82 118.87 143.36 118.77  72.67
  193  0.626 -0.041 -0.227 145.95 131.06 132.43 131.06 117.86 131.06  84.75
  194 -0.101 -0.469  0.287  82.20 175.20  55.24 174.35   4.80 174.62  62.70
  195 -0.816  0.069 -0.502  61.86 120.39  15.58 120.57   8.85 120.05  59.54
  196  1.135 -0.755  0.279 166.60 202.86  64.85 206.03 101.09 208.67  61.18
  197 -0.851  0.234 -0.669 121.02 103.76 148.36 103.88 193.38 103.50  59.83
  198  1.139 -0.618 -0.078 154.13 189.83 164.55 190.96 137.60 191.51  59.17
  199 -0.624  1.161  0.051 250.39 254.10 131.83   7.29 140.83   9.53  81.14
  200 -0.622 -1.152 -0.699 195.54 244.97  81.09 238.76 236.17 253.02  49.67
  201  0.702 -1.220 -0.850  62.82 247.91 131.55 249.53 236.17 253.02  69.25
  202  0.545 -0.153 -0.129 141.85 250.47 207.93 142.63 214.38 143.12  70.25
  203 -1.231 -0.744 -0.568 100.92 204.31 152.64 250.50  47.59 199.33  65.79
  204 -0.604 -0.332  0.975  58.17 163.34 152.64 250.50  10.86 161.50  58.25
  205  0.377  0.666  0.583 208.50  57.97 152.64 250.50  30.17  52.92  64.79
  206  0.031 -1.137  0.662 141.85 250.47 168.90 246.35 248.67 244.66  70.25
  207 -0.388  0.517  0.856 163.22  71.23  14.49  72.33 108.10  72.95  63.00
  208 -0.127  0.707 -0.450 121.07  50.59  66.61  51.39 236.17 253.02  64.25
  209 -0.118  0.383 -0.699 141.85 250.47  50.44  82.89  24.28  83.89  70.25
  210 -0.803 -0.770  0.266  74.62 207.59 248.25 207.38 236.17 253.02  52.33
  211 -0.321  0.617 -0.815  56.80  61.83 226.15  65.44 236.17 253.02  53.77
  212 -1.160  0.548 -0.618 152.75  69.01  60.86  72.07 236.17 253.02  56.00
  213 -0.986 -1.248 -0.925 141.85 250.47 152.64 250.50 212.74 250.30  70.25
