    1 -0.946 -0.435  0.665  19.00 174.76 120.20 170.96 116.96 171.02  47.75
    2  0.423  0.293  0.857 252.57  94.28  86.38  94.10  43.88  94.59  50.20
    3 -0.526 -0.912 -0.447  71.39 219.54 137.49 211.61 148.56 212.39  52.35
    4  0.350  0.436 -0.568  78.64  81.64  29.35  82.64 124.39  83.01  68.18
    5  0.504 -0.249 -0.269 250.58 152.27  14.73 150.79 246.63 151.40  46.33
    6 -0.204  0.510  0.798  17.01  70.78  11.25  72.78  50.08  73.32  52.42
    7  0.190  0.494  0.049  44.47  75.15  16.32  76.54  62.77  75.63  59.21
    8 -0.898 -0.145  0.012  87.89 142.38 173.37 140.37  30.66 140.53  64.56
    9 -0.297 -0.920 -0.653  12.42 214.69  38.11 217.43  86.23 220.63  44.00
   10 -0.298 -0.956  0.643 162.01 228.46  31.99 229.63  17.05 227.10  69.42
   11 -0.616  0.358 -0.543 231.62  88.87  58.91  89.00 235.32  90.64  62.67
   12 -1.213  0.589 -0.354 139.67  63.81 108.53  64.19  93.62  68.96  68.50
   13 -1.144  0.320 -0.046 109.74  93.17  80.60  93.58  64.30  93.99  66.63
   14 -1.157  0.549 -0.701 167.22  68.80 163.52  69.95 130.00  69.46  70.12
   15 -0.057 -0.744 -0.649 100.05 203.63  61.78 202.98 227.55 201.90  65.71
   16  0.409  0.582 -0.258  77.39  67.75 112.15  65.80 129.52  65.16  56.46
   17 -0.612 -0.041  0.210 118.28 130.96 114.53 130.98 114.24 130.97  70.08
   18  0.788 -0.028 -0.065  79.67 128.82  72.26 130.09  41.17 130.07  65.79
   19  0.946  0.704 -0.373 253.06  56.13  82.93  55.37 138.66  51.67  56.43
   20 -0.577 -1.064  0.088  84.90 237.23  81.27 235.50 100.04 236.18  60.15
   21 -0.362  0.191  0.909  39.71 104.41  52.86 103.09  74.64 103.19  56.44
   22  0.983 -0.356 -0.182 101.80 161.13  67.76 164.66  10.33 163.89  62.62
   23 -0.518  0.994 -0.575 108.60  22.81 246.30  26.41 184.01  25.99  79.46
   24 -0.454  0.330  0.281 102.89  92.30 141.94  91.82  82.14  92.12  57.83
   25 -1.179  0.090 -0.452 135.53 117.62 193.77 118.14 189.22 117.96  72.67
   26  0.424 -1.024 -0.088  73.50 231.91  37.28 233.13  76.29 233.14  56.91
   27 -0.679  0.223  0.411 209.13  98.94 179.44  98.36 134.81  98.08  75.83
   28 -0.086 -0.772 -0.050   7.61 206.10  63.72 207.34  68.23 206.74  58.04
   29 -0.696 -0.605 -0.271  38.99 191.63  45.45 189.96  90.68 186.47  66.38
   30  0.048 -1.103 -0.381  90.95 240.91 111.24 240.16 251.85 240.12  67.39
   31 -0.484 -0.475 -0.359   5.10 177.20 172.61 175.96 135.40 176.41  47.62
   32  0.802 -0.483  0.679 146.18 177.39 124.23 177.78 139.43 180.36  84.64
   33 -0.633 -0.711  0.301 233.02 203.49  41.37 199.46  25.64 199.23  44.42
   34  0.353 -0.162 -0.274 129.48 143.59  34.94 143.36 115.32 143.63  74.38
   35  0.766 -0.425 -0.485  58.11 168.50  10.34 168.12  18.18 167.11  73.36
   36  0.142  0.116 -0.951 110.69 113.64  76.50 116.33 191.21 115.73  74.45
   37  0.831 -1.126 -0.617  42.02 236.97  28.42 240.16 113.49 240.16  62.47
   38 -0.963 -0.274  0.081  80.58 156.12  72.21 155.78  77.61 155.30  67.58
   39 -1.206 -0.805 -0.198  36.39 211.19 163.64 208.61  98.40 208.01  53.83
   40 -0.579 -1.006 -0.748  50.93 231.40 145.04 228.81 192.47 227.57  58.71
   41 -0.820 -0.005  0.396 139.50 125.42  99.71 125.41  68.53 125.28  73.81
   42 -0.575 -0.212  0.233  67.19 148.72  31.69 149.78 250.19 149.65  58.00
   43 -0.156 -0.557  0.289 242.10 184.43  83.17 182.40 164.26 180.71  51.20
   44 -0.832 -0.682  0.146 104.04 195.02 197.79 194.66 124.00 194.50  58.17
   45 -0.658 -0.305  0.571  74.78 160.40 168.51 159.00 131.73 159.27  67.93
   46 -0.850  0.678 -0.777 172.63  56.66 225.13  56.18  44.95  56.48  75.09
   47 -0.134 -0.026 -0.268 152.54 126.95  41.74 128.81  27.45 128.80  67.00
   48 -0.341  0.398 -0.103 150.10  84.06 163.80  83.96 202.88  86.83  74.69
   49 -0.024  0.143 -0.735 250.49 112.85   8.83 111.50   9.97 111.96  38.50
   50 -1.138 -0.385 -0.058 240.99 166.35 220.84 165.15 207.79 166.13  55.22
   51 -0.173  0.101  0.279 117.46 116.60  49.29 116.39  23.16 116.66  73.52
   52  0.433 -0.116  0.084 154.70 138.46 140.38 138.45 138.45 140.24  50.14
   53 -0.717 -1.095 -0.638 113.17 241.09 127.40 236.37   7.34 237.16  70.74
   54  0.899 -0.358 -0.233  38.00 161.95  20.14 164.85  32.07 164.80  91.50
   55  0.716 -0.318  0.035   7.33 159.92  58.42 160.64  34.65 160.03  49.44
   56 -0.929  0.428  0.640  96.39  81.35 113.56  81.82  78.03  83.03  67.94
   57  0.283 -0.740 -0.692  52.64 201.00  95.41 202.71  98.90 202.38  65.75
   58 -0.237 -0.743  0.669 111.00 204.26  17.88 207.20  30.39 205.41  69.05
   59 -0.334 -0.781 -0.321 155.83 208.79 103.00 207.48  71.44 206.45  72.92
   60  1.000 -0.204 -0.031 188.15 145.94 154.71 146.11  36.29 149.47  60.92
   61 -0.256 -1.001  0.424  59.96 231.97  11.30 231.81 191.97 229.94  60.17
   62  0.935  0.481  0.470  61.35  77.26  56.69  76.63 221.21  74.74  55.84
   63  0.310 -0.071  0.855  92.24 132.61 209.86 131.16 191.06 131.24  69.31
   64 -0.448  0.622  0.860 140.08  58.27 139.02  58.34 221.04  62.11  65.14
   65  0.019 -0.985 -0.444  63.87 224.56 240.56 227.23  93.01 229.04  58.57
   66 -1.073 -0.767 -0.227  71.91 208.95 156.88 203.09 135.41 204.04  76.25
   67 -0.166 -1.091 -0.328 190.27 240.82  68.10 239.13 223.30 238.69  60.80
   68  0.631 -0.110  0.922 253.67 138.18 247.74 138.43 209.57 138.74  57.38
   69  0.938  0.363 -0.901 178.37  92.05 230.63  87.91  89.34  87.40  52.00
   70  0.654  0.701  0.973 243.95  50.71 192.00  49.83 188.70  48.13  57.78
   71 -0.741  0.111  0.674  88.36 112.96 237.27 116.16  55.59 116.49  59.77
   72 -1.009  1.103 -0.832 116.78  12.00 110.14  16.79  49.36  16.92  75.57
   73 -1.144  0.161  0.136 146.81 110.07  60.00 110.77  22.73 111.12  62.46
   74 -0.320 -0.725 -0.302 139.56 203.07  28.33 199.10  47.65 201.75  72.12
   75 -0.389  0.317  0.933 188.53  92.31  42.04  92.88   6.75  93.75  54.05
   76 -0.820 -0.610 -0.712 137.59 186.99 132.29 186.16  76.78 181.88  69.77
   77 -0.078 -0.414 -0.211  32.52 169.42  39.66 167.32  43.56 166.58  61.77
   78 -0.170  1.042  0.764 148.16  14.98 226.88  15.84  28.62  16.92  76.75
   79 -0.339  0.501  0.575  79.39  71.40  17.20  72.87  66.00  74.12  73.00
   80 -0.059  0.938 -0.665 245.00  31.13 161.09  29.79 144.54  28.76  50.86
   81 -0.405  0.999  0.130  70.62  20.67  70.00  23.39  51.23  24.63  69.12
   82 -0.271 -0.138 -0.751 233.81 139.80 196.20 140.07 152.40 140.51  65.45
   83 -0.800  0.328  0.946  63.94  91.02  65.66  91.80 101.59  91.80  67.04
   84 -0.634  0.162  0.915 142.85 107.55  89.28 107.66  47.30 107.96  66.54
   85 -0.349  1.117 -0.942  17.12  13.62 142.91  15.29  25.97  15.16  58.56
   86  0.153  0.400 -0.329 120.35  84.46 132.51  84.71 143.69  84.39  56.57
   87 -0.938 -1.050  0.637 130.45 241.50  55.62 239.29 157.99 235.73  78.71
   88 -0.591  0.145  0.054 181.21 111.36 143.06 111.24 100.67 111.22  65.28
   89 -0.910 -0.958  0.457 138.35 230.55 130.21 228.77 114.17 221.41  70.51
   90  0.160 -0.961  0.179 210.69 223.47   9.87 228.56  63.73 228.96  56.00
   91  0.629 -1.132  0.802  77.74 242.61  69.42 247.31  59.76 249.93  63.73
   92  0.981  0.387  0.111 141.71  87.19  92.96  87.15 242.55  83.97  68.67
   93  0.501  0.704 -0.328 134.07  54.92 218.15  54.06 156.46  52.80  69.07
   94 -0.701  0.535  0.090   7.85  70.74  81.53  68.71  23.49  69.38  55.56
   95  0.139  0.159  0.715 117.46 110.57 115.05 110.07  86.97 110.15  63.00
   96 -0.225 -0.598  0.404 149.75 190.12 177.53 190.32  70.95 189.12  63.08
   97  0.747  0.904 -0.753 144.57  34.55 159.53  36.41 132.97  29.74  79.00
   98 -0.434 -0.521  0.008 133.18 180.10  14.60 181.58  24.10 180.40  59.82
   99  0.419 -0.451  0.492 125.38 171.19  27.38 174.68  72.90 174.59  67.67
  100 -0.159 -0.651 -0.588 180.76 193.91 104.46 191.29  48.84 191.41  55.92
  101  0.112 -0.298 -0.957 162.65 156.38 117.46 156.45  75.23 156.34  60.89
  102 -0.991 -0.188  0.497 161.57 144.80 164.50 144.87 158.49 145.06  71.37
  103  0.492 -0.619 -0.911 171.67 185.82 111.90 186.76  79.84 190.88  65.25
  104 -1.205  1.082 -0.416 192.03  12.37 197.48  16.90  59.26  19.18  68.69
  105  0.105  0.680 -0.259 209.52  57.51 179.67  56.07 227.98  55.23  64.24
  106  1.059  1.015 -0.268  71.82  25.33  90.75  22.56 251.82  19.93  66.25
  107 -0.260  0.815 -0.756 187.75  43.09 241.07  42.97  92.44  42.51  62.40
  108  1.105  0.835 -0.433  15.09  42.15 203.62  37.00  79.91  35.13  56.11
  109  0.365  0.762 -0.971 179.95  50.60 218.28  48.72 166.71  47.25  54.33
  110 -0.125  0.172  0.454  24.28 106.26  56.58 104.72  39.14 105.13  53.64
  111  0.154  1.155  0.948 129.87 250.02  23.49 252.25  73.11 250.67  71.44
  112  0.386  0.301 -0.977 227.47  96.87   9.64  95.10  17.13  95.97  52.95
  113 -0.065 -0.148 -0.136 182.56 140.26 100.97 142.16 120.28 142.21  65.80
  114 -0.583  0.972  0.347 104.98  21.57 237.10  23.91 141.63  25.21  48.67
  115 -0.784 -0.911 -0.120  75.80 223.12  74.54 221.38  29.08 215.47  73.86
  116  0.042  0.430 -0.634 169.55  83.49 149.86  83.24   8.04  83.88  84.11
  117  0.206  0.429  0.268 193.70  81.59  49.13  82.52  22.70  81.94  53.33
  118 -1.159 -1.026 -0.752 133.65 234.56  69.79 229.77 123.59 229.29  58.38
  119 -1.101  1.109 -0.243 192.06   4.93 156.05  11.89 139.64  15.56  59.67
  120 -0.786  0.455 -0.822  94.44  79.33   4.59  81.33  35.75  82.56  88.25
  121  0.706  0.997 -0.635 149.95  26.20 148.23  26.08 195.08  23.67  73.25
  122  0.380 -0.290  0.493 114.58 158.29  27.91 156.77  31.06 157.57  61.39
  123 -0.298  0.576 -0.113  14.71  65.67   4.04  67.88 228.98  67.06  60.82
  124 -0.900  0.037  0.387   4.69 123.89 132.65 124.02 148.25 123.99  55.00
  125 -0.353  0.471 -0.369 242.07  78.69 191.60  78.73  45.49  78.37  60.53
  126 -0.422  0.679  0.831 136.41  52.00 198.90  52.57 174.09  54.86  58.31
  127  0.640  0.099 -0.389 111.86 116.95 142.44 116.65 206.08 117.04  81.97
  128 -1.083  0.501 -0.126 153.13  73.53 106.38  73.62 131.35  76.49  63.31
  129 -0.761 -0.501 -0.591  79.63 179.60  78.74 176.96 211.42 177.70  79.57
  130 -0.146  0.461 -0.827  59.06  80.24 225.79  80.80  56.42  80.50  54.00
  131  0.194  0.992 -0.212 100.33  24.33  85.96  23.97 204.19  24.82  72.11
  132 -1.201  0.041 -0.667  62.27 120.17  16.73 122.66  10.05 121.50  56.56
  133 -0.862 -0.994  0.395 175.17 233.45  96.53 230.07  43.40 229.66  68.84
  134 -0.639  0.482  0.341  25.04  74.87 148.03  76.82 199.85  77.64  53.48
  135 -0.538 -0.309 -0.443 194.09 158.64 139.44 158.11 161.83 158.49  61.78
  136 -0.187  0.608  0.420 126.51  63.54 127.65  63.84 189.62  62.11  82.22
  137  0.043  0.042 -0.753  65.86 122.57  56.42 120.18  71.92 120.30  62.86
  138  0.683 -0.653 -0.531  66.49 191.73  95.08 192.31 194.50 191.60  64.77
  139 -0.944 -0.320 -0.415 205.56 160.82  73.38 159.72  85.12 159.60  68.18
  140  0.480  0.280  0.649 212.56  97.29 173.68  96.81 121.39  96.59  69.32
  141 -1.192 -0.215 -0.636 227.57 148.90 231.99 149.34  13.35 147.69  64.71
  142 -0.856  1.030  0.220 145.31  15.35  26.69  17.36 224.03  20.68  72.64
  143  0.128  0.342  0.668  19.77  90.96 222.40  91.80  30.46  89.81  34.50
  144  0.627  0.490 -0.715   8.07  77.85 227.14  77.42  84.96  76.96  55.00
  145  0.179  1.088  0.890 249.47  11.20 112.36   6.15 164.80  10.28  39.00
  146 -0.553  0.828 -0.281 144.17  37.19 142.09  42.37   7.54  40.99  72.00
  147 -0.859 -0.850  0.271  35.74 214.46   3.94 211.28 201.73 212.09  57.00
  148  0.129  0.798  0.898  79.37  41.67  42.79  36.45 234.38  40.08  71.92
  149 -0.712  0.514 -0.837  35.27  74.75  92.27  74.99 184.95  76.20  62.59
  150  0.091 -0.823 -0.647  32.58 209.63 184.49 210.26 162.44 209.69  65.23
  151 -0.101 -0.263  0.801  96.55 154.80 214.74 154.92 193.86 155.58  83.89
  152 -0.374  1.056 -0.973  69.77  17.87   5.08  17.71  26.50  20.38  65.00
  153 -0.211 -0.259 -0.661 175.13 153.65  50.56 152.27  38.49 152.14  69.34
  154 -0.459 -1.047 -0.367 155.04 236.25 101.26 233.99  23.76 230.77  67.20
  155  0.142  1.097 -0.212  73.94  14.44 107.64  13.19 103.50  13.14  61.42
  156  0.316  0.948  0.007 178.73  28.33  75.59  27.31  50.27  27.64  61.77
  157 -0.267  0.027  0.598  71.70 124.24  33.33 124.32  36.75 124.17  58.75
  158 -1.099 -0.516 -0.121  48.67 180.43 213.82 179.77 219.55 179.37  65.18
  159  0.089 -0.506 -0.405 238.98 178.53  51.11 179.06  71.28 178.53  66.50
  160 -0.451 -1.187  0.062  48.67 249.67 137.29 249.64  15.96 249.91  48.41
  161  0.842  0.744  0.714  88.74  44.96  71.40  43.17  77.53  44.03  65.28
  162 -0.849  0.912 -0.816 110.20  32.50 109.84  34.52 167.61  35.11  71.08
  163 -0.008 -1.025  0.390  75.76 235.42 172.16 234.30  89.02 234.80  62.13
  164  1.136 -0.097  0.328  47.07 136.70 161.52 135.92  12.13 136.47  64.60
  165 -0.705  0.079 -0.478 182.37 118.24  51.49 118.21  13.09 118.78  61.83
  166  0.421  0.013 -0.670 106.54 124.93  81.72 124.99  20.84 124.42  73.61
  167  0.642  1.034  0.919 154.93  16.59  93.26  16.35 136.87  14.50  67.67
  168 -0.307 -0.593  0.991 135.67 191.64  56.76 190.38  64.68 189.56  67.59
  169  0.334  0.552  0.427 109.17  68.08  97.46  68.67  96.93  69.06  68.46
  170  0.624  0.768 -0.417 220.77  44.85 102.02  46.06 121.30  46.00  61.87
  171 -1.077  0.485 -0.906 159.57  76.96  60.98  77.48  98.52  80.21  72.45
  172 -0.459  0.586 -0.571  97.92  65.00 170.37  68.45 163.07  67.58  72.38
  173 -0.161  0.621 -0.744 227.84  63.78 250.97  63.85  41.45  62.48  57.50
  174 -0.856 -0.378 -0.088  59.23 166.06 229.61 164.94 213.78 165.99  56.90
  175 -0.629 -0.770 -0.294 130.92 208.66 122.51 203.68 167.52 204.14  69.46
  176 -0.739 -0.230  0.300  58.71 151.08  68.02 150.48  55.52 150.17  68.33
  177  0.833  0.688  0.955 238.04  54.28 164.79  51.97 185.09  50.62  59.72
  178 -0.150  1.149  0.570 101.73 253.38 250.55 253.49 142.96 251.14  77.68
  179 -0.649  0.367  0.693 105.49  86.65 143.95  87.23 142.33  86.85  66.55
  180 -0.545 -0.267 -0.266 213.38 154.44 106.86 154.42 172.24 154.28  50.75
  181 -1.088 -0.079  0.204  20.68 133.44  64.16 132.53 110.98 135.95  55.39
  182  0.265  0.934  0.186 169.34  30.41 185.49  27.90  91.76  27.95  82.20
  183  0.833 -0.257 -0.025  83.81 152.78 180.09 153.88 122.13 154.44  67.33
  184 -0.200  1.116 -0.148 140.47  10.65  94.76  11.42  97.35  11.22  72.62
  185 -0.564 -1.142  0.110  17.08 247.14 225.51 244.75 134.67 241.77  56.00
  186 -0.038 -0.471  0.233  91.42 175.71 129.70 176.33  44.99 177.62  50.00
  187 -0.490  0.111  0.422  97.90 116.20 125.82 113.85 141.58 113.74  65.90
  188 -0.174  0.884  0.515  59.71  32.88 155.93  30.50 212.23  34.63  55.17
  189  0.248 -0.168  0.642  57.89 143.73 121.56 143.53  11.83 143.81  62.42
  190  0.116 -0.098  0.095  24.76 137.18  14.30 136.47 237.34 136.24  46.25
  191  0.811 -0.935 -0.046  89.14 222.79  98.13 221.49  21.86 223.28  69.38
  192  0.308  0.904 -0.631  32.54  33.79 122.27  33.28 135.75  32.83  58.57
  193  0.561  0.983 -0.449 223.35  26.20 199.79  27.24  74.57  24.92  60.67
  194 -0.745  0.250 -0.641 137.97  98.15 166.90  98.13 187.26  97.61  65.12
  195  0.970  0.472 -0.835  38.12  81.24  20.25  79.64 251.01  77.68  58.00
  196 -1.091  0.450  0.016 168.78  79.17  92.09  79.98 134.10  81.62  58.85
  197 -1.026 -0.348  0.376 210.95 164.47 202.70 161.37  48.91 160.38  64.88
  198 -1.033  0.057  0.459  58.03 120.00   7.98 119.03  30.25 119.26  94.00
  199 -0.566 -0.342  0.823 220.10 164.14  31.83 160.98 180.59 162.04  67.73
  200  1.077  0.621  0.209 132.79  60.89  80.09  61.39  70.81  60.84  61.71
  201  1.028  0.115  0.540  48.67 249.67  66.78 113.22  61.18 113.43  48.41
  202  1.056 -0.932  0.591  48.67 249.67  47.24 222.40 134.49 229.34  48.41
  203  0.089 -1.191 -0.493  92.98 249.19 227.81 246.51  59.76 249.93  58.40
  204  0.038 -0.542  0.706  17.75 183.96   6.45 182.06  59.76 249.93  55.36
  205 -0.507 -0.277  0.986  54.30 157.53  81.31 251.90  27.70 156.12  62.14
  206 -0.962 -0.683  0.035  27.65 194.11 112.16 194.39 198.42 196.22  56.11
  207 -0.445  0.031  0.177 116.08 124.00   6.71 124.07  59.76 249.93  53.17
  208 -0.926 -0.208  0.108  96.57 150.79  23.26 148.20   8.44 147.65  72.00
  209 -0.006  0.629 -0.354  45.88  60.01  42.57  59.93  59.76 249.93  53.92
  210 -0.525 -0.017  0.701  48.67 249.67 170.87 126.90 179.40 126.93  48.41
  211  0.274  1.153 -0.646 149.18   5.97 147.53  11.18  80.01   6.93  69.00
  212 -0.727 -0.481  0.161  82.85 177.77  81.31 251.90 215.30 176.42  73.24
  213  0.345 -0.787 -0.404 144.97 207.73 119.38 208.33  17.81 209.08  59.08
  214 -0.321  1.047  0.946  13.25  13.69  81.31 251.90 120.34  16.37  56.00
  215  0.561 -0.818 -0.938  48.67 249.67  94.06 208.33  26.87 209.61  48.41
  216 -0.509 -0.451 -0.064 197.53 175.37 206.33 171.62 204.41 172.69  58.67
  217 -1.122 -0.950  0.399 125.47 229.26 212.30 225.20  59.76 249.93  67.62
  218  0.014 -0.461  0.126  48.67 249.67  75.57 174.99   5.54 173.40  48.41
