    1 -0.944  0.364 -0.476  46.96  87.66  89.19  88.04  56.98  88.95  66.04
    2 -0.616  0.452  0.187 205.07  79.03  23.22  80.22  34.67  81.28  65.17
    3 -0.534 -0.605  0.453 150.05 191.88 104.44 191.63 119.17 190.59  68.00
    4 -0.496 -0.464 -0.309  75.42 172.87 132.43 172.79 135.36 174.42  58.00
    5 -0.154 -0.844 -0.718  59.61 213.63   3.87 211.60  82.68 212.23  78.59
    6 -1.213  0.313 -0.461 124.44  92.29 151.75  92.37 129.88  94.23  68.09
    7 -0.051 -0.487  0.443 127.51 178.17  94.74 176.84 237.93 178.19  71.46
    8  0.407  0.264  0.700 186.23  97.22  22.85  98.45  43.64  99.07  59.92
    9  0.328 -0.562  0.870  92.07 185.60  17.33 186.74 179.52 186.63  64.68
   10  0.619  0.273 -0.407  27.09  97.48 252.93 100.08  67.89  97.95  63.31
   11 -0.241 -0.780 -0.112 135.35 205.19  57.78 208.13   8.13 206.54  70.95
   12  0.078 -0.748 -0.321 224.08 202.58 129.55 203.30 151.14 203.89  62.91
   13 -0.522 -0.499  0.168 153.20 179.69 122.92 179.69  23.83 179.54  67.80
   14 -0.035  0.106 -0.358 235.02 116.36 201.50 116.01  96.50 117.17  60.18
   15  1.034 -0.130 -0.416  28.56 139.52  24.06 139.23  44.40 138.94  62.56
   16 -0.963 -0.040 -0.304 220.07 131.53 214.03 131.48  50.12 130.97  57.64
   17 -0.431  0.594  0.388  79.42  62.08  61.24  63.88 138.86  64.75  68.29
   18  0.507 -0.165  0.524 215.29 141.28 233.91 141.57 227.06 141.99  59.59
   19 -0.225 -0.600  0.416 186.44 191.82  92.75 190.59 232.68 189.34  66.57
   20 -0.249 -0.674  0.652 227.11 198.29  83.59 195.14 127.08 194.98  55.64
   21  0.089 -0.332  0.226 133.55 160.77 203.40 160.85 170.61 161.24  63.60
   22  0.751 -0.605  0.160 245.08 188.58 163.55 188.64 244.83 192.64  58.88
   23 -1.143  0.948 -0.890 147.96  29.15 176.62  31.35 240.27  32.59  70.33
   24 -0.343 -0.224  0.174   3.45 151.49  76.47 151.61 182.69 149.30  38.60
   25 -0.268  0.254 -0.487 161.04 100.81 191.69 100.37 212.23  99.90  52.42
   26  0.015  0.722 -0.966 203.98  55.03 218.38  53.59 211.08  51.98  61.07
   27  0.073  1.150 -0.871 187.02   9.65 150.37  12.71  16.53  10.38  66.00
   28  0.491 -0.283 -0.898  18.36 152.86 141.05 152.37 239.98 152.67  47.93
   29  0.852 -0.426 -0.921 107.29 168.91  98.70 170.45  67.87 171.42  67.29
   30 -1.060 -0.296 -0.482 150.10 156.59 245.31 152.93 219.84 156.01  63.31
   31 -0.234  0.837 -0.870  59.26  39.83  39.54  41.98  23.45  43.14  66.70
   32 -0.212  0.808 -0.655 220.84  43.46  73.41  44.60 127.86  43.96  49.25
   33 -0.211 -0.975 -0.198  77.55 227.77  51.98 225.83 122.79 225.35  63.17
   34 -0.797 -0.176  0.820 244.10 147.26 222.17 144.68 194.50 145.08  55.57
   35 -0.856  0.833 -0.059 125.84  39.10 139.43  39.44 179.28  42.96  66.95
   36 -0.002  0.482  0.081 246.32  75.79  79.78  77.40 187.74  76.17  48.00
   37  0.493 -1.095 -0.503  63.38 232.30  51.94 237.34  45.89 238.91  56.33
   38  0.582 -0.558 -0.272 176.93 183.85 179.64 184.37  24.40 185.30  58.67
   39 -0.493  0.445 -0.445 246.16  81.73 174.32  82.53 172.19  81.77  61.33
   40  0.451  0.447 -0.401  23.97  81.93  63.82  81.00 175.05  81.58  38.00
   41 -0.877 -0.503  0.126  99.04 181.21  53.22 180.01  94.14 179.54  71.17
   42  0.499 -0.545 -0.211  64.10 182.00 236.32 184.08 249.53 180.35  64.12
   43 -0.866 -0.840  0.063 241.47 217.53  73.82 215.44  17.68 213.35  73.67
   44 -1.071 -0.565 -0.070 155.16 187.09  63.74 184.67  53.15 183.64  67.77
   45  0.778  0.217  0.923 225.18 104.50   6.31 102.49 190.56 103.47  67.32
   46  0.692 -1.004 -0.614 196.11 227.67 214.42 229.20 145.48 231.75  64.12
   47  0.890 -0.358  0.179 207.94 163.06 137.64 163.09  12.22 165.22  57.62
   48 -0.031  1.106 -0.759  89.41  13.43 197.11  15.25 101.75  12.63  67.00
   49  0.384 -0.038  0.839  91.02 130.58  61.70 130.56 185.35 131.54  68.45
   50  0.829 -0.858  0.682 202.67 216.62 206.71 217.77 228.33 220.27  67.00
   51 -0.740 -1.058 -0.185 165.26 239.00 157.23 232.47 147.53 233.75  69.71
   52  0.733  1.061 -0.040 213.73  16.81  74.87  15.25 191.26  12.07  68.50
   53  0.206  1.076  0.839  25.82  13.18 201.16  10.76 198.46  11.88  55.17
   54 -1.034  0.292 -0.480  17.05  96.39 223.31  96.83  27.65  97.07  66.83
   55  0.013 -0.748 -0.907  10.73 202.21 202.52 200.15 185.51 203.38  58.67
   56  0.347  0.884  0.355  62.99  33.01  15.59  33.11 127.04  31.05  97.00
   57 -0.454 -1.083  0.382 239.92 243.19 178.47 239.76  98.81 237.25  58.04
   58  0.259  0.671 -0.567  91.36  58.88 242.08  58.90   5.00  58.13  58.96
   59  0.174  0.039 -0.733  36.40 122.51   7.13 121.34 125.24 121.41  65.89
   60 -0.591 -1.094 -0.930  85.56 239.17  55.59 237.20  57.40 235.68  65.90
   61 -0.238 -0.093  0.799 237.71 136.20 210.55 136.39  11.09 136.75  65.86
   62  0.775  1.019  0.464 204.17  19.96 125.10  16.68 141.67  15.95  66.56
   63  0.418  0.048  0.548  60.22 121.14  96.71 120.72 113.55 121.23  59.21
   64 -0.731 -0.935  0.115 156.55 225.11 136.26 225.03  54.47 223.88  65.85
   65 -0.247 -0.896  0.984 119.72 223.97 139.09 223.67 244.30 221.90  67.11
   66 -0.030  0.220  0.317 144.10 102.36 219.92 103.98  41.39 103.66  66.09
   67 -0.279 -0.665 -0.955  27.95 195.49  43.60 193.67  37.09 194.62  54.17
   68  1.108  0.586  0.346   9.31  67.41  82.83  65.71  91.10  63.60  40.20
   69  0.167 -0.807 -0.871  24.85 208.10  18.50 208.66   6.97 209.38  66.75
   70 -0.735 -0.506 -0.429  27.45 178.30 251.21 178.52  71.38 177.37  53.00
   71  1.211 -0.495 -0.576 102.63 176.97  54.13 176.33  33.30 179.67  57.00
   72  0.722  0.489 -0.329 143.53  77.97 237.95  77.40  92.80  75.21  71.43
   73  0.900 -0.157  0.127  53.52 140.52  19.43 140.23  14.40 139.92  74.89
   74  0.580 -0.202 -0.365  98.20 147.51 147.04 147.66 107.62 147.73  60.75
   75  0.140 -0.616 -0.081  74.34 191.65 206.76 191.44  50.32 191.27  61.67
   76 -0.430 -0.643  0.030 124.30 195.57 151.85 194.00  24.85 192.69  71.17
   77 -0.487 -0.862 -0.731 103.81 216.59 112.67 213.57  36.74 213.93  70.56
   78  0.478  0.957 -0.668  22.73  29.97 102.71  29.69  66.40  26.50  56.00
   79  0.077 -0.931  0.005 106.74 223.93  95.87 222.92  46.41 224.07  65.00
   80  0.846 -0.991 -0.497 147.84 224.98  13.39 228.15 104.53 228.54  75.83
   81  0.358  0.585  0.604 115.90  64.99 142.11  65.22 206.15  64.75  70.66
   82 -0.083  0.154 -0.004  54.08 107.29  34.33 107.79  38.28 108.36  66.32
   83 -0.155 -0.391  0.607  71.26 167.50  64.15 168.35  39.06 167.66  61.00
   84  0.121  1.156 -0.581  38.34   8.66 200.08   8.05 127.26   7.90  61.55
   85  0.135  0.614 -0.283  42.97  62.29  79.41  63.40  94.23  64.42  36.00
   86 -0.888 -0.365  0.345 226.48 164.91 221.38 165.73 115.33 163.17  65.42
   87 -0.049  1.119  0.899  76.81   6.10  36.91 254.09 200.23   7.84  62.38
   88 -0.126 -1.207 -0.344 244.50 252.26 101.30 250.54  18.13 251.14  54.50
   89  0.748 -0.854  0.235  33.13 214.36  38.12 215.73 198.01 216.99  59.12
   90 -1.061 -0.837  0.119 146.74 217.75  79.08 215.30 213.74 211.07  62.64
   91 -0.024 -0.854  0.214  69.02 216.98  17.59 215.54 100.44 214.90  65.12
   92  0.076  0.835 -0.628 225.77  42.07  34.65  41.11 150.43  38.54  53.94
   93  1.032 -0.291  0.175  45.14 153.13 177.53 156.69  41.52 157.85  47.50
   94  1.033 -0.533  0.182  15.55 181.68  73.65 180.46 169.58 185.27  49.56
   95 -0.178  0.774  0.099  96.75  45.45 106.83  46.46 212.87  47.02  72.00
   96  0.353  0.165  0.173  33.10 106.72  89.50 106.74  60.50 107.69  63.29
   97  0.062 -0.424 -0.818 125.93 170.74 111.81 169.90  56.42 168.47  61.77
   98  0.770 -0.076  0.716 155.97 134.77 146.71 134.73 235.17 132.40  65.42
   99 -0.603 -0.378  0.581  86.83 166.80  23.25 166.01  23.51 165.77  53.08
  100  1.088  0.726 -0.248 190.27  53.97 186.28  53.04 163.35  49.28  63.62
  101 -0.516  1.093 -0.105 247.74  13.01 213.69  14.60 184.91  15.86  43.50
  102  0.110  0.877 -0.651 185.68  36.09  94.71  35.32  29.57  37.64  70.94
  103  0.177 -0.182  0.629 206.59 145.44 181.98 145.70  12.23 146.69  62.57
  104  0.161 -0.598  0.798 213.60 190.29 142.71 191.99  79.40 191.13  69.09
  105  0.122 -0.230  0.232 142.20 151.68 228.11 151.65  80.13 151.47  69.08
  106 -0.295  1.202 -1.000  67.27 253.44  52.81   3.91 195.98   5.45  69.08
  107  0.877  0.232  0.175  97.84 102.08 100.91 102.41 110.53 102.44  65.96
  108 -0.518 -0.830  0.282  99.71 214.49 211.27 214.87 129.27 213.83  58.43
  109  0.144  0.252 -0.244  33.72 101.68 171.73 100.12 126.24  99.88  44.67
  110  0.165  0.891 -0.925  73.67  33.73  33.83  35.31 251.81  36.51  50.50
  111  0.053 -0.781  0.965 143.67 210.60  34.53 211.28  79.46 210.52  52.17
  112  0.951  0.314 -0.989  10.80  95.13 172.79  94.74 173.87  91.86  60.25
  113  0.720  0.120 -0.494 178.96 111.19 119.66 112.28 237.84 115.27  74.36
  114  0.432 -1.197 -0.620 214.01 244.96 155.04 247.72  56.88 250.68  77.25
  115 -0.889  0.828  0.344 120.51  38.51 144.78  38.90 146.46  42.83  79.89
  116  0.056 -1.013 -0.649 113.90 229.61  10.15 229.58  32.74 225.82  70.50
  117  0.674 -0.196  0.037 181.23 147.48  42.72 147.21 238.27 147.47  77.24
  118 -1.020  0.466 -0.220 232.10  78.07 209.91  78.20 100.64  78.05  51.62
  119 -0.907  0.197 -0.066  86.92 106.40 125.04 105.08 209.50 106.42  57.67
  120 -1.038 -0.114  0.252 176.37 138.91 125.24 138.96  75.01 138.86  63.33
  121 -1.123 -0.976 -0.396   3.24 230.50 101.57 225.09 155.98 224.47  50.57
  122  0.977  0.452  0.480  90.99  80.19 144.41  79.94 112.64  77.97  59.00
  123 -0.989  0.911 -0.189  87.93  29.83  12.73  33.10 123.13  35.25  63.72
  124  0.164 -0.444 -0.115 176.14 172.58  63.54 171.91 227.94 172.25  50.80
  125 -0.147 -0.088 -0.252 218.88 135.35 184.17 135.37 159.82 136.56  60.17
  126 -0.354 -0.622 -0.919  43.43 188.87 144.73 187.21 112.05 188.88  41.00
  127  0.633 -0.717 -0.309 234.44 198.76 101.75 200.12  67.85 199.44  55.20
  128  0.632 -0.711  0.682 184.79 201.01 193.27 201.89  16.13 203.44  59.70
  129  0.267 -0.323 -0.815  24.64 159.46  20.24 158.46 205.35 159.50  62.35
  130 -0.028 -0.099  0.973 150.01 138.25 113.14 137.31 112.42 137.26  60.64
  131 -1.022 -0.107 -0.472 223.42 138.31 102.75 138.23  62.88 138.13  63.17
  132  0.235  0.359 -0.985 120.44  87.66  42.30  88.32  68.56  88.97  73.36
  133  0.916  0.428  0.685  78.84  82.00   9.99  81.23 188.60  79.26  70.48
  134 -0.900 -0.798  0.062  77.75 212.77 124.68 210.43  98.57 208.67  60.62
  135  0.107 -0.947 -0.810 151.98 220.33 140.42 220.72  14.63 223.91  67.64
  136 -0.360  1.065 -0.951 179.69  16.51 204.30  18.17 203.43  20.60  58.25
  137  0.994 -0.234 -0.886  40.87 149.29 108.42 151.61  17.70 151.50  52.42
  138 -0.695 -0.450  0.683 151.00 174.21 145.22 174.14  87.76 172.65  81.96
  139  0.822  1.093  0.010 209.48  16.27 146.33  12.81 155.13  11.62  63.14
  140 -0.034 -0.786  0.160 122.75 209.68 103.30 208.94  33.85 209.52  61.06
  141  0.221  0.599 -0.569 244.61  67.17 166.39  66.10  61.97  66.40  39.43
  142  0.522 -0.066  0.792  40.10 132.49  29.40 132.35 118.54 132.36  62.50
  143  0.703  1.175 -0.415 171.55   8.29 123.00   7.84 233.61   5.19  69.55
  144 -0.230  0.966 -0.846   3.87  29.54 167.08  28.10  80.09  30.09  61.03
  145 -0.615 -0.538  0.207 181.88 184.93  67.38 184.18  62.74 179.79  68.90
  146  0.731 -0.317 -0.261 238.61 157.88 236.17 158.67  29.79 160.84  49.60
  147 -0.314 -0.916 -0.139  46.44 218.09 216.67 219.79 166.66 221.52  61.40
  148  0.559  0.724 -0.004 194.49  52.41  94.33  49.84  86.47  50.38  49.86
  149  0.715  1.154 -0.505 129.47  10.43  98.78   8.05  80.16   5.29  73.45
  150  0.236 -1.133 -0.232 208.34 243.37  16.56 240.73  60.18 240.94  51.50
  151 -0.386 -1.190 -0.448 149.24 249.39 207.40 247.10 146.03 245.95  60.21
  152  0.854 -0.004  0.916 165.20 128.23 223.83 124.69 199.08 128.17  68.00
  153 -0.174  0.509  0.194  11.73  73.21 244.88  66.51 157.40  66.68  61.69
  154 -1.193 -0.800  0.103 203.74 213.57  71.65 211.23  80.11 207.39  58.18
  155 -1.058 -0.408 -0.864 150.13 169.83  34.74 166.63 191.67 166.62  71.14
  156 -0.552 -0.809 -0.329  58.76 210.74 145.05 209.39 163.62 210.32  57.50
  157  0.115  1.055 -0.943  72.67  19.72 210.22  20.51   9.51  20.13  62.50
  158  0.931  0.035 -0.313 199.66 123.20 172.64 123.15 133.16 123.12  66.13
  159 -0.813 -0.627  0.104 136.13 191.91  71.77 192.25  99.22 192.35  69.42
  160 -0.697 -0.789 -0.675 114.36 209.66 136.27 205.02 135.19 205.49  70.10
  161  0.158 -0.568  0.009  96.81 185.05 188.11 185.58 205.10 185.61  71.79
  162 -0.336  0.929 -0.984 157.65  31.87 164.83  35.17 133.99  34.41  65.21
  163 -0.268  0.757  0.376 222.16  46.53 109.73  47.60  85.12  48.47  58.34
  164  0.151 -1.208 -0.175 211.10 252.82 115.35 252.02 117.69 252.17  66.05
  165  0.039 -0.415  0.812 203.87 170.94 165.53 171.51 116.39 171.85  63.33
  166  0.757 -1.137  0.154 152.86 244.55 152.54 244.95 137.94 248.59  72.88
  167 -0.371  0.380  0.360 125.63  85.58  38.56  85.15 233.84  86.37  56.33
  168 -0.965  0.307 -0.954 203.18  95.01   4.47  96.32 239.59  95.80  66.25
  169  0.348 -0.404  0.808  11.28 170.59 134.54 170.98 152.35 171.30  54.89
  170  0.281 -1.010 -0.157 121.12 231.40 198.41 230.09 212.23 231.96  70.56
  171  0.451  0.634  0.629 195.06  60.56  32.98  60.19 179.59  59.82  60.00
  172  0.820 -0.031  0.171   8.96 129.27 190.71 128.74 230.76 130.68  57.16
  173 -1.193 -0.747 -0.125 107.69 203.91 195.77 204.17 157.30 201.28  65.55
  174  0.806 -0.841 -0.210 183.51 211.93 133.92 212.50  58.53 214.27  61.50
  175 -1.010  0.096  0.003 121.72 117.29 140.49 117.28 124.40 117.34  56.65
  176 -0.628 -0.424 -0.200 115.37 171.17 213.65 170.99  78.18 169.62  63.61
  177 -1.104 -1.113 -0.694 113.64 243.62  68.99 237.90 212.48 236.70  76.41
  178 -0.528  0.805 -0.009  86.97  42.99 135.93  43.57  42.41  43.59  52.92
  179  0.258 -1.149  0.038  13.07 244.68 247.95 245.72 179.74 241.77  60.06
  180 -0.635 -0.023  0.235 167.57 129.25 220.27 128.64 202.19 129.17  71.83
  181 -0.547 -0.002  0.450 210.56 124.79 145.82 124.31 230.60 128.04  52.43
  182  0.970  0.795  0.262  54.46  44.53 104.79  44.20 234.23  40.87  69.33
  183  1.128  0.754  0.218  19.00  48.47  92.95  47.91  69.08  45.67  59.62
  184  0.179  1.144 -0.769 114.42  12.04 140.49  10.89 148.71   9.84  64.00
  185 -0.641  1.000 -0.191 115.47  21.90 139.74  22.53 161.51  21.38  63.40
  186  0.785  1.026 -0.408 227.99  22.79  92.24  21.60 169.94  18.39  65.84
  187  0.117 -0.888  0.021  62.85 217.84 198.34 217.93 176.09 219.59  65.17
  188  0.594 -0.005  0.347 107.53 128.46  70.41 128.45  49.35 128.60  71.22
  189 -0.216  0.079 -0.398 182.44 118.32 224.04 118.94 162.37 118.74  80.60
  190  0.067  0.655  0.238 181.94  57.02 206.51  56.12 205.84  58.95  71.25
  191 -1.040 -0.762  0.399  51.74 210.06   4.99 205.49 147.87 205.19  57.64
  192  0.113  0.104  0.758 185.49 116.08 223.07 115.49 240.73 115.61  66.74
  193 -0.333  0.402  0.413 229.30  84.45 246.33  83.35 234.37  82.28  44.86
  194  0.312  0.766 -0.505 110.45  48.14 246.49  49.25 220.82  49.06  78.09
  195 -0.316  0.073 -0.991 112.08 119.48  59.50 119.59 111.83 120.20  61.69
  196 -0.480  0.502 -0.721 132.23  74.74 150.67  67.44 194.51  76.97  66.00
  197 -0.943 -0.354  0.680 233.39 164.32 248.59 163.79 192.97 161.66  39.67
  198 -0.479  0.637 -0.465 129.95  60.84 187.27  60.38 251.00  60.00  35.75
  199  0.710 -0.674  0.703 102.42 195.98  72.72 195.87  12.19 197.52  74.82
  200 -0.229  0.926  0.679   9.05  28.54  17.49  27.92 184.36  29.55  53.97
  201 -0.741  0.801 -0.486  91.83  43.32 239.08  44.89 121.74  46.32  63.62
  202  1.175 -1.142 -0.168 228.99 241.22  80.36 242.41  98.51 249.27  46.31
  203 -0.317 -0.467  0.411  78.47 177.22  77.34 175.86  83.62 175.45  72.17
  204  0.365  0.941  0.616 132.59  28.90  62.20  25.15 119.73  21.63  54.00
  205 -0.670  0.643 -0.988 205.89  61.74 176.27  60.73 133.04  60.10  60.80
  206  0.418  0.316  0.633  35.79  90.00  32.07  91.12  51.25  91.77  60.36
  207 -0.903  0.888  0.161  41.98  31.65  26.33  34.36  36.07  36.33  54.36
  208 -0.702 -0.317  0.592 195.28 160.37 155.17 160.75  11.81 158.46  67.42
  209  1.150  0.436 -0.312 249.34  83.81 225.94  82.54  53.68  81.69  62.29
  210 -0.670 -1.196 -0.017 147.52 252.89  18.01 250.79 179.93 249.57  84.53
  211  1.217  0.119 -0.311 132.90 112.24 143.84 252.84 244.06 115.16  67.79
  212  0.385 -1.199  0.043  88.59 251.41  58.71 252.54 195.84 252.35  64.76
  213  0.790  0.485 -0.143 191.74  78.73 128.05  78.02 195.84 252.35  68.79
  214 -0.518 -0.627  0.813  88.30 195.39 100.37 194.85 179.21 192.69  61.50
  215 -0.334 -0.479 -0.852  83.58 176.66 143.84 252.84  26.81 175.26  66.35
  216 -0.861 -1.187  0.535 147.52 252.89 143.84 252.84 234.50 250.41  84.53
  217  1.231  0.278 -0.657 204.84 100.48  31.59  97.50 195.84 252.35  68.60
  218 -0.694 -1.040  0.235 235.07 237.01 133.95 230.87 202.08 232.51  50.00
  219 -0.298  0.070 -0.637 105.92 120.07 143.84 252.84  26.76 118.86  95.25
  220 -0.381  0.211 -0.504 150.07 105.08 212.07 104.88 195.84 252.35  73.69
  221  0.244  0.638  0.821 155.85  59.82 143.84 252.84 160.63  59.19  62.38
  222 -0.261 -1.183 -0.123 167.43 249.47  88.96 249.64 195.84 252.35  96.07
  223 -0.488 -0.220  0.557 147.52 252.89 187.65 148.87 176.55 149.00  84.53
  224  0.881  0.727 -0.372  33.81  53.63 160.02  50.28 226.10  51.23  61.58
  225  0.178 -0.063 -0.014 208.35 132.27 169.48 132.34 195.84 252.35  60.50
  226  0.151  0.451  0.765  74.86  80.11 202.34  78.07 195.84 252.35  55.46
  227  0.677  1.114 -0.548 109.22  15.77 135.60  12.81 160.81  11.45  69.15
  228  0.774  0.714 -0.705 226.54  55.35 240.15  53.61 195.84 252.35  56.38
  229  1.232  0.870 -0.583  71.18  39.15 143.84 252.84  29.85  35.58  66.47
  230  0.634 -0.009 -0.762 253.34 128.61 143.84 252.84 160.11 128.68  53.56
  231 -0.844  0.390 -0.413  20.96  85.04  93.40  85.95  69.44  86.17  48.67
  232  0.603  0.001 -0.755 128.40 124.40 143.84 252.84 245.83 125.34  76.16
  233  1.293 -0.603 -0.221 204.66 187.83 143.84 252.84 131.68 192.39  63.64
  234 -0.581 -0.533  0.253  31.46 184.77  36.74 180.77 195.84 252.35  46.14
  235 -0.785 -0.621  0.535 108.84 193.05 143.84 252.84  39.50 192.47  64.97
  236 -0.328  0.758 -0.003 128.25  47.13 100.02  48.47  77.17  49.07  63.83
  237 -0.340  0.773  0.008 147.52 252.89  52.72  46.51  69.07  47.80  84.53
  238 -0.241  0.938  0.362  63.39  25.20 143.84 252.84 125.54  27.57  61.62
  239  0.673 -0.862  0.055 216.41 216.15 125.78 217.66 195.84 252.35  67.00
  240 -0.891  0.428 -0.803 165.35  82.82  77.92  82.84 195.84 252.35  68.17
  241  0.886  0.759 -0.629 149.24  50.43 143.84 252.84  96.07  47.87  56.33
