    1 -1.047 -0.336 -0.420 201.76 159.68 237.14 158.50 251.06 160.69  68.13
    2  0.247 -0.052 -0.695 102.84 130.78 108.68 130.81 119.21 130.78  61.71
    3  0.269 -0.408  0.654 225.72 170.12 203.58 171.00  83.81 171.72  65.00
    4  0.919 -0.014 -0.469 142.32 128.10 233.39 128.73 172.11 128.77  75.70
    5  0.814  0.677  0.382  36.15  57.30  36.32  53.78 128.44  53.09  59.85
    6  0.835  0.767 -0.090 220.13  48.23 106.74  47.86 245.24  45.41  68.84
    7 -0.447 -0.858 -0.595 113.86 216.69 171.41 212.55 185.69 214.09  68.44
    8  0.009  0.011  0.352  49.39 124.45  24.93 124.55  27.13 124.64  60.47
    9 -1.213  0.202 -0.615  35.23 106.08 221.63 105.86  68.92 106.42  35.75
   10  0.711 -0.230  0.754 228.44 150.81 138.72 152.50  86.14 152.43  49.08
   11 -1.188  0.657  0.171 122.48  55.61  78.60  58.28 232.98  60.72  73.00
   12 -0.931 -0.090 -0.257  11.43 134.68 153.19 133.52 112.88 132.38  53.14
   13 -0.603  0.295  0.194 204.47  95.15  38.99  95.22  65.48  95.70  73.37
   14  0.323 -0.110 -0.645 191.66 137.84  32.48 137.52 104.08 137.48  65.80
   15 -0.121 -0.412  0.542 216.23 170.48 250.24 171.42   8.49 170.30  59.88
   16  0.562  0.842 -0.703 230.24  41.52  35.81  39.45 120.21  39.29  52.56
   17 -0.994  0.036  0.028  63.73 122.05  79.41 122.07 106.06 122.11  61.50
   18 -0.796  0.359 -0.337  26.45  87.39  85.55  87.57 242.86  91.38  51.33
   19 -0.835 -0.855  0.134  77.60 216.88  25.30 217.23  98.84 214.91  67.19
   20  0.795  0.156 -0.386 130.99 111.47  28.09 109.97 227.06 110.35  65.25
   21 -0.436 -0.376  0.609 152.52 164.29 207.95 162.75  58.39 163.75  65.24
   22 -1.014  0.883  0.540 179.22  28.39 248.03  32.99 217.89  36.65  73.65
   23 -0.177  0.823 -0.825  65.43  44.29 107.21  44.45 211.52  41.81  55.88
   24  0.023  0.546 -0.897 190.39  71.39 165.38  69.96 169.75  69.09  47.00
   25  0.710 -0.403  0.553 124.14 168.58  81.93 168.22  52.82 167.68  69.76
   26 -0.065 -0.996  0.949 121.07 234.42 149.22 231.89 154.30 233.01  56.33
   27  0.065 -0.692  0.491 105.43 199.21 205.63 199.56  35.83 200.96  74.92
   28  0.273  0.128 -0.193  37.81 113.26 249.06 114.03  58.65 113.88  58.50
   29  0.365  0.573 -0.549  96.05  66.69  86.34  68.36 224.43  67.92  59.56
   30  0.580 -0.704  0.797  32.94 201.57  52.43 202.14 123.02 202.94  51.77
   31  0.206  0.875  0.818  26.64  33.54  66.37  32.71 215.17  32.89  53.00
   32  0.919  0.873 -0.464  96.36  37.87  13.97  36.55  69.18  33.88  58.56
   33 -0.017 -0.188 -0.177 237.52 145.55 234.26 146.00 202.91 146.48  59.62
   34 -0.430 -0.637  0.218 222.85 194.06 121.42 191.31  84.60 191.39  53.53
   35 -0.409 -0.518 -0.221  84.75 180.66  50.51 180.74 213.23 180.80  58.38
   36 -1.149 -0.853  0.182 156.22 217.27 116.25 217.25  11.84 214.75  72.26
   37  1.013 -0.170  0.191 231.19 144.97  63.93 145.35 213.02 145.13  64.20
   38  0.070  0.264  0.116 188.59 100.20 150.99  99.96  54.57  97.88  51.14
   39  0.228  1.026 -0.817 202.52  23.15 211.46  23.75   8.76  22.58  69.19
   40  1.092  1.112 -0.482  27.94  15.90 167.97  12.79 103.10   9.90  78.25
   41 -0.157  0.187 -0.413 215.61 106.34  89.93 106.07 250.38 107.66  68.27
   42  0.329  0.500 -0.534 108.91  73.02 216.32  70.60   6.95  69.42  69.91
   43 -0.306  1.016 -0.987 130.10  24.74 198.49  25.87  77.97  25.87  66.82
   44  0.882 -0.505  0.125 220.73 178.24  70.82 179.79  87.88 181.28  59.85
   45 -0.556 -0.499 -0.130 179.55 178.58 211.99 179.26 183.23 176.98  52.00
   46  0.320 -1.083 -0.951 175.82 235.75 163.13 236.53 141.02 237.58  74.25
   47  0.361  0.964  0.160 197.70  27.31 208.19  26.90 159.01  26.37  67.07
   48  0.882 -1.125  0.696 180.78 243.87 176.91 245.04  99.74 248.79  70.00
   49 -1.148  0.828 -0.808 203.66  40.74 226.02  44.32  73.82  45.16  65.24
   50  0.251 -0.817 -0.206 146.76 210.84  95.68 209.26  87.57 210.35  77.14
   51 -0.239  1.088 -0.876  44.66  16.80 242.98  16.85   8.36  18.33  57.57
   52  0.683 -0.471 -0.799 251.87 174.27  29.49 172.10  52.75 175.30  52.22
   53  0.097 -0.225  0.980 220.90 150.42 248.06 150.21 187.51 150.68  66.57
   54 -0.810 -0.574  0.184 135.88 188.68 150.91 186.15 161.96 185.97  70.64
   55 -1.014  0.250 -0.413  20.30 100.72   5.30 100.47  26.15 101.17  49.00
   56 -1.203  0.272 -0.399 137.57  95.70  65.18  97.44 106.87  99.92  57.71
   57  0.597  0.342 -0.378  49.45  91.55  46.66  91.46 131.84  91.96  61.67
   58  0.136  0.444  0.247 131.21  80.05 157.37  80.19 184.11  81.13  36.50
   59 -0.702 -0.531 -0.336 115.06 182.76 102.20 182.16  43.20 181.22  67.71
   60  0.815 -0.311 -0.282  47.96 158.62 160.16 155.03 183.65 159.19  49.00
   61  0.830 -0.696 -0.143 135.72 195.90  75.09 198.33 188.01 201.13  67.07
   62 -0.616 -0.545  0.721  20.33 186.11 188.71 185.50 129.14 182.28  61.00
   63 -0.913  0.326 -0.410 202.60  92.87 189.33  93.27 184.82  92.59  63.58
   64  1.124 -0.531  0.238  35.48 182.24  71.04 182.27  18.64 183.98  57.80
   65 -0.391 -0.727  0.827  97.04 206.55  52.93 205.34  29.95 203.68  61.88
   66  0.678  0.989 -0.083 115.30  26.95 123.44  24.55 239.11  23.51  76.00
   67 -0.554 -1.095 -0.794 171.40 240.58 233.62 237.29 119.39 236.97  68.40
   68 -0.277 -0.126 -0.856 144.85 139.34 160.99 139.35 147.34 140.39  69.76
   69 -0.098 -0.901 -0.032  40.32 220.27   8.08 217.50  19.12 218.86  64.09
   70  0.288 -1.083  0.125 129.96 239.14 120.53 239.00 113.18 238.59  85.60
   71 -0.418  0.427  0.368 156.01  82.37 186.62  82.21  90.27  81.41  47.25
   72  0.249  0.493 -0.253 118.39  74.23 130.53  73.45 151.65  72.97  38.00
   73  0.983 -0.495 -0.167  12.84 177.77 152.88 177.30  82.80 180.22  54.78
   74  0.187  0.722 -0.923 200.83  52.34 115.66  53.38 122.43  53.00  61.00
   75  0.170 -0.874 -0.765  87.09 215.89 217.23 215.49 133.22 216.48  66.42
   76 -0.053 -0.864 -0.582 209.32 213.90  82.93 215.36   7.58 214.99  62.89
   77 -0.324 -1.180 -0.336  73.72 247.11 232.03 245.80 181.64 248.55  68.84
   78 -0.432 -0.978  0.327 161.94 228.60 142.62 228.95 107.22 228.91  52.33
   79 -0.884  0.327 -0.713 179.03  93.63 216.72  94.39 207.51  93.48  70.00
   80 -1.004 -0.888  0.205 144.10 221.69  41.11 217.48 160.04 217.41  65.59
   81 -0.837  0.563  0.862 132.44  66.23 101.64  66.51  94.76  68.68  71.23
   82  0.551  1.014  0.324 176.11  20.70  52.80  19.59 124.28  18.43  67.57
   83  0.863 -0.846 -0.196  29.21 211.01  77.41 214.48  79.61 216.90  66.25
   84 -1.144  1.158 -0.816 236.27 254.14 155.57  10.07 226.63  13.26  63.18
   85  1.022  0.572 -0.376  88.05  67.46  38.35  67.79 102.81  66.76  62.25
   86 -0.681 -0.774 -0.552 116.97 208.07 163.41 206.22 138.55 204.57  70.79
   87 -0.240 -0.637  0.442  49.27 194.88 149.70 193.10 101.73 193.14  51.00
   88 -0.994  0.432 -0.178 238.05  81.95 246.87  82.26 118.81  81.55  66.81
   89  1.004 -0.947  0.278 130.48 222.13 163.48 221.88 119.49 229.36  73.84
   90 -0.725 -0.707  0.166 253.49 201.75 213.95 200.15  58.18 197.07  73.22
   91  1.113  1.081 -0.198  86.33  17.51   2.94  15.47 234.86  11.09  65.33
   92 -0.963  0.879 -0.141  11.14  32.60  20.73  34.59  29.33  38.70  54.58
   93  0.287 -0.933  0.895 240.36 225.20  44.83 223.29  12.43 225.90  63.78
   94  0.307 -0.257  0.049 159.13 152.82 204.36 152.86 152.72 153.21  64.38
   95 -0.364  0.210  0.365  31.45 101.89  94.48 104.43  71.70 104.65  64.50
   96  0.565 -0.535  0.752  63.47 183.93  56.26 182.70 211.86 185.59  72.75
   97  0.349 -0.927 -0.727  68.45 219.53  23.12 221.22  39.89 221.44  70.68
   98  0.469 -1.126 -0.048 187.18 242.62 241.35 244.67 220.74 243.09  65.97
   99  0.275 -1.017 -0.670 201.97 227.39  14.40 229.59 198.74 230.35  64.52
  100  1.017  0.075 -0.945 232.88 115.99  36.27 116.08  39.27 115.98  69.42
  101  0.203  0.792 -0.660 216.50  45.88 223.96  46.61  46.54  46.62  55.88
  102 -1.001 -0.154 -0.410  83.49 141.11 250.14 142.95 188.12 143.35  71.62
  103  0.267  0.167 -0.885 243.84 108.99 112.20 109.17  61.47 110.28  68.25
  104 -1.181 -0.772 -0.035 115.09 210.30  79.26 207.37  47.97 205.16  92.36
  105 -0.662 -1.047  0.165  70.88 238.98 160.24 236.77 100.97 233.40  45.08
  106  1.139 -0.720  0.315 165.55 201.23 102.46 202.83  76.80 206.11  67.20
  107 -0.249 -0.334  0.887 223.36 162.10  21.27 162.58   8.76 162.93  60.33
  108  0.747 -0.689 -0.085 109.52 195.78  72.13 197.90  44.91 200.85  68.53
  109  0.448 -0.474 -0.709 105.53 174.42  59.73 173.75  25.26 176.07  54.89
  110  0.402  0.628  0.343 240.06  59.19   4.09  59.53 199.11  59.73  56.43
  111 -0.873  0.707  0.356  21.78  51.23  95.96  53.03 167.27  54.93  56.43
  112  0.334 -1.037  0.137 224.84 234.76 121.24 235.75  41.92 236.51  61.33
  113  0.513  0.365  0.621  88.26  86.78  13.86  86.89  93.01  87.63  72.39
  114 -0.588 -0.013  0.829  37.67 128.71 139.65 128.15 133.94 127.89  55.18
  115  0.924  0.788 -0.056  62.88  47.84 110.53  45.46 193.38  41.38  67.86
  116 -0.847 -0.463  0.392 173.57 177.09 173.55 176.15  33.40 172.87  74.90
  117  0.936 -1.095 -0.500 165.48 236.12  15.73 238.97 137.38 242.25  67.60
  118 -0.154 -0.229  0.832 188.07 152.28 184.80 150.27 134.10 151.10  67.00
  119  0.156 -1.031  0.277 171.98 235.33  17.72 236.40  50.47 235.96  65.11
  120  0.110  0.002 -0.211 210.89 127.22 179.56 127.29 120.68 126.45  75.56
  121 -0.644 -0.427  0.633  93.34 172.95 115.42 171.96 200.16 171.91  50.29
  122 -0.693 -1.125 -0.085 234.61 244.66 199.12 244.04 215.97 240.47  50.50
  123 -0.463 -0.747  0.489 204.78 206.56  86.30 206.25  13.54 206.15  66.00
  124 -0.169 -0.797 -0.825 184.91 208.17 169.17 207.64 121.75 208.19  58.00
  125  0.903  0.216 -0.123 121.25 105.89 249.15 103.00  42.79 103.18  71.88
  126 -0.124  0.739 -0.624  73.17  52.09 171.04  51.36  70.99  52.27  66.73
  127  1.107 -1.139 -0.430 152.00 240.97 178.28 241.57 193.89 246.80  92.75
  128 -0.831  0.757 -0.025  93.50  44.38 148.81  48.08 155.34  50.42  66.80
  129  0.305  1.030  0.506 134.70  18.46 149.03  18.79 157.97  17.74  66.38
  130 -0.478  0.674 -0.005 105.83  52.67 146.97  55.90 254.18  58.26  62.17
  131 -0.342  0.887 -0.920  46.20  34.94  28.84  37.49 164.07  38.67  58.77
  132  1.152 -0.167 -0.269 110.91 143.94 207.04 144.75  50.34 144.90  54.83
  133 -0.585  1.118 -0.041 218.29   7.76  13.11  11.70  98.49  12.51  51.46
  134 -0.418  0.399 -0.375 223.72  83.54  25.72  83.67 247.17  86.43  54.51
  135 -0.776 -0.524 -0.925 223.59 179.81 229.65 179.34 125.72 177.61  72.33
  136 -0.198  0.787  0.618 163.65  43.75 185.05  43.18 203.58  44.37  65.63
  137  0.174  0.759 -0.628  61.08  49.81  42.07  49.65  85.02  48.28  88.20
  138 -1.109 -1.090 -0.600 252.95 242.54  59.06 237.70  72.44 234.95  64.38
  139 -0.256 -0.740 -0.792 224.23 202.27 135.12 201.47 224.28 201.97  64.62
  140 -0.123 -0.780  0.445  94.41 209.45 218.81 209.23  84.74 208.70  70.67
  141  0.201 -0.086  0.771 136.21 133.50 127.28 132.37 164.41 133.56  66.43
  142  0.903 -0.808 -0.919 136.94 206.74   5.81 208.34 131.91 208.77  65.38
  143 -0.277  0.591  0.152 205.40  64.03  99.73  64.30  92.37  66.75  55.67
  144 -0.997  0.182 -0.860 110.63 108.97   5.20 107.76 117.59 109.16  67.24
  145 -1.023 -0.199  0.287  94.75 145.67 210.14 146.03 216.20 146.50  68.39
  146 -1.048 -0.605  0.014 191.36 192.48 104.15 188.46  85.19 188.29  50.20
  147 -0.613 -0.162  0.278 184.18 145.25  25.91 143.98 239.28 143.38  71.33
  148  0.200 -0.604  0.829  34.92 190.74  19.35 191.05 245.16 190.58  46.14
  149  0.027  0.996 -0.798 192.57  25.24 138.20  27.45 125.82  26.50  77.36
  150 -0.410  0.586 -0.402 134.69  66.44 117.03  66.67  81.19  66.94  72.67
  151  0.974 -1.103  0.652  60.59 240.97  56.55 244.70 160.66 246.66  60.80
  152 -0.894  0.144 -0.554 195.95 112.51 209.57 112.27 107.06 113.09  66.24
  153 -0.191 -1.017 -0.058   7.12 232.57 156.05 231.27 165.99 232.55  51.14
  154  1.086 -0.597 -0.789 133.97 185.37  43.52 188.24  23.03 189.58  69.06
  155 -0.534 -0.664  0.257 203.65 198.44  83.21 195.02  68.90 194.30  66.30
  156  0.945  1.014 -0.989 112.86  27.28  78.65  25.93 209.43  21.54  76.79
  157 -0.261 -0.538 -0.967 249.06 182.39 220.28 180.92  66.66 181.99  58.91
  158  0.693 -1.132 -0.386 221.13 242.07 158.33 241.33 193.53 243.87  62.94
  159 -0.709 -0.725  0.574  13.50 205.25 190.43 203.70 252.13 202.20  57.71
  160 -0.107  0.591  0.095 117.15  65.89 103.75  66.51  90.98  64.54  68.29
  161 -1.113  0.893 -0.287  66.71  32.21 150.39  34.37   4.71  37.21  62.24
  162  0.213  0.265  0.732  92.46  96.91 115.62  95.80  97.03  95.91  63.36
  163 -0.190  0.692 -0.818  96.61  57.28 214.07  56.87  13.60  55.89  64.50
  164  1.007 -0.405  0.250 242.94 164.64 101.51 164.24 160.31 171.71  52.48
  165  0.253  1.096  0.917  85.35  10.32 237.75   5.68  43.60   5.78  73.64
  166 -0.799 -0.910  0.129  55.05 223.69 118.10 221.77 202.91 217.70  64.95
  167 -0.009 -0.040  0.058 118.41 129.72 221.98 129.67 218.18 129.70  72.67
  168  0.131  0.885 -0.975  75.36  37.76  93.96  39.32 251.65  36.77  62.88
  169  1.015  0.645 -0.632 190.03  62.89 251.80  61.61 173.83  59.32  70.91
  170 -0.486  0.061 -0.877 193.57 120.90 230.13 120.77 244.24 120.51  52.73
  171  0.755 -0.327  0.394 241.70 158.67 212.02 160.21  40.20 161.84  55.78
  172  0.835 -0.508 -0.904  77.02 178.19  38.95 177.13  71.44 179.20  68.73
  173  0.382 -0.742  0.753 170.82 206.14  59.02 206.97 144.41 206.29  70.96
  174  0.721  0.073 -0.926 239.14 117.29 244.00 119.79 202.87 119.58  52.14
  175 -0.121  0.310  0.207  32.90  94.25  34.89  94.97  51.29  95.54  53.77
  176  0.823  1.029 -0.561 170.09  24.89 172.24  20.74 127.59  18.76  61.46
  177  0.099  1.005 -0.911  76.21  24.96 222.68  26.83 181.42  23.82  62.66
  178  0.436 -0.115  0.222 200.26 138.13 235.61 138.27 247.11 138.64  51.57
  179  0.235 -0.467  0.303 170.43 175.20  20.63 176.17 207.97 176.87  72.56
  180 -0.113 -0.835  0.664 126.93 216.74 145.45 216.41  36.60 215.70  64.32
  181 -0.064 -0.593  0.650  72.68 189.57 165.01 188.97 149.59 189.68  66.42
  182  0.622 -0.211 -0.004 132.27 147.71  20.80 149.16  14.24 148.66  58.50
  183  0.863  0.330 -0.319  41.05  94.05 173.51  92.28  58.54  92.01  61.11
  184 -1.108 -0.986 -0.280 113.57 232.27 159.20 228.71 174.76 223.32  65.60
  185 -0.153 -0.583 -0.146 111.62 187.29 107.70 188.39 124.48 187.24  65.08
  186 -0.617 -1.175  0.279 198.41 252.14  95.02 249.21 234.37 248.59  55.62
  187  1.069 -0.100 -0.886  44.86 137.80 149.82 137.51  43.75 137.33  65.50
  188 -0.538 -0.507  0.622  94.85 182.37  86.11 181.66 225.75 180.68  71.24
  189 -0.887  0.120 -0.043 235.77 114.07 239.06 114.29 187.33 113.93  40.15
  190  0.662  0.467  0.003  46.01  79.76 161.74  77.38 165.96  76.64  37.00
  191 -0.192 -0.025 -0.538 203.42 129.63  65.18 129.64  30.35 129.62  55.43
  192 -1.068 -0.475 -0.792 153.50 175.91 197.05 175.69 115.09 171.92  69.11
  193 -0.887  0.784  0.183   4.80  41.86  12.64  44.93 196.36  46.94  58.95
  194 -0.275  0.616  0.007 158.77  60.60 170.56  62.09 139.53  61.50  55.67
  195  1.020 -1.055 -0.147  27.34 232.89 144.62 236.54 180.25 238.54  63.86
  196  1.013  1.149 -0.847 140.20  12.66  67.58  12.32 221.28   4.81  73.40
  197  0.426  0.338  0.602  23.27  90.91 182.86  89.45 139.13  89.03  51.43
  198 -0.748  1.076 -0.741 197.33  14.76 160.60  19.05 154.08  20.14  94.27
  199 -0.074 -1.068 -0.104 203.78 237.84  72.40 238.62  96.90 237.96  57.23
  200  0.402  0.723  0.610  76.60  51.86 145.88  51.31 181.89  48.28  52.83
  201  0.487  1.149 -0.749  40.29  11.90 118.41  12.20 240.61   8.85  53.69
  202  0.882 -1.167  0.103 246.76 245.27 222.43 248.41  49.78 249.79  61.50
  203 -0.600  0.926 -0.173 186.01  28.21 165.98  27.52 225.27  30.88  57.22
  204  0.137 -0.961  0.230  71.65 225.33 233.69 227.69  29.43 227.24  52.00
  205 -0.313 -0.778  0.080  57.61 208.78 111.35 208.53 146.56 207.69  67.33
  206 -0.320  0.226  0.396 151.34 100.78  24.65 102.66 206.15 102.27  73.34
  207  0.949  0.815 -0.205 146.60  44.29 141.36  39.72  36.43  39.39  60.67
  208  0.355 -0.583 -0.031 205.34 187.26 237.72 188.43 121.82 188.73  57.64
  209 -0.282  0.149 -0.427 247.04 111.62 155.09 111.54 203.53 111.87  44.83
  210 -0.494 -0.838 -0.221 155.20 212.21 154.10 212.46 232.64 211.81  76.03
  211 -0.741 -0.248  0.861  43.83 154.71 111.78 152.83  69.22 152.65  52.31
  212 -0.323  0.750 -0.934 132.37  51.20  57.61  51.34  43.26  51.12  73.05
  213 -1.214  1.046  0.014 155.26  12.95 104.18  19.04 129.77  21.07  64.24
  214  0.583  0.460 -0.953 162.42  81.85 160.46  80.70 240.12  78.97  69.20
  215 -0.087  0.017 -0.327 208.20 124.40 179.47 123.85 135.97 123.66  36.64
  216  0.389 -1.204 -0.134  98.46 250.78 220.17 250.00 193.66 252.85  68.41
  217  0.338 -0.754  0.002 175.37 204.48 248.05 203.92  55.21 206.27  71.92
  218 -0.692  0.752 -0.427 133.78  47.86 237.17  50.10 129.24  50.68  72.21
  219  0.277  1.053 -0.082 230.73  19.51 223.19  16.59  94.56  14.34  66.90
  220  1.033  0.438  0.221  41.80  82.37 142.52  81.71 113.19  80.48  62.17
  221  0.808 -0.174 -0.713  32.69 144.47 246.70 145.41 233.00 145.99  62.67
  222  1.006  0.135  0.354  98.79 112.92  37.32 113.65 199.56 113.69  69.00
  223 -1.181  1.080  0.170   8.79  11.03 149.40  14.35 243.95  14.65  55.54
  224  0.223 -0.567 -0.694 233.68 184.45 246.13 183.95  32.26 185.39  48.50
  225  0.185  0.462 -0.106  25.00  79.06 197.04  79.72 176.60  78.86  51.53
  226  0.481  0.040  0.623 168.91 121.01 200.49 120.90 216.06 120.75  52.83
  227 -0.225 -0.590 -0.757 171.27 187.91 168.47 252.82 138.96 186.12  83.91
  228  0.481  0.009  0.688 120.26 126.59 119.35 126.45 193.66 252.85  58.00
  229  0.537 -0.211  0.809  56.24 149.71 168.47 252.82 143.56 150.31  58.42
  230  0.498 -1.127 -0.868  85.93 239.67 223.59 239.78  57.64 243.03  67.41
  231 -0.233  0.586  0.340 231.54  64.93 231.09  62.90 193.66 252.85  46.67
  232  1.229  0.463 -0.262 199.49  80.48 168.47 252.82 148.25  77.01  67.78
  233  0.429 -0.838 -0.827 186.10 252.75 115.20 210.54 146.57 213.32  76.11
  234 -0.479  0.993 -0.123 242.31  21.69 151.20  24.98 167.07  23.58  58.14
  235  1.210 -0.428 -0.779 239.47 169.66 233.89 170.73 193.66 252.85  62.44
  236  1.097  0.080  0.407 186.10 252.75 156.38 115.04 148.09 114.88  76.11
  237  0.349 -0.739  0.089  80.00 203.57 168.47 252.82 210.41 206.18  63.77
  238 -0.205  0.765  0.319 186.10 252.75  35.53  46.21 159.16  47.12  76.11
  239 -0.525 -0.146  0.485 188.24 140.25 100.46 140.85 193.66 252.85  85.27
  240 -0.196 -0.573  0.337 186.10 252.75  62.43 186.57  36.86 187.07  76.11
  241  0.641 -1.224 -0.299 170.27 251.94  63.43 251.72 193.66 252.85  68.59
  242 -0.422  0.410 -0.628 116.39  82.88 168.47 252.82  35.25  84.64  71.00
  243 -0.045  0.965  0.854  92.29  24.42 186.23  21.62 193.66 252.85  66.89
  244  0.976 -0.004  0.909 186.10 252.75   9.23 127.47 103.14 127.06  76.11
  245 -0.974 -0.841  0.449 186.10 252.75 122.93 216.04  80.40 213.96  76.11
