    1 -1.211 -0.246 -0.629 171.76 145.81 130.45 145.87 115.01 145.21  58.46
    2 -0.529 -0.540 -0.301  86.67 183.78 223.54 180.74  49.14 181.90  64.18
    3 -0.533 -0.276  0.540  53.71 154.38   5.54 153.18 120.66 152.87  62.60
    4 -0.042 -1.083  0.280 160.71 240.94 224.14 241.05 239.11 239.23  65.29
    5  0.417 -0.075 -0.391  15.24 133.63 155.72 132.63 156.27 132.69  53.12
    6 -0.710 -0.589 -0.192 174.46 189.62  11.57 188.35  31.27 186.74  78.10
    7 -0.665 -0.521  0.193 104.74 179.90 189.93 179.98 149.48 179.89  65.24
    8 -0.380 -1.160 -0.289 230.85 248.06  98.42 245.88 106.85 245.75  57.93
    9 -0.134  0.219  0.692  43.60 103.90 246.55 104.65 192.09 104.00  61.91
   10 -0.952 -0.456  0.573 141.70 176.35  96.58 172.80 234.48 173.86  70.44
   11 -0.606  0.247  0.361  93.16  98.51 173.65  98.73 123.80  98.40  73.00
   12 -1.077  0.571 -0.088 183.07  66.56 168.78  67.20 176.38  67.95  61.25
   13 -1.125  0.353 -0.014 107.45  87.72  81.36  88.20  67.76  88.76  74.38
   14 -0.910 -0.083  0.011 116.70 135.05  71.72 134.98  42.82 134.88  61.25
   15  1.008 -0.386  0.109  91.00 167.35  64.54 166.76  71.43 168.52  64.80
   16 -0.103  0.856 -0.804 152.57  38.11 113.56  38.35 211.79  39.02  51.83
   17  0.309  0.390 -0.957 184.29  87.20  86.66  87.36 196.04  85.80  68.26
   18  0.039  0.850  0.782 130.10  35.28 134.39  35.55 221.59  36.49  64.22
   19 -1.092  0.227  0.125 157.28  98.73  77.11  98.99  76.62 105.02  64.94
   20  0.269 -0.043 -0.421 224.55 131.84  97.37 130.61 118.56 130.52  52.50
   21  0.092  1.132 -0.480 180.64  11.51 230.71  12.18 171.85  10.06  67.96
   22  0.447 -0.843 -0.387   9.45 208.41   9.22 205.54  33.39 214.82  66.71
   23 -0.757  0.162  0.565  32.92 106.91 113.94 104.89  14.78 105.24  80.50
   24  1.097 -0.120 -0.406  56.77 137.06 170.89 135.95  14.67 137.89  65.06
   25  0.935 -0.962 -0.740  85.55 223.57 115.74 223.58 105.76 226.75  76.47
   26 -0.333 -0.587  0.388  68.02 190.28 217.16 189.13  60.36 188.09  69.53
   27 -0.948 -0.162  0.107 160.13 145.08 106.48 144.73  49.03 142.97  71.10
   28 -0.508 -0.156  0.174  67.65 142.95  27.74 142.64 156.72 142.58  55.86
   29 -1.174 -0.762 -0.603  49.01 205.43  96.06 203.57 112.33 203.28  68.19
   30  0.689  0.407 -0.451 249.74  86.19 181.41  85.40 136.52  84.96  50.50
   31 -0.135 -0.165 -0.285 100.64 144.87 139.49 145.12  27.89 144.72  80.79
   32 -0.232 -0.751 -0.324  81.12 204.55  57.06 203.53  16.60 203.54  60.29
   33 -0.494  0.283 -0.058 249.63  97.77  23.67  98.64 179.32  98.06  66.80
   34  0.288 -0.336  0.609  70.57 161.10 127.29 160.91 229.29 161.22  64.21
   35 -0.952 -0.136  0.410 200.90 142.16  94.35 142.07 232.69 140.95  61.77
   36  0.616 -0.557 -0.131  80.88 184.67  13.25 185.59 145.80 185.64  68.26
   37 -1.056 -0.037  0.186  83.03 130.58 114.79 130.00 141.09 130.01  66.28
   38 -0.634 -0.433 -0.472  29.68 172.51   8.63 171.11 214.69 171.00  61.27
   39  0.270 -0.700  0.726  83.11 200.06  70.25 198.86  51.78 202.58  77.75
   40 -0.434  0.084  0.367  63.64 117.50  21.05 117.76  13.64 118.40  63.74
   41 -0.480 -1.183 -0.746 169.54 248.88 193.64 246.07  93.01 246.72  68.21
   42  0.444  1.189 -0.549 190.10 252.19  94.47   5.64 156.18 250.64  63.15
   43  1.020  0.049 -0.008 183.74 122.99 197.19 122.93 226.41 121.67  53.75
   44 -0.430 -0.320 -0.830  66.02 159.65  56.18 158.94  64.21 158.54  55.40
   45 -0.299 -0.699  0.936 109.29 200.72  59.72 203.16 239.59 201.43  70.31
   46 -0.797  0.330 -0.539  35.29  90.46 159.24  89.27 236.19  93.47  60.62
   47  0.450 -1.113 -0.525 235.69 238.35 114.43 237.27 228.57 240.69  54.83
   48 -0.661  0.707  0.015 147.60  48.22  52.41  54.03 117.71  55.13  54.71
   49  0.629  0.148  0.947  92.14 110.74  34.87 107.48  58.63 107.82  67.45
   50 -0.135 -0.018 -0.989  30.12 128.89 151.92 128.48 163.75 128.48  47.42
   51  0.785  0.858 -0.642 203.21  39.22  98.09  38.28  88.86  37.46  60.00
   52 -0.081  0.657 -0.084 101.05  54.37 106.86  55.14  17.57  55.80  66.09
   53 -0.955 -0.997  0.551   9.73 235.84  18.31 232.22 229.20 228.36  52.38
   54  0.556 -0.135  0.272  18.97 137.41 240.38 140.54 100.16 142.01  46.62
   55  0.136 -0.582  0.035  30.56 187.32 191.84 185.87 177.54 186.87  59.33
   56 -0.977 -0.841 -0.284 165.65 213.99 120.54 214.43  36.36 203.80  67.67
   57  0.020 -0.165  0.748 117.75 145.36  29.37 145.13 126.61 144.77  70.41
   58 -0.307 -0.023 -0.793 192.06 129.03 167.64 129.03 132.32 129.04  81.00
   59  0.271 -1.090  0.864  23.07 241.08 174.09 241.56 176.63 243.50  60.75
   60  0.122 -0.235  0.167  56.67 145.54 114.31 145.26  88.52 145.79  58.25
   61  0.097 -0.955 -0.620  52.99 224.38  92.78 223.52  29.50 222.67  53.88
   62  0.810  0.619 -0.756 119.12  65.76 173.08  64.17 129.41  63.67  73.57
   63 -0.143 -0.848  0.187 111.67 215.09  27.90 214.74 171.33 215.92  67.70
   64  0.593  0.977  0.216  53.64  24.42 112.76  17.49 132.32  17.05  72.91
   65 -0.061 -0.422 -0.326 170.52 169.71 136.92 169.83  17.72 170.05  64.14
   66 -0.985 -0.372 -0.439 190.44 163.64 133.25 162.57 107.36 162.86  72.36
   67 -0.211 -0.700 -0.320  88.74 198.45  56.85 197.20  44.15 196.03  62.00
   68 -0.711  1.110  0.291  90.01   8.20 194.78  10.24 168.09  12.99  45.08
   69 -0.013 -0.511 -0.924  83.73 178.31 197.72 177.49 114.69 177.56  62.77
   70 -0.415  0.408 -0.916 211.18  86.09 245.70  86.39 202.00  85.19  57.89
   71  0.027 -0.575  0.801 209.96 187.99  55.04 188.97 126.95 189.09  48.25
   72  0.234 -0.002 -0.709  93.82 126.90  36.03 126.73   5.17 126.78  56.88
   73  0.862 -0.590 -0.175 190.40 185.11 142.40 188.77  70.79 189.56  68.11
   74 -0.436  0.567 -0.861   9.07  69.77  91.85  70.42  24.58  70.58  51.85
   75  0.834  0.291  0.870 247.94  95.53 172.78  94.85  66.23  95.23  61.79
   76  0.548  0.010 -0.275 138.66 126.17  94.58 126.27 245.94 126.75  66.13
   77  1.118  0.021 -0.204  97.34 125.86 252.42 125.79 227.71 125.76  69.19
   78 -0.449  0.911 -0.843  10.07  28.69  23.44  32.09 216.84  35.07  53.00
   79 -1.046  0.960 -0.934  39.48  25.36 190.31  25.97  54.03  28.68  58.33
   80 -0.766  0.462  0.655  17.87  76.83  80.27  78.64  92.50  78.97  56.90
   81  0.652  1.157 -0.464  15.32   8.91 173.38   7.31 116.17   5.67  60.42
   82  1.138 -1.056 -0.186  44.37 232.28  27.58 234.08 129.50 237.61  61.53
   83 -0.185  0.107  0.140 113.02 114.58 138.33 114.63  33.50 114.77  65.00
   84 -0.705 -0.746 -0.728 149.79 203.74 157.14 203.04  55.71 202.02  64.09
   85 -0.101  0.528  0.188  68.93  70.26  84.44  71.27 109.80  71.42  66.41
   86  0.072  0.036  0.031 227.84 123.54 186.13 123.49  32.07 123.60  66.00
   87 -0.418  0.772 -0.336 246.32  46.79 120.24  48.31  95.03  48.54  55.53
   88 -1.156 -0.414 -0.087 118.92 170.28  60.36 169.82 205.47 169.61  54.23
   89  0.220 -0.472 -0.487  64.83 173.31  63.61 172.41 232.31 174.78  68.52
   90 -0.485 -0.999  0.169 149.82 226.77   4.71 229.20  51.63 230.27  70.48
   91 -0.076 -0.848 -0.585  32.37 209.21 104.43 205.27 107.51 205.15  57.38
   92 -0.471  0.487 -0.483  28.26  74.97  21.77  75.94   5.54  77.39  60.00
   93 -1.131 -0.863 -0.259  84.82 218.38  48.13 216.60 131.27 214.75  57.06
   94  0.434  0.325 -0.271  47.20  93.84  11.44  91.64  17.50  92.60  66.42
   95 -0.701 -0.299 -0.270  50.94 155.68  24.22 154.87  24.50 154.29  68.06
   96 -0.716  0.066  0.307   8.51 119.65  82.53 119.34  24.70 120.11  62.51
   97 -0.144  0.881 -0.465  68.41  34.91 221.13  37.64 107.96  36.95  63.52
   98 -0.373  0.077  0.063 114.89 119.30  43.61 118.15  62.66 119.46  70.63
   99 -0.306 -0.430 -0.054 122.65 171.85 122.02 171.58 122.90 171.70  66.78
  100 -0.529  0.023  0.140  46.27 123.72 135.73 124.55 121.28 124.53  51.00
  101 -0.789  0.094  0.802 129.09 116.99 108.95 117.04 223.97 115.88  56.58
  102  0.200 -0.900 -0.387 153.60 219.62  38.41 218.49  37.90 218.06  65.57
  103 -0.331 -0.135 -0.361 221.09 140.27  33.76 136.86  11.18 140.84  58.14
  104 -0.237  0.149  0.388  24.28 107.73  47.84 111.05  26.16 111.40  53.82
  105 -0.863  0.516 -0.899   5.94  72.97   5.92  74.96  34.53  75.59  50.50
  106  0.145  0.443 -0.682 240.18  82.05  34.79  82.57  29.34  82.48  53.75
  107 -0.705  0.690  0.885  89.87  47.90  71.17  48.38 188.70  52.58  66.46
  108 -0.137 -1.078 -0.684  71.69 236.62  39.36 234.29  31.00 232.02  57.52
  109 -0.680 -0.657  0.285  22.90 193.44  30.16 192.15  30.02 190.75  61.38
  110 -0.316  0.019  0.700 201.80 126.03  73.05 125.86  63.25 125.96  50.58
  111 -0.999 -0.256  0.083   5.11 154.10 141.05 152.82  34.45 152.59  63.06
  112 -0.005 -0.940  0.250 125.83 225.44 222.61 225.39 171.84 222.75  66.52
  113  0.372 -0.007  0.460 134.55 128.47 184.60 127.28 176.52 127.26  62.11
  114  0.421  0.601  0.650 119.33  61.47  48.94  62.37 169.36  61.23  64.64
  115 -0.325 -0.488 -0.731  73.88 177.78  27.12 176.69   8.77 175.36  61.31
  116 -0.660 -0.720  0.035 193.59 202.22 106.64 200.02 246.87 200.91  61.00
  117  0.499  0.402  0.655 127.69  83.36 172.74  82.71 154.69  82.95  70.85
  118 -0.569  0.796 -0.910 101.10  41.20 117.84  42.09 193.31  42.03  65.90
  119 -0.609 -0.368  0.171 157.51 161.97 158.90 164.02 118.63 164.21  84.89
  120 -0.448  0.382  0.207  68.92  86.62 198.58  86.72 113.79  87.44  66.53
  121  0.666  0.570  0.023  97.04  69.77  74.21  66.33  44.66  67.30  71.96
  122 -0.507  0.581  0.653 204.05  65.07 159.95  65.95  72.69  66.04  59.50
  123  0.283  1.157 -0.812  86.18   9.54  10.54  10.82  18.11   9.61  79.62
  124  0.431 -0.939  0.262  97.53 224.74 138.10 225.10 148.05 225.91  76.80
  125 -0.646  0.219  0.919  98.52 101.86  14.30 104.62 202.44 104.54  65.65
  126 -0.002  0.454 -0.515 227.47  79.99  72.59  79.70 118.45  81.52  63.50
  127  0.101  0.136 -0.974 251.96 113.64 103.30 112.53  79.47 112.65  60.21
  128  0.976  0.584  0.576 145.64  67.35 209.99  65.79  14.41  63.93  68.45
  129 -1.016  0.685 -0.844  80.36  53.33  59.55  54.76  56.51  55.89  66.78
  130 -0.806  0.131  0.277 234.75 112.68 196.12 112.31 161.48 114.47  60.54
  131 -0.760 -0.838  0.379  39.70 217.16 174.03 214.53  40.93 212.97  66.16
  132 -0.990 -0.303  0.345 112.34 157.85  71.72 157.50  46.95 157.03  66.72
  133 -0.451  0.996  0.387 209.50  16.50 156.53  16.02  17.57  20.22  73.59
  134 -0.592  0.049  0.879 108.81 120.18  52.99 121.34 194.09 122.81  71.21
  135 -1.115 -0.555 -0.174 174.01 185.11  58.69 182.81 235.34 182.46  75.82
  136  0.949 -0.523 -0.873 170.12 179.76 126.97 179.45 195.47 181.08  78.50
  137 -0.637 -0.143  0.258  96.71 142.38 186.66 142.37  15.42 142.24  66.04
  138 -0.531 -0.063  0.647 148.52 132.61  17.82 132.14  15.47 132.04  73.04
  139 -0.737  0.612  0.895 129.99  59.92 119.82  60.21  64.64  62.71  71.12
  140  0.536  0.044  0.982  51.18 123.19  64.60 123.00 210.96 123.01  58.27
  141 -0.354  0.563 -0.305  37.27  67.36 197.54  69.05 247.47  67.98  61.34
  142 -0.210  0.719 -0.542 109.54  53.00 238.07  54.43 226.00  49.80  62.31
  143 -0.666  0.547 -0.643 200.79  69.93  65.52  70.84  49.53  71.76  59.89
  144 -0.630 -0.386  0.946  90.56 169.66  66.18 168.76  37.58 166.93  67.75
  145 -0.517  0.451  0.894  79.47  77.77 221.72  78.89 242.31  79.04  71.70
  146 -0.398  0.628  0.396  31.55  59.97  26.07  59.31  59.17  60.57  51.83
  147  0.893  0.472  0.198 127.63  79.23  41.62  76.51  74.33  77.21  59.69
  148  0.447  0.292 -0.605  81.84  98.01 105.99  98.44 141.01  95.76  58.91
  149  0.299  0.437  0.640 120.82  81.75  46.64  79.01  21.66  80.15  66.78
  150 -1.004  0.493  0.541 138.64  72.81  10.93  74.62  50.00  75.66  65.75
  151 -0.562 -0.684 -0.158  56.70 194.97  60.22 193.95  79.28 193.27  79.74
  152  0.412  0.421  0.989 192.67  82.26 128.04  82.05 135.32  81.81  65.88
  153 -0.076  0.759  0.360   8.56  46.91 207.80  41.31 136.96  41.65  56.50
  154  0.212 -1.157  0.253  80.73 247.70  79.76 247.70 167.88 248.09  64.64
  155 -0.243  0.297 -0.881 166.24  96.49 157.50  96.06 159.87  96.41  84.62
  156 -0.154  1.100 -0.801 130.66  12.46 198.08  14.62 120.81  14.53  76.45
  157  0.910 -1.071  0.362  75.42 236.47 245.58 237.14 101.26 241.79  68.61
  158 -0.179  0.588  0.689  49.01  63.63 234.53  62.70 184.83  64.73  49.79
  159  0.060  0.907 -0.416  42.59  33.14  44.21  27.68  69.20  29.46  52.38
  160  0.626 -1.128  0.150 147.67 242.06 157.38 245.47   5.81 246.82  70.55
  161  0.518 -1.153  0.190 202.40 244.43  89.23 247.39 125.39 250.56  88.00
  162 -1.092 -1.033 -0.818 102.62 234.08 127.72 226.86 145.38 227.94  74.26
  163  0.675  0.052 -0.433  86.14 121.24  89.39 120.26  40.09 121.51  68.36
  164  0.666  1.083  0.242 203.47  16.08 137.65  12.85 181.24  10.07  64.14
  165  0.081 -0.392  0.577 114.34 169.12  74.06 168.97  21.67 168.97  64.43
  166 -0.930  0.455 -0.862  45.61  79.94 160.17  81.73 115.17  82.53  55.86
  167  0.910  0.888 -0.457 174.88  37.64  83.09  36.64  60.00  33.66  67.65
  168 -0.523 -0.393 -0.055  54.04 168.38 233.40 168.51  54.92 166.12  67.35
  169  0.691 -0.490 -0.843  16.22 173.54 150.64 176.36 154.27 176.84  46.00
  170 -0.921  0.205 -0.616 155.32 104.85  58.69 104.70  21.49 105.21  65.61
  171 -0.851 -0.855  0.420  25.89 219.97 113.32 217.00  26.62 214.91  64.61
  172 -0.419 -0.921 -0.450 149.39 221.12 148.69 220.31 148.67 221.26  65.89
  173  0.363 -0.901 -0.509 134.79 217.38  11.98 217.01   9.12 219.24  74.86
  174  0.997  0.132 -0.868  76.55 114.17  43.66 114.47 237.20 112.67  68.14
  175  0.609 -0.511 -0.640 235.16 178.01  95.44 177.60 210.30 178.71  53.24
  176  0.281  0.309  0.013 168.90  95.00  47.16  94.70 165.88  94.42  77.32
  177 -0.297 -1.172 -0.886  53.74 244.44 123.85 241.95 186.64 243.69  51.18
  178 -0.671 -0.646 -0.598 250.42 191.47  93.13 190.16 202.07 190.63  47.00
  179 -0.280  0.834  0.960 109.95  37.55 132.38  37.19 120.68  38.19  67.23
  180 -1.140 -0.586 -0.394 154.17 188.63 183.02 185.60  24.76 184.06  71.30
  181 -0.909 -0.379 -0.057  33.23 167.42  27.69 166.27  46.23 165.53  57.00
  182  0.402  0.606 -0.809 132.51  65.91 231.92  66.16 180.50  64.98  52.83
  183 -0.829  0.991 -0.682 114.07  22.08  80.70  23.17  60.25  24.53  68.00
  184  0.267  1.063  0.502  96.72  16.24 167.77  14.55  50.16  13.17  58.00
  185 -0.858  0.014  0.859 245.65 126.13 234.58 126.11  59.72 126.24  70.90
  186 -0.852  0.043 -0.421 230.24 123.25 234.11 123.16 127.15 123.45  77.91
  187  0.047 -0.325  0.330  61.55 160.94  84.98 160.49  34.40 161.10  59.38
  188 -1.152  0.532 -0.842  55.63  71.52  60.75  72.81  18.01  73.41  70.11
  189  1.100  0.402  0.366 217.03  83.49 142.88  83.39  67.15  83.17  56.50
  190 -1.015 -0.621 -0.346 125.05 190.61 131.13 189.80  86.95 189.58  67.19
  191 -1.068 -0.887  0.315 194.41 223.89 165.18 220.26  95.77 216.80  61.61
  192  0.540 -0.534  0.645 190.48 179.99  74.00 183.68  80.47 183.16  53.92
  193 -0.336  1.218 -0.799 145.08 251.42 228.51 254.20 251.03 253.58  68.64
  194  0.107 -0.161  0.256  91.71 143.64  75.10 144.58  70.70 250.59  80.33
  195 -0.848 -1.011  0.245 145.08 251.42  77.57 232.76   8.38 231.26  68.64
  196  0.624 -1.215 -0.156 145.08 251.42  36.75 252.25  70.70 250.59  68.64
  197  1.032  0.694  0.616 145.08 251.42  85.45  49.08 218.35  49.78  68.64
  198  0.361 -0.918 -0.616 143.73 220.29 192.64 253.70  95.83 222.13  70.05
  199 -0.009 -0.309  0.453 145.08 251.42  24.06 160.17  14.73 159.30  68.64
  200 -0.119 -0.909  0.257  20.91 223.11  85.53 222.04  70.70 250.59  67.25
  201 -0.826  0.986 -0.290 184.34  16.90 192.64 253.70 162.14  24.35  75.57
  202  1.071  0.018 -0.849 148.21 124.54 192.64 253.70 243.50 126.00  50.86
  203  0.987 -1.241 -0.591 251.11 251.11 192.64 253.70  70.70 250.59  63.16
  204  0.317  0.622 -0.963 151.10  65.42 109.12  65.57 218.21  64.06  51.20
  205  0.794 -1.190  0.099  95.08 249.01 135.33 251.36  70.70 250.59  67.71
  206 -0.596  0.546  0.335 145.08 251.42  16.82  69.18  96.25  70.71  68.64
  207  0.068 -1.187 -0.045 214.97 250.00 182.48 248.94  70.70 250.59  93.50
  208 -1.014  0.096  0.460 194.78 115.18 228.35 114.95  93.90 117.09  59.29
  209 -0.216 -0.164 -0.793 145.08 251.42  61.51 143.20  63.78 144.41  68.64
  210 -0.346 -0.928 -0.306 231.62 224.37  15.94 221.09  70.70 250.59  60.91
  211 -0.913 -1.237 -0.919 145.08 251.42 150.60 249.54  10.08 248.77  68.64
  212 -1.173 -0.958  0.355 189.52 225.72 173.52 226.81  70.70 250.59  69.60
  213 -1.100 -0.900 -0.480  77.62 220.42 192.64 253.70  23.64 216.53  69.33
  214 -1.234  1.121 -0.280 159.24   7.92 192.64 253.70  41.22  13.75  69.97
  215 -1.242  0.081 -0.447  98.22 118.00 192.64 253.70   8.06 119.01  64.00
