    1 -0.063  0.113  0.147 132.08 113.67 250.05 116.09  10.28 114.17  74.93
    2  1.177 -0.827  0.041 165.80 210.29  13.14 211.53  18.90 213.58  69.78
    3  1.060 -0.121 -0.957 122.44 140.01  93.29 136.45  77.83 139.81  67.23
    4 -0.175 -0.675 -0.316  36.33 196.09 208.05 196.65  29.60 196.39  53.11
    5  0.776 -0.665 -0.250 145.20 191.85 130.53 191.81  50.84 197.03  74.00
    6 -0.553 -1.043  0.574 167.10 239.24 205.91 237.32 133.76 236.05  73.59
    7  0.419  0.535 -0.595 206.07  72.66  46.63  71.95 122.46  70.47  65.65
    8  0.921 -0.509 -0.992 189.40 176.05 204.87 176.66  34.45 178.36  63.11
    9 -0.290 -0.783  0.312  60.67 208.98  49.68 207.07 183.76 208.76  77.15
   10 -0.204  0.138  0.264 120.12 110.41  63.95 110.89  36.04 111.24  66.00
   11 -0.992 -0.892 -0.836 153.26 218.52 217.56 217.36  52.66 212.88  74.88
   12  0.113  0.306 -0.033 172.68  95.86 158.69  95.63 210.35  94.86  71.67
   13  0.636  0.388  0.803 193.94  82.81 202.69  82.14  29.78  83.42  69.91
   14 -0.790 -0.428  0.118 250.52 173.53  74.53 171.52  65.65 167.40  48.56
   15 -0.692  0.087  0.082  60.62 117.93   2.68 118.56 237.52 119.10  59.43
   16  0.689 -0.462  0.154  72.04 173.95 125.22 173.51 252.80 176.75  69.12
   17  0.675  0.100  0.267  73.84 117.58   8.04 116.35 104.60 116.43  66.56
   18 -0.027 -0.553 -0.029 160.78 184.84  75.54 185.15  62.33 184.32  70.00
   19 -0.489 -0.722 -0.707 134.14 200.99  25.73 198.38 196.77 198.26  59.33
   20  0.176  0.812 -0.008 168.90  42.82 142.89  42.50 112.51  42.19  72.20
   21  0.733 -1.029  0.510 160.06 233.90 112.23 235.61  43.71 237.20  59.42
   22  0.208 -1.149 -0.362 202.39 244.87 190.70 244.03   7.16 245.47  69.76
   23  0.719 -0.929 -0.391 162.69 219.36 123.31 220.09 164.35 222.34  74.08
   24 -0.657  0.342  0.370 209.19  90.71  86.08  90.96  36.73  92.31  64.77
   25  0.455 -0.271 -0.897   4.73 152.18 192.26 152.23 211.67 153.07  44.67
   26  0.102 -0.986 -0.647  62.77 227.03  99.81 224.93 244.13 227.45  64.14
   27 -0.178  0.700 -0.773  62.34  55.22  63.18  57.66  58.23  55.12  65.97
   28 -0.442  0.337  0.549 177.17  91.96  59.02  92.21  82.82  92.52  65.32
   29 -0.735  0.343 -0.354 139.94  92.19 108.70  92.30  54.72  93.03  72.20
   30  0.867  0.685  0.430 109.40  57.08 138.22  50.85  97.68  50.56  66.27
   31  1.076 -0.592 -0.220 137.03 185.77 216.49 185.46 222.81 187.84  70.25
   32 -0.185  0.340  0.420  94.21  91.56  77.09  91.70 187.77  91.56  68.38
   33 -0.857  0.487 -0.825  64.06  77.07  64.63  78.00  80.18  78.50  64.25
   34 -0.794 -0.267 -0.010 146.85 155.41 217.67 152.48 150.75 152.52  59.22
   35  0.237  0.897 -0.906  99.18  36.53 100.62  37.59 218.01  35.61  66.00
   36 -1.011 -0.691 -0.614 112.68 198.10 110.28 197.48  39.69 195.58  71.44
   37  0.767 -0.199 -0.322 233.72 145.87  94.96 146.88  63.06 146.71  63.91
   38  0.925 -0.425 -0.405  76.06 167.82  66.87 167.88  84.16 171.16  60.44
   39  0.431  0.787  0.880 190.63  43.04 195.86  41.91  57.69  40.25  68.90
   40 -0.857 -0.142  0.132 186.38 142.39 154.98 142.51 248.60 140.77  75.73
   41 -0.512  1.095  0.851  44.62   7.03 225.80   4.74 166.92   6.84  51.88
   42 -1.175  0.116 -0.390 110.14 110.66 106.82 113.75 218.20 115.74  64.73
   43 -0.408 -0.309 -0.114 110.56 158.07 215.00 157.97 140.24 157.89  55.33
   44  0.093 -1.053  0.463  94.26 236.89  69.47 239.05 213.38 237.72  65.95
   45  0.251 -0.134  0.590 239.25 140.13 234.36 140.36 188.43 140.74  64.50
   46 -0.160 -1.068 -0.854 226.06 235.06 191.51 234.61 230.02 235.00  72.41
   47  0.818 -0.170  0.515  66.20 143.41 184.36 144.62 203.34 145.01  63.76
   48  0.210  0.626  0.302 164.22  62.40 187.24  60.52 224.35  59.53  48.00
   49  0.940 -0.116  0.390  82.76 136.43  95.85 139.99 112.21 136.27  67.78
   50  0.807 -0.276  0.882 115.31 156.88 178.25 156.54  81.12 157.56  62.71
   51 -0.269 -0.914  0.455  35.65 224.49 201.83 223.32 151.43 220.91  50.20
   52 -0.173 -0.047 -0.900 193.54 131.46 135.10 131.48 239.43 131.59  56.22
   53  0.657  0.838 -0.215 178.08  40.99  31.99  38.75 131.23  37.77  61.17
   54  0.094 -0.486 -0.742 202.76 175.73 200.18 176.52 165.50 177.24  53.33
   55 -0.070  0.239  0.084 166.02  99.83  36.66  99.79  12.69 100.62  58.77
   56  0.714  0.287 -0.988  86.55  99.27 149.30  98.39 127.47  96.41  63.65
   57  0.037  0.200  0.463  39.60 105.80  36.55 106.86 251.38 106.77  65.18
   58 -0.848  0.687  0.004 159.85  54.29 219.86  55.95 129.18  57.50  60.40
   59 -0.001  0.766 -0.423  55.92  48.36 146.58  44.00 216.22  46.09  61.84
   60 -0.259 -0.235 -0.694 202.06 152.06  13.85 149.42  39.05 149.52  58.64
   61  0.725  0.449 -0.281  46.47  82.59  36.67  81.30  72.12  79.87  58.64
   62 -0.431 -0.615 -0.510 244.70 190.90 125.49 185.60 229.93 187.24  56.60
   63 -0.540  1.050 -0.823  18.78  17.84   3.22  21.61 159.01  20.33  58.65
   64 -1.158 -0.682 -0.390  94.84 197.99  57.54 196.83 152.24 193.50  56.25
   65 -0.986 -0.543 -0.404 183.41 184.75  23.72 179.46   3.27 180.68  54.57
   66  0.765 -0.597  0.897 111.10 185.86  84.34 190.88 224.03 191.10  67.67
   67  1.107  0.645 -0.150  31.12  62.65 110.32  57.75  40.67  58.31  47.64
   68  0.066 -0.031 -0.101  20.57 130.51 121.79 128.52  87.16 128.44  57.13
   69 -0.295  0.282  0.291 149.45  96.57 139.94  96.58 115.73  98.30  67.38
   70 -0.111  0.576  0.526 111.78  66.11 241.49  65.55  15.53  66.06  63.38
   71  0.603 -0.226  0.540  15.18 150.14  98.90 150.68  77.13 150.50  61.33
   72  0.199  0.282  0.473 238.88  96.89 229.04  95.77 136.66  95.40  42.17
   73 -0.475  0.340  0.917 112.61  90.47 189.10  90.87  71.01  91.28  60.33
   74  0.874 -0.237 -0.405 128.57 150.86 102.12 151.98 119.15 151.98  69.31
   75 -0.737  0.277 -0.960 177.00  98.57 199.65  99.58  78.12  98.89  66.00
   76 -0.852 -0.824  0.539   6.77 216.72 250.70 214.30 161.85 212.09  54.96
   77 -0.809  0.100  0.210 140.50 116.39 121.69 116.43  28.12 116.68  71.91
   78 -0.593 -0.383 -0.065  39.92 166.82  19.23 165.71 145.78 164.91  62.32
   79 -0.499 -0.539  0.426  34.45 185.45 107.73 183.32 124.70 183.35  62.00
   80  0.983  0.050 -0.119  93.87 122.15 169.89 120.40 175.44 120.31  64.92
   81  0.022 -0.610  0.070 226.70 187.79 239.09 189.19  97.02 190.57  61.89
   82 -0.577  0.778 -0.865 156.11  44.16 215.19  48.30 159.57  49.57  70.72
   83  0.100  0.669  0.709  95.42  56.91 105.68  54.30 179.95  54.37  70.04
   84 -0.526 -0.328  0.888 212.49 162.03  36.14 160.86 230.65 161.03  61.25
   85 -0.279 -0.213  0.351  63.65 149.75  10.19 149.25 198.61 149.12  57.50
   86 -0.593  0.576  0.671 243.21  63.77  49.88  64.99  85.35  67.49  54.75
   87 -0.951  0.884 -0.660 187.56  33.46 120.90  38.08 211.78  37.77  57.67
   88 -1.079 -1.145  0.341  20.13 248.59 192.97 246.84  65.15 241.50  64.13
   89 -1.215  1.036 -0.234  26.37  14.99 142.38  15.75 138.58  21.37  57.39
   90 -0.764 -0.766 -0.254 152.34 206.24 161.20 206.44  26.16 203.07  65.05
   91  0.185 -0.143 -0.283 196.67 140.15 227.35 140.42 116.04 142.56  55.20
   92  0.262  1.186 -0.730 203.38   6.94  38.12   3.83  31.16   5.86  59.00
   93  0.112 -0.311 -0.179 247.74 157.15 249.27 159.72  83.87 160.01  59.47
   94 -0.061 -0.002  0.595 183.31 126.66  77.67 127.42 192.99 126.64  66.67
   95  0.087 -1.038 -0.950 244.29 228.68 109.49 229.98  11.85 229.73  48.33
   96 -0.089 -0.846  0.467  38.70 216.86  37.90 215.64  60.83 216.54  57.40
   97 -1.014 -0.497 -0.201 120.97 177.57 137.76 177.35 152.34 177.82  72.19
   98 -1.020 -0.808  0.275  42.23 212.75 168.84 210.79  40.57 208.77  63.00
   99  0.622 -1.154 -0.889  36.09 240.38 138.09 239.61 193.96 241.55  71.76
  100 -0.964 -0.799 -0.247 126.18 211.17 209.06 207.05 232.89 208.23  69.36
  101 -0.649  0.704 -0.911  19.33  54.68 138.90  56.76  97.25  56.81  59.00
  102 -0.604  0.163  0.655 212.29 108.56 240.92 108.15 243.53 107.48  63.10
  103 -0.309 -0.111  0.264  23.78 134.50  97.02 133.89  86.52 134.39  54.14
  104 -0.472  0.008  0.799  31.51 126.42 136.73 126.21 133.93 126.34  53.96
  105 -0.525 -0.423 -0.388  83.69 168.68  90.50 167.06 113.39 167.17  70.58
  106 -0.518  0.477 -0.958  31.54  77.77  42.04  79.24  34.84  79.51  59.43
  107  0.236  0.898  0.653 118.54  26.86 181.75  22.72  15.01  26.17  66.00
  108 -0.670 -0.650  0.419 239.84 195.74 210.56 192.50 115.17 191.91  50.57
  109 -0.029 -0.437 -0.072  77.98 172.39 222.80 171.76  41.17 172.11  78.60
  110  0.845  0.608 -0.882 150.90  67.15  64.97  66.88  29.28  64.22  67.60
  111 -1.051  0.231  0.364  37.79  99.75  54.48 100.51  87.44 100.74  57.80
  112 -0.209  0.685  0.978 113.86  50.37 216.49  50.43 213.24  51.59  65.50
  113  0.116 -0.711 -0.443  18.64 200.48   9.73 198.02  99.42 200.86  59.88
  114  0.775 -0.756  0.098 178.08 204.99 177.48 205.71 161.85 207.69  76.19
  115  0.707 -1.081 -0.351   5.19 236.76  16.51 238.06 106.33 239.71  57.73
  116  0.856  0.787 -0.579 214.29  44.99 174.55  43.60 121.25  43.06  63.11
  117  0.989 -0.032 -0.882  76.80 130.19  49.19 130.16  42.63 130.35  65.53
  118  0.494  1.022  0.055 221.60  18.50 229.29  16.12 232.53  17.30  70.30
  119 -0.345 -0.080 -0.709 113.62 134.47 110.89 132.94  99.23 133.75  59.60
  120  0.321 -0.887 -0.170 247.06 218.19  28.45 218.00 130.02 219.05  55.00
  121  0.632 -1.062 -0.960 142.63 230.29 253.03 231.51  25.42 235.43  69.18
  122  0.473 -0.267  0.395  91.06 152.30 173.97 155.50 190.49 156.02  62.00
  123 -0.658  0.057  0.366 151.23 119.22 109.99 119.23  51.27 119.32  63.75
  124  0.100 -0.345 -0.162 160.51 163.53 209.21 162.62 184.95 163.41  71.86
  125 -0.337  0.959  0.228 186.84  23.02  73.96  22.58  18.50  24.44  71.22
  126  0.978  1.085 -0.137 134.73  15.55  41.42  15.47  54.21   6.85  64.22
  127 -0.010  0.559 -0.194 141.86  67.91  92.15  68.19  52.94  69.09  62.04
  128 -0.804  0.401  0.166  26.24  82.71 122.98  81.68  64.92  84.82  48.83
  129 -1.051  0.646 -0.805 177.41  57.17 150.38  62.44 205.54  63.07  51.40
  130 -0.177 -0.962  0.469 125.32 228.50 138.63 228.07 143.21 228.24  67.33
  131  0.492  0.532  0.544 132.27  70.45 104.46  68.82  77.58  69.30  78.80
  132 -0.716  0.043  0.714  56.21 122.33  58.94 122.24  42.89 122.37  53.11
  133  0.845 -0.862  0.782  82.27 217.46 161.42 219.75  88.05 219.78  64.17
  134 -0.801 -0.159  0.357 146.37 142.93  38.75 143.10  34.80 142.77  66.89
  135  0.596  0.497  0.352 144.56  76.45 170.77  73.95  38.67  74.83  67.00
  136 -0.271  0.888 -0.446  79.07  35.57  15.35  33.99 171.21  37.01  56.83
  137  0.395 -0.803 -0.262  65.65 206.77  29.15 210.40  77.70 209.95  49.50
  138 -0.204 -0.544 -0.716 183.59 178.50 220.35 179.19 236.90 180.80  52.19
  139 -0.337  0.559  0.825  46.92  67.65 116.48  67.19 245.08  67.74  51.71
  140 -0.225  0.562  0.462 181.33  67.91 213.11  67.23  36.26  68.01  59.64
  141  0.277  0.510 -0.545  96.47  75.75 232.02  75.87 154.26  75.06  73.90
  142  0.751 -0.475 -0.458 207.91 175.71 192.66 176.42 173.61 177.39  70.40
  143  0.974  0.315 -0.119  32.16  94.81 243.73  95.51  64.55  93.63  36.50
  144 -0.651 -0.194 -0.191 136.40 147.04 214.99 146.25 172.13 146.62  61.00
  145 -0.303 -0.054 -0.268 142.57 131.48 227.55 131.50  15.56 132.30  76.00
  146 -0.841  1.093 -0.167 136.39   8.36 154.74   8.46 146.63  14.76  61.53
  147  0.569 -0.341  0.588 126.64 163.87  71.69 163.59  25.68 164.40  59.83
  148 -0.859  0.266  0.674 124.83  98.45  97.24  98.66 217.65  98.79  65.31
  149  0.291  0.312  0.153 156.53  93.30  84.05  93.37 239.25  94.37  68.25
  150  0.066  0.088  0.841 211.21 117.91  49.42 118.18  57.74 118.36  65.63
  151  1.204 -0.996 -0.051 213.53 227.18 223.74 229.12 159.33 233.32  50.14
  152  0.476 -0.750 -0.131  69.68 202.65 198.46 203.69 159.59 204.93  61.68
  153 -0.879  0.452  0.067  57.83  79.47  83.28  80.38 103.51  81.97  61.43
  154  0.410  0.077 -0.590  79.96 119.00  56.22 119.18  73.93 119.28  76.12
  155 -0.171  0.085  0.675 179.69 118.83 135.39 118.76  88.98 118.85  64.74
  156  0.666  0.016 -0.425 136.64 126.35  51.73 123.66 155.35 125.90  70.55
  157 -0.072  0.888 -0.576  28.60  36.00  93.84  34.58 117.49  37.06  64.00
  158  1.113  0.199 -0.668  94.53 106.77 103.60 107.02 101.26 107.13  56.71
  159  0.664 -0.713  0.460  24.61 200.64  63.13 201.88  54.73 202.50  65.27
  160  0.777 -0.330  0.074  98.95 160.65 139.84 160.34 252.35 162.32  68.50
  161  0.304 -0.953  0.012 195.73 225.43   7.26 224.46 114.11 226.97  58.33
  162  0.746  0.874 -0.743 127.62  38.05 152.04  38.32 108.72  37.75  60.00
  163  0.081  0.019 -0.286 117.54 125.92 229.89 123.05 226.45 125.03  69.75
  164  0.139  1.103 -0.482  14.04  12.72  73.22  10.57 211.58  12.94  49.85
  165 -0.919 -0.844 -0.460 198.79 216.00  21.20 213.04  14.94 210.91  26.25
  166 -0.766  0.098 -0.250 247.23 117.64 199.14 117.73 168.07 117.53  65.72
  167 -0.761  0.618  0.476  14.05  60.97 242.52  61.68 123.49  62.08  55.94
  168 -0.440  0.348 -0.829 121.23  92.19  52.94  93.11  42.84  92.81  71.80
  169 -0.620 -0.701  0.287 217.99 202.24 140.11 200.86 112.29 197.46  71.57
  170 -0.333  0.908 -0.112 209.50  24.15 153.41  32.56  76.70  28.59  62.14
  171 -0.243  0.210 -0.637 137.37 103.21   4.41 106.40   8.64 104.62  74.19
  172  0.121 -1.174 -0.461  22.25 246.08 149.55 245.91 113.00 247.52  43.00
  173 -0.402  0.356  0.229  72.51  85.46 196.43  86.69  38.01  87.15  80.56
  174 -1.156  0.510 -0.271 103.07  71.16 190.97  75.86  33.11  76.18  57.29
  175  0.879 -0.570 -0.904  95.12 183.91  27.48 183.78  54.50 184.34  64.08
  176 -0.375 -0.386 -0.815  23.55 165.54  44.66 164.82 224.82 164.68  40.20
  177  0.618 -1.133  0.170 111.80 240.41  31.26 244.80 148.42 247.03  65.52
  178  0.702 -1.064 -0.903 112.79 232.85 137.01 232.18 208.98 237.16  55.92
  179 -0.901 -0.319 -0.406 143.78 160.31  86.06 160.24 156.83 158.41  67.93
  180 -0.313 -0.175  0.629  80.06 145.37  43.88 145.00 236.43 146.32  62.12
  181 -0.180 -1.188  0.425 253.97 253.00 224.99 253.27  25.51 250.65  71.50
  182 -0.051  0.444  0.199  70.83  79.48  76.49  80.48 193.10  81.08  67.52
  183  0.927 -0.980 -0.230 168.44 226.65 159.89 227.24  81.52 229.37  74.22
  184  0.559  0.644  0.407 234.56  57.61 117.50  57.67  93.19  58.20  68.11
  185 -1.054 -0.360 -0.070  87.46 165.49 188.70 164.47 115.92 163.78  66.89
  186 -0.564  0.165  0.815 161.90 107.11 132.15 107.05  55.08 107.19  67.30
  187  0.322 -0.767 -0.444  61.37 205.58  33.26 204.77  57.96 205.78  58.78
  188 -1.176  0.491 -0.562 193.00  76.44  97.20  76.45  25.00  77.05  55.67
  189  0.147 -0.870 -0.018 150.73 217.82 118.85 217.78  89.70 217.42  74.46
  190  0.984  0.496  0.400 207.61  76.71 180.53  75.78  14.13  73.37  76.89
  191  1.165  0.116  0.170  16.97 115.97 235.69 113.62  87.27 113.82  59.54
  192 -0.778 -0.732 -0.200  94.42 203.06  78.87 201.24 143.25 201.44  71.41
  193 -0.730 -1.116 -0.367 161.90 243.26 200.68 239.05 164.12 239.24  60.48
  194 -0.625  0.493 -0.514  10.85  76.53 156.46  76.40 105.31  76.81  59.80
  195 -0.760  0.524  0.853 137.89  68.57 127.22  70.64 140.16  71.15  67.90
  196 -1.127 -0.210 -0.567  73.60 148.65 206.96 148.63  65.55 148.03  72.64
  197 -0.756 -0.019  0.158 128.02 127.48 103.23 127.79  41.70 127.44  74.07
  198 -0.304  0.507 -0.435  23.03  73.99   9.43  75.88 161.63  75.68  58.75
  199 -0.906 -0.730  0.240 213.26 205.65  48.12 203.67 228.56 202.02  64.38
  200  0.098  0.774 -0.938 124.41  49.59  70.34  50.09 132.18  43.46  63.52
  201  0.572  0.358  0.458 229.42  87.56  44.17  86.35 143.66  86.16  66.79
  202 -1.080 -1.058 -0.116 189.80 237.62  50.19 236.06  81.57 234.90  62.38
  203  0.502  0.994  0.606  60.92  20.36 179.65  21.82  47.92  17.46  64.54
  204 -0.731  0.591  0.874 171.30  62.79  22.45  63.19  54.76  64.45  65.08
  205  1.078  0.600  0.286 205.48  65.12 216.03  64.11 194.96  60.50  65.36
  206 -0.363 -0.272  0.214 198.25 156.08  45.82 155.97  45.93 155.47  73.49
  207 -0.900  0.211 -0.481  56.39 103.20  17.50 103.86 118.43 107.01  64.21
  208 -0.446  0.475 -0.781  25.48  78.83   8.71  78.49  25.51 250.65  54.12
  209  0.490  0.351 -0.726  59.81  92.29  81.38  92.58 150.41  89.60  67.04
  210 -0.287 -1.171  0.827 248.82 253.17  18.15 253.67 143.90 249.14  64.00
  211  0.854  0.625 -0.273 106.33  63.61  47.81  63.05  25.51 250.65  55.83
  212 -0.778 -1.074 -0.901 248.82 253.17 198.71 234.96 210.19 231.93  64.00
  213  0.110 -0.337  0.259  42.31 161.80  18.15 253.67  33.46 162.92  58.29
  214 -0.965 -1.160 -0.862 167.81 246.71  53.59 242.35  25.51 250.65  69.86
  215  0.134 -1.128  0.388 145.46 245.85  18.15 253.67 205.50 246.85  69.19
  216 -0.925  0.438 -0.792 143.45  81.60  18.15 253.67  35.68  82.15  76.79
  217 -0.047 -0.864  0.604 248.82 253.17 143.51 218.53 154.61 218.82  64.00
  218  0.616 -0.461  0.186 240.28 174.81  45.86 172.97 116.07 173.57  54.21
  219  1.133  0.321 -0.493 248.82 253.17 177.65  93.13 108.14  93.35  64.00
  220  0.574  0.656 -0.715 206.69  61.31  18.15 253.67 151.90  59.31  67.10
  221 -0.182 -0.525  0.939  28.66 184.13  18.15 253.67  44.84 182.70  57.89
  222  0.500  0.501  0.198 155.19  74.16  11.79  72.42 192.25  74.53  69.74
  223 -0.311 -0.059  0.039  91.28 133.00  18.15 253.67 134.45 132.96  63.64
  224 -0.789 -0.345  0.522 142.61 163.93 139.04 163.84  25.51 250.65  78.88
  225 -0.106  0.695 -0.571  47.68  55.93  40.18  56.91  25.51 250.65  62.06
  226  0.291 -0.919  0.731 189.30 222.04  18.15 253.67  73.88 224.10  66.31
  227  0.138  0.813  0.409  40.48  39.50 203.52  40.02 184.30  40.19  59.95
  228  0.489 -0.276  0.535  66.93 156.59  18.15 253.67 144.03 156.64  69.59
  229 -1.064 -1.211 -0.086 248.82 253.17  14.71 248.80 166.23 248.61  64.00
  230 -0.358 -0.283  0.070 205.47 157.10  18.15 253.67  74.82 156.37  69.25
  231 -1.238 -0.518  0.100  39.13 180.96  18.15 253.67 202.03 177.84  66.37
  232 -1.128  0.942 -0.968 248.82 253.17  92.90  27.74 207.54  35.20  64.00
  233 -1.242  0.097 -0.683 248.82 253.17  43.44 117.86  35.99 118.03  64.00
