    1 -0.511 -0.271  0.541 192.57 155.30  24.62 154.63  24.77 154.04  69.61
    2 -0.802  0.327 -0.533 248.53  92.27 157.57  93.21 166.19  92.80  67.00
    3  0.580 -0.072  0.263 163.55 134.06 171.92 134.08 169.70 134.18  69.34
    4 -0.122 -1.081 -0.681  10.22 235.50  40.63 232.80 231.75 232.29  59.00
    5 -0.903 -0.078  0.013 117.85 135.23  73.09 135.18  44.04 135.08  63.00
    6 -1.118  0.355 -0.011  68.11  87.25 159.44  90.54 179.26  90.05  60.58
    7 -0.453 -0.968  0.175 127.48 225.77   5.63 228.67 149.14 226.35  66.71
    8  0.391 -0.882 -0.507  40.30 217.55  39.42 217.58  10.07 218.59  76.14
    9 -0.706 -0.583 -0.185  30.81 187.36 134.29 186.21 128.80 186.72  59.19
   10 -0.945 -0.455  0.568 222.20 175.58 152.86 175.07  92.39 171.26  53.00
   11 -0.492 -0.150  0.171  93.23 142.58  63.27 142.33 117.47 142.28  73.62
   12  0.127 -0.133  0.261  18.91 137.46 132.87 139.34  16.49 141.72  51.86
   13 -0.648 -0.506  0.199 251.68 181.54 127.35 180.24 238.68 178.43  49.12
   14 -0.620 -0.134  0.256 162.17 142.20  28.93 142.18  11.28 140.56  71.35
   15 -1.165 -0.762 -0.606 108.79 205.01  58.21 204.06  82.35 203.32  74.22
   16  0.302 -0.638  0.734  56.58 193.21  61.49 194.54  45.73 194.27  60.21
   17 -0.467  0.903 -0.851 174.51  34.05 132.21  33.79 212.16  35.23  71.25
   18 -0.523 -0.538 -0.291 176.07 182.09 220.35 182.37 149.51 180.70  74.06
   19 -1.070  0.574 -0.084 239.89  66.97 159.85  67.10  44.24  67.46  54.50
   20  0.427 -0.057 -0.393  50.16 131.92  96.53 131.65 117.84 131.58  65.87
   21  0.302 -1.062  0.870 198.05 240.26 176.96 239.51 252.39 240.48  47.50
   22 -0.399  0.621  0.398 247.05  61.06 119.57  59.88  58.58  60.84  64.00
   23 -0.631 -0.438 -0.469  29.97 172.62   8.96 171.18 124.10 171.21  65.18
   24 -1.208 -0.247 -0.626  90.77 146.19 105.80 145.95 125.95 145.99  60.70
   25 -0.592  0.246  0.361  92.54  99.24  23.45  99.25 238.34  99.78  59.33
   26 -0.360 -1.135 -0.276  54.21 243.81 239.10 243.74 109.63 242.74  57.00
   27  0.478 -0.810 -0.381  10.08 208.41 105.94 204.27  37.20 203.87  67.00
   28 -0.700  0.071  0.303 110.21 119.92 238.07 120.32  24.68 120.22  71.89
   29 -1.047 -0.034  0.186 149.24 131.41 156.87 131.42 157.56 131.47  68.46
   30  0.280 -0.031 -0.428 222.17 129.45 243.31 129.47 236.93 129.50  61.00
   31  0.432  0.340 -0.288 132.49  90.61  12.21  91.43 158.23  90.64  68.13
   32 -0.005 -1.053  0.297 104.02 238.67 115.94 237.60 188.54 232.76  71.44
   33  1.127 -0.012 -0.444 135.06 128.94  36.11 127.40   5.50 127.42  47.50
   34 -1.122 -0.864 -0.260 197.49 219.42  29.07 214.95  34.59 213.59  64.85
   35  0.964 -0.918 -0.726 234.49 218.12  16.85 220.79 173.69 222.14  55.67
   36  0.311 -0.257  0.610   5.44 154.27   5.77 153.31 229.56 153.33  57.35
   37  0.231 -0.875 -0.387  86.12 216.98  12.88 217.14  38.81 218.18  58.53
   38  0.776  0.895 -0.675  66.55  35.69 251.31  35.91 136.25  33.80  68.09
   39 -0.935  0.452 -0.861 212.38  80.26  71.65  80.85  29.01  82.64  65.38
   40 -0.142 -0.026 -0.985  29.85 129.00 152.32 128.91 163.98 128.94  47.38
   41  0.631  0.187  0.994  32.59 107.21  58.19 105.75  15.58 104.72  50.29
   42 -0.120  0.844 -0.810 183.28  38.74 112.75  38.08 215.99  39.28  60.92
   43 -0.292 -0.697  0.934 110.90 199.73 108.19 199.07 110.37 199.02  66.29
   44  0.161 -0.559  0.047  81.73 184.46  13.67 185.54 249.49 185.94  75.29
   45  0.478 -1.093 -0.520 205.42 236.61 196.92 238.31 170.19 240.28  66.40
   46 -0.748  0.165  0.559  24.74 107.94  34.33 107.84  57.96 108.11  53.73
   47 -0.169  0.106  0.136 112.91 116.00  45.27 113.76 197.22 114.37  61.58
   48 -0.406 -0.914 -0.446 151.66 220.43 225.67 220.95 223.55 220.15  61.40
   49 -0.218 -0.741 -0.318  82.93 202.56  96.73 203.40  17.32 203.52  60.43
   50 -0.126  0.241  0.691 251.05 101.62 105.23  99.54 123.15  99.51  60.16
   51 -0.303  0.015  0.710 179.18 124.86 185.71 124.82 178.06 124.77  60.85
   52  1.035 -0.293  0.062 114.37 157.29  74.00 156.97  63.91 158.52  69.42
   53 -0.460  0.993  0.377  94.61  17.36 110.69  18.69 219.64  23.12  57.33
   54 -0.108 -0.826  0.198  32.49 208.66  10.12 205.58  41.91 213.18  52.89
   55 -1.153 -0.415 -0.088 123.55 171.30  60.57 170.29  71.84 167.54  67.33
   56 -0.671  0.541 -0.641  99.67  70.23 220.04  72.57  99.44  73.49  67.44
   57 -0.694 -0.751 -0.727 150.37 203.57  61.01 201.25  56.53 200.15  67.33
   58 -0.304 -0.573  0.398 156.91 186.24  55.47 188.39  31.99 186.96  69.04
   59 -0.335 -0.140 -0.356  68.47 142.41 141.57 142.27  50.60 142.12  68.45
   60 -0.315 -0.033 -0.791  90.96 130.85 114.07 130.79 140.30 130.84  65.62
   61 -0.084  0.661 -0.087  15.25  57.27 229.44  59.24 130.73  57.44  58.70
   62 -0.461 -1.184 -0.751 149.33 247.50 100.69 246.34 188.10 246.66  75.20
   63 -0.526  0.440  0.899  45.30  80.09 243.42  79.12  21.76  79.79  52.78
   64  1.032  0.168 -0.883 236.84 108.48 196.47 108.01 222.95 107.89  63.38
   65  0.826 -1.110  0.111  23.81 240.43 160.78 242.38 128.42 246.42  47.40
   66  0.824  0.655 -0.780 105.81  62.10  25.32  59.63 183.56  57.68  57.43
   67  1.034  0.146 -0.062 134.95 113.05 231.94 111.35 226.65 111.55  67.00
   68 -1.111 -0.555 -0.176 177.42 186.05 185.12 182.63  80.53 182.97  74.14
   69 -1.082  0.231  0.127  99.92 101.97  65.95 102.34  77.40 102.72  74.81
   70 -0.437  0.381  0.204 184.79  85.09 200.28  84.58 252.87  84.54  66.03
   71 -0.966 -0.844 -0.290  43.14 216.38 116.93 214.68 108.56 204.18  52.60
   72 -0.653  0.715  0.011   8.61  47.49 119.27  48.48  99.10  49.49  62.43
   73  0.406  0.607 -0.810  38.07  67.00  74.06  66.45 179.87  66.10  71.09
   74 -0.196 -0.690 -0.314  90.73 196.56 160.56 196.43  72.12 196.60  62.06
   75 -0.421  0.401 -0.916 127.88  83.99 143.09  83.94 221.56  83.73  78.79
   76 -0.130 -0.165 -0.279 101.99 144.18  76.79 143.92  65.32 143.73  74.10
   77  0.657 -1.053  0.161  74.18 235.45  28.02 233.40 130.73 238.00  72.45
   78 -0.868  0.513 -0.898 224.86  73.75   5.56  75.33  34.33  75.76  55.86
   79 -0.345  0.570 -0.326 146.00  67.34 169.17  67.20 183.06  66.11  55.79
   80  0.112 -0.958 -0.612  53.60 223.70  94.42 222.00 231.55 223.88  54.50
   81 -0.716  1.113  0.285 157.17   5.80 155.22  10.91 141.15  10.46  70.03
   82 -0.065 -0.853 -0.579 168.60 210.56 177.23 211.19  98.51 214.54  72.91
   83 -0.226  0.143  0.389  92.79 110.40  48.86 110.72 248.32 112.70  62.36
   84  0.707  0.428 -0.477 247.18  83.15  34.25  82.86 154.93  83.45  60.47
   85 -0.215  0.716 -0.551  80.99  52.53  60.46  53.92  57.44  55.07  70.73
   86 -0.512  0.027  0.136 119.85 124.30  64.46 124.20  27.83 124.44  67.54
   87 -0.417  0.081  0.370  97.99 118.48  22.33 117.24   8.41 118.65  57.19
   88 -0.152  0.884 -0.477 128.63  34.08  81.37  37.48 224.01  37.54  64.33
   89 -0.009 -0.519 -0.916 192.38 180.08 227.22 176.81 114.97 178.72  70.62
   90  1.092  0.079 -0.831 116.59 119.74  84.30 119.71  14.08 118.90  76.24
   91 -0.582  0.790 -0.915 151.43  39.05  85.37  48.41  94.58  48.69  52.33
   92  0.953  0.650  0.553 129.65  59.59 231.52  55.67  16.48  56.47  68.91
   93 -0.765  0.465  0.654 194.70  75.29  22.22  75.60 137.37  79.00  65.75
   94  0.819  0.344  0.876  36.16  90.26  82.58  88.35  68.84  88.79  63.91
   95 -0.356  0.079  0.057   8.61 119.73  43.80 118.65  64.12 119.84  59.38
   96  0.241 -0.459 -0.488  16.42 173.42  63.90 173.00  77.95 172.50  38.40
   97 -0.223 -0.176 -0.791  57.25 145.09  30.03 144.84  28.26 144.29  66.14
   98 -0.703 -0.299 -0.266 159.81 157.56 129.86 157.70  48.83 156.52  75.13
   99 -0.288 -0.417 -0.058 118.91 170.76 123.23 171.03  18.06 170.09  54.38
  100  0.461 -0.870  0.277 156.17 217.69 151.84 217.80 170.61 219.44  67.90
  101 -1.024  0.682 -0.845 108.51  53.72 174.47  58.01 111.74  59.86  58.47
  102 -0.275 -1.176 -0.890 207.74 247.11  91.27 244.86   6.21 246.05  53.43
  103  0.569  1.028  0.187 182.97  11.91  52.88  11.36  18.18  16.57  69.48
  104  0.142 -0.211  0.174 118.20 145.27 114.96 145.15 114.97 145.19  70.05
  105  0.030 -0.913  0.267  21.87 223.20  86.81 221.51  30.13 222.31  65.50
  106  0.085  0.047  0.033 194.13 121.14  54.68 120.82  41.68 120.94  78.75
  107 -0.628 -0.390  0.939 115.06 168.78  74.82 167.96  38.12 166.70  63.86
  108 -0.788  0.090  0.793  64.44 116.93 110.57 117.18  95.47 117.21  59.56
  109  0.056 -0.541  0.807  88.45 182.16  74.52 183.47  25.18 184.15  69.50
  110  0.658 -1.162 -0.143 173.57 244.55 140.01 247.57  11.04 248.35  69.51
  111 -0.418  0.779 -0.350  99.40  42.37 116.19  43.28 187.08  44.73  67.38
  112 -0.445  0.559 -0.862   9.25  70.20  92.89  69.81 191.29  70.95  52.15
  113  0.893 -0.525 -0.195 249.45 180.68 194.09 180.85 179.44 182.30  37.25
  114  0.459  0.305 -0.611  47.01  94.14 172.73  93.30 141.24  92.82  64.35
  115  0.043 -0.104  0.744  57.51 136.57 189.15 135.83  12.05 137.05  57.52
  116  0.075  1.147 -0.488 206.39  10.44   9.65  10.81  17.60   9.49  73.76
  117  0.559  0.033 -0.289  46.38 123.90  41.01 124.02  56.62 124.14  56.86
  118  0.434  0.659  0.646 100.31  54.68 106.41  55.51 229.24  56.19  66.36
  119 -0.717  0.683  0.887 146.69  48.35  69.92  49.02 117.64  55.48  61.67
  120 -1.087 -1.029 -0.821  44.95 231.73  80.86 229.54 240.62 227.84  60.40
  121 -0.748  0.606  0.895  31.04  60.19 211.30  62.26 242.84  62.97  49.08
  122 -0.293  0.825  0.961 108.78  37.25 206.81  37.63 120.40  37.96  67.46
  123  0.985 -0.483 -0.872 172.49 175.40 193.11 176.56 147.16 177.09  70.65
  124 -0.508  0.580  0.661  48.30  63.94 108.45  65.58  72.01  66.11  49.86
  125 -0.936 -0.607  0.072  68.70 189.65  12.39 188.45  60.43 187.50  65.13
  126 -0.102  0.524  0.188  68.09  70.91  83.59  72.11  50.37  71.88  71.66
  127  0.238 -0.007 -0.705 140.41 126.56  95.89 126.62  60.67 126.63  71.76
  128 -0.085  0.758  0.354  89.27  47.21 235.42  46.68 135.73  42.89  66.15
  129 -0.175  1.088 -0.807 133.50  11.34 135.92  11.32  41.13  13.38  63.19
  130 -0.646 -0.701  0.047  84.43 198.53  71.06 197.36 115.05 196.71  61.40
  131 -0.838  0.992 -0.285 198.75  22.16 187.76  20.64  59.88  24.90  69.90
  132  0.631  1.141  0.221  14.82   9.30  26.20   5.61 191.33   6.57  57.70
  133 -0.470  0.484 -0.485  17.83  77.17  41.17  76.79 200.70  77.81  59.30
  134 -0.746 -0.826  0.379 112.86 215.53 121.69 214.89 173.90 212.55  68.00
  135  0.147  0.438 -0.683 120.89  82.26 128.49  82.47 136.02  82.24  66.67
  136 -0.982 -0.299  0.344  65.95 159.65 236.02 158.72  99.47 157.70  52.94
  137  0.107 -0.332  0.582  62.30 160.53 135.77 160.19 215.33 162.78  59.38
  138  0.311  0.376 -0.946 108.34  87.91  86.16  88.00 113.01  88.07  67.37
  139  0.015 -0.278  0.459  51.26 155.50 161.38 155.58 120.77 155.71  69.50
  140 -0.322 -0.500 -0.731 193.65 176.07  27.87 176.56 198.16 177.53  63.00
  141 -0.476  0.291 -0.067  18.64  94.65 174.85  97.26 200.98  97.11  43.33
  142 -0.593  0.037  0.878  51.02 123.50 137.06 123.38  31.68 123.57  55.75
  143 -0.554 -0.669 -0.143  58.49 196.25  58.63 195.59  80.21 193.90  80.81
  144  0.656  0.599 -0.014 119.36  65.89  47.75  63.09  64.50  63.51  74.48
  145  0.510  0.458  0.660  79.51  78.07  80.41  78.91  73.85  77.46  60.92
  146 -0.651  0.209  0.914 156.00 102.52 114.79 102.54  48.94 102.76  72.62
  147 -0.658 -0.653 -0.588  23.01 193.27  96.17 188.72  30.40 190.11  54.89
  148 -0.941 -0.131  0.405 173.67 139.30  34.48 136.39  90.73 139.32  67.36
  149 -0.982 -0.374 -0.438 173.05 163.32 139.67 163.47 103.09 163.50  64.14
  150  0.322  0.503  0.637  67.82  74.57  60.23  73.46  18.00  73.83  68.45
  151  0.002  0.450 -0.524 127.07  80.43 182.60  79.46  32.94  81.75  66.07
  152  0.394  0.068  0.464  87.53 120.68 199.73 120.62 197.25 120.40  60.62
  153 -0.995 -0.254  0.083  53.84 154.54 143.14 150.35  34.52 152.74  59.50
  154 -0.049 -0.417 -0.330 237.17 169.07  67.38 168.43  22.14 169.33  52.96
  155 -0.926  0.202 -0.611 115.84 105.50  15.32 104.14 135.72 107.79  63.57
  156 -0.065 -1.203  0.064 250.48 251.30  37.69 251.89 181.72 250.68  54.59
  157 -0.518 -0.065  0.645  15.27 133.71  18.73 131.84  16.18 131.74  53.08
  158  0.036  0.883  0.784 244.77  33.03  43.31  28.87  59.37  33.79  57.79
  159  0.250 -1.116  0.267 233.90 242.10 214.46 244.07 231.31 245.61  57.47
  160  0.316  0.611 -0.950 198.42  66.99 196.39  66.07  13.40  64.67  67.62
  161 -0.842 -0.846  0.419 192.73 218.52  49.61 215.26  27.49 214.99  64.55
  162 -0.840  0.984 -0.685 112.87  22.39  42.15  26.36 251.26  27.69  67.60
  163 -0.586  0.544  0.338 249.38  69.97  17.52  68.82  25.02  70.25  50.50
  164 -1.056  0.959 -0.939  52.72  23.79 219.98  27.09  68.02  30.03  63.38
  165 -1.133 -0.588 -0.395 128.12 189.16 145.02 186.37  89.43 186.06  67.12
  166 -0.942 -0.158  0.110  96.68 142.79  93.85 142.58  99.74 142.53  74.86
  167 -0.791  0.138  0.270 197.15 111.62 104.42 113.14  80.40 113.26  55.94
  168 -0.662 -0.640  0.289 196.80 195.64  30.82 191.48 242.15 190.26  64.14
  169 -1.000  0.495  0.535   5.70  73.38 162.58  74.65  49.73  75.62  58.60
  170  0.096  0.123 -0.967 246.37 113.60 235.44 113.19  35.11 114.12  58.67
  171 -0.858  0.008  0.852  98.81 125.39  74.85 125.44  64.92 125.51  71.12
  172 -0.516 -0.383 -0.050  33.54 167.62  27.92 166.45  46.44 165.74  50.38
  173 -0.854  0.041 -0.416 149.46 123.38 169.98 121.07 122.38 123.36  56.83
  174 -0.186  0.587  0.690 183.38  63.08  86.17  62.76 176.82  64.90  60.62
  175 -0.228  0.284 -0.729  94.41  97.66  78.92  98.08 190.54  97.22  71.91
  176  0.637 -0.510 -0.128  74.30 177.68  95.76 178.77  50.41 180.37  63.14
  177  1.017 -1.192 -0.577  97.40 246.41  81.70 247.72  71.46 250.21  71.84
  178 -0.946 -0.988  0.575 105.76 230.79  18.85 231.81  52.25 229.91  68.40
  179 -0.906 -0.377 -0.060  92.51 165.92  66.17 165.50  56.18 164.81  64.30
  180 -0.594 -0.355  0.173  70.43 162.19  84.83 161.53 235.29 163.40  66.57
  181  0.931 -0.968  0.364 153.66 223.98 248.93 228.84   8.82 230.58  70.30
  182  0.701  0.075 -0.454 204.23 120.47  91.19 120.01  81.80 120.08  58.20
  183  0.385 -0.912 -0.609  78.51 219.49 176.62 219.58 147.60 220.67  70.00
  184  0.899  0.992 -0.479  37.99  25.86  79.77  23.58  17.14  20.53  65.72
  185  0.071 -0.306  0.337 234.31 157.96  56.00 158.95  15.46 158.89  63.82
  186  0.550 -1.085  0.209 163.32 238.84 127.76 238.91 179.01 241.49  64.88
  187  0.611 -0.452  0.667 143.58 175.07 200.00 174.82 156.25 175.59  69.89
  188  0.256  1.111  0.487 128.88  10.91  55.61  10.47 114.52   6.62  63.00
  189 -1.060 -0.882  0.310  99.43 223.17 168.13 218.07  24.57 215.63  70.73
  190  0.879  0.534  0.162 138.56  73.22  66.63  71.00  97.58  70.10  77.10
  191 -1.003  0.101  0.465 244.23 114.50 137.88 115.94 160.84 115.79  63.38
  192  1.020 -1.105  0.237 202.41 240.96 185.86 241.89 124.99 246.46  69.70
  193  0.555 -0.531 -0.361 211.91 181.35  60.41 181.23 181.72 250.68  61.00
  194  1.089  0.465  0.446 250.48 251.30  46.70  78.65   6.15  77.10  54.59
  195 -0.432 -0.331 -0.829 160.04 160.43  24.84 159.69 181.72 250.68  73.76
  196 -0.357  1.210 -0.805 250.48 251.30 228.17   5.38  92.61   6.23  54.59
  197  0.390 -1.201  0.136  70.68 249.98 231.54 249.34 181.72 250.68  68.83
  198  0.264  1.159 -0.813 202.88  10.72  37.69 251.89 120.59   9.35  79.67
  199  0.626  1.169 -0.485  85.61   9.13  37.69 251.89 107.45 253.52  72.32
  200 -0.084 -0.885  0.272  26.74 220.05 167.31 220.84 181.72 250.68  62.05
  201  1.008  0.767  0.597 250.48 251.30  96.68  39.27  51.33  40.42  54.59
  202  0.714 -0.466 -0.823  65.15 173.92  98.47 171.47   9.54 175.27  64.90
  203  0.047  0.919 -0.425  41.85  33.49  37.69 251.89 191.57  33.46  52.50
  204  0.113 -1.151 -0.040 193.60 246.66 154.54 245.34 181.72 250.68  71.91
  205 -0.903 -1.233 -0.918 250.48 251.30 196.21 248.28 213.58 247.57  54.59
  206 -0.836 -0.997  0.246 250.48 251.30 226.36 230.31  68.49 228.41  54.59
  207 -0.330 -0.913 -0.295 143.45 221.35 119.42 221.14 181.72 250.68  68.22
  208 -1.090 -0.901 -0.480  86.85 222.95  37.69 251.89 132.06 215.26  73.64
  209 -1.165 -0.954  0.349 237.48 227.76 131.37 224.14 181.72 250.68  52.86
  210 -1.240  1.117 -0.279  89.43   7.79  37.69 251.89  49.60  13.13  57.44
  211 -1.241  0.081 -0.446 130.37 117.11  37.69 251.89 247.30 120.02  72.22
