    1  0.630  0.110  0.905 113.36 113.33 138.96 113.29 162.23 113.10  52.86
    2 -0.077  0.654 -0.080  16.75  56.77  58.79  55.60  59.80  60.23  59.17
    3  0.962  0.098 -0.848  98.59 117.46  43.66 117.76  92.46 116.89  62.64
    4  0.259 -0.053 -0.413 231.04 132.73  16.99 132.45  14.82 132.31  68.07
    5 -0.362 -0.600  0.379 151.57 190.90 189.68 190.87  60.38 188.58  73.92
    6 -1.002 -0.258  0.081  53.53 154.25   5.36 153.02 228.22 152.12  61.30
    7 -0.731  0.060  0.311 107.63 120.36  87.74 120.43  78.43 120.49  65.67
    8  0.112 -0.603  0.024 188.47 189.96  54.72 189.59 177.19 189.48  66.84
    9 -0.814  0.995 -0.678 185.85  21.91 240.76  21.06  18.07  19.93  67.41
   10 -0.911 -0.379 -0.069 155.23 164.58 130.85 164.80 105.68 164.82  76.11
   11 -0.400 -1.184 -0.302 233.73 248.79  77.85 247.60 104.14 248.59  55.50
   12 -0.553 -0.280  0.540 156.12 154.96 139.11 155.00  24.31 154.46  66.00
   13 -0.668  0.699  0.020 110.70  52.38  53.83  53.43 117.90  54.86  56.22
   14 -0.989 -0.839 -0.289 110.50 214.51 153.79 209.44 109.78 209.69  75.44
   15 -0.858  0.518 -0.900 138.97  72.47  11.33  74.74  34.76  75.51  65.83
   16 -0.692  0.696  0.883  90.58  48.63 222.14  49.08 194.92  50.63  75.91
   17 -0.533 -0.541 -0.310 167.15 182.87 195.51 179.94 208.53 181.25  72.07
   18  0.408 -0.091 -0.387  19.01 137.34  33.16 137.31  11.90 137.19  46.50
   19 -1.083  0.568 -0.092 119.03  65.59 168.70  67.16 128.00  69.82  65.56
   20 -0.724  0.619  0.895 130.55  60.27 120.27  60.61  64.93  62.00  70.72
   21  0.465  1.167 -0.538 211.76   9.08  26.78   6.40 184.65 254.32  50.67
   22 -0.860 -0.863  0.420  83.46 219.66  46.79 217.83 244.04 215.35  62.38
   23  0.423 -1.131 -0.528  22.40 241.68  74.33 235.90 128.25 237.16  40.67
   24 -0.426  0.575 -0.858  36.55  67.70  16.21  69.53 216.32  67.71  61.21
   25 -0.958 -0.456  0.579  83.56 177.07 134.20 176.01 116.47 172.50  62.62
   26  1.065 -0.226 -0.364 158.18 147.75 137.52 147.75 154.22 149.12  71.25
   27 -1.212 -0.244 -0.632 220.08 150.86 237.37 151.38  86.28 151.94  60.85
   28  0.797  0.811 -0.607  56.50  45.98 119.66  40.92 138.27  40.48  66.69
   29 -0.428 -0.309 -0.828 110.45 158.32  69.59 157.95  45.19 157.46  71.52
   30  0.264 -0.414  0.607 113.70 169.30  63.45 171.96  77.80 171.25  58.00
   31 -0.765  0.160  0.570 248.80 107.98 113.29 107.12  59.35 107.45  64.29
   32 -0.246 -0.759 -0.331  47.96 204.86  95.39 203.58  35.53 203.73  67.94
   33 -1.132  0.351 -0.017 184.30  88.93 197.36  88.45 135.72  90.77  68.68
   34 -0.171  0.587  0.690  49.79  63.23 240.76  62.23  15.50  63.25  52.92
   35 -1.182 -0.761 -0.599  79.29 206.46  56.52 203.52  51.17 202.60  59.86
   36  0.905 -1.004 -0.754  95.79 226.21 112.24 225.89  51.05 230.52  61.31
   37 -1.118 -0.553 -0.171  85.07 185.41  56.98 184.48  80.43 183.25  71.89
   38 -0.915 -0.087  0.009 246.33 137.13  70.43 134.63  41.62 134.54  65.44
   39 -0.245  0.155  0.388 243.71 108.02 249.51 111.31  25.24 111.68  44.60
   40  0.436  0.310 -0.263  47.52  93.48 248.17  93.56  66.97  94.94  67.49
   41  0.800  0.584 -0.729   8.88  69.33  74.50  66.22 182.61  66.10  49.07
   42 -0.950 -1.001  0.595  43.83 232.83  17.71 232.46 103.36 229.30  62.91
   43 -0.620  0.248  0.362  91.99  99.48  75.50  99.81 223.96 101.92  64.92
   44 -0.505  0.582  0.644 132.52  64.68 160.35  64.71  73.39  66.08  46.00
   45 -0.396  0.635  0.395  32.18  59.75  26.87  59.05 190.45  60.54  48.92
   46 -0.486 -0.161  0.402  66.87 143.42 107.25 143.48 127.40 143.51  59.08
   47 -1.063 -0.040  0.186 178.51 129.60  98.20 129.41 226.09 131.29  76.30
   48  0.617  0.925  0.246  11.18  28.67  81.78  22.97  70.38  28.91  53.29
   49 -0.140  0.198  0.693  37.60 105.62  13.32 105.12  14.01 105.75  61.26
   50  1.105 -1.133 -0.184  70.33 238.19 171.27 243.39   5.40 247.56  67.53
   51  0.239 -1.118  0.859  53.19 245.02  96.13 245.34  99.95 247.26  60.21
   52 -0.002 -0.606  0.793 216.41 191.98  90.17 191.47 175.22 192.16  47.33
   53 -0.039 -0.965  0.233 136.04 226.33  91.29 224.91  95.87 224.80  67.00
   54 -0.471  0.489 -0.480  67.67  74.97  21.48  76.25  74.79  76.89  62.62
   55  0.532 -0.196  0.277  56.11 145.90  28.91 145.54 113.49 145.11  62.53
   56  0.981 -0.477  0.152 109.23 174.55  26.45 176.76 213.82 178.77  68.00
   57 -0.225 -0.708 -0.324 248.68 200.85  54.89 199.01  42.68 197.69  46.67
   58 -0.305 -0.699  0.939  81.92 201.46 105.15 200.83 108.12 200.73  53.33
   59 -0.002 -0.222  0.751 198.95 148.54 184.11 148.84 114.46 147.93  66.00
   60 -0.659  0.553 -0.642 183.20  70.05  90.98  71.04  48.79  71.66  65.20
   61 -1.006  0.490  0.548  28.74  74.68   6.30  74.57  50.30  75.77  60.36
   62 -0.178 -0.869  0.177  38.28 217.04 170.85 217.66  22.90 217.24  72.50
   63 -0.085  0.867 -0.796 153.93  37.38  99.77  37.51 120.99  38.60  52.33
   64  0.231  0.003 -0.712  95.78 126.31  71.45 126.30  62.27 126.35  69.70
   65 -0.698 -0.298 -0.273  50.60 155.85  23.85 155.11 119.22 155.10  66.47
   66 -0.449  0.089  0.367  62.98 118.00  19.89 118.28  12.95 117.93  60.92
   67 -0.555  0.802 -0.904 102.97  40.07 133.09  41.09 211.74  43.79  62.59
   68  0.335 -0.917 -0.509  25.14 219.80  37.44 219.37  95.02 222.15  59.30
   69  0.104 -0.256  0.160   4.87 153.96 128.00 152.05  34.42 152.46  63.00
   70 -0.431  0.918 -0.835  43.41  32.72 192.97  31.30 163.30  29.71  56.59
   71 -1.008  0.688 -0.843 101.95  54.07 107.45  54.86  18.81  55.12  62.25
   72 -0.320 -1.166 -0.879 143.64 245.06 119.97 244.81  98.56 244.61  67.96
   73 -0.224  0.025 -0.116 252.96 125.44 195.00 124.78 191.23 124.72  60.11
   74 -0.298 -0.012 -0.794  30.42 128.79 151.64 127.96 163.70 127.93  50.71
   75 -0.415  0.765 -0.322 187.72  47.05 121.47  48.28 101.03  48.14  64.43
   76 -0.651 -0.150  0.263  97.34 141.59  26.79 143.13  14.10 142.68  74.04
   77  0.682  1.143 -0.443 248.14  10.97  56.44  10.45  95.25   5.96  57.70
   78 -0.714 -0.594 -0.201  19.67 189.88  10.86 187.94 230.64 186.05  55.64
   79 -0.792  0.333 -0.545  34.54  90.66  10.79  91.82 203.29  92.56  60.29
   80 -0.079 -1.111  0.263 158.16 242.86 112.93 236.81 143.18 234.87  72.93
   81 -0.544  0.019  0.133 147.12 125.58  93.32 125.73  59.38 125.94  57.67
   82  0.239 -0.760  0.718 105.72 206.92   8.32 205.47  55.03 203.79  70.58
   83  0.305  1.154 -0.810 161.49  10.15  11.49  10.94 194.96   8.97  66.92
   84  0.199 -0.482 -0.483 233.24 176.88  95.37 176.49 114.55 176.30  64.71
   85 -0.859 -1.025  0.245  74.92 237.07 170.43 233.73   7.96 231.79  59.67
   86 -0.987 -0.370 -0.440  60.82 161.31 124.82 163.90  95.54 163.85  58.88
   87  0.416 -0.874 -0.392  41.29 215.94  26.76 214.44  37.01 217.89  49.00
   88 -0.326 -0.129 -0.359 246.53 139.79 251.75 137.33 242.68 140.22  73.50
   89 -1.159 -0.413 -0.088 188.20 171.87  60.27 169.51 228.61 169.05  64.72
   90  0.144  0.448 -0.679 120.94  81.40 127.79  81.65  17.81  81.63  67.33
   91  0.681  1.047 -0.262 204.06  21.27 233.60  19.07 133.98  15.93  66.12
   92 -1.140 -0.861 -0.258 131.25 219.60 119.45 213.78  39.95 212.68  73.32
   93  0.056 -0.449  0.572  16.02 173.74 156.31 172.33  88.99 173.82  47.75
   94  0.676  0.389 -0.422 106.70  87.54 159.04  88.00 114.87  86.34  74.21
   95 -0.766  0.458  0.657  79.53  77.52  80.24  78.42 235.09  79.22  79.00
   96 -0.072 -0.427 -0.321 119.03 169.83   8.29 171.00  17.52 169.93  57.92
   97  0.111  1.115 -0.470 137.20  12.02 158.94  12.03 253.46  10.58  71.43
   98 -0.682 -0.641 -0.600  22.82 193.59  29.62 192.81  29.69 191.36  55.78
   99 -0.389  0.075  0.069 113.46 118.85 224.96 118.44   7.65 119.18  74.33
  100 -0.998 -0.306  0.345  66.20 159.57  56.49 158.92  64.58 158.50  55.93
  101 -0.199  0.109  0.145  75.51 114.84  42.27 115.24  32.04 115.41  68.00
  102 -0.962 -0.140  0.418 222.96 141.16 169.97 137.62  10.77 140.71  55.88
  103  0.045  0.814  0.778 111.26  37.96 114.47  38.72  54.07  38.64  63.71
  104 -0.135  0.877 -0.452 131.66  36.53 135.74  36.78 109.28  36.14  65.44
  105  0.578 -0.543 -0.646 104.22 178.96 126.70 178.51  47.89 183.42  62.06
  106 -0.441  0.998  0.395 251.27  15.99 157.88  20.91 121.01  19.73  52.45
  107 -0.773 -0.850  0.377 162.74 217.20  11.08 216.83  25.87 214.72  70.30
  108  0.539 -0.013 -0.261  92.12 129.28 115.63 129.11 141.84 129.14  70.13
  109  1.187 -0.087  0.036 115.61 134.77 165.31 136.96  34.65 137.12  50.40
  110 -0.362  0.558 -0.296  69.93  69.39  85.45  70.47  24.25  70.97  62.11
  111 -0.005  0.458 -0.505  46.44  79.34  73.76  78.53  21.60  80.54  55.48
  112 -0.681 -0.537  0.190 187.34 183.71 186.81 183.23 233.38 182.56  58.45
  113 -0.097  0.532  0.188  56.29  70.91 199.19  72.20 186.34  71.85  63.20
  114  0.402  0.607 -0.810 151.90  65.51 110.07  65.62 181.10  63.66  44.33
  115 -0.707  1.105  0.296  15.87   8.55 197.87  11.58  50.67  13.19  60.42
  116  1.000  0.518  0.597   6.22  72.61  61.45  72.23  95.00  71.32  63.44
  117  0.487  0.348  0.647 190.67  89.21  80.41  88.03  66.86  88.63  65.50
  118  0.281  0.282  0.017 240.39  97.19 106.84  97.31 165.74  95.96  42.60
  119 -1.076 -0.895  0.320  84.34 224.04  15.01 219.89  93.00 218.64  75.82
  120 -0.205  0.721 -0.533 204.86  50.49  85.71  49.80 223.43  50.38  53.29
  121 -0.953 -0.165  0.106 117.52 145.39  73.52 145.19  47.62 143.75  73.62
  122  0.350 -0.082  0.457 147.96 133.69 154.75 133.71 155.12 133.75  69.04
  123 -0.016 -0.502 -0.930 139.97 177.43 148.56 177.43 152.18 177.93  70.00
  124 -0.457  0.384  0.210 230.06  86.14  87.70  86.74 180.07  87.16  72.80
  125  0.309  0.403 -0.967 215.45  86.44 172.05  85.77 191.88  84.29  73.11
  126  1.006 -0.044  0.041 199.40 131.45 183.62 129.68 239.58 131.57  66.00
  127 -0.699 -0.673  0.281  55.78 194.75  59.08 193.34 144.20 193.93  67.62
  128 -0.127 -0.009 -0.991 134.28 127.92 184.74 127.13 128.12 126.90  61.67
  129 -0.153 -1.073 -0.694   9.30 236.23  38.15 235.73  63.42 234.56  52.62
  130 -1.098 -1.035 -0.815 186.37 232.63 219.58 229.56  92.60 225.60  76.22
  131 -0.789  0.099  0.815 233.06 116.67 196.08 116.44 139.07 116.29  61.36
  132 -0.430 -0.924 -0.455 141.02 222.70 162.40 221.64 168.62 219.08  73.56
  133 -0.087 -0.843 -0.589 190.44 208.66 103.03 206.12 237.06 212.02  68.54
  134 -1.036  0.960 -0.929  41.07  24.84  45.73  27.62  55.26  29.25  63.42
  135  0.024 -0.347  0.322  70.88 159.96  23.25 160.46  34.12 161.46  66.00
  136 -0.588  0.060  0.884   8.46 119.57  80.95 118.86  24.72 119.92  62.45
  137  0.515 -0.587 -0.377 232.98 186.99  12.95 185.37  30.64 186.42  52.85
  138  0.829 -0.653 -0.156 171.56 192.95 128.02 193.13  84.66 192.87  73.44
  139  0.402 -1.006  0.248 146.10 229.48   3.84 229.71  30.01 233.43  68.42
  140  0.088 -0.186  0.248  99.20 145.58 113.73 145.27  27.50 145.05  77.00
  141 -0.323 -0.442 -0.051  64.57 172.69 120.93 172.06 121.75 172.18  64.55
  142 -0.636 -0.427 -0.475 121.84 172.34  73.45 169.88  71.05 169.41  67.22
  143 -0.570 -0.697 -0.170  86.83 200.20 213.86 195.69 198.34 197.38  69.07
  144 -0.264  0.841  0.957  70.40  34.19  84.92  35.88 138.01  36.25  66.21
  145  0.469  1.038  0.141  98.96  15.12 114.96  16.38  19.11  15.74  83.00
  146  0.669 -0.514 -0.848  73.50 177.88 230.74 178.04 149.38 178.99  66.88
  147 -1.147 -0.583 -0.392  30.37 187.19 219.93 184.51 192.82 184.39  59.14
  148 -1.102  0.221  0.123 250.80 103.20 219.77 102.76  46.44 102.56  62.50
  149  0.594 -0.606 -0.128 171.95 187.84 181.02 188.30 125.19 191.24  68.47
  150 -0.064  0.759  0.362   8.58  46.31 209.15  45.97 216.86  46.84  60.33
  151  0.107  0.149 -0.979  91.56 111.02  46.99 111.32 203.89 111.96  61.86
  152 -0.509  0.274 -0.051  82.58  97.40  24.06  98.04 140.90  98.67  61.55
  153  0.073  0.895 -0.408 205.32  32.80  24.45  32.06  60.69  33.63  66.14
  154  0.175 -1.192  0.231  92.77 251.53 221.93 251.66 237.48 250.42  72.61
  155 -0.849  0.046 -0.433  84.96 121.80  64.97 121.72  28.10 122.00  68.43
  156 -0.819  0.125  0.284 133.18 111.84 102.43 111.93  78.71 112.04  62.46
  157 -0.153 -0.931  0.243  52.44 224.98 136.56 224.51 146.41 224.42  54.00
  158  0.321  0.635 -0.971 247.65  61.04  50.31  61.69 227.89  62.22  55.78
  159  0.919  0.775 -0.434 148.78  48.23  72.58  47.77  89.54  41.36  62.17
  160 -0.915  0.209 -0.622  42.53 104.51  59.36 103.60 235.57 106.68  55.77
  161 -1.111 -0.898 -0.479 147.16 221.64 109.68 219.14  32.27 215.97  60.60
  162  0.653  0.034 -0.411  51.46 122.95  51.45 121.93  32.14 123.64  55.31
  163 -0.326 -0.477 -0.731 167.93 175.79  94.78 174.15   8.02 175.41  63.71
  164 -0.631 -0.382  0.949  89.66 169.20  33.94 167.47  53.69 167.37  69.62
  165 -0.132  1.111 -0.793 184.05  12.97  53.94  12.28 233.37  14.74  67.42
  166 -0.639  0.229  0.923  97.32 101.75  62.99 102.12 161.65 102.30  66.89
  167 -0.925  0.457 -0.864  94.86  78.57  46.66  79.40  29.62  82.27  60.77
  168 -0.543 -0.060  0.649  15.27 133.57 232.86 132.77 207.90 132.94  53.12
  169  0.910 -0.559 -0.857 167.43 179.60  73.55 183.78  24.37 183.93  65.55
  170 -0.499 -1.183 -0.745  78.86 247.21 242.19 245.16 219.10 246.39  56.23
  171 -0.212  0.306 -0.727  18.01  94.07  47.75  94.35 241.48  95.20  34.50
  172  0.438  0.280 -0.596 166.41  99.14 157.48  98.91 124.50  97.22  86.50
  173  0.851  0.238  0.864 156.76  99.86 172.68 100.06  72.52 100.16  68.75
  174 -0.404  0.416 -0.919  44.41  81.73 223.58  85.17  67.80  82.99  55.67
  175  0.889 -1.171  0.360 196.22 247.02 153.93 248.33  69.98 250.95  67.66
  176 -1.149  0.533 -0.843 203.23  71.87 234.56  73.12  18.07  72.96  70.00
  177  0.524  0.012  0.930 137.19 125.67  36.17 126.16   4.82 126.21  68.27
  178 -0.713 -0.742 -0.728 107.85 201.59  69.46 200.14  71.76 199.36  65.79
  179  0.910  0.411  0.225 127.76  82.84  35.33  82.32 154.57  82.42  66.89
  180 -0.360 -0.943 -0.318 124.27 224.90 145.55 222.64 169.99 223.28  69.40
  181  0.081 -0.946 -0.619  19.98 222.97  84.30 222.46 165.54 222.98  68.00
  182 -0.966  1.158  0.298 227.79 253.68 130.58 254.34 178.40   7.40  67.08
  183 -0.618 -0.383  0.170  33.03 167.21  27.51 166.06  46.14 165.33  63.67
  184 -1.146  0.090 -0.217 192.51 118.56 107.52 116.85 235.68 118.09  50.81
  185  0.408  0.541  0.657  96.49  70.17 209.03  69.33  45.24  67.22  77.62
  186 -0.516 -1.030  0.162 165.43 252.86  27.25 234.65 226.94 232.62  78.61
  187  0.169 -0.922 -0.387 151.12 221.40  15.08 222.36  69.98 250.95  68.30
  188 -0.507  0.461  0.888  17.96  76.56  42.24  76.28  92.37  78.69  52.87
  189  0.593 -1.199  0.133  67.57 249.92  35.83 252.58  69.98 250.95  68.33
  190 -0.209 -0.151 -0.796 165.43 252.86  94.88 141.44 100.61 141.40  78.61
  191  0.061  0.026  0.029 182.68 124.81  41.58 123.64  69.98 250.95  53.25
  192 -0.675 -0.738  0.022 149.37 203.77 146.65 253.24  15.89 203.50  64.18
  193 -0.813  0.980 -0.293 213.14  22.58 146.65 253.24  60.89  24.26  67.13
  194 -0.033 -0.337  0.449 165.43 252.86  85.23 159.39  14.06 159.61  78.61
  195  0.681  0.539  0.062 165.43 252.86  64.55  70.76 110.56  70.61  78.61
  196  0.277  0.370  0.640 131.75  87.80 146.65 253.24 193.80  87.67  69.32
  197 -0.606  0.547  0.333 165.43 252.86 171.66  70.26 176.34  71.10  78.61
  198 -0.857  0.020  0.871 165.43 252.86 134.58 125.59 120.21 125.70  78.61
  199 -0.529 -0.402 -0.060 165.43 252.86  63.89 168.41  21.49 168.47  78.61
  200  0.339 -0.923 -0.622  76.81 221.34 146.65 253.24  28.93 222.94  62.40
  201  0.279  1.015  0.527 165.43 252.86 168.01  19.84 169.66  18.23  78.61
  202  1.056  0.620  0.633 165.43 252.86  86.51  61.27  55.65  56.70  78.61
  203 -0.922 -1.240 -0.921 165.43 252.86  87.22 249.80   9.18 249.11  78.61
  204 -1.181 -0.963  0.361 228.66 230.54 124.19 229.40  69.98 250.95  61.73
  205 -1.229  1.124 -0.279 247.92   7.51 146.65 253.24  41.44  14.15  67.94
