    1  0.222 -0.293  0.640 216.31 157.91  96.45 157.81 151.29 158.88  66.32
    2  0.248 -0.037 -0.685 245.17 130.11 237.13 131.00 124.06 131.08  55.93
    3  0.455 -0.623  0.834 101.16 191.99  67.97 191.10 178.49 192.27  76.23
    4 -0.423  0.511  0.378 156.18  71.92  60.61  72.69  91.96  73.22  49.50
    5 -0.946 -0.066 -0.281  10.32 132.03 153.32 131.97 164.15 132.01  57.32
    6 -1.052 -0.316 -0.451 240.52 160.05 151.86 159.45  51.20 159.40  56.92
    7  1.037  0.270  0.451  19.20  98.48 232.56  98.06 180.88  97.39  54.57
    8 -0.565 -0.598  0.286 194.85 190.91 192.31 191.06  65.83 186.83  67.70
    9  0.260 -0.509 -0.072 131.07 179.49 225.64 179.50  67.13 180.56  66.17
   10 -1.032 -0.860  0.162 152.46 219.17  81.03 215.40 100.03 214.94  52.00
   11 -0.010  0.116  0.335  61.28 112.75  79.61 113.01 108.73 113.05  65.86
   12  0.045  0.054 -0.239 152.69 116.02  24.26 121.41 110.64 122.19  69.53
   13  0.162 -0.776 -0.263 196.89 206.60  58.37 207.36 213.50 207.05  64.78
   14 -0.655 -0.496  0.702 161.21 180.79 116.59 180.53 214.50 179.90  78.67
   15 -0.176 -0.685  0.429 112.74 200.46  75.38 199.70  42.76 199.75  67.19
   16  0.942  0.034  0.179  62.19 124.27   8.31 124.39 116.26 123.14  59.18
   17 -0.182 -0.752  0.659 145.06 208.00 204.90 207.73  78.45 206.52  80.56
   18 -0.169 -0.838 -0.078  82.26 213.99   6.05 214.49   7.20 212.11  57.57
   19 -0.466 -0.861 -0.668 133.16 215.79 117.68 214.81  35.20 212.44  68.38
   20  0.954  0.650 -0.367 200.32  58.41 101.86  57.41  79.36  57.90  49.43
   21  0.609 -0.285  0.541  19.73 155.60 200.00 153.91 249.96 154.77  53.67
   22  0.308 -1.164 -0.186  14.48 243.63  59.30 244.13 177.40 246.89  57.89
   23 -0.356 -1.181 -0.396 224.67 249.72 229.50 244.35 251.93 246.16  50.42
   24 -0.104 -0.855 -0.650 117.14 210.33  37.78 214.20 103.83 214.87  66.86
   25  0.447  0.137  0.692  55.71 111.45  35.55 111.79  38.88 112.27  63.74
   26  0.314  0.622 -0.552 107.45  64.49  35.79  64.00 242.64  60.71  61.16
   27 -0.842 -0.536  0.154  85.09 183.47 141.02 182.83 120.32 182.64  72.56
   28  0.345  1.088  0.201  27.02  14.61  52.52  12.16 175.94   9.34  55.83
   29  0.833 -0.881  0.626 192.64 219.15 133.21 219.27  94.27 219.92  64.38
   30  0.821  0.054 -0.482  48.27 121.21 123.38 122.19  27.00 121.49  64.91
   31 -0.110 -0.491  0.630  89.14 179.37 103.14 179.30 157.17 178.92  66.00
   32 -0.213  0.218 -0.447  34.59 103.87  30.00 104.04  64.80 104.44  44.33
   33 -0.573 -1.093 -0.863 170.10 237.26 218.13 236.77 184.68 234.96  70.85
   34  0.090 -0.812 -0.838  27.03 209.44 108.86 208.41 188.96 210.46  47.00
   35  0.176 -0.997  0.066 139.78 231.34 167.87 231.44  48.38 229.78  57.57
   36  0.019  0.631 -0.930 210.37  62.96 243.10  63.77 182.09  62.22  63.63
   37  0.524  0.394 -0.383 198.37  86.85  81.71  85.67  91.01  85.68  65.48
   38  0.948 -1.087  0.699 175.99 240.44 188.57 241.55 234.81 246.06  68.96
   39  0.164  1.117 -0.604 196.10  13.18   2.54  13.97 202.35  13.50  68.36
   40  0.796  0.848  0.422 133.71  38.25 181.05  37.24   3.72  33.94  54.33
   41 -0.860  0.598  0.863 114.21  57.55 211.59  63.52 233.08  65.31  75.17
   42 -0.868 -0.824  0.097 122.43 215.61  74.37 212.52  79.79 211.77  72.08
   43  0.159  0.834 -0.648 199.65  40.94 169.38  39.77  48.88  40.97  53.17
   44  0.194  0.554 -0.264 196.94  70.70 157.72  70.26 205.21  70.27  59.86
   45 -0.476 -0.567  0.192 237.98 187.59  40.25 184.29 200.60 185.35  56.31
   46  0.039  0.374  0.100  91.96  88.58 181.92  87.98 178.28  87.26  63.27
   47  0.166 -0.851  0.936  73.33 216.99  41.43 219.20  38.26 217.43  65.88
   48 -0.607  0.373  0.189  22.26  87.98 250.92  88.22 115.63  89.16  51.43
   49  1.160  0.592 -0.249 222.65  66.02  82.88  66.04 165.19  64.18  53.57
   50  0.141 -0.497 -0.757 212.52 176.90 177.24 177.68  85.81 178.18  62.42
   51 -0.286 -0.540 -0.790 239.58 182.43  58.38 181.26 142.41 181.46  67.36
   52 -1.192  0.674  0.155 226.59  54.24 224.96  57.39  89.55  58.54  42.29
   53 -1.023  0.270 -0.446  12.50  97.41   4.96  98.47 195.44  98.92  58.62
   54  0.618 -0.141  0.771  30.71 142.10  25.10 141.64  44.15 141.40  61.44
   55 -1.058 -0.584 -0.030 159.42 190.26  98.89 186.63  74.18 185.91  67.60
   56  0.104  0.551  0.244 232.68  68.89 252.96  69.45 109.96  69.84  59.58
   57 -0.866 -0.414  0.368  90.15 169.83  26.46 169.01 219.17 169.49  53.38
   58 -0.717 -1.088 -0.133  56.38 240.55  70.65 238.12  43.94 237.52  66.59
   59  0.742 -0.401 -0.959 167.06 164.38 187.34 166.22  10.52 167.81  64.00
   60 -0.657 -1.105  0.257  69.68 243.10  54.23 240.69 185.26 239.24  68.37
   61  0.376  0.757  0.351 128.42  47.34 146.26  47.47 150.78  46.72  74.14
   62 -0.304  1.107 -0.990 132.40  14.68 123.66  16.15  12.36  14.65  67.00
   63  0.061 -0.935  0.246 214.22 223.38 222.43 225.28  13.58 224.82  58.50
   64  0.789 -0.707 -0.995 165.26 195.41  48.24 198.05 110.61 199.92  71.58
   65 -1.001  0.066  0.016 208.05 113.87 127.23 116.01 102.12 116.02  73.63
   66 -0.974  0.893 -0.163 199.42  32.87  13.35  35.25  29.63  37.22  64.62
   67 -0.500 -0.675  0.470 195.76 198.90 152.74 198.91 121.24 196.74  65.71
   68 -1.207  0.291 -0.430 126.40  94.83  89.89  97.06  69.08  97.51  62.50
   69 -0.842  0.795 -0.040  75.09  43.15 144.35  43.84 166.53  46.47  61.20
   70  0.457 -0.461  0.779 111.22 175.70 144.40 174.86 119.79 174.99  67.21
   71  0.969 -0.510 -0.857 251.88 176.91  81.71 178.50  29.57 180.17  60.50
   72 -1.106 -1.101 -0.648 252.62 241.14 166.70 238.01 211.17 237.22  59.09
   73  0.793  0.410 -0.319  83.66  84.68 113.28  85.29 101.30  82.64  67.82
   74  0.851  0.949 -0.428  24.80  31.86  19.29  31.17 204.85  27.28  56.50
   75  0.850  0.350 -0.129 245.40  90.39  44.56  89.91  57.82  90.55  43.83
   76 -0.928  0.343 -0.443 186.63  90.07  38.77  90.46  66.97  90.98  58.17
   77 -0.300 -0.028 -0.922 194.11 126.79 229.49 126.83 205.54 127.42  52.14
   78  0.123  0.970 -0.954  65.24  28.75  92.72  30.74 197.41  28.29  60.30
   79  0.462 -0.121  0.823 176.58 137.67  62.82 138.03  10.09 139.07  64.27
   80 -0.476 -0.900  0.304 235.29 223.35 146.13 220.04 112.69 219.41  63.82
   81 -0.689 -0.780 -0.614 244.32 208.01 249.07 204.70 179.47 204.22  43.75
   82  0.880 -0.766  0.223  12.19 203.64 144.86 208.01 140.62 208.64  58.75
   83  0.371 -1.061 -0.099 208.44 234.45 227.68 236.45  57.41 239.00  52.10
   84  0.209  0.976  0.828 111.46  21.65 202.68  21.40 144.63  21.61  71.68
   85 -1.138  0.885 -0.847  95.21  34.00 107.37  38.39 128.91  38.40  49.09
   86  0.007 -0.587  0.467  33.33 187.81  78.47 187.53  23.86 187.35  46.29
   87 -0.296 -0.275  0.869  46.64 155.85 223.57 151.31 192.17 154.63  54.57
   88  0.244 -0.156  0.019 125.05 142.36 119.88 142.29 143.16 143.57  65.14
   89  0.236 -0.681 -0.038 172.21 198.23  97.62 196.70  38.89 198.78  61.77
   90 -0.364  0.296  0.362 251.47  94.63  94.19  95.25  71.57  95.42  55.30
   91  0.776 -0.344  0.079 146.58 161.76 239.31 161.28  27.91 162.82  82.90
   92 -1.027  0.915  0.535 192.17  24.51 219.18  30.52 119.55  30.77  70.73
   93 -0.305 -0.681 -0.858 214.54 194.06 177.07 195.16  42.43 196.26  61.31
   94  0.154 -0.444  0.263 220.76 173.62  21.47 172.63  84.12 174.04  50.56
   95  0.895 -0.171  0.716 154.65 145.55 107.39 145.51  80.82 145.34  73.36
   96  0.591 -1.110 -0.447  67.12 235.54  16.22 239.77 153.56 239.36  56.78
   97  0.785  0.913 -0.061  44.30  33.42 140.54  31.18 201.04  30.42  66.91
   98  1.010 -0.530  0.246 107.12 182.01  99.43 182.61  94.65 182.76  65.33
   99  0.250  0.260 -0.931  29.37  99.84 237.88  99.68  26.97  99.21  61.74
  100  0.145  0.805 -0.922  61.34  43.82  35.80  47.43 154.72  42.90  64.24
  101  0.856 -1.034  0.261  81.67 233.45 210.75 234.49 224.11 238.66  63.39
  102 -0.453 -0.489 -0.267 124.66 178.55 249.26 178.34  69.70 175.16  58.70
  103 -0.081 -0.136 -0.213 214.74 140.96 177.85 141.20 126.51 141.29  59.25
  104  0.703 -0.617 -0.209 189.99 190.30  71.29 191.07  98.47 190.30  67.00
  105 -0.887  0.375 -0.758  51.48  88.94 148.00  89.83 218.33  90.27  58.31
  106  0.311  1.160  0.538  84.92   5.21 186.28   3.81 100.14 254.28  58.27
  107 -0.570 -0.441  0.601 164.65 174.60  50.17 174.43 252.82 173.62  64.33
  108  0.256 -0.868 -0.800 106.65 215.59 110.73 215.02  18.45 215.87  61.65
  109 -0.392 -1.165  0.397  93.30 250.78 160.07 248.31  99.19 248.57  75.25
  110 -0.697 -0.988  0.140  24.51 232.06 141.26 230.72 160.36 228.14  57.25
  111 -0.716  0.775 -0.452  72.47  45.65 141.12  47.54  24.14  49.27  59.24
  112 -0.002  1.050 -0.769 114.99  19.54  76.91  20.68 156.92  19.06  61.47
  113  0.178 -0.346  0.268 212.58 163.49 209.16 164.12 248.72 162.74  76.11
  114 -0.454  0.453 -0.672 200.03  79.28 245.24  81.20 129.03  78.23  64.00
  115  0.588 -0.377 -0.851 236.68 163.56 233.78 164.32 121.85 164.75  72.38
  116  0.358 -0.400 -0.762 160.35 165.98  56.74 167.91  31.75 167.17  63.29
  117 -0.168  0.770 -0.634  58.02  47.31 167.88  48.58 136.88  47.89  62.70
  118  0.331 -0.745 -0.901  86.87 202.58 105.58 201.64 129.49 201.76  62.20
  119 -0.211  0.760 -0.841  94.44  50.39 111.25  50.18 124.98  50.01  58.22
  120  0.086  1.077 -0.888 187.87  18.94   1.94  18.35 163.78  17.59  77.40
  121 -0.195 -0.161  0.815  55.01 145.12  20.23 144.69  14.38 144.29  58.75
  122 -0.461 -0.296  0.591 185.72 159.17 192.82 158.46  54.76 157.47  65.88
  123  0.210  0.191 -0.215 104.34 105.71 106.52 105.98  36.14 106.33  74.50
  124  0.398  1.159 -0.018 240.14   7.85  66.73   7.22 239.07   5.98  64.20
  125 -0.524 -0.820 -0.275 251.51 209.82 220.45 208.55   9.86 210.71  51.36
  126  0.474 -0.079  0.547  42.61 135.17  71.53 136.09 223.06 134.64  66.16
  127 -0.895  0.158 -0.054  35.55 110.14  94.46 110.07 214.20 110.38  65.00
  128  0.913 -0.940 -0.181  67.20 221.32 216.98 222.07 111.90 226.51  57.71
  129 -0.249  1.164 -0.863  43.47   9.12 169.50   8.05  64.27   8.78  57.43
  130  1.041 -0.060 -0.287 136.70 131.96  98.20 131.00 175.36 131.08  69.55
  131  1.192  0.562  0.178 130.73  70.67 191.78  66.39 238.33  66.18  45.00
  132  0.522  0.899 -0.678 147.58  36.71  34.25  35.52 190.58  31.44  60.39
  133 -1.006  0.448 -0.199  24.01  76.21 170.50  78.58 200.67  79.96  51.22
  134  0.395 -1.030 -0.953 213.06 230.70 111.20 229.89 129.39 232.73  61.11
  135  0.620 -0.608 -0.149 104.28 188.32  18.45 188.85  55.73 190.17  65.80
  136 -1.029 -0.157  0.270 226.49 143.12 194.39 143.39 116.83 142.31  64.48
  137 -1.170 -0.826  0.145  63.95 216.22  21.92 212.82 155.51 210.72  67.22
  138 -0.444  0.609 -0.431 186.60  64.38 130.18  64.99   4.82  65.74  47.50
  139 -0.878  0.767  0.351 130.28  43.59  95.27  44.53  42.92  47.38  67.62
  140 -0.253 -0.964 -0.099 163.15 227.09 147.21 227.29  31.15 226.44  69.80
  141  0.639  1.125 -0.036  39.49  10.36 224.70   9.85 152.96   6.45  67.00
  142  0.745 -0.773 -0.252 136.01 203.07   5.36 206.82  73.64 207.77  73.29
  143 -0.144 -1.016 -0.151 190.81 232.92 209.41 232.58 149.60 231.65  58.77
  144  0.036 -0.159  0.974 163.22 144.43 153.56 144.48 137.44 144.60  76.00
  145  1.151 -0.729  0.262 141.26 200.83  89.73 201.88  14.88 204.71  68.43
  146 -0.486  0.152 -0.947 165.16 110.94 197.29 110.78  59.67 110.90  52.58
  147  0.253 -0.649  0.050  96.77 192.01 200.65 191.82 125.29 195.65  70.40
  148 -0.153 -0.315  0.515 205.09 160.62  20.90 160.53  41.02 159.85  62.27
  149 -1.010 -0.131 -0.441  92.85 138.19 234.18 138.79 173.77 139.08  70.50
  150  1.171 -0.212 -0.373 215.13 145.55 199.22 145.85 171.71 146.90  61.89
  151  0.273 -0.667  0.775  30.56 198.50 207.12 198.98 138.92 199.49  54.67
  152 -0.980  0.241 -0.910 250.09 100.45  23.83 100.69  43.28 101.23  56.88
  153 -0.818  0.374 -0.367 172.51  88.30  64.75  89.25  54.47  89.80  64.37
  154 -0.043  1.042  0.877 179.39  15.29 164.34  14.32 206.58  14.53  73.56
  155 -0.618  0.962 -0.180 183.52  22.62 150.69  23.59 210.41  28.70  48.00
  156 -0.143  0.410  0.201  25.39  84.62  82.33  82.42  35.03  83.07  51.11
  157 -0.207  0.892 -0.832   4.42  35.96  27.73  36.07  72.32  37.67  56.15
  158  0.722 -0.094 -0.728 204.62 136.46 198.02 136.50  50.15 137.56  61.50
  159 -0.371 -0.708  0.057 252.36 202.51  79.65 200.74  83.39 200.12  56.89
  160 -0.226 -0.731 -0.893 130.54 201.24 109.66 200.60 224.69 201.00  61.45
  161  0.190 -0.991 -0.131 129.50 227.51  13.90 228.69  63.23 228.95  70.06
  162  0.589  0.566 -0.963 147.84  71.32 139.18  70.52 220.59  67.53  72.75
  163 -1.216  1.058 -0.003 189.00  11.58 205.97  16.60 204.25  18.78  57.50
  164  0.612  0.595  0.005 147.56  65.17 160.16  65.06 152.56  64.44  70.00
  165 -0.251  0.673  0.358 113.01  55.42  97.23  57.18  88.16  56.49  72.67
  166 -0.833 -0.872  0.096 239.64 219.80 154.01 215.65 245.10 216.04  61.00
  167 -0.245  0.022 -0.585  37.19 125.57 226.75 124.67 144.42 125.42  59.80
  168  0.690  0.174 -0.955  92.91 109.88 176.67 109.30 133.38 108.93  83.25
  169  1.104 -0.329 -0.838 120.99 160.03  79.27 159.74  10.48 160.70  73.66
  170  0.187 -0.980 -0.735 155.65 226.22 208.88 225.55 207.08 227.82  67.70
  171 -0.278 -0.551  0.428  18.02 183.77 234.21 183.86  35.19 183.15  53.50
  172  0.811 -1.044 -0.558 159.04 231.80  13.97 232.81 187.14 233.36  75.39
  173 -0.455  0.418 -0.408  77.22  83.11  12.09  84.10 200.91  85.21  69.00
  174  0.700 -0.251 -0.318 101.82 151.39  45.85 151.00 246.42 153.74  60.62
  175  0.205  1.084 -0.786 171.15  16.58  97.91  17.59  77.40  16.88  60.69
  176  0.397  0.467  0.603  12.82  75.53 180.00  74.21 136.46  73.76  57.11
  177 -0.077 -1.215 -0.283 249.18 252.10  86.89 251.24  65.14 249.82  53.85
  178 -0.496  1.040 -0.108 129.21  18.68 148.98  19.14   9.17  21.45  64.28
  179  0.277  0.548 -0.545  44.36  71.38 148.20  71.26 116.00  70.37  46.33
  180 -0.624 -0.092  0.257 174.14 136.49 178.55 136.63 138.41 136.73  66.00
  181  0.875  0.941 -0.021 213.05  31.71 237.49  26.79 239.15  25.80  50.89
  182  0.047 -0.870  0.195  36.78 217.24  20.43 218.17 169.00 216.91  61.25
  183  0.673 -0.167  0.370 182.31 145.27 132.12 145.43  66.22 145.32  59.44
  184 -0.672 -0.373  0.611 169.56 168.01 146.98 164.60 184.65 164.89  57.38
  185  0.217 -0.952  0.078 108.62 224.02 134.64 226.38  97.04 227.63  64.90
  186 -0.501  0.739 -0.007 188.13  49.43  55.23  49.17  69.96  50.17  70.62
  187 -1.062 -0.441 -0.830  74.25 172.84 216.72 169.29 203.33 170.51  64.69
  188 -0.355  0.973 -0.933  77.09  27.12  64.47  29.04  67.85  30.25  76.25
  189  0.546 -1.200 -0.343   4.92 248.83  91.80 249.07 151.00 249.62  52.41
  190 -1.116 -0.980 -0.340   5.19 231.44 150.91 227.35 169.25 223.87  51.00
  191  0.119 -0.508  0.821  29.47 181.24  54.82 181.26  21.41 181.83  48.70
  192  0.963  1.182 -0.946  85.85   9.69 249.18   7.27 184.18   4.65  68.96
  193 -0.593  1.166 -0.033 141.68   4.38 233.59   5.75  50.65   6.35  69.19
  194 -0.330  0.836 -0.958 228.01  40.62  34.90  40.78  29.96  42.71  65.78
  195 -0.767 -0.213  0.836 228.80 149.51 223.88 146.50 247.36 150.29  60.85
  196  1.154 -0.478  0.244  80.11 176.57  67.65 175.16 235.69 178.39  64.57
  197  0.760  1.096 -0.450  76.34  15.79 144.87  14.92 126.21  11.15  62.41
  198  1.010  0.014 -0.913  96.27 125.99 103.34 126.01 160.35 125.55  69.50
  199 -1.187 -0.759 -0.081 149.72 208.53 161.45 203.02 253.05 204.11  78.95
  200  0.185  0.360  0.746  31.04  89.29 132.27  89.23 247.12  88.86  52.92
  201  0.732  1.052 -0.570 233.03  20.13 136.95  20.17 126.10  17.44  54.25
  202 -0.893  0.836  0.175 161.07  37.77  13.81  39.36  82.76  39.26  64.61
  203  0.707  0.213 -0.384   4.47 104.41   5.87 105.28 173.28 101.81  59.89
  204  0.859 -0.399 -0.216 143.55 168.51 164.41 168.56 176.94 169.23  70.78
  205 -0.331  0.178 -0.464 231.21 109.01 226.98 108.80 143.28 108.47  54.36
  206  0.779 -1.002  0.083 113.88 228.94  55.43 231.50 108.63 233.09  81.00
  207 -0.781 -0.462 -0.971  12.15 174.25  36.97 171.88  54.75 171.85  54.67
  208  0.442  1.137  0.787 204.06   7.43 161.21   5.18 123.48   4.43  71.29
  209 -0.323  0.314  0.395 234.64  94.61 216.12  92.06 193.15  94.47  57.71
  210 -1.070  0.036  0.155 135.51 122.63 211.94 122.71 225.24 124.07  78.26
  211 -1.208  0.225 -0.661  16.98 103.22 153.27 102.18 113.95 105.98  50.33
  212 -0.767 -0.665  0.134 160.42 198.57 154.61 195.82 188.39 193.23  71.67
  213 -0.918 -0.381  0.743 101.99 168.53 202.57 168.41 201.18 166.87  60.25
  214  1.045  0.191 -0.388 188.62 107.16 200.53 106.31 248.14 106.19  71.39
  215  0.486  0.507  0.626 144.52  72.57 156.39  72.51 161.58  71.73  75.50
  216 -0.751  1.151 -0.766 214.97   8.24 103.19  11.27 139.66  13.26  56.50
  217  0.179  0.024 -0.741 230.92 124.75 169.62 125.45  28.71 124.93  65.95
  218  0.748  0.629 -0.247  93.84  62.82   3.68  57.84   4.98  59.82  57.35
  219  0.275  0.542  0.798 159.42  70.64 247.59  67.39  92.87  66.40  76.78
  220 -1.121  0.908 -0.315  10.31  30.61 215.16  31.31 188.78  35.53  53.26
  221  0.953  0.700 -0.623 131.47  56.88 113.49  57.10 168.58  54.28  73.67
  222 -0.675  0.554 -0.937 252.45  71.17 187.23  71.62 143.55  70.74  61.18
  223  1.149 -0.021 -0.296 184.85 126.52 146.11 126.30 100.57 127.07  80.07
  224  0.916 -0.221  0.263 248.60 146.02 248.09 149.88 238.70 150.60  57.25
  225 -0.177  0.693 -0.144  90.03  50.82 107.02  51.82 226.69  55.02  53.25
  226  1.153  0.379  0.170  47.91  89.81 209.57  86.21  95.24  85.45  64.16
  227  0.977 -1.058 -0.477 121.71 233.84 113.40 233.35  97.89 237.45  72.41
  228  0.755 -0.912  0.688  50.80 220.68  78.27 222.90 178.68 253.21  61.90
  229 -0.718 -0.518 -0.383 183.73 182.37 155.19 180.99  81.33 180.16  50.20
  230  0.880  0.107  0.914 122.99 253.74 175.91 113.63 130.18 113.48  96.94
  231  0.127  0.796 -0.621 121.89  47.17 184.21 251.39 122.72  44.49  58.92
  232  0.397  0.023  0.215 128.92 125.59  62.44 124.66 196.56 124.57  66.10
  233 -0.158 -0.942  0.969 122.99 253.74 102.10 228.02 132.67 228.05  96.94
  234 -0.296  0.678  0.005  35.10  55.52 166.05  55.34  99.53  57.25  61.96
  235  0.978  0.283  0.684 122.99 253.74 243.37  95.29 242.30  94.85  96.94
  236  1.224  0.326 -0.336  38.49  92.20 184.21 251.39  51.31  93.88  64.77
  237 -0.047  0.058  0.028 122.99 253.74 223.03 116.78 162.58 116.56  96.94
  238 -0.591 -0.460 -0.165  33.35 175.67 184.21 251.39  41.17 174.27  61.67
  239  0.371  0.716 -0.503 122.99 253.74  76.18  51.52 128.81  51.60  96.94
  240  0.455  0.178  0.632 151.20 108.63 149.90 108.62 242.03 108.16  71.90
  241 -0.220  0.851  0.341  90.85  37.50 184.21 251.39  36.30  38.00  74.41
  242 -0.536 -0.074  0.469 220.97 134.33 235.15 134.46 178.68 253.21  57.33
  243 -0.454 -0.676  0.816  92.68 200.81 157.46 199.75  10.35 198.86  61.38
  244 -1.007 -0.801  0.428 122.99 253.74 137.34 209.89 193.93 209.58  96.94
  245  0.769  1.089 -0.540 190.43  17.81 184.21 251.39  78.83  13.56  67.38
  246 -0.147  0.046 -0.338 194.47 122.79 132.87 122.68 209.44 122.56  61.63
  247  0.386  0.831  0.617  64.48  38.75 212.29  38.73 178.68 253.21  61.71
  248  0.985 -0.098  0.886 122.99 253.74 201.11 137.67 209.18 137.95  96.94
  249  0.691 -0.082 -0.721 109.21 136.17  31.06 134.98  43.45 134.85  63.40
  250 -0.747 -0.672  0.554  74.75 199.06 184.21 251.39 137.06 196.34  65.76
