    1  0.896 -0.136 -0.698   8.43 140.70 172.42 140.32  68.98 141.14  53.30
    2 -1.097  0.229 -0.352 139.84 103.60 113.67 104.67  13.49 104.54  74.48
    3  0.105 -0.835  0.006 107.45 211.83  54.22 214.09  77.68 213.96  63.58
    4  0.740 -0.547  0.530 242.98 183.55  55.93 185.25 205.42 186.62  60.46
    5 -0.865  0.364  0.350 201.75  88.68 158.42  88.25 249.36  89.81  65.32
    6  0.378 -0.544  0.020 145.61 182.76 112.87 182.65  59.16 183.90  63.60
    7 -0.738 -0.855 -0.901 220.74 214.86 146.83 210.56 156.49 212.01  69.37
    8 -0.341  0.809  0.719 178.17  38.74 138.02  38.11 245.27  40.15  73.50
    9  0.940  0.054 -0.991  95.05 119.85 148.24 119.80  21.80 120.12  67.89
   10  0.915 -0.209  0.649  46.85 146.60 180.44 147.03 218.91 147.82  59.43
   11  1.112 -0.099 -0.763  22.51 136.95  20.06 136.67  43.41 136.45  60.34
   12 -0.948 -0.370 -0.207 147.26 160.92 138.63 160.97 149.74 161.41  70.67
   13 -0.901 -0.409 -0.403 143.54 170.01 164.67 169.28   7.86 167.77  60.00
   14 -0.714 -0.091  0.023  71.38 136.48   6.86 136.49 177.60 133.84  64.27
   15 -0.922 -0.558 -0.632 227.48 185.08  17.47 183.74  84.40 182.39  61.33
   16 -0.522  1.033 -0.755 121.75  20.51 209.74  20.09  28.25  23.21  51.25
   17  0.167 -1.082  0.792  30.68 241.64  26.32 242.72 184.08 240.58  58.89
   18 -0.266  0.742  0.397 127.10  46.27 233.42  47.09  99.44  47.54  65.42
   19  0.737 -0.380 -0.260 168.99 160.64 117.48 161.11  40.35 165.61  65.14
   20 -0.126 -1.075  0.958 200.13 242.99 100.81 244.16 128.71 239.96  67.33
   21  0.042 -0.829 -0.984  64.14 208.40 252.63 207.30 149.07 211.25  57.69
   22 -0.317 -0.450 -0.484 102.40 173.70 164.41 173.04 130.00 173.35  86.71
   23  0.772 -0.645 -0.985 189.90 187.34  59.68 187.89  22.50 193.40  71.24
   24 -0.993 -0.879 -0.082 183.47 219.28 177.97 215.79 125.17 215.32  67.10
   25  0.038 -1.173 -0.787 108.89 245.32 114.64 244.27 100.16 244.19  67.20
   26  0.349  0.582  0.093 192.93  66.80  17.48  64.55  54.01  65.68  75.69
   27 -0.583 -0.845 -0.352 150.28 214.89 132.44 211.20 226.89 212.54  74.00
   28  0.505  0.364 -0.506  73.66  89.08 236.84  90.78 205.23  89.72  64.97
   29  1.038  0.358  0.191  97.26  89.89  37.13  89.95 105.07  87.33  70.06
   30  0.355 -0.400 -0.314  45.12 167.48   4.56 168.98 193.43 168.21  62.62
   31  0.217  0.692  0.537 235.37  54.84  65.82  54.40 229.81  54.62  58.21
   32  0.732 -0.935 -0.097  45.50 221.92   2.26 222.16  92.74 224.71  64.90
   33  0.213 -0.776 -0.708  40.36 205.33   9.31 206.31 213.92 203.28  45.17
   34 -1.085 -0.543 -0.432 175.23 184.32 124.21 181.91  93.31 181.76  74.32
   35 -0.879 -0.649 -0.260 154.28 196.40  20.83 194.25 239.06 191.27  62.72
   36 -0.978 -0.229 -0.064 123.89 151.90  53.78 151.12  46.91 150.72  68.60
   37 -1.063 -0.082 -0.535 145.95 133.71 166.14 133.72 254.07 129.82  61.89
   38  0.366  0.701  0.008 181.20  55.48 151.24  54.90 205.38  54.01  68.54
   39 -0.512 -0.410  0.321  42.40 171.25  36.11 170.09 144.98 170.38  68.17
   40  1.050  0.159 -0.262 208.50 109.47 224.39 109.11  37.48 108.04  61.56
   41  0.264 -0.428  0.504 169.63 172.15  65.87 172.98  96.45 172.30  58.80
   42 -0.605  0.663  0.824 173.69  55.99 204.36  55.82 133.87  57.12  68.43
   43  1.164  0.367 -0.696 166.14  91.42  67.79  90.46  50.50  89.65  61.67
   44 -0.524 -0.825  0.490  39.82 216.38  68.54 214.81  85.10 213.26  60.54
   45  0.195  0.569  0.287   4.47  66.92 248.31  67.97 144.29  66.98  58.32
   46 -0.577  0.360  0.255 132.59  88.85  85.39  89.13 181.08  90.49  69.00
   47  0.393  0.807  0.180 137.32  41.31 189.37  38.64  56.82  42.88  64.62
   48  0.496  0.296  0.240 234.32  95.18  19.07  94.64  13.80  95.53  56.40
   49  0.634  0.488  0.669  35.68  74.41  42.48  75.89 173.43  75.02  55.40
   50  0.679  0.253  0.968  77.52  99.08  62.61  99.62  64.27  99.99  61.71
   51 -0.008 -0.662  0.254  49.74 196.73 159.93 195.98 149.80 197.31  64.50
   52 -0.663  0.428  0.587 191.17  81.81 155.53  81.33 109.83  83.13  64.77
   53 -0.161 -1.102 -0.721 140.91 239.69  69.24 238.09 104.25 237.32  55.00
   54 -0.365 -0.570 -0.697  32.32 186.53 238.96 185.03  35.34 185.38  62.27
   55  0.090  0.144 -0.733  63.50 111.06   9.96 111.52 245.61 112.54  61.38
   56 -1.152  0.724  0.060 131.66  49.56 131.19  52.15 149.02  54.63  74.96
   57  0.996  1.106 -0.189  41.10  14.26 197.72  11.59 209.18   8.55  59.83
   58 -0.038 -0.507  0.492 196.73 177.63 163.59 176.72 190.18 179.47  63.62
   59 -0.598  0.707  0.141 164.78  52.41  69.47  53.08  80.13  54.97  66.29
   60  0.264 -0.665 -0.260 131.33 196.08  42.46 195.66 181.55 197.12  57.67
   61  0.753 -1.130 -0.188  19.86 241.32 146.20 244.19  66.53 243.23  51.29
   62 -0.043  0.991 -0.927 153.43  26.44 232.67  25.65  98.24  24.57  57.78
   63 -0.581 -0.011 -0.126  28.84 124.76  51.26 124.82 163.83 124.64  49.12
   64 -0.713 -0.219  0.143 192.75 147.07 216.09 147.35 163.52 147.23  58.14
   65 -1.071  1.042 -0.170 221.09  16.68 145.45  19.83   3.90  21.01  60.68
   66 -0.526  0.806 -0.793 182.83  44.66 146.66  46.70 222.77  44.57  69.92
   67 -0.585  0.748 -0.843 106.27  50.01 114.31  52.43 119.16  52.77  68.40
   68  0.194  0.081  0.073 155.23 119.59 244.00 117.07 178.43 116.90  54.00
   69  0.579 -0.632  0.124  71.92 189.29 164.15 188.02  48.36 193.72  78.78
   70  1.056 -0.542  0.233 156.25 181.86 167.55 184.78 149.74 185.41  60.23
   71  0.178 -0.407 -0.340 167.49 168.81 200.39 169.25 160.19 169.78  57.43
   72  0.182 -0.805 -0.440 132.84 206.85 149.82 206.71 239.63 210.05  68.92
   73  0.339 -0.564  0.479  81.38 186.82 210.67 187.56 164.11 187.30  65.94
   74  0.793  0.051 -0.105  26.14 120.47 222.31 122.92  18.18 121.15  54.84
   75  0.445  0.627  0.544 252.47  62.31 141.10  58.49 187.47  58.67  62.24
   76  0.349 -0.874  0.294  12.15 217.48  25.44 219.29 123.92 219.76  56.12
   77 -0.954 -0.941 -0.837 201.88 223.55 101.86 222.10 223.00 220.04  66.44
   78 -0.218  0.248 -0.143 116.54  99.61  72.57 100.00 141.27 100.58  61.88
   79  0.999  0.107  0.093  35.20 116.75 163.75 116.93 151.72 113.60  48.41
   80 -0.652 -1.160  0.450 247.47 248.55 132.09 246.50 148.91 247.49  66.03
   81  0.033 -0.310  0.400 126.89 159.71  79.53 156.53 116.62 159.40  80.81
   82  0.745 -0.726 -0.201 245.18 200.70 251.79 201.00   4.12 200.87  55.64
   83  0.317 -0.677 -0.994 171.17 192.16 250.90 195.23 222.82 194.60  58.54
   84  0.820  0.414  0.455 177.16  83.91  57.75  82.79  69.33  82.14  65.25
   85  0.119  0.484  0.224 130.97  77.46 195.84  76.16  68.91  76.57  64.56
   86 -0.585  0.928  0.093 199.56  27.42 123.94  28.93  57.20  31.61  49.78
   87  1.133  0.692 -0.231 116.69  56.26 166.25  55.45  96.20  53.55  61.00
   88 -0.696 -0.154  0.526 192.65 141.74 218.86 141.97  41.29 142.18  61.74
   89 -0.906  0.890 -0.591 119.59  33.06 205.46  36.85 111.23  37.78  67.54
   90  0.573 -0.978 -0.221 246.40 226.83 204.03 225.06  73.29 228.06  57.67
   91 -0.107  0.213  0.614  25.68 104.04 157.00 104.68  92.57 104.83  62.43
   92  0.798  1.059 -0.434 173.66  20.31 176.68  19.40   9.54  16.93  70.18
   93  0.940  0.187 -0.384 130.67 106.83   7.33 107.58 142.63 107.42  64.80
   94 -0.374 -0.222  0.455 247.62 149.98 225.73 150.57 176.19 151.04  60.64
   95 -0.665 -0.579 -0.201 178.16 186.94  42.87 186.53 109.94 185.77  62.18
   96 -0.128 -0.253  0.952  47.56 152.67  26.97 151.98  64.52 151.48  63.61
   97  0.256  0.440  0.699 143.61  79.25 140.66  77.53  48.15  80.19  63.60
   98 -1.195  0.204 -0.674 160.63 104.83 116.90 105.58  93.72 107.02  69.21
   99 -0.401  0.366  0.743 152.49  86.91 153.44  87.15  91.77  87.17  76.35
  100 -0.327 -0.273 -0.821 230.79 154.41 223.68 155.48  66.71 155.28  66.67
  101 -0.447 -0.132  0.868  92.66 141.32  73.78 141.27 150.20 140.47  76.50
  102  0.749  0.712 -0.555  38.93  56.24 115.77  55.10  68.58  52.89  50.50
  103  0.723 -0.486 -0.206  93.53 174.80  95.96 174.16 222.00 176.64  69.72
  104 -0.131 -0.424 -0.746  33.48 170.33 146.49 170.01 238.33 170.78  59.44
  105  0.721 -0.409 -0.969 195.79 166.73 204.04 167.31  52.02 169.33  68.34
  106  1.211 -0.770 -0.301 230.23 204.63 200.10 206.44 184.57 208.05  54.50
  107 -0.929 -0.701 -0.868  10.76 199.07 155.38 196.63 203.53 197.19  56.11
  108  0.310  0.877  0.589  35.25  35.25 136.61  33.12  60.16  32.92  60.40
  109 -0.770  0.562 -0.742 248.45  69.63 184.14  69.23 109.46  71.49  66.11
  110  0.031  0.322  0.387  53.07  93.65 179.72  91.20 197.95  93.52  68.62
  111  0.943 -1.036  0.513   3.36 231.66  19.00 237.62 145.47 238.10  51.38
  112 -0.450  0.889  0.525  90.45  29.92  67.24  31.51 121.42  34.51  68.62
  113  0.555  0.586 -0.791 169.29  68.85 148.69  68.52 216.50  66.14  69.84
  114 -0.036  1.082 -0.434 252.12  15.60 246.17  12.66  16.44  12.10  48.50
  115 -0.475 -0.277 -0.352 166.34 155.39 114.50 155.53 117.92 155.73  65.00
  116  1.004  0.639  0.578  54.02  61.39  27.80  57.89 114.00  58.42  54.50
  117 -0.856 -0.175 -0.398 230.35 145.66 184.12 145.54  33.09 144.24  53.00
  118 -0.816 -0.709 -0.436  23.28 200.90 127.43 197.76  67.50 197.66  60.43
  119  0.096  0.884 -0.489 191.62  36.07  36.25  37.90 116.67  36.15  66.60
  120 -0.524 -0.125  0.005 183.04 140.28 101.63 139.39 116.56 139.39  52.64
  121 -0.493  0.704  0.228 225.48  52.57 196.71  53.13  12.22  54.89  54.67
  122  0.051  0.721  0.397 152.34  52.24 100.23  50.04 131.08  50.39  62.11
  123  0.140 -0.873  0.123 111.13 216.64 235.35 217.31 121.03 216.40  70.79
  124  1.164  0.512 -0.638 241.37  77.40 220.37  76.10  76.30  72.15  57.78
  125 -0.432 -0.949 -0.400  22.13 226.00  32.32 222.99 211.07 224.34  55.68
  126  0.675  1.121  0.433  50.76   8.11 172.26   4.59  39.12   6.44  53.88
  127  0.940  0.492  0.645  50.97  75.76 170.89  72.65  40.41  73.12  57.25
  128  0.866  0.490  0.600 223.76  77.18 228.40  75.76 247.29  74.44  62.96
  129 -0.484 -1.089 -0.834 128.14 239.19 172.21 237.11  58.69 236.54  65.00
  130 -0.635  0.277 -0.124 161.90  96.79 163.47  96.67 152.33  96.79  65.11
  131 -0.465  0.628 -0.335   5.54  62.32  61.73  62.47  29.30  63.78  51.38
  132  0.083  0.948 -0.900 101.99  27.98  18.88  29.74 146.86  28.18  62.88
  133  0.518  0.559 -0.819  84.35  70.84  92.67  71.84 122.60  68.23  70.97
  134  0.590  0.865 -0.063 215.62  38.56 147.39  38.01  54.86  35.37  67.22
  135 -0.933 -1.087 -0.649  99.01 240.87 228.26 238.06 240.24 236.41  66.62
  136 -0.146 -0.514  0.471  38.33 180.50 202.74 178.36 246.63 180.99  54.44
  137 -0.621  0.614  0.781  11.02  61.12 234.92  60.36 247.82  61.31  58.06
  138  0.470  1.058 -0.233   5.00  17.93 230.95  14.25 129.14  17.27  54.42
  139  1.148  0.577  0.173  68.00  69.22 219.42  65.70  87.39  64.38  63.95
  140  0.423 -0.116  0.118  75.59 137.86 240.43 138.23 246.80 138.58  67.72
  141 -0.547 -1.018  0.975 128.95 236.57  79.80 237.92  32.89 233.80  55.33
  142  0.968  0.324  0.208 102.67  93.81 131.49  94.33  25.38  90.80  58.00
  143 -1.042  0.321  0.254 239.67  91.72  46.00  94.34  59.71  94.85  57.06
  144  0.342  0.307 -0.241 158.38  94.44 229.60  94.39 236.54  94.93  60.00
  145 -0.319  0.230  0.737 240.04 101.54 105.75 102.67 170.32 102.33  66.00
  146 -1.076 -1.077 -0.577  65.29 239.97 135.82 236.30 226.16 233.06  66.87
  147  0.061 -0.966  0.870 130.49 229.56 226.02 230.57 108.65 229.67  64.00
  148  0.251  0.199 -0.102   4.99 106.79 109.73 106.92 232.17 106.37  50.00
  149  0.375 -0.054 -0.737 109.83 125.53  92.97 125.78  69.09 129.37  73.50
  150 -0.332  0.050 -0.637 185.27 122.98 112.28 119.96 238.68 122.73  53.71
  151 -0.465  0.414  0.159  80.05  82.22 136.24  83.65  33.48  83.69  67.44
  152  0.635  0.696  0.951 104.03  53.57   8.31  52.84  76.47  50.65  71.36
  153 -0.339  0.025  0.002  79.02 124.75 224.64 124.73  43.80 124.60  68.45
  154  0.413  0.538 -0.159  37.05  71.00  17.52  71.85 193.57  70.86  59.22
  155  0.278  0.228 -0.126  96.20 103.83  68.55 104.15 101.89 102.74  67.87
  156 -0.205  0.335 -0.512 215.59  91.97 245.99  91.18  54.47  91.01  55.31
  157  0.193 -1.130  0.336  90.30 244.97 205.91 244.81 192.26 247.42  55.00
  158  0.051  0.839  0.983 178.52  36.14  96.19  36.09 143.08  37.43  69.00
  159  0.079  1.173  0.313 221.42   3.11  24.55   3.89 237.04   3.75  48.33
  160  0.428  1.010 -0.666  64.93  21.86  75.56  24.00 242.30  22.18  67.00
  161  0.342 -0.423  0.446 105.87 171.94 133.84 172.32  46.50 172.26  73.35
  162  0.122  0.662  0.337 185.55  56.78 191.45  57.67 239.63  55.85  74.00
  163 -1.187 -0.390  0.096 160.24 169.06  30.56 166.41 235.45 162.26  68.33
  164 -0.656  0.413 -0.889 104.07  84.46 123.00  85.93 147.94  86.73  79.47
  165  0.736  0.871  0.243 130.62  37.84 192.14  35.13 190.50  33.06  67.27
  166  0.977  0.644 -0.831 201.89  62.64 175.42  61.73 135.78  61.21  70.36
  167 -1.199  0.585 -0.676  40.58  66.75  25.51  68.48 195.96  67.96  63.42
  168 -0.287 -0.954  0.423 183.14 227.96  84.13 225.23 232.74 227.19  57.80
  169 -0.591 -0.424  0.423 188.72 172.47  74.46 171.37  57.60 170.78  59.18
  170  0.671 -0.928 -0.813 158.01 219.12 142.88 219.35 136.53 220.88  69.75
  171  0.182  0.811 -0.787  63.19  45.43 196.15  44.14  90.70  44.27  65.92
  172 -0.177  0.204  0.162 154.82 105.58  15.83 104.82  82.26 105.71  69.71
  173  0.690  1.159 -0.812   7.49   9.19 133.88   4.85 245.54   6.54  46.43
  174  0.606 -0.164  0.112 133.18 142.52  80.20 142.39 224.26 142.35  65.73
  175  0.070 -1.026  0.372 244.60 235.15 134.89 232.18  27.93 235.93  62.88
  176 -0.961 -1.040 -0.047 161.11 236.07  20.13 230.97 210.75 232.66  71.80
  177  1.038  1.020 -0.836   5.00  26.24  17.74  20.69 209.15  20.51  58.17
  178 -0.318  0.914 -0.769 114.19  32.57 161.17  35.04 174.58  35.15  60.87
  179  0.866 -0.188 -0.628 184.13 146.11  40.72 146.14 226.80 146.64  78.59
  180 -0.523  0.266  0.624 194.33  97.57 180.30  97.17 248.67  99.90  69.31
  181  0.902  0.618 -0.703 194.53  64.45  80.62  63.88 236.49  61.42  62.00
  182  0.106 -1.189  0.439 159.89 250.86 222.78 251.88 158.14 253.44  58.47
  183  0.419 -1.038  0.229  57.04 233.69  28.70 236.14  39.02 237.15  59.92
  184 -0.741 -0.944  0.952  98.03 231.06  98.10 229.10 187.00 227.14  81.50
  185  0.143  0.129  0.020 222.80 112.31 236.26 111.95  18.89 112.59  62.96
  186 -0.849  0.519 -0.726  55.49  73.95  71.47  74.28 148.65  75.46  58.69
  187 -1.088  0.554 -0.514 159.68  69.61  50.53  71.48 159.71  71.92  63.50
  188 -0.955 -0.634  0.233 197.09 193.27 188.69 194.21 224.88 189.21  69.86
  189  0.822 -0.591 -0.912  70.25 186.55 206.79 186.30 233.01 187.53  55.17
  190  0.340  0.108  0.147 154.21 114.88 137.39 113.75 128.21 114.92  63.46
  191  1.112 -0.173 -0.203  96.46 144.92 191.48 145.41  55.74 145.85  75.54
  192 -0.737  0.034  0.170  86.35 123.14  59.81 123.31 193.07 122.92  69.08
  193  0.169  1.066 -0.512  34.87  17.34 124.60  17.75 205.47  17.43  64.84
  194  0.052 -0.414  0.621 100.72 171.48 115.09 171.01 132.41 171.20  68.58
  195 -0.070 -0.301 -0.187  80.28 156.15  95.38 155.67  87.25 156.42  72.50
  196  0.244  0.401 -0.259  47.76  85.80 128.27  86.52  68.21  85.47  60.30
  197 -0.051  0.406  0.076 231.45  85.56  79.71  84.92  93.01  83.84  67.95
  198  0.641  0.793  0.519 194.26  44.92  91.85  41.81 198.18  41.88  59.00
  199 -0.552  0.520 -0.190 171.36  73.09 180.40  72.02 178.75  74.62  72.78
  200  0.811 -1.147  0.861 171.13 246.53 148.61 247.23  56.70 252.34  73.71
  201  1.041 -0.865 -0.290 140.19 210.52  72.86 215.62  31.49 217.27  68.09
  202  0.180  0.850  0.544 184.04  38.32 133.71  37.68 172.39  37.13  52.50
  203 -1.167 -0.713  0.230 253.03 205.03  44.90 200.61 105.42 197.74  52.92
  204 -1.104  0.635 -0.905 113.40  61.66 226.52  63.50 224.84  63.85  55.62
  205 -0.107  0.764 -0.654 218.38  48.90  75.33  47.09 161.85  45.52  80.50
  206 -0.996  0.696 -0.760 225.44  55.29  63.32  57.11  29.02  58.53  63.11
  207  0.911 -0.257  0.240  28.93 152.00  88.76 151.74 231.69 152.10  52.75
  208  0.559 -1.210 -0.466 114.47 247.25  59.32 250.93 247.18 252.43  67.13
  209  0.626  0.913 -0.460  49.90  35.93  80.57  33.98 157.09  32.17  56.50
  210  0.503 -0.178 -0.037 198.95 145.13 242.88 146.05 170.29 146.02  54.92
  211  1.025  0.791 -0.320 218.28  45.82 145.13  44.24   5.88  43.83  61.15
  212  1.193 -0.975  0.025   9.94 226.61 187.29 229.00 164.66 232.57  54.09
  213  1.109  1.097  0.382  30.09  14.04 199.51   9.82 161.60   7.86  57.75
  214  0.074  0.416  0.759 101.85  82.07  90.57  82.70 174.57  83.61  68.82
  215  0.330 -0.453  0.766 222.12 173.72 156.26 173.65 228.71 175.59  56.79
  216  0.278  0.374  0.919 138.87  85.83  62.44  86.80   9.90  86.89  76.25
  217 -1.092  0.983 -0.959 194.46  21.68 171.62  26.02  20.26  24.80  64.77
  218 -0.355  0.456  0.907 217.79  77.46 246.24  76.33  59.21  78.40  51.00
  219 -0.358  0.439  0.366 159.97  77.67  89.94  78.64 250.06  80.30  67.50
  220 -1.069  0.157  0.308 159.07 107.79 154.19 107.61 223.09 111.45  80.00
  221 -0.372  0.448 -0.713 235.00  81.84 134.13 253.85 112.15  81.11  55.33
  222  0.091 -0.307  0.517  84.03 157.07 134.13 253.85 164.55 157.32  80.25
  223  0.924  0.104  0.614 176.73 117.01 134.13 253.85 215.75 116.77  71.75
  224 -0.159  0.083 -0.831   3.13 119.82 226.57 117.09 170.63 253.70  48.25
  225  0.058 -1.249 -0.885  97.71 252.86  11.37 251.87 170.63 253.70  61.89
  226 -0.117  0.690  0.645  91.07  53.20  76.58  54.52 114.90  54.64  71.97
  227  1.076 -0.764 -0.891  97.71 252.86 204.97 203.18 192.06 204.80  61.89
  228 -0.277 -0.996 -0.461  26.47 228.54 134.13 253.85  11.81 227.81  37.20
  229  0.162  1.069 -0.886 136.41  19.48 134.13 253.85 167.66  17.68  71.25
  230  0.695 -0.757 -0.126 234.87 205.24 236.24 204.96 161.77 207.70  57.00
  231 -1.004 -1.250 -0.756  97.71 252.86 134.13 253.85 120.46 247.70  61.89
  232  0.586  0.654  0.931  97.71 252.86 244.92  56.98  57.13  55.50  61.89
  233 -0.263 -0.110 -0.634  97.71 252.86  54.00 137.69  51.58 137.52  61.89
  234  0.461 -0.811  0.956  97.71 252.86 139.13 214.96  49.55 214.21  61.89
  235 -0.267 -1.124 -0.198 166.78 244.01 112.00 239.60 170.63 253.70  65.78
  236  0.907 -0.949  0.927  97.71 252.86 252.28 229.67 176.75 230.83  61.89
  237 -0.416 -0.956 -0.278  86.20 226.82 134.13 253.85   2.50 224.63  71.47
  238 -0.247 -0.878  0.736 169.00 220.87 164.96 220.10 170.63 253.70  64.72
  239 -0.997  0.580 -0.203  85.54  62.81 164.65  67.59 170.63 253.70  69.40
