    1  0.877 -0.105 -0.029  26.23 137.52  65.17 134.16  53.48 134.06  52.57
    2  1.059 -0.363  0.006 103.10 161.93  70.88 164.00  45.35 166.94  64.72
    3 -0.929 -0.435  0.678 128.59 171.11 210.22 168.91 185.90 169.81  67.67
    4  0.476 -0.182  0.086 133.62 144.56 161.43 144.63 117.61 144.54  74.38
    5 -0.029 -0.157 -0.112 158.63 141.74 105.34 140.31  37.28 144.40  57.17
    6 -0.456 -0.463 -0.353  80.14 175.64  29.19 174.65   6.53 173.38  58.87
    7 -0.052 -0.701 -0.638 244.45 195.44  58.40 190.17  30.61 198.49  50.57
    8  0.425 -1.056 -0.060 135.77 235.54 245.06 236.65   8.19 237.75  70.61
    9  1.078  0.244  0.144 182.74 100.02 173.66  97.79 193.02  97.14  64.00
   10  0.275 -0.743 -0.690  68.44 202.84 197.46 202.30  46.36 203.11  64.00
   11  0.849 -0.580  0.681 214.26 183.84 178.67 189.68 195.21 190.98  64.81
   12 -1.183 -0.214 -0.632 235.95 149.02  24.38 149.24  13.60 148.54  56.33
   13 -0.088 -0.026 -0.245 158.32 129.69  75.23 130.60  43.28 130.53  66.75
   14  0.560 -0.284 -0.246 119.78 155.57 153.67 155.70  34.72 156.39  61.44
   15 -0.283 -0.568  1.002 151.34 189.58 230.36 186.64  70.22 187.17  66.93
   16 -0.617 -1.084  0.088 111.61 241.97  29.67 240.75 156.99 239.18  70.68
   17  0.401 -0.191 -0.252  59.70 145.04  36.69 144.66 110.67 144.68  65.67
   18  1.043  0.610 -0.355 131.23  66.90 204.50  64.30 143.42  63.47  59.77
   19 -0.300 -0.890 -0.639  37.10 215.19   3.84 210.51 229.91 217.63  50.89
   20  0.406  0.411 -0.544 174.54  83.91 138.19  84.20  79.84  83.92  62.08
   21 -0.120  1.006  0.760 151.80  18.11  28.99  19.10 140.95  21.07  63.80
   22 -0.318 -1.002  0.625  74.52 233.54  10.58 230.33  42.50 229.10  68.22
   23 -0.088 -0.785 -0.049  72.16 208.98 136.74 208.25  17.23 208.33  75.50
   24 -0.670  0.080 -0.473  16.08 118.95   9.57 119.34  91.59 119.46  59.35
   25 -0.737 -1.076 -0.614  85.19 238.09  81.20 236.20  62.70 233.79  55.13
   26  0.445 -0.240  0.991  60.57 151.70 111.25 151.62 217.60 152.53  64.45
   27 -0.302  0.474  0.570  47.75  76.18  59.50  77.45 137.19  77.27  61.74
   28 -0.525 -0.905 -0.437  89.38 219.66  97.87 218.40  28.28 217.76  66.56
   29 -0.560 -0.222  0.253   7.67 150.74  33.60 150.78 143.50 149.73  56.58
   30 -1.136  0.311 -0.047 146.21  94.37 232.28  94.49 229.45  95.15  59.38
   31 -0.907  0.412  0.652  41.12  82.15 197.61  83.47 147.81  83.82  71.00
   32 -0.602 -0.056  0.223 123.28 130.90 244.63 130.72 117.44 130.89  68.04
   33  0.354 -0.794 -0.392  98.99 208.97  94.53 207.94 147.58 208.89  81.12
   34 -1.163  0.088 -0.447 100.53 117.57  51.46 117.71  15.96 118.25  64.14
   35 -0.004 -0.977 -0.429  76.28 222.42  47.03 224.18  21.08 223.00  68.66
   36 -0.857 -1.016  0.403 176.33 236.82  32.80 231.25  17.46 228.70  70.56
   37 -0.823  0.667 -0.760 230.34  53.52  87.90  57.62 194.52  58.01  53.47
   38 -0.231 -0.628  0.403  67.92 191.50 218.89 190.16 218.97 193.97  65.13
   39 -1.125 -0.383 -0.050 213.22 168.16 222.71 167.50  75.29 166.84  58.54
   40 -1.087 -0.512 -0.106 195.40 182.24 139.60 179.75  44.92 178.88  73.29
   41  0.776 -0.548 -0.426  35.62 182.81 172.20 182.92  76.93 182.57  60.00
   42 -0.306  0.197  0.904  94.59 105.99  56.22 103.15 235.20 106.50  65.86
   43 -1.206 -0.797 -0.182  36.82 210.37 119.14 209.60  98.34 207.62  58.43
   44 -1.072  0.487 -0.128 173.57  75.58 172.38  77.63  86.72  77.87  64.44
   45 -0.439  0.307  0.295 195.02  94.96  92.24  94.49  49.04  94.89  66.31
   46 -0.700  0.503  0.099 112.45  72.42 176.80  75.20 237.54  74.90  78.36
   47 -0.371  0.948  0.147  77.23  26.93 207.45  26.57  52.93  27.78  75.82
   48 -0.683  0.505 -0.819 158.17  75.25 112.97  75.25  49.78  76.65  67.27
   49  0.058 -1.179 -0.478 210.34 243.52 129.68 242.05  95.78 248.78  56.71
   50 -0.329 -0.777 -0.309 123.97 208.55  17.90 206.28  29.75 204.49  73.88
   51  0.007  0.929 -0.636 237.87  29.94 236.60  29.21  51.96  30.79  50.74
   52 -0.298  0.014  0.177   6.46 124.33  33.52 126.14  37.69 124.51  56.22
   53 -0.579  0.353 -0.530 245.43  91.01  94.95  91.08 190.58  92.04  48.70
   54 -0.680 -0.603 -0.271 137.48 189.88 111.93 189.92  50.75 188.86  69.46
   55  0.989 -0.565 -0.146 102.17 183.76 207.52 184.19 207.30 186.48  66.20
   56 -0.143  0.495  0.783  79.82  74.76  13.12  73.52  43.21  74.50  70.07
   57  0.825  0.837 -0.743 230.93  42.05 114.97  38.42  74.07  39.14  59.47
   58 -0.649 -0.724  0.299 101.03 203.22  95.93 202.31   7.85 200.65  66.07
   59  0.014 -1.112 -0.375 130.10 240.23 108.73 240.98 120.41 239.76  59.22
   60 -1.197  0.588 -0.349 251.38  64.98 131.79  67.12 161.00  66.29  62.62
   61  0.679 -0.726 -0.483 170.80 199.24  29.16 199.98  98.78 202.04  64.62
   62 -0.301  1.088 -0.912  20.09  15.56   7.08  18.49  29.99  18.07  59.44
   63  0.384  0.886 -0.607  36.14  35.43  45.70  37.93 189.83  35.78  59.29
   64 -0.925 -1.056  0.643 127.62 242.61 140.08 239.34  88.71 235.47  79.50
   65 -0.090 -0.362  0.825 221.97 166.70  20.79 165.93  10.59 164.96  51.75
   66  0.914 -0.550 -0.182 192.79 183.42  83.83 183.07 136.82 183.46  68.29
   67 -0.227 -0.119 -0.731  48.09 137.80  15.11 137.50 198.12 139.47  64.93
   68 -0.190 -1.098 -0.310  50.24 240.18  98.36 239.37  57.41 239.58  61.55
   69  0.670 -0.197  0.889 166.71 147.78 169.51 147.92   8.82 148.70  68.89
   70 -0.051 -0.414 -0.193  60.34 168.26  11.64 167.94 199.15 168.49  69.57
   71 -0.823 -0.590 -0.702 243.21 188.58 222.53 184.94 203.18 185.58  63.33
   72 -0.140  0.084  0.303 233.86 118.89  55.37 117.96  24.32 117.98  52.00
   73 -0.673  0.207  0.422  40.99 104.83 240.84 102.73  77.37 103.15  59.53
   74 -0.075  0.153  0.472 213.55 110.06 182.79 110.73 137.04 110.52  73.28
   75 -0.420  0.578 -0.553 144.16  66.92 224.01  67.38  86.62  67.31  76.71
   76 -0.207  0.801 -0.727 184.89  44.86 150.12  45.53   8.59  41.45  62.33
   77 -0.274  0.534 -0.083  19.29  71.24   5.59  67.98  24.63  69.49  56.73
   78  0.454  0.304 -0.966  33.07  95.01  82.14  95.95  65.05  96.35  63.75
   79 -0.944 -0.279  0.084 136.06 157.01  76.32 155.46 112.89 155.83  59.33
   80 -0.839 -0.698  0.144 182.16 201.44 130.41 199.51  89.35 199.28  65.00
   81 -0.315 -0.721 -0.288  53.42 201.91  40.66 201.21  35.88 199.73  66.00
   82  0.686  0.443 -0.698 202.40  82.68 118.96  82.42 100.53  81.68  52.33
   83  0.165 -0.271 -0.944  84.67 154.54  51.08 153.73 118.21 154.33  73.62
   84 -1.080 -0.088  0.214  93.66 134.23 119.26 130.89 212.92 133.93  69.58
   85 -0.818 -0.019  0.410 143.02 126.80 103.77 126.77  70.71 126.79  70.36
   86  1.136  0.859 -0.243 179.18  38.81 167.54  38.35 210.62  34.41  77.35
   87  0.479 -0.014 -0.650 108.52 126.70  83.11 126.74  20.42 126.17  64.81
   88  0.434  0.755 -0.952  94.63  46.32 107.39  47.31  80.73  47.31  62.89
   89 -0.501 -0.295 -0.428 180.94 157.19  29.86 157.33  29.18 156.72  72.55
   90  0.341  0.861  0.209 185.50  37.98 192.70  37.71 230.51  36.96  64.83
   91  0.113 -1.063  0.150  76.50 237.83  53.52 237.46 193.64 239.50  59.31
   92  0.710  0.051 -0.354 182.57 121.98 145.07 121.94  10.67 121.97  72.38
   93 -0.428 -0.527  0.019  18.49 183.21 124.24 182.46 140.76 180.17  54.86
   94  0.787 -0.390  0.072 192.91 166.77  41.87 167.65 132.95 167.57  61.44
   95 -0.511  0.794 -0.269  16.60  42.21 211.55  43.81  99.87  45.49  60.20
   96  1.208  0.749 -0.412 194.02  46.39  75.71  46.65 124.99  47.17  53.83
   97  0.020 -0.667  0.725 135.12 194.90 103.94 194.56  24.84 198.47  71.69
   98 -0.902 -0.973  0.464  59.17 229.26 127.89 228.07  90.10 226.33  56.31
   99 -0.475  0.101  0.435  89.33 115.77 148.88 115.86 169.48 115.78  64.25
  100  0.472  0.516 -0.237  26.65  75.24  19.19  73.15  99.62  69.76  56.05
  101 -0.647 -0.312  0.579   8.53 160.62  77.10 158.33  87.65 158.11  50.67
  102  0.157  0.059  0.707  61.40 119.92 113.60 119.43  31.41 119.46  60.86
  103 -0.600 -0.978 -0.717  63.29 226.39  74.67 220.69  51.25 222.54  58.00
  104 -0.898  0.020  0.402  67.69 123.44  17.87 123.50 194.46 122.92  67.40
  105  0.308 -0.152  0.859  92.55 140.44 144.15 141.84  12.17 144.48  72.95
  106 -0.980 -0.198  0.512 225.68 147.89 177.87 147.19 162.12 148.19  48.07
  107  0.040  0.154 -0.718 152.06 112.02  64.29 110.87  25.87 111.18  66.92
  108 -1.072 -0.757 -0.212 222.60 206.84 156.05 203.37 196.20 203.97  38.33
  109 -0.720  0.099  0.690 123.73 115.82  67.16 115.98  60.69 116.26  62.64
  110  0.202  0.370 -0.298 214.68  87.76 157.21  88.14 129.96  87.88  58.31
  111  0.779  0.902 -0.624  62.47  33.82 154.41  32.80 146.01  31.89  55.79
  112  0.276  0.382  0.290 156.01  86.67 169.57  86.49   9.46  85.55  67.17
  113  0.552 -0.820 -0.941 157.16 209.19 164.43 209.50 109.90 209.60  66.95
  114  0.098  0.434 -0.609  81.22  83.47  51.87  83.41  38.28  82.47  63.71
  115  0.206  0.123 -0.935 116.97 112.71 132.31 112.68 146.62 112.61  69.31
  116 -1.079  1.096 -0.232 198.49  11.51 117.76  10.64  26.81  16.36  76.11
  117 -1.185  0.037 -0.658 189.82 123.09 200.98 123.01 153.30 122.33  71.73
  118  0.568  0.619 -0.307 145.40  63.29 226.15  63.25 138.50  62.66  63.67
  119 -0.247 -0.797  0.651  12.22 213.06 183.61 210.47 162.89 210.61  63.25
  120 -0.376  0.658  0.823 143.09  52.83 251.81  51.64 190.62  51.19  64.21
  121 -0.786 -0.928 -0.129  71.05 221.80  37.44 219.80 113.41 218.32  61.06
  122  0.693  0.672 -0.399 138.09  57.23 171.69  52.74 243.46  48.89  66.88
  123 -0.320  0.456 -0.343   3.59  80.19  21.79  81.00 194.42  80.98  59.00
  124  0.107  0.058 -0.734  64.78 120.42  59.88 120.12 102.75 121.94  54.59
  125 -0.155  1.069 -0.111  15.64  14.60 163.01  13.01 170.03  11.31  60.82
  126 -0.865 -0.871  0.278 243.09 215.49 101.89 213.18  68.01 212.41  51.85
  127  0.318  1.134  0.442 196.87   4.58   4.58   6.04 241.58   4.56  67.93
  128 -0.141  0.580  0.424 242.85  65.88 235.11  65.74 133.14  66.28  61.82
  129 -0.561  0.941  0.351 107.13  24.87  80.60  28.62  95.28  29.21  54.11
  130  0.706  0.592  0.978  16.37  65.83  85.34  63.18 172.73  61.80  57.00
  131 -0.039 -0.517  0.233  79.86 180.78  15.83 181.19  24.45 179.88  62.00
  132 -0.108  0.612 -0.717 179.26  65.32 186.55  64.70 225.73  63.77  64.69
  133  0.239 -0.258  0.640 220.07 153.72 144.78 155.43  80.73 155.21  62.39
  134 -0.594  0.162  0.924 147.87 107.03 175.09 108.94 249.14 110.12  62.75
  135  0.775 -1.129  0.023  87.25 243.19  63.92 241.19 110.67 240.90  71.81
  136 -1.138  0.542 -0.693  81.60  68.54  99.91  72.95  94.58  73.19  74.67
  137 -0.881 -0.158  0.018 202.38 144.45 125.28 144.53  30.73 141.45  69.70
  138  0.084 -0.789 -0.638   8.53 205.72  64.27 207.37  25.78 208.06  61.18
  139  0.111 -0.504 -0.389  49.49 178.41  51.26 177.02 113.16 179.57  65.46
  140 -0.469  0.980 -0.552  75.91  23.89  72.01  26.36 178.40  26.87  55.09
  141  1.010  0.333  0.513  67.78  91.59  61.90  91.39 145.60  89.86  68.67
  142  0.416 -0.517  0.447 135.69 179.86   6.73 181.33 103.38 182.42  71.33
  143  0.198  1.031 -0.185 159.37  20.60  98.04  19.18  53.88  19.77  68.05
  144 -0.726 -0.493  0.165 147.63 179.66 130.72 179.50  88.81 175.32  76.73
  145  0.229  1.095  0.938 186.54   9.54  60.85   6.22  40.63   8.41  69.89
  146  0.254  0.926 -0.185 242.38  29.04  69.11  29.20  76.92  30.05  49.33
  147 -1.185  1.073 -0.403  31.88  11.82 156.56  18.02  60.34  20.87  61.50
  148 -0.926 -0.315 -0.406  78.55 158.96 185.89 157.51 176.58 158.03  70.48
  149  1.040  0.338 -0.962 250.41  93.93  45.97  93.31  32.71  92.12  62.00
  150 -0.634  0.460  0.348  64.08  77.68  96.22  77.95  26.59  79.08  52.63
  151 -0.953 -0.690  0.029 111.83 199.84 123.04 199.31 223.93 195.60  69.25
  152 -0.491 -0.455 -0.052  20.21 175.02 123.06 170.91 118.80 170.99  48.75
  153 -0.986  1.084 -0.809 147.88  13.25 128.36  18.18 123.42  19.07  69.20
  154 -0.099  1.107  0.585 212.28   7.66 161.85   8.39   6.18   8.90  47.67
  155  0.001  1.054  0.129 122.07  17.01 112.30  17.77 105.94  17.84  67.62
  156  0.380 -0.369  0.463 234.13 165.03 238.29 165.97  18.93 166.94  62.09
  157  0.203  0.769  0.885  83.69  45.23 245.18  39.91 219.16  41.38  68.00
  158  0.343  1.136 -0.614  85.58  11.81 152.96  10.14 100.07  10.07  53.33
  159 -0.758 -0.481 -0.578  85.63 176.41  77.39 175.50  73.96 174.98  73.12
  160 -1.061  0.471 -0.895 195.39  78.22  17.47  77.96 136.64  81.48  52.57
  161  0.915  0.608  0.739 137.09  62.77 143.91  63.15  49.44  58.68  62.29
  162 -0.400  0.606  0.852 186.68  60.39  45.25  60.93 179.47  63.55  52.67
  163 -0.833  0.999  0.213 199.36  19.33 115.44  20.60 149.09  25.07  59.00
  164 -0.328  1.025 -0.941  71.62  21.38 148.73  21.95  75.08  21.30  71.89
  165 -0.624 -0.771 -0.299  33.11 208.58  60.12 204.40 166.74 204.38  66.22
  166 -0.334  0.314  0.927 108.02  91.63 235.25  93.03 247.13  93.17  74.55
  167  0.153 -0.130  0.110 216.98 138.97 219.20 139.21 123.35 140.32  61.70
  168 -0.459 -1.054 -0.359  42.88 237.42  94.43 234.94  23.87 233.02  59.09
  169 -0.734 -0.244  0.312  98.94 151.89  69.45 151.60 125.20 151.69  76.71
  170  0.180  0.267  0.659 111.62  95.59  10.46  96.05  17.89  96.90  73.79
  171  0.152  0.632 -0.231  48.27  60.77 199.14  59.56  72.52  61.80  50.92
  172 -0.587  0.118  0.073  39.64 112.31   9.31 112.92  10.13 113.19  61.27
  173  0.909 -0.378  0.026 122.99 164.37 118.55 167.09 214.15 167.07  56.75
  174 -1.139  0.148  0.141 121.60 110.70 120.30 112.03  90.76 112.10  54.06
  175  0.736  0.945  0.904 102.48  27.65  95.43  25.56  27.68  21.20  73.93
  176 -0.059 -1.146  0.379  17.07 247.82 208.84 245.59 131.37 242.60  55.75
  177  1.050  0.461 -0.787 102.00  82.01 154.59  81.50  66.36  78.46  77.87
  178 -0.532  0.967  0.396 151.33  22.17  41.02  23.66  33.57  25.80  67.33
  179 -0.759  0.446 -0.809 166.20  81.76   6.33  81.95  23.50  82.49  74.23
  180 -0.819  0.896 -0.794 117.24  33.53 207.25  36.81 150.13  37.30  71.50
  181 -1.204  0.460 -0.704  95.44  79.06  95.44  81.58  57.40  81.83  55.58
  182  0.417  0.479  0.442 135.05  77.63  55.26  75.76  72.14  75.68  66.42
  183  0.435  0.177  0.858  25.11 106.50  57.21 106.47  39.29 106.77  58.10
  184  1.074  0.372 -0.158 147.25  90.27 251.66  87.98 173.36  85.82  75.88
  185  0.766 -1.211 -0.595 127.74 248.89  64.83 249.40  14.13 251.95  71.62
  186 -0.095  0.457 -0.786  98.55  80.97 234.13  81.84 229.66  80.87  64.25
  187 -0.711  0.250 -0.634 144.29  97.87 147.39  99.81 106.71  99.79  61.47
  188 -0.442 -1.189  0.384 224.83 253.73 206.04 251.37 222.62 249.88  72.20
  189 -0.535 -0.335  0.817  39.93 161.38  33.60 160.43  35.26 160.87  57.86
  190  0.974  0.941  0.488 112.32  28.17  89.50  29.19 122.22  25.52  70.79
  191 -1.165 -1.017 -0.737  51.92 232.34  67.66 227.11 131.88 228.54  58.57
  192  0.253  0.449  0.075  61.79  80.88  61.50  79.79  14.13 251.95  54.00
  193 -0.157 -0.585  0.296  38.97 189.59  97.58 189.67 212.99 188.34  66.69
  194 -0.323  0.356 -0.078  20.74  91.02 229.26  89.97 239.35  88.20  34.25
  195 -0.284 -1.054  0.399 156.65 239.11 172.28 237.75  74.27 236.16  61.29
  196 -0.763  0.324  0.956 224.83 253.73  69.39  92.29  84.83  92.68  72.20
  197 -0.147 -0.616 -0.576 154.09 189.77  76.64 253.70  66.07 189.41  71.00
  198  0.503 -0.613 -0.898 222.10 185.35  45.02 187.96  90.02 189.39  64.37
  199  0.511  0.165  0.672 224.83 253.73  95.34 107.08 122.35 108.80  72.20
  200  0.263  1.025  0.884 145.68  18.10  17.21  15.41  14.13 251.95  67.67
  201  0.386  0.865  0.026 151.07  38.60  76.64 253.70 172.88  36.97  76.66
  202 -0.835 -0.380 -0.084 164.67 167.04 168.50 167.29  31.60 165.58  66.76
  203  0.887  0.564  0.972 224.83 253.73 113.44  67.00  46.18  64.21  72.20
  204 -0.622  0.345  0.696 224.83 253.73 148.96  90.24  89.86  91.32  72.20
  205 -0.505 -0.265 -0.255 224.83 253.73 176.36 154.17  38.37 153.40  72.20
  206 -0.607 -1.166  0.093 185.55 249.82 134.21 248.42 186.48 248.17  64.74
  207 -0.125  0.847  0.531 224.83 253.73 164.07  38.15 138.89  37.24  72.20
  208  0.631  0.887 -0.431 224.83 253.73 128.99  34.13 140.59  33.46  72.20
  209 -1.019 -0.357  0.384 224.83 253.73  59.50 161.43  35.54 163.75  72.20
  210  1.096 -0.023  0.567 224.83 253.73  41.98 130.28  27.11 130.25  72.20
  211  1.096 -1.017  0.648 224.83 253.73  37.85 235.49  74.70 238.68  72.20
  212 -0.467 -0.265  0.985 187.28 155.47  76.64 253.70 166.09 155.80  71.20
  213 -0.908 -0.217  0.112  68.83 149.76 200.36 149.50  36.93 149.46  58.15
  214  0.034  0.596 -0.326 103.59  65.85 117.43  66.39  14.13 251.95  68.94
  215 -0.496 -0.022  0.710 224.83 253.73 176.73 129.70 183.88 129.71  72.20
  216 -0.277  1.020  0.933  79.38  17.46  76.64 253.70 110.98  18.07  69.13
  217  0.024 -0.491  0.128   6.45 177.99  81.51 175.67  71.18 176.63  50.67
  218 -0.168 -0.231 -0.641 224.83 253.73  15.44 151.33  31.08 150.25  72.20
