    1 -0.291  1.114  0.775 162.66   6.85 168.75   6.17 108.66   7.98  59.79
    2 -0.333 -0.650  0.970  72.83 196.39  48.11 195.12  28.69 195.62  64.76
    3  0.455 -0.922 -0.133 129.26 219.12 247.68 222.49   2.34 223.62  65.89
    4  0.266 -0.113 -0.329  21.72 136.73 196.91 135.87  15.40 138.77  46.75
    5  0.372 -0.751 -0.406  99.96 204.42  96.46 203.45  70.75 205.83  78.18
    6  0.020 -0.377 -0.970  67.92 164.85  19.50 162.98  32.43 163.81  65.26
    7 -0.617 -0.013  0.180  79.28 125.86 164.44 124.61 145.26 124.59  66.50
    8 -0.601 -0.352 -0.470  34.46 163.82  28.71 162.80  46.89 162.13  57.14
    9  0.412 -0.187 -0.324 121.71 143.38 115.23 143.30  12.81 145.82  70.82
   10 -0.996 -0.266  0.074  55.16 152.72 138.93 151.84  98.92 151.83  50.08
   11 -0.720 -0.610 -0.257 151.63 190.78  51.66 184.57  82.91 183.27  64.67
   12 -0.697  0.359 -0.560 238.29  87.42 120.39  87.74 134.77  87.53  52.19
   13  0.636 -0.782 -0.916 158.31 204.69 123.10 204.43 165.14 206.11  69.58
   14 -0.972 -0.443  0.632  88.18 174.85  72.35 174.08 244.47 172.39  72.25
   15 -0.213  0.950 -0.735 163.59  28.95 174.83  28.30 201.11  28.92  55.50
   16 -1.212  0.090 -0.459 204.51 116.53 112.35 118.47 131.02 118.41  70.56
   17 -0.529 -0.508 -0.361 140.48 180.14  53.84 175.56 208.95 176.40  72.80
   18 -0.374  0.477 -0.170  54.64  77.45  16.42  76.98 190.91  78.17  55.03
   19  0.236  0.469 -0.622  99.98  78.37 233.67  79.39  37.42  78.95  72.17
   20 -1.097 -0.061  0.195 157.89 133.63 114.65 133.64 107.64 133.67  68.06
   21 -0.589 -0.194  0.204  78.81 148.34  92.48 147.98 165.80 147.73  64.96
   22 -0.957 -0.189  0.104 188.78 148.07  22.15 146.20   8.84 145.75  61.23
   23 -0.266 -0.992 -0.678 248.30 229.70  38.16 227.72 219.47 225.50  55.75
   24  0.996  0.462  0.468  31.52  80.01  85.40  77.84  53.87  77.94  48.83
   25 -0.123 -0.493  0.288  80.88 176.53  24.71 175.45  46.43 174.74  58.00
   26 -0.533  0.711  0.854 202.56  47.59 230.92  46.13 229.97  52.15  50.20
   27 -0.022 -0.372  0.224 210.81 165.39  62.97 166.78  40.15 166.45  55.00
   28 -0.335  0.040  0.617  51.42 120.90  80.50 122.13  69.84 122.19  57.86
   29 -1.156  0.336 -0.041 106.48  88.77  57.39  91.74  75.76  92.15  71.24
   30 -0.127 -0.050  0.740 147.53 132.73  67.52 130.60  38.13 130.62  50.43
   31 -0.755 -0.555 -0.608 139.32 183.77 108.39 183.42  26.22 182.82  68.38
   32 -0.567 -0.679  0.314  52.06 198.97  27.33 197.10 246.92 196.44  65.94
   33  0.702 -0.253  0.701   4.85 151.90   5.86 151.03 236.94 155.14  61.44
   34  0.594  0.135 -0.144  92.98 113.65  45.58 113.84  16.50 112.61  58.83
   35  0.034 -1.036  0.576 139.76 236.69 144.45 236.62 122.84 237.06  72.17
   36  0.191 -1.206 -0.526  49.59 248.66  27.34 247.42 172.49 250.43  51.56
   37 -0.896 -0.376 -0.087 147.23 167.30 219.69 166.05  30.36 166.14  75.90
   38 -0.220 -0.839  0.700 112.68 214.27 241.49 215.78  51.42 216.09  63.77
   39 -0.511 -0.927 -0.462  67.11 219.54 227.41 222.27 216.43 218.48  59.00
   40 -0.421  0.552  0.591 145.17  67.94 171.13  68.18 190.38  69.44  71.31
   41 -0.682  0.247  0.386 130.25  95.17  73.44  95.42 197.61  98.79  57.12
   42 -0.489  1.118  0.083 139.37   8.97 139.67  10.88  23.22  12.64  55.17
   43  0.144  0.924 -0.700 233.13  33.85 106.76  32.38 158.31  32.81  44.33
   44 -0.699  0.606  0.066  40.10  58.97  97.48  59.62 245.59  61.87  53.25
   45  0.858  0.091 -0.396  97.29 118.37 164.29 116.27 113.30 116.19  67.44
   46 -0.626 -0.277 -0.281 231.11 154.74 203.25 155.30  25.07 155.33  61.76
   47 -0.034 -0.843 -0.659  74.34 213.34  41.82 211.56 252.08 211.42  59.88
   48  0.767 -0.211 -0.644  55.68 148.44  66.64 148.53 171.91 148.65  58.31
   49 -0.956 -1.036  0.622 166.15 238.00 120.55 236.75  71.02 232.40  68.12
   50  0.158 -1.059 -0.396  41.12 235.91  80.83 233.44 239.97 236.51  62.88
   51 -0.915  0.694 -0.811 209.12  54.06 144.05  56.38 114.18  56.18  67.07
   52  0.245  0.266 -0.994  93.97  92.63   8.42  93.37  32.84  96.01  57.21
   53 -0.564  0.643  0.879 169.62  56.75 118.49  57.63  91.66  60.00  53.86
   54 -1.159 -0.394 -0.074  54.45 168.22  35.56 167.22 205.86 167.06  64.33
   55 -0.003  0.777 -0.331 226.27  47.13 240.11  45.22 112.78  44.78  61.17
   56 -0.384  0.831 -0.821 220.40  41.61 123.65  37.90 226.37  42.56  58.79
   57 -0.455 -1.009  0.103  91.08 229.92 207.90 230.45  45.98 230.70  72.51
   58  0.938  0.133 -0.296 207.66 114.14 213.43 113.85 175.86 114.04  72.43
   59 -0.325 -0.788 -0.343   4.89 206.30 192.08 206.66  32.73 208.32  66.52
   60 -0.926 -0.121  0.004 198.47 137.29 170.60 137.39 203.00 138.78  61.33
   61  0.342  0.891 -0.381 126.96  34.50 203.76  35.81 199.92  33.79  67.47
   62 -0.912 -0.924  0.440 242.43 225.62 175.30 223.49 154.17 219.74  58.79
   63 -0.229 -0.053 -0.318  17.71 133.07 133.75 132.73 118.52 132.74  51.12
   64  0.289 -0.704  0.241 100.47 200.69 163.24 200.72 172.97 201.80  73.26
   65 -0.351  0.666 -0.186 115.85  57.10  67.57  59.09 123.50  57.46  63.33
   66 -0.976  0.459  0.609  86.39  77.07  89.71  79.02  89.04  79.31  66.64
   67 -0.355 -0.196 -0.792 164.91 147.32 170.52 147.45  27.27 147.46  70.17
   68  0.753 -0.463 -0.645 120.43 172.34 116.45 172.02   4.57 174.13  67.89
   69  1.088  0.807 -0.256  11.74  42.61 206.14  39.91  75.54  38.47  61.17
   70  0.825  0.140 -0.152 108.17 112.20  50.97 112.21  36.63 111.21  63.47
   71  1.012 -0.844 -0.679  73.25 208.28   5.14 213.46 221.43 214.90  52.33
   72  0.291  0.072  0.652  71.04 120.37 129.20 120.28 153.54 120.19  58.75
   73 -0.264  0.459 -0.874 138.01  80.70  43.10  81.38  73.90  81.98  67.42
   74 -0.075 -1.059 -0.360   6.13 236.65  77.30 236.40 101.90 235.79  58.29
   75 -0.797 -0.638  0.156 152.59 193.31  54.27 190.98 196.31 192.22  79.38
   76 -0.652 -1.138 -0.686 227.49 245.53 244.03 238.84 241.57 242.07  56.05
   77  0.348  0.035  0.064 133.81 123.95  92.64 123.97  61.55 124.03  69.55
   78 -1.196 -0.828 -0.231 237.42 213.57  19.30 209.94 207.87 208.55  45.60
   79 -0.735 -0.201  0.288  94.20 148.82 187.92 148.28  55.45 148.24  70.34
   80 -0.643  0.523  0.332  33.95  71.44  91.76  72.20  52.21  73.01  62.44
   81 -0.810  0.022  0.361 141.02 124.21 159.27 124.20 170.35 124.12  54.80
   82  0.307  0.040 -0.709 104.23 120.97   3.50 123.69  34.63 123.68  80.28
   83  0.787 -1.135  0.426 241.10 243.39  94.76 245.93  82.72 245.23  57.11
   84 -0.215  0.192  0.419  22.91 106.15  45.01 103.76  68.36 104.07  49.75
   85 -0.711  0.412  0.674  84.05  81.47 219.84  83.00  95.70  84.16  72.19
   86 -0.289 -0.337 -0.702 101.11 160.09 175.61 158.14  10.46 162.03  62.77
   87  0.398  1.198 -0.494 164.88 253.38 248.30   5.88 153.04 252.24  72.05
   88 -1.120 -0.530 -0.141 101.03 181.38  84.09 180.69  78.51 180.26  66.40
   89 -0.636  1.012 -0.622 235.20  20.76 185.00  23.42 226.27  24.94  58.29
   90  0.500  0.189 -0.480 137.12 107.95 226.84 108.70  80.20 108.17  66.92
   91 -0.288  0.956  0.478 239.83  25.34  63.80  25.64  83.39  26.58  52.20
   92  0.080 -0.514 -0.442  74.12 176.56  74.03 180.33  82.68 179.83  63.78
   93 -0.962 -1.136  0.252 115.53 247.07 185.09 245.34 209.33 242.08  67.50
   94 -0.158  0.097 -0.772 108.94 115.65  74.61 115.63  86.90 115.64  73.36
   95 -0.096  0.691 -0.424  26.55  56.26 155.51  54.07  34.14  53.31  59.58
   96  0.739  0.839  0.355 156.60  37.45 163.24  37.12 161.40  35.91  76.18
   97  0.762  0.726  0.022 248.19  51.25 127.98  48.62 234.81  46.25  58.94
   98  0.988 -0.689  0.424 147.99 198.63  68.63 199.64  11.04 202.34  60.25
   99 -1.185 -0.546 -0.363  31.23 184.79  12.62 183.05 139.97 181.12  61.70
  100 -0.975 -0.338 -0.432 124.80 162.65  58.41 159.60  24.46 161.60  57.67
  101  0.656  1.041  0.665 242.79  18.80 242.68  13.85  68.94  13.09  57.67
  102  0.721 -0.925  0.937 176.16 222.69  10.09 226.48 168.23 226.13  70.03
  103 -0.227  0.121  0.221 187.81 114.46 189.56 114.28 213.78 114.25  70.12
  104  0.445 -0.281  0.614  50.88 156.76  24.50 156.00 153.94 155.73  63.90
  105 -0.292  0.650  0.405 247.95  58.92  36.12  58.41  66.53  59.44  57.50
  106 -0.481  0.161  0.910 166.64 109.15   8.78 108.87 179.61 108.71  66.00
  107 -0.127 -0.146 -0.192 151.81 139.81  32.11 140.82 206.62 142.31  69.46
  108  1.104 -1.054  0.250  86.04 234.81 131.82 238.39  71.53 240.30  64.50
  109  0.053 -0.043  0.058 103.48 130.24 119.78 130.21 138.03 130.24  62.00
  110  0.507  0.572 -0.759 200.87  69.35  72.43  68.39 129.69  68.10  70.90
  111  0.053  0.511  0.223  37.25  73.88  60.56  73.21  45.52  74.15  71.33
  112  0.399 -0.086  0.561 193.15 135.77  13.49 134.66 183.38 136.02  55.75
  113  0.576 -0.194 -0.081  64.72 146.67  28.46 147.94 114.40 147.99  61.83
  114  0.150 -0.894 -0.655  13.88 218.69 104.68 217.83  82.11 218.08  52.40
  115  0.059  0.452 -0.399 247.35  80.70 152.14  80.73  20.67  81.17  60.37
  116 -0.420  0.493 -0.422   3.58  75.15  50.26  75.29  80.72  75.79  55.71
  117 -1.003 -0.170  0.462  54.99 141.17 246.49 141.97  11.28 142.58  64.89
  118 -1.097  0.532 -0.120  11.93  70.46  12.49  72.53  38.60  73.20  54.91
  119 -1.121 -0.932  0.369 211.48 228.10 229.56 224.19  88.08 222.18  70.42
  120 -0.115 -0.426 -0.255 146.45 169.74   8.22 169.09  17.01 168.01  86.33
  121 -0.776  0.135  0.634 131.78 110.78  76.46 111.02 197.76 113.46  61.36
  122 -1.059 -0.795 -0.256  98.04 210.02  64.05 206.79 223.61 205.93  80.88
  123 -0.658 -0.296  0.554  72.55 157.33  63.92 156.77  71.19 156.40  72.36
  124 -0.159 -0.737 -0.604 176.00 201.50 158.61 202.04 191.78 202.80  68.25
  125  0.100 -0.221  0.670 183.63 149.32 205.96 149.60 210.28 150.16  61.16
  126  0.547 -1.127  0.015 106.02 242.76  82.75 241.43 225.30 244.65  59.80
  127 -0.587  0.199  0.016  37.28 104.25  56.29 102.23  39.91 102.73  62.72
  128  0.866  0.428  0.463 130.67  81.89 134.34  82.08 136.47  81.73  68.22
  129 -0.310 -0.733 -0.328 167.95 202.42 141.27 202.75 133.05 202.60  57.00
  130  1.100  0.985  0.322 243.35  25.65 203.52  22.78 196.01  21.22  59.78
  131 -1.209 -0.225 -0.639  83.60 149.77  51.09 149.30  39.20 148.97  69.79
  132  0.526  0.943  0.963 132.79  26.54 243.95  24.70 206.31  21.68  64.19
  133 -0.426 -0.505 -0.017 130.96 180.93 115.35 180.00  93.63 179.82  55.58
  134 -1.144 -1.037 -0.784 247.83 235.76 139.17 229.23 146.38 229.32  52.00
  135 -0.340  0.522  0.835 156.67  70.91 179.36  70.60  54.84  70.38  55.79
  136 -0.043  0.839  0.925 189.41  37.07  60.87  36.05  68.76  36.52  65.87
  137  0.739  0.904 -0.432  69.13  34.11  35.57  33.66 124.66  32.17  66.23
  138  1.056  0.926  0.149  93.77  31.16  97.81  27.12 174.86  26.68  62.74
  139 -0.050 -0.734 -0.040 103.42 203.79 112.13 203.02 100.71 203.16  68.50
  140 -0.084 -0.019 -0.784  35.31 128.19  42.90 125.88  29.73 125.94  48.04
  141 -0.777  0.527 -0.872 141.90  71.99 133.82  74.74 112.15  74.65  65.60
  142 -0.634  1.038  0.332  99.20  15.10 198.17  17.24  23.37  19.27  47.92
  143 -0.550  0.590 -0.612  85.28  64.61 134.04  67.96 120.85  66.79  68.21
  144  0.665 -0.074 -0.168 107.71 133.74 104.80 133.67 206.93 134.27  71.42
  145  0.563  1.039 -0.774  59.32  23.36 217.86  22.29 215.55  20.50  61.62
  146 -0.970 -0.662  0.039  40.66 196.94  45.02 194.94  39.07 193.68  63.29
  147  0.113  1.161 -0.704   9.73   9.82  97.05   8.98   3.46   7.82  56.78
  148 -0.321 -1.129  0.110  18.01 245.73  62.27 243.40  20.84 244.50  54.75
  149 -1.032 -0.329  0.361  88.03 162.84  99.03 162.33 220.02 161.59  63.54
  150 -0.429  1.098  0.979 144.18   8.50  82.22   7.64 131.82  10.53  69.76
  151 -0.764 -0.863 -0.083 144.48 218.76   7.50 215.52 137.80 214.12  58.67
  152 -0.509  0.305  0.939  31.43  92.25  33.42  93.31 227.35  94.17  61.45
  153 -0.478  0.370  0.253 177.98  84.64 212.93  86.21 232.37  85.92  75.76
  154  0.266  0.723 -0.316 231.51  53.42  71.01  51.90 185.43  51.09  44.40
  155 -1.145  0.185  0.127  87.26 107.18 105.54 108.03 192.38 108.25  59.92
  156 -0.508  0.120  0.392 211.84 114.91 224.46 114.62  21.62 114.23  74.33
  157 -0.892  0.074  0.347  11.01 118.72  43.15 119.89   9.14 120.40  60.00
  158  0.975  1.051  0.112 238.72  19.62  64.33  16.60  25.22  15.40  41.00
  159  0.346 -0.717 -0.687 244.82 199.04  92.32 198.40  52.97 198.58  66.64
  160 -0.847  0.466 -0.850  72.88  78.28  24.40  79.41  33.24  81.65  58.73
  161  0.150  0.681  0.398 152.31  54.28 207.51  52.78 152.05  53.30  71.88
  162  0.888 -0.367 -0.211  58.13 163.85  66.95 164.14 154.18 166.32  57.00
  163  0.939  0.186  0.283  38.63 108.34  67.28 107.53  62.99 107.83  65.60
  164 -0.540 -0.443 -0.077  16.78 174.26 129.36 169.33 115.39 172.08  46.50
  165 -1.183 -0.855 -0.457  20.71 216.45 124.84 213.62  20.00 211.28  56.00
  166  0.106 -0.991 -0.474  72.66 228.22 205.98 228.01 117.82 228.61  57.91
  167 -0.777  0.070 -0.476 192.46 120.67  34.39 120.51 117.26 120.55  70.70
  168 -0.436 -1.084  0.137  64.37 238.49  26.48 238.56 145.21 237.57  69.80
  169  0.094  1.101  0.123 135.10  11.85 134.17  12.11 235.35  11.80  73.75
  170 -0.506 -1.074 -0.813 120.15 237.46  12.99 232.79  90.38 232.45  70.53
  171  0.335  0.111  0.854 128.33 115.51 104.44 115.58  55.12 115.61  72.33
  172  0.404  0.562  0.606 209.55  68.73 100.01  65.51  51.18  66.13  64.56
  173 -1.068  1.140 -0.884 217.21   8.52 138.04  13.32 150.81  15.62  60.04
  174 -0.188 -0.524  0.411  78.59 181.26 136.45 180.74  23.00 181.71  72.40
  175 -1.116  0.511 -0.928  21.50  74.73 128.13  75.27  88.79  75.56  53.35
  176 -0.823  0.242 -0.652 241.66 102.34 152.77 101.65 175.14 101.24  50.27
  177  0.513 -0.625 -0.909  48.68 185.98   6.83 184.18  62.07 190.08  65.36
  178  0.094  0.412  0.736 100.79  83.62 101.77  82.13 125.41  82.06  65.42
  179 -0.625 -0.764 -0.268 162.07 206.10 166.31 205.03 124.58 203.22  61.00
  180 -0.719  0.148  0.883 234.84 109.22 179.17 109.03  10.21 109.43  60.88
  181 -1.153  1.128 -0.268 157.25   6.68  77.31  11.80 119.71  12.89  60.38
  182  0.456  0.979 -0.462 250.44  27.60 185.07  26.55 126.95  25.56  66.50
  183 -0.569 -0.022  0.678  90.64 129.64  63.69 129.62  53.86 129.57  69.46
  184  1.089 -0.842  0.022  32.93 212.54 230.68 213.63  68.58 217.00  69.06
  185  0.699  0.979  0.919 199.33  24.02 235.99  20.06  46.31  20.72  62.62
  186 -0.610 -0.360  0.779 106.05 166.29 130.29 166.00  80.59 163.77  64.29
  187 -0.459  1.202 -0.887 137.80 251.07 182.34   6.03 170.63   4.25  74.60
  188  1.087  1.087  0.324 153.90  13.66  33.30  13.43  59.00  10.36  83.00
  189 -0.179 -0.608  0.725 247.21 192.07 179.71 190.89 230.61 190.39  60.71
  190  0.763 -0.977  0.083  76.60 224.63 101.33 228.60 143.34 230.20  63.76
  191 -0.855 -0.942  0.385 132.04 229.50  31.87 225.96 166.65 224.20  64.09
  192  0.623  1.172  0.066  23.68   8.30 193.50 253.90  63.30 251.30  60.00
  193 -0.001  0.496  0.691 154.01  74.82  15.04  73.34  23.91  74.62  65.92
  194 -0.643  1.045  0.683   7.49  12.22  21.02  13.79  56.20  15.84  63.60
  195 -1.181  0.553 -0.603 124.76  69.12  83.48  69.62 224.85  72.60  63.15
  196 -0.657  0.900 -0.294  53.15  31.58 142.79  34.82 155.21  33.85  54.21
  197  0.011 -0.394  0.128 114.38 167.31 125.95 167.26 105.32 167.22  56.75
  198  1.016  0.812 -0.707  75.10  43.17  89.58  44.63   4.93  40.53  66.35
  199  0.937  0.407 -0.145 235.78  84.13 138.33  84.09 222.48  83.21  66.50
  200  0.964  1.029  0.463 225.57  19.44 229.95  18.65 202.11  15.70  62.67
  201  0.880  1.036 -0.495 231.17  21.13  61.55  19.21 177.50  17.67  56.25
  202 -0.794 -0.662 -0.728  24.65 194.06 109.04 193.06  71.29 192.73  55.56
  203 -0.712 -0.453  0.158 182.37 174.63 204.52 175.22  70.78 173.59  62.36
  204 -0.166 -0.853  0.486 147.86 217.98  49.20 217.55 234.38 216.43  74.38
  205  1.122 -0.130  0.372  60.86 250.41 155.57 139.86  33.98 140.55  62.56
  206  0.403  0.566  0.825  67.47  67.18 147.70 250.95 248.49  65.84  65.50
  207  0.009  0.077 -0.986  62.55 120.89   4.61 119.06 209.77 118.67  59.25
  208  0.123 -0.706  0.416 145.26 200.71 232.58 200.97 172.49 250.43  74.50
  209  0.056  0.581 -0.011  11.27  66.16  55.44  65.11 172.49 250.43  52.31
  210  1.252  0.764 -0.055 127.74  48.24 147.70 250.95 235.65  43.61  69.15
  211  0.649 -1.253 -0.874  60.86 250.41 147.70 250.95 172.49 250.43  62.56
  212 -1.240 -0.738 -0.555 249.77 205.03 147.70 250.95  47.34 197.39  51.64
  213 -0.584 -0.315  0.980 204.76 157.69 147.70 250.95  35.30 159.09  62.75
  214 -0.078  0.401 -0.682  60.86 250.41  52.46  84.31  25.77  85.22  62.56
  215 -0.824 -0.794  0.263 203.38 212.13  94.97 209.01 172.49 250.43  62.06
  216 -0.281  0.623 -0.798 129.55  59.22  92.05  59.64 172.49 250.43  68.05
  217 -1.002 -1.246 -0.925  60.86 250.41 211.43 248.07 165.43 247.20  62.56
