    1 -0.809  0.318 -0.509 134.91  94.33 118.69  94.95 179.10  93.75  63.92
    2 -1.139 -0.760 -0.616  33.03 207.06  99.00 202.18  54.61 201.28  41.17
    3 -0.691 -0.560 -0.160 137.74 183.93 105.76 183.69 149.93 182.47  65.30
    4 -0.539  0.245  0.363  80.08 100.14 248.79 101.61 139.73  96.30  59.39
    5  0.193 -0.040  0.285 137.39 129.77 154.29 129.77  18.84 130.53  67.88
    6  0.464  0.005 -0.396 146.64 127.60 101.42 127.61  63.99 127.62  64.29
    7  0.322  0.012 -0.445  50.93 124.16  81.04 123.64  70.60 123.92  58.93
    8  0.380 -0.004  0.616 235.31 127.74 243.89 127.70 223.19 127.68  59.00
    9  0.398 -0.962  0.883 204.10 228.58  29.56 231.15  53.87 228.57  61.08
   10 -0.299 -1.053 -0.233 161.89 234.87 153.90 235.31 189.21 232.55  63.58
   11 -0.251  0.006  0.744 152.29 127.04 161.08 127.06 161.98 127.00  72.12
   12 -1.044  0.585 -0.070  46.70  65.03 172.15  66.53 102.32  68.02  50.07
   13 -0.077  0.670 -0.092 192.75  57.90  48.24  57.02 118.04  56.82  60.33
   14 -0.333 -0.060 -0.783  89.88 132.89 148.56 132.50 122.61 132.52  62.00
   15  0.478 -0.812 -0.498  12.15 208.11 161.59 209.09 160.01 210.14  67.10
   16 -0.395  0.376  0.198 129.78  85.02 145.04  85.06 167.87  87.35  73.16
   17 -0.404 -1.180 -0.766 155.96 244.61 143.18 244.89 126.54 245.48  72.12
   18  0.400 -0.434  0.753  31.19 172.62 191.87 172.42  97.60 174.46  63.45
   19  0.243 -0.480  0.083  93.98 176.47  65.39 174.80  54.51 175.01  64.82
   20  0.218  1.158 -0.812 250.59   8.90   7.29  10.91  16.65   8.18  56.88
   21  1.214  0.348 -0.547 229.54  90.30  15.12  90.67 111.09  89.94  47.32
   22 -0.434 -0.126  0.166  71.66 140.43  69.33 139.27  11.57 139.61  69.45
   23 -0.618 -0.666 -0.575 116.35 195.86  73.71 192.14 244.78 192.39  66.57
   24 -0.599 -0.582  0.301  31.85 187.26  14.92 188.84  60.77 185.27  61.90
   25 -0.431 -0.359 -0.832 181.52 164.08 201.70 163.93 216.86 162.56  70.75
   26 -0.646  0.092  0.293 135.36 116.78 189.52 116.98  97.45 118.33  66.30
   27 -0.922 -0.448  0.555  66.75 175.25 171.05 174.67  78.60 173.85  66.87
   28 -0.590  0.007  0.864  47.34 124.23  40.92 124.37  55.71 124.43  57.57
   29 -0.167 -0.702 -0.292 177.88 199.05 232.67 196.63 154.29 197.21  66.42
   30 -1.089  0.362  0.001 111.99  88.49  86.85  88.91 185.78  91.47  70.08
   31  0.150 -0.226  0.354  89.84 149.34 104.28 149.04 124.13 149.08  66.67
   32  0.326 -0.790 -0.382 149.55 207.07 234.94 205.84 238.61 208.48  77.41
   33 -0.104 -0.156 -0.290  59.67 143.59  32.25 143.30  30.00 142.85  58.75
   34  0.621 -0.431 -0.329 149.68 170.17  61.62 171.01  19.32 170.09  69.44
   35  0.007 -0.536 -0.889  76.09 176.87  97.09 181.67 116.05 181.64  60.30
   36 -0.158  0.807 -0.821  88.58  45.27  85.94  46.50  48.83  43.94  69.92
   37 -0.797 -0.951  0.252  46.94 229.74 144.37 225.53  32.03 221.00  61.09
   38  0.790  0.525 -0.562 140.13  74.19  24.38  74.50  53.44  72.45  61.69
   39  0.574  1.186 -0.546  87.61   7.24 180.75   5.17  90.84 252.23  61.60
   40 -0.657 -0.762 -0.725 152.01 202.41 111.11 200.35  19.49 203.23  59.24
   41 -1.041  0.673 -0.843  99.04  56.01 237.73  57.09 140.07  60.16  61.83
   42 -0.357 -0.870  0.191  43.89 217.68 174.47 217.31  12.91 216.55  74.82
   43 -1.199 -0.249 -0.617 167.85 151.92 201.92 150.89 151.08 151.16  68.77
   44 -1.140 -0.415 -0.090 119.38 171.49 159.87 170.29 127.68 168.72  68.20
   45  0.504 -1.049  0.183  11.69 234.00  97.48 236.67 134.39 238.50  52.62
   46  1.055 -0.767 -0.685 114.32 200.95  61.95 205.23 106.86 206.96  71.21
   47 -0.415  1.182 -0.819  22.54   7.02 131.92   7.63 185.83   8.16  59.19
   48 -0.877 -0.062  0.021  15.57 133.78 112.45 132.87 138.47 132.89  53.33
   49 -0.001 -0.751  0.233  53.60 207.03  12.92 205.38 241.57 205.17  68.88
   50  0.040  0.047  0.977   9.27 119.81  45.12 119.60  24.67 120.31  59.44
   51  0.572 -0.698 -0.354  88.77 196.03 185.93 196.25 194.20 198.36  68.83
   52 -1.016 -0.022  0.188  29.44 129.19  37.05 128.72 228.76 129.37  50.83
   53 -0.712  0.178  0.547  26.56 108.39  33.17 108.67  56.26 109.01  64.89
   54 -0.439 -0.249  0.543  53.81 154.45   6.64 153.54 250.00 153.07  66.20
   55 -0.562 -0.105  0.256 122.28 135.19  37.13 134.67 215.31 136.79  61.75
   56 -0.144 -0.653 -0.294 242.76 194.87  65.30 189.47  59.22 194.00  62.40
   57  0.107 -0.955  0.350 132.50 225.71   8.55 226.80  10.47 228.45  67.14
   58  0.323  0.338 -0.910 162.00  92.42 179.93  92.13 248.80  91.60  68.88
   59  1.039  0.675  0.373  13.67  58.23 194.81  56.94 127.16  52.53  60.00
   60 -0.295  0.091  0.039  92.26 118.43 139.97 118.29   7.92 118.57  65.00
   61 -0.075 -1.084 -0.665 104.58 237.91 246.93 236.52 139.33 236.26  74.00
   62 -0.618 -0.397  0.926 126.76 168.74 127.11 168.58 217.52 166.67  73.62
   63 -0.344 -0.149 -0.355 180.26 142.72 149.31 142.15 109.92 142.83  57.25
   64 -0.158 -0.046 -0.975  53.18 130.65  21.96 130.58   9.34 131.80  59.71
   65 -0.305  0.590 -0.357  41.08  65.82  74.62  67.23  71.67  66.73  65.11
   66  0.159 -0.958 -0.588 243.09 222.51  19.89 219.45 232.93 225.76  52.69
   67 -0.510  0.877 -0.868  40.09  34.76 178.34  38.67 120.54  37.86  53.91
   68 -0.011 -0.393 -0.335  56.12 167.41  28.98 166.66  97.83 166.48  64.61
   69 -0.773  0.584  0.893  29.77  61.02 186.41  60.82 253.19  66.54  46.14
   70  0.938  0.984  0.546 110.21  23.82 150.21  11.68 235.18  16.26  67.80
   71 -0.878  0.504 -0.892 188.76  75.59   5.06  76.41 186.43  76.66  65.35
   72  0.991 -0.649  0.367  23.19 191.32  65.43 195.87 114.24 195.32  64.78
   73 -0.220  0.703 -0.574 217.44  55.10 216.99  52.45 180.14  55.59  57.14
   74 -0.866  1.007 -0.271  89.08  21.09 227.80  23.84  59.55  26.32  82.25
   75 -0.088  0.515  0.196  67.45  73.42  70.78  71.59 153.68  73.39  66.86
   76  0.650  0.121  0.226 139.36 114.24 109.20 114.27  84.28 114.37  67.00
   77  0.360 -0.980  0.321 211.43 230.11  20.70 230.42 112.05 229.01  62.89
   78  0.788  0.501  0.917   5.46  74.47 161.06  70.38 179.62  69.41  64.44
   79  0.166  0.427 -0.679 167.52  83.92 159.03  83.61 220.77  83.44  68.50
   80 -0.904 -0.113  0.395  19.19 137.54  78.26 135.13  55.78 139.13  52.29
   81 -1.097 -0.555 -0.183  84.75 182.90 128.94 182.02  80.48 182.40  68.39
   82 -0.880  0.966 -0.691 173.91  24.83  78.05  25.01  49.91  26.61  67.41
   83  0.589 -1.083  0.475  26.06 238.33 180.97 237.98 118.73 242.37  49.00
   84  0.143 -1.120  0.062  55.95 241.55 135.43 242.04   7.49 243.69  55.19
   85  0.446  0.392 -0.297 125.99  83.92  69.96  84.27 156.57  84.60  69.71
   86  1.117  0.005 -0.089 119.62 127.45  64.87 127.48  28.69 127.51  67.00
   87 -0.181  0.133  0.394  81.91 111.10 208.86 111.04 207.75 110.62  59.75
   88  0.310 -0.412 -0.487  34.63 167.83  71.32 166.88  23.59 170.07  57.29
   89  0.257 -0.015 -0.689  93.42 128.76 168.73 128.70   7.30 128.74  57.12
   90 -0.458  0.477 -0.487  18.13  78.03  40.12  77.68 226.80  78.99  53.17
   91  0.150 -0.431  0.819  17.22 172.76  10.30 171.18 185.29 173.32  47.25
   92  0.327  0.577 -0.913 149.23  66.60  20.14  67.62  43.62  68.23  62.19
   93 -1.069 -1.015 -0.825 216.93 231.12 139.49 228.78 152.41 226.51  68.80
   94 -0.167  0.887 -0.514 125.57  30.99  19.91  32.49 180.51  36.93  71.25
   95  0.093 -0.176  0.474  95.78 143.76  93.01 143.56  98.81 143.51  70.33
   96  0.710 -0.344 -0.116  97.49 161.22 229.70 161.56  73.35 163.85  65.40
   97 -0.111  0.109  0.127  67.59 114.73  26.94 115.06  13.73 115.82  65.04
   98 -0.720  1.123  0.262  72.49   7.20 186.66   7.65 166.01  10.12  65.98
   99 -0.681  0.522 -0.634  10.41  71.53  81.74  74.60  49.15  75.43  64.90
  100  0.136 -0.823  0.319  90.50 212.59 206.37 212.93  44.97 213.37  64.33
  101  0.025  0.970  0.789 247.01  22.28 105.24  22.54 126.63  22.32  49.88
  102 -0.357  0.074  0.377 112.52 119.55 136.88 119.58  16.22 119.84  69.15
  103 -0.272 -0.686  0.927 243.21 199.42 186.90 199.79 112.11 200.34  62.24
  104 -0.206 -1.181 -0.901 150.19 241.99 190.64 242.83  14.05 246.95  82.00
  105  0.783  0.984 -0.758  34.13  27.72  39.27  24.78  87.22  24.67  62.21
  106 -0.777  0.081  0.766 115.19 118.67 142.45 119.06 126.48 118.96  76.11
  107 -0.702 -0.786  0.385 164.07 210.46 244.34 209.45 233.87 207.78  70.89
  108 -0.744  0.662  0.891 200.32  54.05 105.92  56.85 216.94  56.50  64.38
  109 -0.238 -0.206 -0.778 120.05 144.32 117.54 144.24 117.67 144.26  70.00
  110 -0.461  0.534 -0.848 103.78  70.82   9.99  74.38 209.44  73.47  64.50
  111 -0.929 -0.846 -0.287 207.74 217.24  42.64 214.73 105.63 212.86  60.50
  112  0.456  0.299  0.470  47.18  94.99  85.12  95.00  81.31  95.16  64.44
  113  0.036  1.185 -0.513 189.42   6.57  25.98   5.04 188.77   5.20  68.48
  114 -0.089  0.312  0.681  99.15  94.56 251.68  92.92  19.98  91.62  70.73
  115 -0.243  0.254 -0.724  48.18 101.59  19.05 102.30  64.08  96.29  63.00
  116  0.296  0.430  0.009  22.10  82.14 130.97  83.54  17.22  82.26  67.00
  117  0.069 -1.092  0.087 212.03 240.94 120.56 237.92 193.70 239.39  62.79
  118  0.471  0.842  0.617 106.09  37.10 223.69  35.86  57.60  34.16  67.31
  119  0.548 -0.647  0.315  88.49 193.21 113.50 195.34  83.10 195.26  47.86
  120 -1.093 -0.864 -0.261 105.63 217.46 125.32 215.40 177.11 214.96  78.00
  121 -0.477  0.981  0.348  50.66  22.05 130.93  24.40 219.69  22.60  59.36
  122  1.096 -0.353 -0.871 217.57 160.88  71.41 160.68 109.22 164.23  59.44
  123 -0.546  0.538  0.349 135.26  70.34  97.03  67.83  26.70  69.04  53.33
  124 -1.046  0.248  0.131 204.09  98.66  23.57 100.72 121.64 102.55  55.35
  125  0.563 -1.018 -0.505  76.49 230.12 166.16 231.31 136.50 232.30  67.00
  126  0.022  0.948 -0.446   6.17  29.03 207.28  29.01 215.78  26.41  57.83
  127 -0.614  0.739 -0.005  50.26  49.23 112.36  47.02 192.34  51.86  61.94
  128  0.757 -0.986 -0.095   2.37 226.87  44.69 228.00 117.97 232.29  50.14
  129  0.455 -0.877 -0.586 116.86 216.05  15.84 217.12  41.40 218.37  56.46
  130  0.987 -0.324 -0.256 121.24 154.94  55.92 158.46  35.49 159.53  63.37
  131 -0.756  0.477  0.652 247.54  75.64 251.17  76.38  33.12  77.85  66.80
  132 -0.445  0.383 -0.911 168.92  88.34 174.01  87.95 194.69  88.01  73.89
  133  0.388  0.706  0.629  83.48  50.13  64.79  51.38  96.80  51.58  67.41
  134  0.510  0.356 -0.625  39.31  89.54  83.60  89.92  72.83  89.29  61.29
  135  0.022 -0.804  0.317 214.90 211.33 176.92 210.99 199.22 211.71  68.93
  136 -0.413  0.799 -0.381 239.37  41.06  77.01  40.18 187.05  44.65  65.69
  137 -0.854  0.038 -0.391 104.00 123.56 132.53 123.23 243.54 123.70  71.96
  138 -0.541  0.408  0.907 122.43  83.33  33.13  83.60  65.54  84.26  62.90
  139 -0.929 -0.969  0.580 171.35 231.04 206.62 230.25  35.22 225.99  67.69
  140  0.247 -1.032 -0.025  76.42 233.59 185.65 231.94 186.28 234.02  72.78
  141  0.641 -0.862  0.254  81.39 216.50 224.44 217.18  99.57 219.25  70.44
  142  1.082  0.461 -0.202  80.51  78.83 236.28  77.85  22.67  78.58  71.50
  143  0.644  0.690 -0.133 106.08  55.96 169.57  53.07  60.96  52.55  61.69
  144 -0.977 -0.244  0.099 231.50 150.40 144.02 152.01  34.94 153.00  51.60
  145 -0.937  0.193 -0.590 211.47 102.24  71.48 102.43  53.52 102.81  55.00
  146 -1.082  0.956 -0.950 245.49  26.57  39.29  30.56  64.88  32.00  60.90
  147 -0.920 -0.144  0.116 167.16 141.69  82.86 141.40 127.30 141.83  65.08
  148 -0.850 -0.004  0.827 166.69 127.76 175.72 127.77 173.24 127.76  69.00
  149 -0.657  0.181  0.900  32.36 108.07 103.69 102.57  18.50 102.99  57.17
  150 -0.319  0.792  0.966 207.15  40.02 222.99  39.03 236.14  40.31  59.50
  151 -0.811 -0.819  0.415  46.45 215.86 130.57 212.86 178.18 212.44  48.90
  152  0.921 -0.851  0.143 154.85 212.73  99.65 216.49 179.31 218.83  67.00
  153  0.895  0.844  0.487  61.93  38.37 111.28  37.98 161.82  34.02  62.40
  154 -0.705 -0.293 -0.260   6.66 154.49  81.70 154.69  55.23 154.37  57.86
  155 -0.972 -0.376 -0.433 117.29 167.06  35.87 166.43 206.54 165.42  67.54
  156  1.103 -1.032 -0.528 185.51 230.33 171.15 231.72  98.00 236.25  68.35
  157 -0.946  0.445 -0.854  43.98  81.38 239.79  80.85 139.05  83.30  52.50
  158 -0.229  1.051 -0.825 129.48  11.36 243.34  11.02 182.33  21.48  60.35
  159 -0.891 -0.369 -0.059 178.42 165.32  84.92 164.34 249.06 164.98  68.56
  160 -0.740  0.161  0.253 114.67 108.48  52.76 109.38  30.86 109.78  51.78
  161 -0.469 -0.065  0.642  81.09 134.43  94.74 134.32 115.99 134.33  64.70
  162 -0.527 -0.618 -0.100  58.90 190.67  32.98 189.11  32.84 187.61  63.41
  163 -1.239 -0.937 -0.632  24.85 223.25  90.89 219.33 195.83 219.42  55.00
  164  0.781 -0.372 -0.812  94.40 164.73  77.35 164.19  47.12 165.95  50.50
  165 -0.544 -0.310  0.180  65.87 159.03  27.74 158.23  63.35 158.04  65.82
  166  0.136  0.089  0.046 178.79 118.56  60.44 118.64  46.88 118.77  73.38
  167 -0.029 -0.857 -0.559 227.72 215.19 142.51 214.77 115.94 215.05  55.57
  168 -0.452  0.044  0.126 122.34 120.41  90.61 120.46  31.66 123.44  71.70
  169 -0.913 -0.584  0.067  71.02 187.30  56.94 186.10  26.58 184.10  70.03
  170  0.086  0.087 -0.951 154.53 119.01  97.59 118.78  87.98 118.84  58.00
  171  0.437  0.613 -0.799 120.93  65.80  45.05  65.39 240.69  60.56  74.58
  172  0.791  0.169 -0.511  95.77 109.08  57.55 108.72  21.26 109.19  65.48
  173 -0.278 -0.858 -0.254 158.74 216.81  32.86 215.08  29.99 215.06  64.89
  174  0.545  0.632  0.676 247.15  59.07 120.27  58.91  13.95  58.78  59.04
  175  0.689 -0.211  0.741 167.51 146.85 138.15 146.88 106.08 146.93  64.72
  176 -0.230 -0.371 -0.064  70.45 164.98 206.92 165.68  39.64 165.81  60.12
  177 -0.876 -1.214 -0.913  75.41 249.36 107.56 246.75 108.99 246.97  60.71
  178 -0.960  0.124  0.432 190.82 111.27  50.66 111.45 224.51 114.38  51.50
  179  0.597  0.109 -0.325 207.32 115.74 196.35 115.53 167.23 115.32  65.00
  180  0.996  0.478  0.454  95.63  76.57  47.72  77.40  79.90  75.90  70.18
  181 -0.330 -1.206 -0.117  19.48 253.88  87.54 247.30 131.40 247.16  69.00
  182  0.883  0.757 -0.843   9.18  49.32 118.27  49.28 245.50  49.21  56.54
  183  0.109  0.092  0.725 181.05 117.29 116.67 116.84 182.82 116.77  57.50
  184 -0.503  0.574  0.688 248.53  64.88 108.22  66.15  11.24  66.93  65.53
  185 -0.505 -0.525 -0.251 165.66 178.02 153.56 178.25 134.89 178.63  68.57
  186 -0.095  0.749  0.353 244.12  45.66 250.04  46.70  93.62  47.03  60.67
  187  0.204 -0.130  0.200 242.24 140.78  32.86 140.21  20.17 139.88  51.21
  188  0.746 -0.810  0.203 155.12 208.81  54.27 211.10  27.48 212.89  71.56
  189 -1.140  1.156 -0.609 106.20 254.29  86.53   9.31  16.30  11.14  69.25
  190 -1.215  0.510 -0.606  54.59  74.13  59.24  75.38   8.59  75.96  63.00
  191 -1.111  0.525 -0.208 244.79  70.55 119.07  74.34  34.01  75.88  58.60
  192 -1.032 -0.864  0.296 115.40 220.18 195.52 218.73 134.50 215.80  77.27
  193 -0.366 -0.893 -0.428  29.46 219.93  94.18 252.99  76.52 218.50  65.72
  194  0.734 -0.358 -0.625 203.11 163.05  94.18 252.99 185.49 164.54  56.80
  195 -0.572 -1.200  0.225  19.48 253.88  40.41 250.22  73.62 248.62  69.00
  196 -0.599 -0.450  0.213 186.44 174.26 144.28 174.49  12.11 174.60  79.00
  197 -1.138 -0.936  0.332 163.85 228.46   2.62 223.22  73.62 248.62  65.04
  198 -0.619 -0.451 -0.458 206.32 173.98  94.18 252.99 162.50 170.79  63.57
  199 -0.213 -0.525  0.429 107.80 182.44  76.44 182.00  73.62 248.62  62.89
  200 -0.417  0.321 -0.087 225.50  93.75 160.60  94.32  73.62 248.62  61.96
  201 -1.059 -0.902 -0.479  55.65 221.38  94.18 252.99 100.67 216.34  55.00
  202 -0.614  0.770 -0.928  95.58  46.06  94.18 252.99  93.62  49.69  69.36
  203  0.452 -1.171  0.848  88.40 248.36  94.18 252.99  73.62 248.62  65.27
  204 -0.491 -0.346 -0.032 198.94 163.26 238.33 163.69  60.37 160.33  69.00
  205  0.184 -0.137  0.588 107.14 141.53  94.18 252.99  70.58 141.24  71.12
  206  0.027  0.439 -0.544 227.73  81.90  81.57  79.68  28.56  83.09  66.00
  207 -0.309 -0.529 -0.730  19.48 253.88  30.39 175.83 229.86 177.33  69.00
  208 -1.108 -0.594 -0.394  97.00 190.41  15.12 185.50  73.62 248.62  66.94
  209 -0.599 -0.640  0.085 201.97 195.25  94.18 252.99  72.75 191.48  61.91
  210 -1.234 -1.179 -0.164 214.95 251.95  94.18 252.99 151.94 244.47  76.50
  211 -0.955 -0.285  0.343  19.48 253.88  26.37 153.64  25.91 153.10  69.00
  212 -1.251  1.103 -0.277 170.78   8.65  94.18 252.99 242.24  14.55  67.88
  213 -1.238  0.080 -0.438  98.07 119.45  94.18 252.99 159.28 119.38  57.75
