    1 -0.549 -0.171  0.178 117.42 145.21  57.01 145.39  45.06 145.10  70.36
    2 -0.048 -0.328  0.755  59.66 161.97  21.83 161.15 149.24 161.88  58.50
    3  0.735 -0.958  0.932 135.79 227.00  88.61 227.37 232.34 232.15  73.72
    4 -0.181 -1.062 -0.689 185.30 235.67  16.54 232.89 147.97 232.99  62.29
    5  0.394 -0.119 -0.378 245.38 139.85  32.24 138.12 227.31 139.12  50.33
    6 -1.198 -0.758 -0.591 203.95 207.02  67.92 202.47  49.82 202.27  49.58
    7 -0.004  0.464 -0.484 209.74  79.61 203.62  78.73   4.42  78.26  66.62
    8  0.480 -0.316  0.281 248.65 159.01 250.75 159.89  12.85 160.27  59.63
    9 -1.215 -0.240 -0.636 185.49 151.93 231.43 151.32 232.85 150.16  56.17
   10 -0.642  0.250  0.365  90.10 101.04  72.69 101.49  23.32 102.03  61.62
   11 -0.244 -0.907  0.162  75.38 222.98 157.81 222.51 104.69 221.86  62.20
   12  0.286  0.228  0.027 207.27 102.93 177.77 102.57 240.25 102.56  59.11
   13  1.002 -0.422 -0.273 150.96 168.93   7.87 170.69  70.55 170.88  72.38
   14 -0.588 -0.286  0.541 219.36 158.66  23.42 155.42  24.01 154.75  53.00
   15 -0.474  0.098  0.368  99.79 116.26 105.33 116.44  29.53 116.59  63.14
   16 -0.317 -0.696  0.945 105.25 202.88  51.13 202.20  71.36 201.65  66.07
   17 -0.018 -0.387  0.310 119.53 168.54  27.28 165.47  21.43 167.26  73.89
   18  0.514  1.119 -0.517 103.79  13.29 163.78  13.18  19.86  10.51  58.50
   19  0.953 -0.137 -0.772 161.27 140.38 168.62 140.45 129.08 140.74  71.41
   20 -0.577 -1.088  0.151 222.61 242.42 213.56 237.07  28.01 236.09  63.91
   21 -1.156 -0.857 -0.256 242.20 218.00 117.35 212.21  38.10 211.87  35.00
   22 -0.681  0.682  0.031 113.23  51.38 109.10  54.60 118.52  54.54  56.72
   23 -0.679 -0.163  0.265  65.65 144.28  24.99 143.92  12.68 143.55  62.83
   24 -0.913 -0.380 -0.075  32.84 166.59 123.17 163.38  46.00 164.73  57.00
   25 -0.536  0.258 -0.036 235.40  98.23 227.75  97.51 166.18  99.04  54.57
   26 -1.122 -0.550 -0.164 163.16 183.70  72.92 183.58 172.01 182.94  55.15
   27 -1.007  0.484  0.562  30.04  74.24  76.58  76.40 227.28  76.74  60.27
   28  0.245 -0.071 -0.397 114.04 133.92 182.46 133.77  39.86 133.78  64.25
   29 -0.991  0.692 -0.839 104.19  53.85 212.65  56.82 212.08  54.91  58.08
   30 -1.143  0.348 -0.024 105.67  87.35 196.83  91.47 190.96  90.74  69.08
   31  0.846 -1.080 -0.780  42.84 233.73 110.00 235.65 125.79 235.87  59.46
   32  0.110 -0.963 -0.385  82.18 225.11  13.51 223.43 160.31 225.78  80.31
   33  0.067 -0.642  0.002 231.89 194.30  84.51 193.77 211.12 193.45  65.53
   34 -0.540 -0.540 -0.327 136.89 179.13 234.83 179.56 169.88 180.60  55.17
   35  0.556 -0.691 -0.137 116.38 194.45 225.64 195.85  79.90 199.28  74.04
   36 -1.092  0.561 -0.099 146.36  67.26 169.35  67.10 112.35  69.05  63.75
   37 -0.989 -0.364 -0.441 246.34 163.02 178.66 161.49  33.69 162.04  61.70
   38  0.794  0.511 -0.665 130.43  76.08  43.52  75.77 216.14  72.34  54.89
   39  0.829  0.702 -0.535  79.08  56.00  56.95  52.44  21.54  54.03  66.94
   40  0.929 -0.645  0.229  22.85 193.78  28.64 193.96 174.35 194.36  55.22
   41  0.758  0.907  0.322  45.25  32.19 160.66  30.98 123.55  30.42  54.48
   42 -0.877 -0.878  0.422  18.29 222.38  13.07 219.20  35.29 217.20  45.67
   43  0.449  0.280 -0.243  84.42  96.16  25.30  96.76 126.15  94.92  56.79
   44 -0.968 -0.456  0.589 106.68 176.72  91.56 176.24 114.39 173.53  77.62
   45  0.212 -0.564  0.603  78.91 184.61  53.90 187.25  45.60 186.16  68.44
   46 -1.163 -0.410 -0.086  64.38 171.15 120.21 169.30  91.99 169.14  68.31
   47 -0.061  0.644 -0.069 120.52  59.43  87.71  60.04  65.99  60.77  65.05
   48 -0.382  0.426 -0.911 128.58  81.76 168.78  82.04  68.91  82.54  71.53
   49 -0.385  0.647  0.394 193.20  57.87  57.47  57.42  54.18  58.46  66.21
   50 -0.045  0.887 -0.779 220.75  34.77 103.73  36.33 185.78  35.67  67.32
   51  0.306  0.917  0.528  13.63  28.82  47.65  29.11  72.99  27.99  54.29
   52 -0.147  0.155  0.699 132.42 110.54 140.76 110.51 164.10 110.31  77.90
   53  0.900  0.031 -0.813 230.83 124.50  36.71 124.67 196.50 124.59  66.31
   54 -0.251 -0.720 -0.331 184.86 198.83 185.73 199.61 247.66 201.40  72.35
   55 -0.390  0.931 -0.817 189.01  31.96  26.61  32.09 173.71  31.03  67.34
   56 -0.255  0.167  0.390  23.16 107.16  37.07 106.31 206.51 107.60  49.83
   57 -1.010 -0.832 -0.287 108.33 212.94 183.45 209.03 140.88 209.95  67.30
   58 -0.536 -1.177 -0.731 153.18 246.00 251.17 245.14 238.75 242.86  69.31
   59  0.667  0.819  0.303 135.40  39.51 116.74  39.91 226.08  38.46  65.67
   60  0.465  0.241  0.632  95.32 101.52 171.55 101.85  69.56 101.77  69.71
   61 -0.277  0.012 -0.799 134.63 125.30 218.84 125.16 164.07 126.76  74.52
   62  0.177 -0.875  0.703 245.01 219.22  44.20 220.16  21.40 218.74  47.67
   63  1.173 -0.303  0.125 152.78 158.91  57.36 158.65 116.74 159.05  61.62
   64 -1.006 -0.261  0.079   4.48 153.54   5.16 152.66 126.32 152.29  57.19
   65 -0.108 -0.827 -0.596  75.98 209.98 207.41 208.36 190.77 210.16  96.00
   66 -0.777  0.154  0.583 114.61 110.39 101.41 110.64  77.82 110.75  57.32
   67 -0.270 -0.772 -0.340 210.43 207.77  94.13 203.30 224.27 206.57  54.60
   68 -0.113  0.865 -0.426 157.11  36.27 123.77  38.83 141.24  38.29  61.20
   69  0.150  0.459 -0.673  24.98  80.45  47.17  80.21 134.03  80.73  48.00
   70 -0.081  0.537  0.191  57.88  69.75  15.27  70.24  23.73  71.67  58.55
   71  0.375  0.915  0.785  57.22  26.70  49.70  26.67 234.02  27.81  64.00
   72 -0.415 -0.622  0.360  53.73 194.01  57.04 191.81  76.76 190.95  74.69
   73 -0.956 -1.011  0.600   8.38 236.67 117.25 234.13  49.85 230.85  52.75
   74 -0.777  0.340 -0.555 186.03  91.93 170.43  91.90 115.91  91.75  67.91
   75 -0.312 -0.114 -0.356  55.17 138.38 153.33 135.47  14.75 138.27  64.89
   76  0.670  0.359 -0.362 248.96  90.24 240.13  87.13 189.66  86.17  57.74
   77  0.125  0.177 -0.988  34.82 105.37  11.72 105.95  61.05 106.64  50.85
   78 -1.215  1.129 -0.278  62.53   4.38  57.54  11.26 137.56  13.80  69.00
   79 -0.148 -0.163 -0.256 194.70 141.88 224.39 142.12 232.22 142.53  52.92
   80 -0.415  0.073  0.082 122.00 119.07  18.03 119.06   8.64 119.51  60.36
   81 -0.495  0.581  0.630 132.39  61.28 162.07  62.37 183.05  66.02  72.50
   82 -1.117  0.214  0.125 167.25 104.72 153.00 102.73 112.17 102.69  69.74
   83  0.627 -0.556 -0.865  72.97 177.82 236.46 181.80  23.73 183.58  60.69
   84 -0.328 -0.449 -0.728 120.57 172.90 231.21 171.69 119.66 172.68  66.89
   85 -0.365 -1.151 -0.869  93.38 243.79  35.73 238.57  58.45 240.40  68.79
   86 -0.090 -0.432 -0.310  87.52 171.24  72.50 171.38  77.87 169.83  61.80
   87  0.380  0.434  0.657 121.84  80.71 143.49  81.84 154.89  81.34  67.44
   88  0.054 -0.233  0.239 233.24 150.82 160.35 152.10  34.37 152.06  64.27
   89 -0.711 -0.564  0.181 183.43 187.77  12.49 184.99 205.26 185.43  69.91
   90 -0.524  0.813 -0.890 177.13  42.00 210.81  41.01 165.87  40.69  63.50
   91 -0.845  0.523 -0.898 140.50  71.90   7.20  73.95  35.82  75.74  65.75
   92 -0.761  0.451  0.658 185.12  77.14  80.51  77.93  92.34  78.27  66.13
   93 -0.033  0.755  0.369  59.89  44.91 198.40  42.17 237.59  41.78  67.19
   94  0.053 -0.935 -0.636 157.17 222.89 147.22 221.76  27.73 223.36  63.77
   95  0.637  0.035  0.836  82.96 122.84  48.74 122.91  36.00 122.99  65.20
   96 -0.219  0.113  0.157  73.74 116.10 224.40 114.67  23.66 112.22  66.71
   97 -0.785  0.966 -0.298 222.63  22.60 244.75  23.08 119.82  29.66  52.22
   98 -0.882 -1.052  0.244  98.42 236.86  26.61 235.72  98.54 233.79  67.97
   99 -0.105 -1.011  0.201 128.78 230.74 207.50 231.49   7.28 232.82  74.12
  100 -0.420 -0.286 -0.824  53.33 153.99 133.96 152.73 111.66 152.81  48.71
  101 -1.077 -0.045  0.187 219.39 133.00 191.86 127.27 143.88 127.62  58.88
  102 -1.041  0.087  0.484 126.58 116.38  44.08 116.47  11.95 117.58  72.89
  103 -0.403  0.590 -0.850 154.18  66.01  75.54  66.35  46.65  67.37  64.75
  104 -0.018 -0.480 -0.945  83.58 174.24  95.16 173.56   6.77 175.36  66.92
  105 -0.663  0.706  0.878  92.37  50.27 134.53  50.14  98.62  48.84  70.92
  106 -0.635 -0.412 -0.478 112.86 169.39  60.50 169.21  51.58 169.48  64.29
  107  0.355 -0.929 -0.396 142.68 222.33 102.68 223.06 166.04 223.66  61.40
  108  0.408  0.607 -0.805 119.39  65.72 112.74  66.04 113.04  61.47  68.50
  109 -0.468  0.493 -0.473  18.37  76.00  21.32  76.83 177.68  77.75  51.12
  110 -0.756  0.051  0.323 105.69 120.60  66.21 119.12  25.06 119.93  65.38
  111  0.072 -0.294  0.149  71.67 157.51  65.87 158.59  42.02 158.07  67.22
  112 -0.415  0.998  0.414 191.81  17.02 205.14  15.47  19.18  19.49  62.35
  113  0.752  1.103 -0.398 141.63  13.31 180.52  14.34 178.00  11.46  59.88
  114  0.479 -0.636 -0.392 180.97 190.48 212.77 191.21 225.61 193.08  58.91
  115 -0.924 -0.095  0.005 147.34 135.46  68.40 133.84  31.41 136.04  75.76
  116  0.988 -0.221  0.137  96.95 146.45  28.07 146.09 225.23 149.59  69.62
  117  0.492  1.159 -0.131  17.25   8.06  66.58   5.27  45.31   5.31  60.89
  118  0.765 -0.775 -0.116  79.52 203.87 100.54 207.43 104.70 207.24  53.00
  119 -0.843  0.113  0.295  90.93 111.52  45.68 111.83 165.45 114.41  61.41
  120 -0.188  0.723 -0.512 176.15  50.59  86.49  51.38  91.01  50.93  64.61
  121 -0.191 -0.124 -0.798  98.66 140.16  96.33 139.96 101.68 139.92  66.50
  122 -0.576  0.084  0.890 111.21 117.82  78.36 117.95  59.10 118.07  68.15
  123 -1.011 -0.312  0.347  66.70 159.32 135.75 158.94  65.50 158.28  66.33
  124 -1.159 -0.576 -0.386 161.89 188.29 191.24 184.10 226.37 184.80  69.45
  125 -0.696  0.629  0.893  33.60  59.33  28.57  58.66 183.32  61.24  55.82
  126  0.152  1.078 -0.452 166.58  15.14 119.73  14.40  42.08  15.12  68.11
  127 -1.014  0.959 -0.918  44.51  24.09 168.47  30.18  57.96  30.62  64.16
  128 -1.110 -1.039 -0.810 138.72 234.38 105.23 230.17 140.42 227.53  73.68
  129  1.212 -1.152 -0.621  74.62 238.25  67.98 241.97 169.45 248.15  63.82
  130 -0.153 -1.163  0.233  52.19 246.08 165.19 246.52 251.16 249.54  56.53
  131  0.841 -0.627 -0.882  81.88 188.32 180.81 188.92  29.08 192.48  74.50
  132 -0.734 -0.704  0.274  45.97 203.44  53.84 201.48 231.71 198.88  67.81
  133 -0.220 -0.973  0.215  92.66 228.76 139.47 226.80  94.25 226.92  65.25
  134 -0.911  0.462 -0.865  95.41  79.39 127.90  81.00 125.31  81.71  70.09
  135 -0.978 -0.148  0.422  93.40 140.88 109.05 140.71  10.70 141.11  66.67
  136  0.392  0.337  0.922  33.20  90.96  78.92  87.83  65.44  88.51  63.38
  137  0.722  0.474  0.127  47.63  78.90 246.41  77.88 194.01  76.59  55.96
  138 -0.694  1.095  0.307 179.56   9.63 242.92  13.07  51.81  13.45  65.94
  139  0.948  0.293  0.278  96.11  94.58 108.94  94.99  68.62  94.21  55.71
  140 -0.227  0.852  0.951  74.76  32.91 208.01  32.88 112.14  34.71  60.41
  141  0.319  0.433 -0.985 200.67  82.64  36.71  81.90  30.29  81.98  64.45
  142 -0.085  1.129 -0.777 231.10   9.80  55.21  13.38 199.84  12.85  57.79
  143 -1.091 -0.904  0.331 146.33 224.38  81.99 223.10  30.18 218.21  66.14
  144  0.365 -1.161 -0.534 179.79 245.69  91.56 243.86  96.11 246.41  64.55
  145 -0.191  0.329 -0.722  48.55  92.75   9.66  92.11  16.36  93.06  67.73
  146  0.929  0.532 -0.388   7.03  71.94 119.74  72.05 101.20  72.14  50.67
  147 -0.776  1.003 -0.670 118.53  21.89  84.46  22.91  62.42  24.12  64.12
  148 -0.586 -0.720 -0.196 148.54 203.52 102.57 202.07 172.11 200.86  67.00
  149  0.175 -1.163  0.849  64.55 249.56 112.27 250.14  68.48 251.43  60.29
  150 -0.471  0.385  0.215  72.05  84.75  90.00  85.51 231.59  85.93  63.83
  151 -0.151  0.010 -0.659 240.33 126.10 100.31 127.01 206.18 126.86  51.50
  152  0.519 -0.760  0.591 228.14 204.76  55.55 208.31  53.85 207.12  58.06
  153  0.427  0.261 -0.578 119.24 101.19 174.47  99.42 193.41  96.77  56.25
  154 -0.721 -0.603 -0.216  18.69 189.21 150.83 188.31  94.56 187.35  58.92
  155 -0.387 -0.967 -0.337  51.45 226.13 156.64 224.75 163.17 224.65  60.00
  156  0.161 -0.499 -0.477 103.54 176.78 126.42 176.29  85.95 175.91  66.18
  157 -0.146  0.583  0.690  51.49  62.65 121.88  61.53  18.10  62.10  55.83
  158 -0.851  0.033  0.886  46.61 122.98  42.52 123.12 142.43 124.44  64.67
  159  0.824  0.871 -0.944 114.23  39.21 139.22  39.68  57.65  37.39  68.15
  160  0.291 -0.929 -0.631 184.31 220.98  35.67 220.94  87.84 222.53  65.71
  161  0.303 -0.226  0.450  55.27 146.57  70.86 146.19 202.52 151.98  61.47
  162 -0.562 -0.053  0.653  47.36 133.07  15.59 132.96  13.62 132.87  61.62
  163  0.232  0.239  0.643 156.63 101.86  60.61 101.94  44.33 102.40  65.53
  164  0.279 -0.946 -0.505 121.35 223.51 164.64 223.32 144.71 223.67  77.25
  165  0.353  1.142 -0.806  88.41  11.11   3.37  12.19 199.31  10.00  74.05
  166 -1.130 -0.892 -0.476  81.26 222.25  24.63 213.64 128.83 212.48  70.88
  167 -0.797 -0.872  0.378  23.66 219.35   9.42 216.37  24.43 214.18  56.71
  168 -0.700 -0.771 -0.004   7.68 208.04   6.64 205.19 248.74 206.52  63.21
  169 -0.643  0.565 -0.641  35.40  68.45  87.78  68.84 197.82  68.01  62.51
  170  0.260  1.217 -0.521 230.56   2.96 147.04 253.15  89.18 253.13  46.83
  171 -0.957  1.150  0.285 189.97 252.26 154.75   4.35 165.88   6.58  69.62
  172  0.527 -0.055 -0.228  15.47 133.43 132.90 127.35 129.52 133.14  56.86
  173  0.621  0.009 -0.364  85.74 127.04  68.66 127.04 121.67 127.01  69.21
  174 -0.702 -0.628 -0.601 168.15 192.85  53.92 190.56  60.47 189.40  58.22
  175  0.058  0.728  0.771 151.94  48.69  75.66  46.63 103.21  47.00  62.33
  176 -0.345  0.027  0.660  95.56 124.66 196.57 124.42   4.69 124.75  49.50
  177 -0.656  1.115  0.226 144.07   4.48  27.76   7.40 182.18  12.22  56.00
  178 -1.193  0.534 -0.625  96.07  71.11  89.75  72.34  92.88  72.65  76.77
  179 -0.438 -1.223 -0.324  64.55 249.56  33.98 252.99  93.02 249.76  60.29
  180 -0.636 -0.383  0.662  64.55 249.56  33.67 167.56  38.13 166.76  60.29
  181 -0.059 -0.665  0.780 146.71 194.95 135.24 194.94 193.48 197.52  69.36
  182  0.233  0.015 -0.721  64.55 249.56  91.49 124.91  58.98 125.95  60.29
  183 -0.690 -0.296 -0.279 107.18 159.01  86.00 156.99 109.82 156.98  63.77
  184 -0.407  0.749 -0.293   8.88  45.26 124.79  48.71  68.48 251.43  54.78
  185  0.002 -0.561  0.547  30.15 186.82   9.69 187.23  29.35 185.78  61.55
  186  0.519 -0.599 -0.654  64.55 249.56 128.59 187.50 111.93 188.46  60.29
  187 -0.375  0.546 -0.273   8.93  68.45  63.05  70.92  18.37  72.15  55.25
  188  1.050  0.386  0.638  64.55 249.56 160.16  84.90 116.48  85.55  60.29
  189 -0.961 -0.171  0.103  88.06 145.72 113.05 145.03 112.46 145.04  70.00
  190 -0.786  0.107  0.842 154.44 111.73  39.69 116.34  90.10 116.49  65.22
  191 -0.453 -0.931 -0.459 124.79 223.71 133.60 222.95   6.58 220.78  85.35
  192  0.342 -1.131  0.217  21.14 242.80  33.98 252.99 116.21 243.78  57.50
  193 -0.354 -0.463 -0.043  15.85 173.91 118.99 172.60 251.33 175.29  48.50
  194  0.107  0.866 -0.389 107.21  38.07 245.43  37.91  68.48 251.43  66.40
  195  0.338  0.659 -0.990  64.55 249.56  53.35  60.54  61.09  59.75  60.29
  196 -0.899  0.217 -0.626  37.51 105.18 157.97 104.61 140.99 104.36  69.55
  197 -0.621  0.248  0.928 171.26  99.68  33.98 252.99 176.63 101.25  71.32
  198  0.894  0.126  0.876  64.55 249.56 112.60 111.73  75.17 111.86  60.29
  199  0.504 -0.045  0.846 145.71 127.33  33.98 252.99 233.61 132.60  57.50
  200 -0.737 -0.725 -0.730 165.74 199.31 122.03 199.43  68.48 251.43  69.24
  201 -0.481  0.482  0.877  68.11  75.56  12.23  75.07  68.48 251.43  60.68
  202  0.044  0.009  0.030  93.81 127.23 117.66 127.25  68.48 251.43  73.88
  203 -0.076 -0.388  0.438  64.55 249.56 126.41 168.91  32.88 168.13  60.29
  204 -0.541 -0.414 -0.082 218.19 170.77  63.66 170.18  17.14 169.57  61.07
  205  1.108  0.472  0.670  64.55 249.56 208.67  76.50  50.93  76.14  60.29
  206 -0.940 -1.245 -0.923  64.55 249.56  74.13 247.15   7.17 249.67  60.29
