    1 -0.149 -0.466  0.293  74.53 175.84  93.58 175.07  25.00 176.78  59.86
    2 -0.605 -0.693  0.451 165.20 199.67 152.74 200.04 228.21 195.86  87.55
    3 -0.557 -0.525 -0.899 253.53 179.83 126.70 179.71 133.83 180.17  59.90
    4 -0.015 -1.003 -0.168 152.72 230.77  99.26 230.48  88.36 229.89  71.23
    5  0.264  1.115  0.109  19.15  10.73 243.07   9.29 157.60   7.11  49.15
    6 -1.014 -0.128 -0.153 211.60 137.06  80.77 140.62 110.75 140.62  48.20
    7  0.829 -0.657 -0.990 250.05 189.88 172.81 190.43 149.19 194.30  50.42
    8 -0.752 -0.475  0.279 124.14 178.35 112.64 177.23  17.69 176.79  61.40
    9 -1.013  0.337 -0.809 178.87  90.00 136.42  93.12 189.86  93.72  69.00
   10  0.111  0.041 -0.490  43.13 121.53  42.94 121.68  62.84 121.78  67.29
   11  0.793  0.575  0.061  94.70  69.17  16.04  66.54  57.30  64.41  35.60
   12 -1.115  0.286 -0.905 203.55  95.05  40.08  95.22  92.26  99.23  64.27
   13  0.294  0.127  0.097 108.04 113.48 223.48 113.53 197.70 113.17  70.78
   14 -0.909  0.198  0.735 178.60 100.86  22.02 102.26 190.26 106.14  82.50
   15 -0.663  0.610 -0.231 127.81  63.09 204.15  64.04 117.07  64.04  68.71
   16 -0.346  0.966  0.363 188.69  23.87 185.78  25.00 147.21  25.22  60.56
   17  0.844  0.329 -0.299  40.46  94.27  26.25  94.29 209.29  91.20  69.42
   18  0.263 -0.390  0.111 247.24 165.38 165.52 167.10 108.58 167.31  49.60
   19  0.443 -1.097 -0.819  20.02 237.61  92.01 236.38 199.99 238.59  56.46
   20 -0.082 -0.133  0.885  40.84 141.88   5.57 141.36  10.97 141.02  65.39
   21 -0.946 -0.213 -0.302 205.68 148.25 102.05 147.93  69.29 147.76  69.91
   22 -0.246 -0.185  0.622  22.94 146.13  66.87 145.16  60.55 144.96  45.25
   23 -1.113  0.612 -0.780  26.72  63.47 162.37  64.36 186.88  67.12  61.92
   24 -0.707  0.523  0.558   4.46  71.31 228.98  70.51   9.05  70.37  51.00
   25  0.056  0.272  0.734  10.77  97.19 214.91  94.49 239.22  98.73  59.80
   26 -0.933 -0.554 -0.960  43.76 183.56 176.71 180.40 205.17 180.41  60.20
   27 -0.057 -0.067  0.411 224.06 126.51  76.71 130.90  89.38 130.89  51.69
   28  0.314 -0.443 -0.266 203.43 171.97 192.57 172.62  30.01 174.12  68.75
   29  0.951 -1.037 -0.266 132.85 232.13  34.06 234.12  50.31 235.55  71.57
   30 -0.766  1.012 -0.073 245.14  18.36 206.78  22.09 188.55  23.00  55.89
   31 -0.034  0.723 -0.183 125.31  51.30 119.60  52.36 131.27  52.04  67.25
   32  0.695  0.508 -0.262 137.06  75.33 150.82  75.39  30.81  73.89  62.80
   33  0.653  0.330 -0.375 223.77  93.45  89.75  93.66 140.95  92.91  53.86
   34  0.423 -0.673  0.744 162.25 195.43  39.16 195.67 134.26 200.41  79.27
   35 -0.694 -1.090  0.525 235.68 244.38 221.12 242.20 186.63 240.72  64.14
   36 -0.702 -0.844  0.534  38.42 217.15 159.91 214.85 197.14 215.62  59.27
   37 -0.366  0.328  0.361 129.94  93.03 247.58  92.28 204.94  93.62  71.81
   38  0.339 -0.712  0.641 102.09 202.57  80.74 202.13  99.12 201.76  68.62
   39 -1.181 -0.916  0.016 171.31 224.90 137.56 220.74 179.34 216.40  71.94
   40 -0.585 -0.459  0.965  64.60 176.30  35.04 175.19 120.36 175.07  64.70
   41 -0.175 -0.561 -0.843  56.43 182.17  72.35 180.99  70.62 182.91  65.33
   42 -0.793  0.750  0.408  10.69  45.20 175.66  48.16  76.49  48.69  57.19
   43  0.159 -0.991 -0.057  68.70 229.61  46.49 229.64 108.47 228.93  66.30
   44  0.741  0.627 -0.354  70.97  64.16  68.09  58.97  73.04  57.09  65.83
   45  0.263 -0.651 -0.050 175.76 193.15 205.42 193.43  73.44 194.75  59.88
   46 -0.470 -0.730 -0.660  75.74 203.08  64.28 201.51  59.07 200.49  77.41
   47 -0.397  0.140  0.099 226.59 111.35 202.58 110.89  14.73 111.60  56.28
   48 -0.086  0.484 -0.011 192.10  76.71 102.25  76.59 113.66  77.13  66.46
   49  0.321 -0.322  0.994  97.12 159.68  88.38 159.25  89.61 159.04  63.20
   50  0.940  0.791 -0.692 202.06  48.55 217.38  48.08 168.94  41.70  61.94
   51  0.672  0.959 -0.452 185.18  28.16 200.13  27.15  70.64  27.47  74.93
   52  0.045 -0.593 -0.132  78.79 186.33  99.24 185.41 181.75 188.76  53.43
   53  0.163  0.448 -0.936  41.32  82.35 102.51  79.08 108.63  78.08  60.86
   54 -0.889 -0.672 -0.936  11.38 193.87 211.13 193.91 122.18 190.90  56.33
   55 -1.180 -0.126  0.034  19.66 135.73  17.40 137.89 233.75 138.00  61.83
   56 -0.352 -1.050 -0.230  17.82 235.67  75.91 234.61  37.09 232.72  51.14
   57 -1.167 -0.414 -0.215 179.58 171.66 225.88 168.01 215.57 169.15  62.86
   58  0.722 -0.825 -0.194  44.13 210.57 213.50 209.93  28.01 213.11  57.15
   59 -0.473 -1.142 -0.101  96.65 245.69 243.64 243.62  33.25 241.52  67.37
   60 -0.803 -0.996 -0.516 117.79 231.37  67.78 227.63 158.47 226.94  67.57
   61  0.306  0.263  0.269 132.55 100.41  54.46 100.06 167.31  99.77  67.21
   62 -0.278 -0.982  0.066 113.20 229.93 108.40 229.01  64.77 228.22  75.13
   63  0.201 -0.135  0.529  31.84 141.84  23.58 141.50  32.59 141.20  62.53
   64  0.405 -0.943 -0.145 227.45 221.53 201.63 223.51 227.49 226.29  68.78
   65 -0.806  0.108 -0.671 224.43 113.94  86.87 113.63  76.55 113.77  72.31
   66  0.466  0.971  0.072 176.15  27.25 153.76  26.23  50.79  25.17  78.23
   67  0.976  1.056  0.556 171.52  16.99 145.92  14.77 135.82  11.04  73.29
   68  0.517  1.176 -0.613 135.85   8.64 251.70   6.95 218.59   3.90  65.58
   69  0.705 -0.503 -0.664 138.38 177.41  65.18 177.82  38.12 177.16  72.44
   70 -0.391  0.608  0.597  51.94  57.31 217.82  58.41 197.25  62.52  54.00
   71  0.319  0.598  0.722   9.10  64.34  86.65  63.57  97.65  59.38  58.98
   72  0.398  0.371  0.069  67.00  84.73  37.19  85.71 240.51  86.77  65.11
   73  0.839  0.655  0.696 215.98  55.67 144.41  55.42 119.91  53.55  68.63
   74 -0.892 -0.449  0.176  96.26 175.46 146.47 174.89  65.94 172.77  72.60
   75  0.181 -0.412  0.577 211.85 166.87 155.71 168.90  21.98 169.88  75.93
   76 -0.290 -0.571 -0.956  93.20 185.38  34.82 183.69 228.42 183.28  66.53
   77 -1.038  0.254 -0.393 213.12 100.75   9.47 100.58  32.04 101.16  63.00
   78 -0.193 -0.980 -0.260  38.67 227.56 156.54 226.22 133.88 226.97  55.82
   79 -0.820  1.066 -0.346 215.44  15.11 231.82  16.08  74.56  17.24  62.13
   80 -0.590 -0.163  0.072 179.41 142.48 149.56 142.53 174.51 143.89  68.45
   81  0.960  0.205  0.393  29.84 101.45  74.22 100.60  10.20 101.37  64.00
   82  0.738 -0.365 -0.321 103.84 161.15 112.59 160.73 106.42 163.19  58.50
   83  0.815 -0.781  0.187  35.19 204.34  51.28 207.85 250.44 207.79  49.11
   84  0.415 -0.580  0.819  19.60 185.48 246.98 187.28  20.43 189.89  52.86
   85  0.682  0.266  0.301 193.22 100.03 226.12  99.67  13.24  99.15  51.75
   86  0.994 -1.157  0.396  48.27 245.31  79.33 246.35  66.34 252.66  56.38
   87  0.847  0.713  0.009  93.30  55.27 189.89  53.15 233.60  52.03  63.88
   88 -0.107  0.841  0.203 241.66  38.94 188.44  39.28  55.33  39.25  60.58
   89 -0.085  0.748 -0.607 196.99  49.48  44.52  49.15 173.04  51.82  70.69
   90 -0.520  0.039  0.244 114.73 124.10 166.14 124.07 183.28 124.03  67.92
   91  0.418  0.759  0.607  82.70  47.59  56.53  43.82 228.43  45.76  63.18
   92  0.373 -1.218 -0.640 244.26 247.13 233.11 250.33 117.61 253.40  62.11
   93 -1.106  0.872 -0.300 104.08  34.75  46.19  36.13  98.36  40.43  49.69
   94 -0.676  0.415  0.865 221.69  80.74 144.63  83.35  31.80  84.09  52.62
   95 -0.351 -0.466 -0.892  20.99 174.95  77.51 174.76  71.87 174.30  69.27
   96  0.080  0.344 -0.468 233.46  88.78 169.65  89.69 149.64  89.19  51.94
   97 -0.186 -0.807  0.111  74.66 211.43  57.86 209.81 184.17 211.75  75.82
   98 -1.107  0.268 -0.157  51.33  99.37 199.91 100.24 133.61 100.36  63.18
   99  0.316 -0.865 -0.935 167.72 213.04 189.44 213.72  32.39 215.93  64.83
  100 -0.179  0.430 -0.270 111.44  83.10  23.56  83.61 165.69  82.74  72.90
  101 -0.068  0.574  0.771 192.53  64.93  59.98  65.45  65.96  66.25  65.23
  102 -0.057  1.037  0.917 167.23  15.61 115.99  14.80 185.56  13.43  93.27
  103 -0.727  0.278 -0.605   4.48  98.50  16.35  99.56  53.12 100.06  46.14
  104 -0.520  0.857  0.360  26.84  35.84 196.31  35.46 187.51  37.74  55.54
  105 -0.499  0.694 -0.042 130.55  53.41 216.25  54.17 147.57  54.71  68.07
  106 -0.487 -0.989  0.883  47.60 232.33 126.75 231.77 120.98 232.03  61.10
  107  0.595  0.725 -0.066 109.94  51.72 134.23  51.63  29.25  50.86  61.93
  108  0.248  0.991 -0.232 122.96  25.62  48.93  23.43 206.71  24.67  67.85
  109 -0.157  0.753  0.643 226.66  46.64 251.40  44.61 130.78  46.83  58.14
  110 -0.249  0.495  0.151 104.17  74.77  70.98  75.42 120.87  75.38  68.77
  111 -0.444  0.189  0.938  84.16 106.60 229.51 106.62 227.63 106.58  60.52
  112  0.165 -1.059  0.504  99.83 237.70 172.84 238.63 141.17 239.77  66.65
  113 -0.438  0.970 -0.995  18.67  27.54 196.85  30.38  87.93  27.70  51.22
  114 -0.593 -0.974 -0.471  93.32 227.12  65.43 225.79 155.13 225.08  64.87
  115  1.170 -0.916 -0.071  96.43 219.19 159.41 219.94  34.05 223.96  64.94
  116 -0.680 -0.788 -0.090  37.04 210.02 238.86 205.00 208.62 207.60  55.75
  117 -0.387 -0.301 -0.214 151.40 157.35 116.56 157.56  84.72 157.08  64.94
  118  0.236 -0.688  0.085  24.53 197.70 155.55 195.66 141.76 196.37  60.48
  119 -0.505 -0.026 -0.479 102.08 124.10 243.72 128.88 184.25 128.88  65.77
  120 -0.488 -0.448  0.011 170.45 174.61  32.76 173.37 164.63 173.38  58.50
  121  0.217  0.572 -0.944 166.85  69.21 218.43  70.46 218.76  68.75  69.73
  122  0.605 -0.845 -0.696 197.12 212.06 108.82 212.41  78.03 213.81  68.84
  123  0.223  0.521 -0.617  77.81  73.94  20.79  74.19  22.26  73.38  72.73
  124  0.059  0.753 -0.541 210.60  49.39 223.17  48.25   3.81  50.63  50.33
  125  0.042  0.488  0.159 123.61  76.23 199.70  76.01  53.33  76.23  72.70
  126 -0.588 -0.912  0.736  34.76 225.19  41.21 225.38 178.04 221.43  45.00
  127 -0.557 -0.716  0.477 202.79 203.58  58.60 201.54 125.87 200.77  54.71
  128  0.943  0.828  0.004  46.49  41.68 117.04  40.26  12.52  38.40  70.40
  129  0.389 -0.246  0.302  41.85 150.72  22.84 151.70 191.55 152.15  63.89
  130 -0.767 -0.793 -0.905 107.66 205.01 164.37 204.11 122.11 204.57  58.25
  131 -0.270  0.520 -0.546  96.63  71.86  53.20  72.78 189.64  74.90  66.55
  132 -0.940 -1.057 -0.933 130.19 235.49 144.70 230.93 132.48 231.60  65.14
  133  1.102 -0.765 -0.894  72.97 203.49  69.34 204.07  82.78 207.01  70.38
  134  0.310 -0.914 -0.914 244.28 218.37 190.91 216.04  11.44 220.77  58.23
  135  0.447  1.070  0.871 214.65  11.34 151.38   9.61 119.09   8.68  69.62
  136  0.614 -0.424  0.206 168.53 168.69   8.07 170.97 110.06 172.11  69.48
  137  0.887  0.569 -0.569 124.43  70.71 107.26  69.67  48.53  67.72  59.19
  138 -0.839  0.065 -0.544  92.54 118.03   4.21 119.18 128.72 118.18  65.12
  139  0.914  0.141  0.077 230.08 112.82  80.42 107.81 157.74 110.64  65.10
  140 -0.712  0.838 -0.782 173.15  40.48 202.17  42.74 246.83  41.49  72.68
  141 -0.009  1.153 -0.104 145.11 254.19 194.70   8.92 185.99   6.63  70.25
  142  0.090 -0.891 -0.013 133.74 219.98  53.77 217.75 231.97 220.23  55.10
  143 -0.600  0.691 -0.917 137.39  55.37  76.55  56.32 167.03  56.99  55.33
  144  0.221  0.822  0.657 138.69  39.95 249.18  39.31 203.09  39.93  66.88
  145 -0.784 -0.860 -0.820 133.46 214.90 202.62 213.32 226.72 212.08  63.82
  146  0.443  0.748  0.762 151.37  48.00 111.54  48.07 215.25  45.88  64.62
  147 -0.182 -0.287  0.475 101.41 157.20 152.00 155.27 123.33 155.67  56.29
  148  0.191  0.984  0.781 249.18  19.15  44.24  19.05 165.61  20.23  67.00
  149  0.075  0.876  0.600 182.85  31.47  10.21  30.86  30.16  33.23  68.60
  150 -0.866  0.325 -0.554 121.00  93.39 195.07  94.42  69.01  94.03  71.12
  151 -0.951 -0.450 -0.875 158.44 173.64 147.53 171.99 245.01 170.42  68.16
  152 -0.814 -0.909  0.732  31.04 226.58   5.54 223.48 124.53 221.18  62.20
  153  0.717  0.828 -0.173 186.42  41.45 151.86  40.65 110.58  40.44  64.33
  154 -0.763  0.856  0.885  64.03  29.36 136.23  35.08 195.01  37.05  59.50
  155  0.683 -0.174 -0.589 167.79 142.49 237.60 143.53 207.29 144.60  64.29
  156  0.569  1.014 -0.532 226.16  24.28 148.75  22.84 102.84  22.72  49.25
  157  0.773  0.802  0.485 197.51  44.05 226.16  42.18 188.35  41.06  63.25
  158 -0.197  0.100 -0.805 170.75 115.08 158.94 115.00 139.10 114.88  69.92
  159  0.615 -0.195  0.257  60.79 147.42 197.56 145.90 200.50 146.22  53.25
  160  0.699  0.163  0.596  13.01 109.01  31.04 107.04   5.88 107.61  76.00
  161 -0.991 -0.069 -0.801  76.45 130.97 247.15 129.29 201.16 129.33  61.50
  162  0.597  0.880 -0.644 106.74  36.94  73.50  37.98  99.34  35.14  81.42
  163  0.081 -1.175  0.715 149.55 251.39  89.34 253.50 193.34 253.34  66.56
  164  0.437  0.580 -0.331  54.00  68.17 121.00  66.79  79.50  67.21  59.00
  165 -1.029 -0.229 -0.350 184.34 150.46 192.68 149.08  44.30 149.68  63.71
  166  0.672  0.917 -0.674 170.86  35.58  84.52  31.28 243.51  33.09  64.00
  167 -0.924 -1.207 -0.807 172.14 252.63  54.71 243.83  77.52 245.25  61.17
  168 -0.154 -0.320 -0.604 142.37 158.89 109.00 158.37  80.95 158.41  86.19
  169  0.689 -0.895  0.638 148.23 220.71 249.40 223.12  14.36 223.06  64.55
  170  0.532 -0.084  0.591 151.35 135.31  28.52 135.04  59.62 134.94  66.55
  171 -1.154  0.952 -0.399 153.94  26.51 138.38  27.38 114.59  31.45  71.50
  172  0.346 -0.361  1.004 193.51 165.21 162.94 163.05 195.84 166.60  56.75
  173  1.209  0.821 -0.507 228.59  45.15 210.13  43.32  30.46  40.82  54.43
  174  0.226 -0.257  0.342  32.29 152.46 169.14 154.13 139.97 154.35  62.44
  175  0.717 -0.606  0.853 139.61 189.68 132.97 189.59 238.62 190.33  76.17
  176 -0.249  0.477 -0.147 132.32  77.81 132.68  77.24 172.03  77.84  70.55
  177  0.742  1.002  0.493  67.26  21.09 122.08  16.50 119.68  14.36  67.55
  178  0.168  1.079  0.296 168.64  12.57 155.83  11.97 123.11  12.37  79.29
  179 -0.104 -1.106 -0.921 175.22 239.76  15.92 237.71 213.76 237.93  57.38
  180 -1.117 -1.088 -0.839  96.79 240.40 226.06 234.89  68.97 232.65  54.00
  181 -0.014 -0.506 -0.501 204.20 179.60  49.33 178.10  91.16 177.01  55.33
  182 -0.325 -1.175  0.691  25.95 253.32 166.09 251.68  88.20 250.17  69.92
  183 -0.111 -0.274  0.540 141.24 155.34 116.85 154.83  95.11 154.62  57.32
  184  0.916 -1.126 -0.627 148.96 238.32 145.72 240.48  12.06 242.37  64.00
  185 -0.871  0.405  0.186 119.93  83.14  55.63  83.64 184.70  85.21  65.15
  186 -0.666 -1.221 -0.822 176.03 253.06  35.15 249.89  65.48 248.05  84.50
  187  0.979  0.285 -0.885  43.60  99.62 134.28  99.14  61.13  95.85  61.50
  188  0.158  0.714 -0.457 191.02  54.12 124.81  53.74 193.92  52.43  64.93
  189  1.162  1.164  0.012   8.37   8.67 210.89   4.96  17.56 253.84  50.83
  190  1.094  0.346 -0.081  17.39  93.16 250.32  86.26  31.50  87.05  59.23
  191 -1.105  0.559  0.328 197.85  65.12 173.01  68.71 175.54  69.27  62.38
  192 -1.078  0.446 -0.267 245.46  78.22 119.32  78.07  99.22  79.04  49.50
  193  1.001 -0.375  0.164 209.01 162.58 203.95 165.74 237.00 166.74  66.13
  194  1.069  0.394  0.346 114.10  83.73 109.79  84.08 110.25  84.10  79.09
  195  0.377  0.042 -0.888  25.95 253.32 249.16 120.99 187.86 120.82  69.92
  196  1.115 -1.115 -0.095 197.11 240.38   7.57 241.96  95.27 253.60  64.83
  197  0.942  0.540  0.734  25.95 253.32   9.74  69.84 168.33  67.80  69.92
  198  0.094  0.936  0.929  25.95 253.32 176.83  27.08 155.88  25.73  69.92
  199 -0.501  0.256  0.978  40.21  99.71 160.31 100.58  95.27 253.60  45.73
  200 -0.673 -0.708 -0.077 243.78 200.69 173.49 200.24  44.02 200.23  59.94
  201 -1.014  0.432 -0.140  30.89  80.71  17.37  82.16  95.27 253.60  56.23
  202 -0.544  0.501  0.356  25.95 253.32  95.96  75.39 232.92  74.97  69.92
  203  0.178 -0.443  0.331  24.08 172.35 160.48 173.80 154.56 174.31  63.26
  204 -0.109 -0.254  0.279 187.25 153.85 243.87 152.43 200.87 153.13  54.25
  205 -1.092 -0.095 -0.582  25.95 253.32 122.30 135.32  94.84 135.29  69.92
  206  0.608 -0.852 -0.196  12.35 214.27  49.32 214.73  95.27 253.60  54.51
  207 -0.208  0.579 -0.720 164.61  66.96 210.85  68.44  95.27 253.60  69.95
  208  0.456 -0.491  0.576 177.48 178.63 199.62 179.16  95.27 253.60  66.50
  209  0.621 -0.219 -0.294 142.22 148.01 197.46 253.68 162.92 148.87  64.04
  210 -1.145 -1.078  0.386   6.72 241.65 117.82 239.17  95.27 253.60  59.67
  211 -1.177  0.086  0.385  41.62 117.03  46.64 117.33  95.27 253.60  56.15
  212  0.686 -1.244 -0.765  93.52 248.15  59.43 253.45  95.27 253.60  76.14
  213 -1.248 -0.618 -0.352 238.48 191.83 197.46 253.68 213.69 189.09  54.71
  214  0.270 -0.937  0.174  25.95 253.32 170.13 225.59  81.31 226.68  69.92
