    1  0.352  0.189  0.772 225.85 105.05 121.56 104.44 169.40 104.64  61.60
    2 -0.449 -0.658  0.249  60.16 193.66 127.99 192.98 187.04 193.50  64.59
    3 -0.093 -0.450  0.948 235.30 172.76 245.43 173.96 226.19 175.18  62.38
    4 -1.051 -0.189 -0.551 159.64 143.62 103.56 143.19  36.88 144.40  50.00
    5 -1.127  0.459 -0.274  48.93  77.04 238.23  80.36 147.90  79.45  66.95
    6  1.116 -0.783  0.294 197.70 207.02 230.00 208.36 239.35 211.03  57.50
    7  0.525  0.079  0.470 105.11 119.19  80.05 118.70  91.72 118.73  59.64
    8 -0.769 -0.481  0.934  67.06 180.11 156.85 179.19  69.93 176.34  73.50
    9 -0.003 -0.625 -0.074   3.24 191.53  27.34 192.03  21.53 190.55  54.44
   10 -0.880  0.907 -0.421  94.51  30.15 110.82  31.46 201.82  34.28  64.86
   11 -0.703  0.643  0.224 158.54  57.50 183.75  57.09 180.78  59.60  60.60
   12 -1.156 -0.098 -0.344  50.99 137.67  66.34 137.49  95.59 137.43  54.62
   13 -0.010  0.594 -0.515 147.48  66.81 115.15  65.83  47.60  64.26  70.12
   14  0.432 -0.550  0.522 173.73 184.54  13.10 185.29  49.49 186.06  64.20
   15 -0.380 -0.821  0.110 163.38 209.04 186.60 212.97  55.51 211.57  70.58
   16  0.198  0.496  0.214  63.46  75.23   3.58  75.49  29.95  73.02  70.85
   17 -0.649 -0.105 -0.240  20.42 138.61   9.77 138.27  27.96 138.03  59.92
   18  1.057  0.255 -0.504 167.21  99.20 112.50  99.49 113.80  98.96  73.84
   19  1.184  0.882 -0.173 230.35  36.08  38.33  35.62  81.81  31.00  63.64
   20 -0.081 -1.196 -0.562 241.44 250.32 152.88 249.01 170.64 247.07  48.28
   21  0.070  0.040 -0.514 203.19 123.53 199.03 123.44 176.48 123.34  81.89
   22  0.875 -0.734 -0.151 191.88 200.39 211.40 201.42 130.72 204.31  67.43
   23 -0.629  0.041  0.077  27.66 122.55  44.88 122.56  80.31 122.62  64.22
   24  0.464  0.004  0.166  82.27 126.54  86.81 126.46 191.30 126.84  76.64
   25  0.231 -0.300  0.284 241.78 156.08 221.12 155.79 235.93 156.68  50.21
   26 -0.707 -1.058  0.748 216.45 242.70 144.58 233.90 219.39 237.56  62.33
   27  0.926 -0.936  0.652  90.26 224.14 208.98 227.22  24.61 229.94  62.14
   28  0.328  0.230 -0.629 220.72 104.12 235.93 102.26 239.48 103.46  57.43
   29 -0.063  0.224  0.591  22.58 103.22 227.36 101.54 196.86 102.93  53.86
   30 -0.963 -0.609  0.236 149.95 192.14  95.03 187.15  80.15 188.01  65.57
   31  0.071  0.160 -0.795  91.91 109.01 115.18 109.38 141.28 109.26  28.75
   32 -0.732  0.348  0.089 101.27  90.18 152.37  90.03   6.26  91.30  71.21
   33  1.011 -0.796 -0.823 202.09 202.70  39.93 204.23 202.38 205.98  63.07
   34 -0.518 -0.528  0.389 212.45 182.70 125.88 182.31 145.28 181.08  72.64
   35 -0.908  0.714  0.157 182.32  50.55 222.73  53.60  94.18  53.61  68.12
   36 -0.472  0.094 -0.465 131.42 116.25 130.03 116.25 128.32 116.19  76.57
   37  0.780  0.858 -0.659 237.72  39.54 250.41  37.21  54.54  37.15  57.19
   38  0.737 -0.425  0.510 193.78 170.39 160.31 171.86 141.07 172.27  67.00
   39  0.073 -0.217  0.452  16.40 149.35 209.90 148.68 224.27 149.31  58.89
   40  0.324  0.314 -0.349 240.48  91.50  52.02  91.98  41.95  93.26  54.62
   41  0.560 -0.813  0.093  56.36 208.92 135.91 209.28 208.92 212.99  68.00
   42 -0.793 -1.052 -0.986 114.85 234.10 132.73 232.25 177.07 230.20  69.08
   43 -0.806 -0.766 -0.267  30.73 207.98 218.57 204.04 227.17 204.09  49.71
   44 -1.098  0.352 -0.577 158.30  90.18  83.97  90.75  25.32  91.38  65.40
   45  0.295  1.145 -0.710  13.75  11.21 117.32   7.96  83.57   8.61  54.75
   46  0.421 -0.204  0.949 126.82 148.64  15.10 148.60 153.22 148.71  53.07
   47  0.151 -0.032 -0.375 249.99 128.56 211.38 129.72 187.47 129.81  57.36
   48  0.308 -0.419  0.077 161.71 168.83 169.76 169.04 167.74 169.67  66.50
   49 -0.418 -1.015 -0.987 139.67 229.86   3.69 228.25  16.37 228.82  68.62
   50  0.819  0.160 -0.515 116.93 112.06 148.38 109.23 110.81 109.19  74.19
   51 -0.157  0.287 -0.901  33.17  97.00  48.64  97.85  26.25  98.53  53.08
   52  0.817 -0.719 -0.542  12.32 198.25  89.94 197.88  72.74 199.95  44.75
   53  0.440  0.123  0.474  97.46 113.20  58.98 113.41 230.33 114.75  64.77
   54 -1.019  0.293 -0.003 164.23  96.66 161.48  96.11 177.05  95.91  63.50
   55  0.233  0.369 -0.083  70.27  89.63  81.47  89.30  84.30  86.64  60.91
   56  0.498  0.450  0.212 186.91  80.51 173.39  80.00  67.60  79.09  72.44
   57  0.431  0.461  0.198  71.79  77.12  92.08  77.98 240.55  78.70  37.00
   58 -0.060  0.752  0.621 178.86  44.19 210.02  47.01 182.46  45.31  58.38
   59  0.153  1.122  0.858 219.21   4.24 163.54 253.94   9.50   6.02  59.12
   60 -0.267 -0.543  0.760 199.95 185.77 182.80 185.05 164.43 184.61  66.44
   61  0.134  0.277  0.372 251.55  99.13  22.40  97.82  81.74  98.20  54.43
   62 -1.226 -0.984 -0.574 236.63 231.58 153.52 227.77  12.06 221.31  54.33
   63  0.591 -0.143 -0.754 168.79 141.21  46.90 140.77 221.42 140.91  56.00
   64  0.072 -0.768  0.417 250.60 208.24  45.45 206.98  54.97 205.71  61.18
   65  0.927 -0.275 -0.949 235.96 153.43 143.61 151.21  82.94 153.54  62.12
   66  0.717 -0.416 -0.267   8.97 167.80  39.85 166.49  45.16 165.81  61.23
   67  0.085 -0.962  0.282  32.49 226.16 226.89 228.02 135.53 228.45  48.92
   68  1.003  0.532 -0.777 219.40  74.92 214.16  73.29 154.85  72.37  53.17
   69  0.418 -0.709  0.608 120.47 201.14  91.74 200.65 218.76 203.68  66.44
   70  0.134  0.731  0.752 216.08  48.56 121.85  48.22  21.49  45.44  68.94
   71  0.017  0.117 -0.281 128.27 114.84  82.01 114.99  49.04 115.13  74.69
   72  0.549  0.032  0.203  85.56 123.94  62.77 124.00 227.89 124.61  79.59
   73  0.406 -0.399 -0.393  56.80 167.45 200.96 163.00  18.08 165.35  63.56
   74  0.662 -0.527  0.328 105.40 180.92 160.08 180.71  54.35 183.13  61.67
   75  0.451 -0.636 -0.809 118.50 189.00 235.80 190.31 215.64 192.17  61.92
   76 -0.235 -1.166 -0.653 252.33 245.85 174.40 244.99  29.04 246.39  51.00
   77 -0.780  0.491 -0.536 198.83  75.48   7.31  77.42 120.32  77.99  55.43
   78  0.400 -0.426  0.925 226.28 172.39 206.37 173.38 182.40 173.76  63.64
   79 -1.158  0.553 -0.401 100.41  68.66 127.24  67.77 178.89  72.74  62.56
   80 -0.252 -0.065  0.941  98.76 133.33 143.74 131.50 143.91 131.52  68.59
   81 -0.100  0.607  0.838  84.23  59.67 233.27  61.14 238.46  60.99  66.85
   82  0.161  0.693  0.928  62.40  51.77 186.97  51.11 238.84  51.22  64.33
   83 -0.372 -0.049 -0.208 213.68 129.70 215.74 129.93 194.72 129.95  69.18
   84  0.472  0.312 -0.480  35.19  92.26  16.74  92.50 251.46  94.73  54.43
   85 -0.090 -0.093  0.119  12.40 136.07 170.29 135.40 235.53 136.40  61.50
   86 -0.433  0.125  0.709 193.06 112.21  16.11 112.56  39.57 113.64  63.50
   87  0.206  1.093 -0.430 118.75  16.41 138.39  16.48  71.73  15.36  71.40
   88  0.857  1.118  0.521  43.28  10.84 144.67   7.81 208.11   5.95  65.65
   89 -0.790  1.130 -0.669 220.08   9.27 158.06  12.59 190.39  11.31  59.75
   90  0.304 -0.506 -0.057 202.13 179.89  45.43 180.13 134.06 179.31  66.55
   91 -0.427  0.362 -0.006  94.75  89.57  36.43  89.96  62.66  89.76  65.00
   92 -0.853 -0.969  0.597  66.21 231.72  86.40 229.80 186.04 227.60  61.67
   93 -0.856 -0.370 -0.126 172.41 159.59 152.51 159.79 201.55 163.83  73.18
   94 -1.137  1.023 -0.466 125.29  18.66  73.89  19.64  38.24  21.56  57.65
   95 -0.801  0.797  0.585 161.29  36.97 156.94  42.68 216.50  44.97  57.10
   96  0.783  0.777  0.152  94.57  48.03 188.93  43.32 116.42  42.32  55.33
   97  0.158 -1.026 -0.216   5.67 231.97 121.21 233.29 117.38 232.54  56.84
   98  0.266 -1.003 -0.651 164.88 227.21 137.23 229.31 223.86 230.08  56.25
   99  0.718 -1.110  0.302  87.41 234.49  52.62 241.49 153.51 246.60  72.40
  100 -0.882 -0.759 -0.949 212.05 202.61 172.71 203.73  82.07 197.25  64.14
  101 -0.237  0.990  0.366  51.11  22.42 248.54  22.99 236.18  21.36  50.71
  102  0.442 -1.121  0.073 110.76 242.73  96.49 241.62 119.65 246.45  65.33
  103 -0.138  0.924  0.661 181.92  25.75 181.11  27.83 144.38  28.97  57.93
  104 -0.223  0.929  0.360 201.47  29.27 113.54  29.78  77.58  30.37  82.60
  105  0.774  0.889  0.526 199.73  31.37 104.81  30.36 131.28  30.95  72.65
  106 -0.646  0.071  0.943  28.10 119.91  38.30 119.97  68.71 120.10  55.67
  107  0.798 -0.014  0.059 188.54 127.90 176.73 127.88 152.14 127.87  66.85
  108  0.680  0.046  0.055 235.93 122.44 148.08 121.83 105.80 121.82  47.50
  109  1.021  0.784 -0.159 159.32  48.32  43.16  43.49 184.30  41.67  67.65
  110 -0.555 -1.147 -0.246  94.83 247.86 203.71 244.90  90.35 240.97  71.87
  111 -0.103  1.132  0.588 180.87   3.72 217.28   6.95 175.51   7.23  59.78
  112 -0.655  0.141  0.454  65.85 112.16 135.39 112.17 210.45 111.53  57.19
  113  0.269  0.804  0.621  88.82  41.91 234.46  40.15 211.99  39.06  64.00
  114 -0.507  1.013  0.809 142.76  16.64  80.67  17.48 183.24  20.41  67.87
  115  0.152 -0.227 -0.813 216.19 149.85 173.69 150.24 117.60 150.33  60.32
  116  0.533 -0.555 -0.371 151.63 182.30 197.90 183.69  61.86 185.76  85.27
  117  0.942  0.109 -0.869 198.69 115.43 174.85 115.27 138.12 115.13  58.29
  118  0.084 -0.102 -0.534 136.95 137.97 118.87 137.93 103.27 137.93  73.67
  119 -0.395 -1.165 -0.509 146.82 248.20  71.12 246.28  85.44 246.43  69.45
  120  0.715 -0.342 -0.538 200.89 156.70 162.18 157.05 113.58 157.20  49.50
  121  0.608 -0.933 -0.677 206.99 220.21 169.28 221.55  30.25 220.48  59.25
  122  0.186  0.060  0.695 117.39 120.50  75.52 120.51  75.16 120.57  64.39
  123  0.780  0.519  0.242  43.41  74.00   9.80  71.72  52.30  70.35  55.12
  124  1.102 -1.022 -0.026 159.30 229.07  48.97 233.47 129.24 233.74  71.53
  125  0.945  0.746 -0.979 191.82  54.21 142.64  50.05  98.73  49.99  66.07
  126 -0.800  1.099  0.306 188.37   8.76 219.12   9.74 169.22  10.91  66.64
  127 -0.069 -1.032 -0.516  84.34 233.35  30.03 232.22  83.51 232.39  68.14
  128  0.798  0.510  0.911 237.76  70.53  89.23  68.38  87.92  69.76  59.21
  129 -0.586 -1.122  0.862 102.44 248.75  88.05 246.93  75.92 245.07  67.00
  130 -0.243 -0.147 -0.556 191.70 141.70 171.68 141.55 137.85 142.17  41.00
  131  0.957 -0.570 -0.170 107.94 184.61  99.76 186.40  17.49 187.91  72.88
  132 -0.445  0.370  0.343 110.24  85.95 138.18  82.68 140.30  89.72  44.75
  133 -0.795  0.303 -0.940 245.96  96.93 176.39  96.46 158.67  95.75  51.75
  134  0.597  0.914 -0.847  43.81  33.05 210.34  34.02 167.44  32.25  65.44
  135 -0.333 -0.244  0.081 123.41 151.21 135.99 151.16 105.06 151.17  76.07
  136  0.132 -0.200 -0.674  23.02 148.05 178.81 143.68  45.00 147.05  60.77
  137  1.086  0.473 -0.656  25.73  79.53  48.92  78.33  71.24  76.31  58.10
  138 -0.746 -0.889  0.487 168.64 221.91 135.37 219.60  79.72 219.66  67.06
  139  0.167  0.199 -0.915   8.40 106.67 161.55 104.98 230.12 106.49  38.33
  140  0.889  1.091  0.207 114.22  15.84  44.13  12.71  36.35   8.98  64.50
  141 -0.015 -0.487  0.184 172.11 178.75  70.57 179.08   9.98 178.81  80.23
  142  0.971 -0.003  0.588 134.46 127.35 134.67 127.53 133.35 127.35  72.86
  143  0.481  0.931  0.408 167.22  30.14 134.41  29.75  34.25  26.22  56.46
  144 -0.617 -0.092 -0.900 154.38 135.34 101.14 135.30 145.43 135.62  62.57
  145  0.062  0.008 -0.307 179.83 125.52 142.26 125.50 100.89 126.04  62.57
  146  0.058  0.928  0.547 153.90  29.69   6.45  25.35 146.06  26.77  71.27
  147 -0.449  1.046  0.502 140.05  12.63 175.27  16.59 161.25  15.95  67.25
  148  1.039 -0.599 -0.087  42.16 186.98 226.96 187.03 210.83 188.67  51.58
  149  0.593  0.830 -0.375 184.23  42.43 207.27  41.36 182.56  38.08  62.95
  150 -0.117  0.680  0.656 183.52  54.47  33.38  53.65  29.35  55.24  73.36
  151 -0.092  0.669  0.333  18.76  57.00 101.39  56.60  79.45  56.37  52.96
  152  0.499 -0.152 -0.663 164.21 142.60 187.90 142.69 197.98 143.04  64.04
  153 -1.147  1.112 -0.558  78.25  10.28  48.26  13.88 150.88  15.49  52.25
  154  1.134 -0.441 -0.127 171.14 171.62 221.31 172.74 164.43 174.13  67.96
  155 -1.114 -0.200 -0.569 176.67 148.45 141.62 148.52 251.40 144.72  79.46
  156 -0.306 -1.093 -0.051  31.80 236.48 242.65 234.28   9.81 238.31  56.61
  157  0.273 -0.486  0.178 213.39 173.41 118.23 176.74 243.17 179.04  56.00
  158 -0.348 -0.688  0.305 248.22 199.54  81.04 197.32  66.11 196.52  57.47
  159 -0.568 -0.500 -0.578 152.46 179.60 171.41 174.16 206.86 175.96  68.67
  160  0.592 -0.954 -0.424  26.43 223.16  49.30 222.43 196.62 224.77  57.30
  161  0.447  1.060  0.356 227.56  16.56  11.66  15.20  32.71  15.08  72.09
  162 -0.214  0.088 -0.422 190.03 117.43 222.88 117.29 234.53 116.90  56.33
  163 -0.308 -0.544  0.973 145.78 186.54 174.11 186.57  14.91 184.67  64.09
  164 -0.023 -0.512  0.338 165.08 180.39 180.03 180.49 194.23 180.89  80.61
  165  0.500  0.951  0.410 133.00  23.33 130.61  25.07  80.14  24.75  72.64
  166 -0.798 -0.850  0.471  23.12 216.76  46.15 213.04  77.56 213.15  59.72
  167  0.189  0.179  0.577 121.02 108.27 165.93 108.01 118.20 107.89  65.00
  168 -0.798 -0.824 -0.263 194.21 211.87 245.50 210.57 106.34 209.36  67.15
  169  0.239 -1.179 -0.395 229.99 247.14  62.91 247.61  89.32 249.75  58.50
  170  0.547  0.718  0.846 147.60  51.59  31.07  49.59  86.16  48.62  42.33
  171 -0.852  0.354  0.856  26.71  87.97  92.60  86.41 216.25  90.24  56.71
  172  0.316 -0.269  0.804 185.72 155.41  93.52 153.70 248.92 155.06  56.41
  173  0.551  0.707 -0.812 132.22  56.18 115.94  55.68  87.46  53.94  66.15
  174  0.094  0.433  0.326 210.49  81.33 180.43  81.09 153.57  80.47  68.90
  175 -0.785 -0.120 -0.046 212.75 140.14  16.28 140.17 143.76 138.80  55.20
  176 -0.834  0.056 -0.992 184.69 121.87  58.68 120.69  20.45 120.76  61.85
  177 -0.716  0.520 -0.660  18.20  69.74 229.40  74.59 222.92  75.91  54.15
  178  0.401 -0.069  0.190 139.81 131.50  89.99 133.24  90.71 133.25  74.70
  179  0.069 -0.878  0.089  57.32 214.96  88.60 213.89  26.30 216.04  60.00
  180 -0.173  0.963 -0.815 134.25  29.89 179.08  29.96  99.85  29.86  70.41
  181  0.068  0.592  0.025 164.29  63.29 117.52  63.14  73.82  63.59  70.45
  182 -0.343  0.403  0.025 193.41  81.69  12.48  81.13  27.67  82.24  74.33
  183  0.854  1.164  0.096 154.22   7.96 157.11 253.89 104.49 254.03  69.86
  184 -0.882 -0.981  0.522 146.58 233.78 155.27 229.96 112.81 229.53  74.90
  185 -0.362  0.502 -0.969 166.70  76.55 148.98  76.31 125.71  76.02  71.33
  186 -0.654 -1.194 -0.995 120.00 250.17 104.43 246.35 100.06 246.47  55.62
  187 -0.894  0.082 -0.821  80.01 118.49 106.39 119.32 112.87 119.31  68.00
  188  0.242 -0.955  0.064  11.22 225.76 188.69 225.84  30.89 225.86  53.50
  189 -0.665 -1.203 -0.273 201.22 252.98  57.51 251.64 129.93 250.25  82.63
  190  1.112 -0.119 -0.386  72.01 139.32  61.53 139.10  67.62 138.92  65.86
  191 -0.408  0.019 -0.560  27.49 125.31 185.71 124.91 221.42 124.66  59.46
  192 -0.383  0.592 -0.492 113.59  65.25 135.51  66.80 120.94  66.20  63.67
  193  0.268 -1.168  0.918 183.44 252.15  60.21 252.24  74.66 251.48  58.00
  194  0.443  1.067 -0.135 194.64  17.96 149.30  16.62 143.21  15.38  67.67
  195 -0.131  0.189 -0.986 202.77 108.26 144.99 108.34 165.24 108.09  64.79
  196 -1.103 -0.550  0.105 218.37 185.84  73.66 183.91 197.44 184.44  57.43
  197  1.106 -1.171 -0.019  26.18 245.34  65.32 248.80 101.58 251.44  57.00
  198  0.408 -0.129  0.386  66.36 141.03 248.43 140.42  48.08 140.32  58.71
  199  0.022  0.955  0.996 199.07  22.97  12.27  23.87 211.08 253.66  33.00
  200 -0.597  0.618  0.384 144.94  57.59  54.60  60.93  44.53  62.11  68.87
  201 -0.255  0.680  0.387 186.34  54.66 136.57  53.72 211.08 253.66  62.32
  202  0.332 -1.185  0.599  19.47 252.92  54.24 252.97 211.08 253.66  56.00
  203 -0.689 -0.663 -0.210 137.48 193.15 173.65 192.32 118.56 193.14  73.55
  204 -0.128  0.611 -0.405 100.38  62.12  65.23  63.08 211.08 253.66  67.32
  205  0.406 -0.196 -0.005 250.43 146.69  21.45 147.43 211.08 253.66  49.00
  206  0.131  0.026  0.698 197.52 124.91 135.39 124.18 211.08 253.66  64.80
  207  0.882 -0.422  0.404 194.08 253.23 201.96 171.07 191.87 171.96  75.71
  208 -0.698 -1.223 -0.893 194.08 253.23 120.06 249.77  95.81 246.82  75.71
  209 -1.110 -0.118 -0.754 232.86 139.75 136.83 138.63 211.08 253.66  51.79
  210  0.101  1.116 -0.944 237.43  12.53 221.31  14.03 211.08 253.66  64.62
  211 -0.730 -1.229 -0.609 194.08 253.23  75.11 252.12  95.21 251.40  75.71
  212 -0.511  0.075 -0.125 206.09 120.03 183.85 119.89 146.24 119.78  65.60
  213 -0.378  0.570 -0.150  87.18  66.87  54.24 252.97 134.60  67.42  65.69
  214  0.078  0.692  0.907 223.24  52.58 145.70  53.61 140.17  53.39  47.57
  215  0.814 -0.204 -0.914 194.08 253.23 170.39 148.56  40.28 148.22  75.71
  216 -1.218 -1.091 -0.022 182.99 243.83  54.24 252.97 138.50 234.70  67.46
  217  0.383 -0.870  0.807 150.27 219.54  43.82 218.61 211.08 253.66  67.72
  218  0.348 -1.190  0.295  44.30 250.57  54.24 252.97 211.08 253.66  51.50
  219  0.855 -1.207 -0.452  85.54 248.73 247.53 249.32 211.08 253.66  68.62
  220 -0.885  0.359  0.309 112.99  88.82  54.24 252.97  77.99  91.03  63.00
  221 -0.909  0.388 -0.823 161.74  82.78  54.24 252.97  11.75  88.12  59.75
  222  0.805 -0.987 -0.928 194.08 253.23 189.75 222.76 116.13 229.64  75.71
  223  0.043 -0.999  0.062 194.08 253.23  37.62 231.30 164.42 231.18  75.71
  224 -1.054  0.148  0.621 180.25 109.39 211.67 111.98 211.08 253.66  52.29
  225 -1.274 -0.372 -0.348 183.13 162.58  54.24 252.97 126.06 159.98  61.29
  226 -1.310 -0.598 -0.412 228.73 188.83  54.24 252.97 178.61 186.09  61.90
  227  0.512 -0.516 -0.869  30.04 179.17 126.64 179.25 107.48 179.12  47.17
