    1 -0.968 -0.124 -0.094 198.06 139.84 203.29 140.00 189.86 140.24  61.50
    2 -0.680 -0.390  0.294 126.70 169.12 174.43 168.87 192.47 167.42  64.09
    3  0.671  0.163  0.273 101.40 109.32 109.31 109.50 145.97 109.14  62.44
    4 -1.139  0.676 -0.714 104.06  57.31 111.19  57.97 122.38  57.78  41.25
    5 -0.980 -0.340 -0.891 240.56 159.54 204.37 160.20  94.35 160.00  46.75
    6 -1.123 -0.130  0.063  47.41 141.50  28.15 141.15  83.46 140.49  65.14
    7  0.643  0.026 -0.304  84.16 125.42  79.07 125.46 140.21 124.82  70.57
    8 -0.545 -0.608  0.436 193.36 190.23 190.81 191.06   7.90 190.10  66.83
    9  0.229 -0.766 -0.727  36.97 204.52 160.63 204.30 134.15 204.92  58.29
   10  0.672 -1.065  0.034 179.61 234.37  56.86 237.12  68.52 236.61  58.00
   11  1.121 -0.512  0.005 204.47 177.89 165.70 178.55 132.82 178.90  65.55
   12 -0.073 -0.302  0.385 243.45 156.15 173.90 154.18 248.91 158.13  62.24
   13  0.350 -1.005 -0.591 115.12 226.75  16.70 227.34 182.93 229.04  72.44
   14 -1.016  0.232 -0.334  22.49 102.61  36.08 103.48 148.59 103.82  48.22
   15 -0.861  0.231  0.771  46.47 100.99  55.50  99.53  14.48 101.98  55.77
   16  0.072  0.187 -0.622 146.76 105.50 167.81 105.42  97.46 108.45  65.91
   17  0.162 -0.863  0.031  99.44 212.56 150.29 210.87 239.61 216.16  65.48
   18 -0.021 -0.943 -0.075 123.26 225.37  42.53 223.99  53.26 225.51  57.00
   19 -0.918 -0.212 -0.229 185.98 148.34 163.11 148.61 107.30 148.67  69.78
   20 -1.093 -0.085 -0.547 212.59 134.11  75.92 133.18  65.03 133.26  64.60
   21  0.428 -0.377  0.897 179.44 166.17  42.28 168.75  43.79 168.56  65.54
   22 -0.604 -0.414 -0.852  71.89 169.64 126.02 168.91 120.29 169.11  60.36
   23  0.405 -0.766 -0.012 133.52 205.76 151.39 205.63  21.05 208.42  66.50
   24  0.874 -0.385  0.287  75.00 165.70  89.12 165.11 124.48 169.01  69.00
   25  0.337 -0.197 -0.101 108.63 148.32  94.40 146.07 115.50 148.14  65.00
   26  0.603 -0.605 -0.024  20.44 183.78  37.08 182.14  22.76 191.02  56.55
   27 -0.523 -0.158 -0.995 176.09 141.66 159.13 141.76  14.67 141.46  73.17
   28 -1.018  0.005 -0.764 190.60 125.59 194.15 125.64 181.22 125.58  69.43
   29  0.007  0.874 -0.621  33.14  38.28 148.29  36.45 148.22  38.31  56.38
   30  0.577 -0.164 -0.805  38.40 142.24  11.38 141.83 133.93 141.87  62.15
   31 -0.789 -0.873  0.690 116.82 219.41   4.33 218.48  37.66 216.74  61.00
   32  0.636  1.063  0.826  24.68  13.99  59.13  13.82 214.61  12.22  47.14
   33 -1.135 -0.424 -0.194 156.47 173.18  56.80 169.28 186.13 169.61  51.00
   34 -0.312  0.258  0.237  57.14  98.89  90.55  98.51  46.13  98.90  60.17
   35  1.029  0.772  0.166 135.45  48.98 132.46  43.55 118.24  43.34  62.08
   36 -0.350  0.276  0.963  45.42  94.96  41.18  95.81  15.07  96.47  64.07
   37  0.377  0.314 -0.961 142.01  92.25  16.14  95.60  40.27  93.01  59.82
   38  0.349 -0.469  0.819 142.39 176.15 106.46 176.25 229.40 177.21  54.86
   39 -0.436  1.010  0.420 200.85  17.23 218.53  15.36 137.23  20.03  59.85
   40 -0.475 -0.932  0.872  40.22 226.73   7.78 227.32 116.90 226.07  51.08
   41 -0.426 -0.339  0.074 148.85 160.13 246.96 162.06  64.04 161.81  67.96
   42  0.295 -0.129  0.232 154.15 140.49 117.31 140.37  34.24 140.84  71.05
   43  0.392  0.226 -0.756  34.09 103.74 189.07 104.13   8.59 104.13  60.89
   44 -1.161 -0.955 -0.032 184.95 230.39 107.20 226.09  61.93 222.38  57.43
   45 -0.649 -0.690 -0.043 220.65 197.48 226.56 198.97 233.31 194.39  69.70
   46 -1.133  0.908 -0.335  72.11  28.88 141.88  33.60 219.47  34.98  53.83
   47  0.286 -0.436  0.078  41.70 171.22 185.57 173.42  29.36 172.65  52.17
   48  0.950 -0.683 -0.098  71.02 195.31  76.15 194.08 237.20 199.07  67.00
   49 -0.404  0.332  0.987  16.80  85.20  22.74  87.03  48.35  87.25  62.32
   50  0.323  0.739 -0.958  83.55  51.90 112.70  51.87 231.26  51.30  71.31
   51 -0.514 -0.649 -0.607  12.80 195.00   2.60 192.64  82.10 192.83  51.20
   52  0.934  1.131 -0.159  13.48  12.93 231.64   7.78 118.30   6.74  52.33
   53 -0.853  0.318 -0.446 247.06  91.75  84.62  92.42 194.15  94.08  48.76
   54  0.003 -1.162  0.592 175.65 247.08  79.33 249.98 192.59 250.84  68.18
   55  0.218 -0.817 -0.709 241.68 209.95 243.53 208.72  36.79 209.72  59.06
   56 -1.100  0.139  0.374 116.31 112.75 153.55 111.49  63.54 113.08  65.54
   57  0.819  0.894 -0.470 161.91  37.21  12.15  35.18 160.24  34.10  65.00
   58 -0.813  0.489  0.256 133.12  73.08  25.96  72.02 225.76  74.37  70.70
   59 -0.958  0.450 -0.094 119.84  77.30 168.95  77.23  33.68  78.03  61.85
   60 -0.473 -1.177 -0.107 164.11 251.45 239.05 247.94 161.79 246.83  84.50
   61  0.236  0.599 -0.885 222.72  65.04  13.06  66.40 207.13  64.74  66.06
   62  0.929 -0.058 -0.255 153.67 132.87 124.67 132.76 235.70 132.94  60.68
   63 -0.597  0.469  0.886   7.99  74.90  42.98  76.95 114.22  77.00  55.31
   64 -0.180 -0.195 -0.411  27.22 147.37 186.35 144.77 198.52 145.16  53.90
   65  0.623 -1.179 -0.528 144.95 245.20 159.41 245.35 250.68 247.52  61.15
   66 -0.044  1.075  0.609 216.93  13.81 224.68  11.48  56.30  12.44  62.11
   67  0.040  0.814  0.035 243.05  41.81  86.57  42.18 244.31  40.37  60.22
   68  0.424  0.554  0.108 217.75  69.56 151.99  68.14 105.18  67.78  55.71
   69 -0.145  0.137 -0.910  52.14 113.23  83.87 112.89  15.66 113.84  61.73
   70  0.444  1.012  0.504 235.26  19.92 196.53  14.17  54.53  15.69  52.43
   71  0.894 -1.020 -0.357  31.26 230.57 163.79 230.31 241.61 235.27  60.73
   72 -0.929 -1.095 -0.897  96.74 238.77  90.59 235.77  90.01 235.62  78.38
   73  0.734  0.822  0.923 171.67  41.01 211.74  37.09 129.25  36.29  58.21
   74  0.443  0.694  0.206 145.22  54.64 160.54  54.26 219.24  54.04  61.20
   75  0.118  0.641  0.713   8.95  57.45 118.67  57.11  91.93  57.70  59.43
   76  0.643 -0.376 -0.471 240.63 164.03  83.92 163.57  74.98 163.21  52.32
   77  0.019  0.187  0.516 212.58 104.53  24.08 104.49  39.49 104.97  48.00
   78  0.157  0.557 -0.399  82.77  70.83  98.14  70.01 150.57  69.79  64.31
   79 -0.421  0.146  0.374 211.03 111.45 198.65 111.19 220.14 111.46  71.74
   80  0.885  1.106 -0.462 160.42  14.04 123.57  13.88 208.21   8.30  65.31
   81  0.918  0.708 -0.502 127.39  56.79 163.74  54.53 174.12  53.39  67.13
   82  0.238  0.158  0.572  15.91 110.80 238.74 109.59 121.62 109.47  49.86
   83 -0.400  0.826  0.089  93.67  40.96 187.65  40.25 140.02  39.01  65.33
   84  1.010  0.626 -0.176 184.48  64.68  79.98  62.59  43.74  61.33  71.02
   85  0.010  0.922  0.759 250.65  28.06 252.37  25.10  60.33  22.89  64.11
   86 -0.754  1.141 -0.187 150.46   7.17 135.30   7.14 229.68  11.54  76.14
   87 -0.007  0.066  0.962 212.17 116.25  45.69 116.09 214.61 117.95  73.15
   88  0.378  0.473  0.932  75.08  75.86  99.51  73.58  73.67  73.82  69.06
   89 -0.216 -0.475 -0.698 182.76 175.16  95.12 174.26 118.62 174.21  56.00
   90 -0.558 -0.844  0.714   3.57 218.62  58.21 211.69 249.07 215.47  62.91
   91 -0.822 -0.387  0.194 147.51 168.79 193.82 166.62 112.04 165.01  67.07
   92  0.305 -1.148 -0.482 167.98 243.77 153.85 244.37  49.91 243.14  67.07
   93 -0.535 -0.420  0.966 169.31 173.43  11.28 172.02  23.83 170.95  76.57
   94 -0.103 -0.115  0.591 210.42 139.34 196.91 139.50 164.86 139.68  61.67
   95 -0.912 -0.539 -0.992 203.69 182.80 156.80 178.69 116.10 178.80  69.42
   96  0.971  1.132  0.607  64.23   7.95 251.97   4.67  36.36   3.75  67.95
   97  1.001 -0.633 -0.678 244.30 186.27 201.77 182.49  93.46 193.62  56.07
   98 -0.480  0.027 -0.333 177.83 121.19  43.34 121.48  60.00 121.57  65.55
   99  0.245 -1.112  0.136  43.61 240.63 198.19 238.96  19.54 241.98  66.82
  100  0.799  0.770  0.101  15.05  48.85  57.20  44.71 205.35  45.32  56.19
  101  0.109 -0.738  0.069  34.24 203.94  46.55 201.75  77.22 200.93  52.38
  102 -0.025 -0.396 -0.293 214.68 168.17 136.73 168.79  35.42 167.94  63.71
  103  0.584  0.865 -0.543 117.74  39.04 128.96  39.61  29.48  37.35  61.79
  104 -0.621  0.613  0.628 133.34  61.61 160.28  61.63 171.22  62.75  37.67
  105  0.607  0.002 -0.854 181.12 125.66 197.09 125.66 196.07 125.62  71.19
  106  0.774  0.609  0.429  58.40  64.96 232.42  63.62  21.49  62.33  66.55
  107  1.188  0.988  0.140 200.28  22.48  82.28  21.58 186.22  19.31  73.27
  108 -0.664  1.099  0.056 209.94  10.14  50.50  10.62 142.72  12.75  53.60
  109  0.736  0.634 -0.552 107.46  62.11  62.14  62.96 106.87  61.41  66.80
  110 -0.298  0.576 -0.691 128.30  67.97  76.48  67.54 192.78  69.77  66.10
  111  0.729 -0.537 -0.756 173.25 178.41 244.73 181.42  73.65 181.42  73.26
  112  0.058 -0.953  0.989 130.82 229.27  77.17 228.48 131.64 227.57  58.12
  113 -0.640 -0.924 -0.450  93.90 223.13 151.48 219.47  18.12 219.27  66.20
  114 -0.330 -0.457 -0.847  27.86 173.45  70.52 173.62  20.30 173.31  61.16
  115 -0.676 -1.027  0.490 201.80 237.31 143.09 235.08  82.18 230.76  74.33
  116  0.068  1.162  0.096 211.49   3.28 206.94   3.90 230.69   3.88  45.71
  117  0.253 -0.005  0.426  18.51 127.69  25.54 127.71 203.00 128.04  60.17
  118  0.873 -0.474 -0.906 128.80 173.96 158.07 173.63 123.13 176.35  59.69
  119  0.710 -0.634  0.749 202.42 191.19  48.57 193.51 240.50 193.81  59.86
  120 -0.581  0.724 -0.098 126.65  51.11 184.93  51.02   5.60  53.96  64.14
  121  0.862 -0.937  0.339  63.28 220.96 126.08 225.91  38.55 226.74  49.50
  122 -0.813  0.120 -0.578 248.48 113.86 113.78 114.51 109.41 115.88  56.92
  123  0.530 -0.766 -0.451 153.09 205.04 139.59 205.19 163.94 206.61  60.25
  124  0.653 -0.107  0.296  19.20 137.17  17.13 136.90 237.26 136.81  49.69
  125 -0.272  0.518  0.452 182.70  71.12 245.41  71.28 115.61  70.10  76.07
  126  0.351  0.729 -0.702 185.70  51.95  68.14  53.49 102.79  51.73  67.94
  127 -0.714  0.282 -0.479 137.75  96.85 165.96  96.86 207.65  98.86  58.15
  128  0.437 -0.480 -0.979  79.03 174.98 215.80 175.75 201.87 174.46  89.00
  129 -0.457  0.621  0.450 179.25  60.29  13.17  59.94   9.23  62.34  64.10
  130 -0.389 -0.366 -0.810 104.47 164.01  29.88 162.36 181.79 162.89  62.17
  131 -0.093  0.688 -0.124  59.14  55.43 174.61  55.63  67.92  54.13  48.33
  132 -0.701  0.824 -0.616 107.42  41.18  52.70  42.41  32.51  43.95  68.12
  133 -1.114  0.413 -0.741  48.31  80.40  21.38  84.09  32.28  84.78  62.24
  134 -0.681  0.940  0.851 116.85  20.50 246.00  22.01 221.55  21.71  67.39
  135  0.354  0.114  0.998  93.47 114.33  12.35 113.68   4.10 114.08  62.70
  136 -0.166 -0.042  0.723 179.97 128.83 189.29 128.04 122.59 128.78  75.47
  137 -0.714  0.811  0.499 194.86  38.45  18.66  41.03  76.59  42.95  66.92
  138 -0.662 -0.785 -0.071  48.10 210.17   6.69 207.85 181.25 207.85  59.23
  139 -0.276 -0.917  0.095 230.48 224.62  44.04 221.48  76.44 221.60  68.56
  140 -0.041 -0.093  0.653 233.11 135.00 223.78 134.22  41.29 136.68  44.75
  141 -1.112 -0.988 -0.903 246.89 230.40 218.99 226.87  87.37 223.35  55.88
  142  0.548  0.746 -0.096 253.01  51.42 211.61  47.94 185.92  46.15  50.12
  143 -1.227 -0.629 -0.367 107.16 193.28 229.56 192.32 182.21 184.79  68.33
  144 -0.832  0.066 -0.455  22.71 117.01 252.20 118.22 195.28 119.19  32.75
  145 -0.501 -0.048  0.155  63.41 131.89 110.57 132.72  97.18 132.76  48.00
  146  0.574  0.227  0.525  90.21 103.00  95.55 101.23  78.71 101.38  58.77
  147 -0.187  0.185 -0.590 162.30 108.47 130.28 108.42 181.93 109.10  71.40
  148  0.571 -0.451 -0.914  53.88 170.85  67.50 169.88 139.06 174.11  60.87
  149  0.139 -1.002  0.671   4.93 230.96 134.50 231.16 169.88 231.78  50.25
  150  0.219 -0.861  0.498 156.41 217.77  68.69 218.40 129.46 218.50  71.23
  151  0.424 -0.241  0.919 206.80 153.18  24.66 152.60  38.55 152.15  43.50
  152 -1.009 -0.237 -0.293 177.31 153.07  33.73 150.08 172.24 151.14  58.33
  153 -0.414  0.971 -0.830 110.55  25.88  55.14  27.23  87.05  29.89  60.75
  154 -0.842 -0.940 -0.526  37.56 225.41  62.95 222.63 116.63 219.83  51.40
  155 -1.120 -1.076  0.323  22.28 241.67  35.00 238.11 211.68 235.63  61.63
  156  0.728 -0.114 -0.183 162.35 138.10 123.90 138.24  86.68 138.10  67.80
  157 -0.813 -0.732 -0.863  23.84 203.86 111.96 199.74  95.82 199.51  48.75
  158  1.112  0.588  0.334 226.42  65.30 203.10  63.81  57.26  63.51  74.18
  159 -0.327 -0.172 -0.101  56.20 144.40  76.01 144.03 107.34 143.96  62.12
  160 -0.152  0.753  0.226 228.81  46.83 235.82  47.55  77.56  45.65  54.30
  161 -0.156 -0.684  0.156  32.68 195.34 204.20 196.10  59.87 198.75  63.33
  162 -0.660 -0.785  0.513 133.24 211.00  59.56 209.55 153.41 208.71  58.40
  163 -0.278  0.894  0.641 171.32  29.98 129.36  29.55 110.51  30.83  69.00
  164  0.706 -0.297  0.923 215.22 153.75 252.62 155.98 220.19 159.27  63.83
  165 -0.796 -0.651 -0.952 112.75 195.10  70.68 192.47  50.02 191.46  65.71
  166  0.164 -0.962 -0.850  65.17 224.62  99.46 223.90 104.02 225.69  65.60
  167 -0.150  0.738 -0.009 215.46  49.46 112.37  49.47 169.78  49.76  65.23
  168  0.196 -0.237  0.488 122.97 150.94 112.07 151.80 117.14 152.12  75.75
  169 -1.038  0.431 -0.204 211.62  78.02  64.04  77.83 249.04  83.99  58.64
  170  0.308 -0.725  0.258  79.34 201.13  60.99 199.75 207.57 200.91  67.78
  171  1.074  0.939 -0.852 133.41  35.04  98.62  32.91  21.10  29.50  64.88
  172 -0.159 -0.231 -0.404  47.09 150.69 149.74 148.92  43.78 149.68  65.88
  173 -0.168  0.692 -0.566 188.27  56.49 221.77  56.13 112.30  57.09  76.56
  174  0.192  0.878  0.106 202.00  35.67 236.19  33.89 208.77  34.71  48.00
  175  1.244 -0.277 -0.295  36.25 153.39 149.00 153.27 119.09 154.52  57.90
  176 -0.518  0.610 -0.937  30.04  64.61 245.29  66.33 238.18  65.00  58.85
  177 -0.270 -1.153  0.805 161.19 251.65 191.64 248.24  77.71 248.86  56.33
  178  1.107 -1.196 -0.980 149.55 245.07  92.11 244.78  59.89 251.12  67.89
  179  0.715 -0.534 -0.011 239.46 180.02  14.65 252.64 220.11 183.07  62.85
  180  0.081 -0.390 -0.010 229.42 167.78 220.11 168.69  59.89 251.12  63.68
  181  0.273 -0.481  0.209  94.81 176.88 171.98 176.26 245.32 178.70  69.20
  182 -0.336 -1.082  0.899  48.37 244.77  10.49 241.48 176.51 241.06  57.25
  183  0.133  0.922 -0.306 161.19 251.65  86.59  30.60 246.25  30.55  56.33
  184  0.208  0.920 -0.680  23.00  32.00  14.65 252.64 139.55  32.90  39.75
  185  0.639  0.026 -0.174  46.98 121.33 172.07 124.85  59.89 251.12  60.25
  186 -0.205 -0.947 -0.175  43.72 226.43 144.72 224.95  15.07 224.69  67.56
  187 -1.065  0.848 -0.232 145.29  35.67 207.27  39.67  59.89 251.12  53.00
  188 -1.073  0.312  0.158 161.19 251.65 241.41  91.84 185.83  96.25  56.33
  189 -0.034 -0.043  0.403 161.19 251.65 154.98 128.77 101.74 131.82  56.33
  190 -0.464  0.667 -0.848 202.11  57.37  14.65 252.64  98.78  59.82  63.20
  191 -0.590  0.705 -0.742 133.20  54.19  14.65 252.64 148.63  54.76  60.70
  192  0.201 -0.191  0.693  63.97 148.01 109.83 148.14  90.57 145.99  55.25
  193  0.217 -0.226 -0.983 166.86 148.45  14.65 252.64 150.58 148.82  72.76
  194 -1.152 -0.754  0.402 176.41 207.11 182.32 206.38  59.89 251.12  72.68
  195  0.416  0.032  0.361 161.19 251.65 127.50 121.20  77.37 121.20  56.33
  196  0.652 -1.243 -0.978 236.37 248.85 251.30 252.03  59.89 251.12  62.47
  197 -0.512 -0.035 -0.821 161.80 128.05  14.65 252.64 239.59 128.18  53.82
  198 -0.954  0.524  0.810  87.67  69.25 144.34  71.24  59.89 251.12  67.54
  199 -1.263  0.263 -0.233 146.11  98.38  14.65 252.64  71.18  99.91  62.48
