    1  1.061  0.082 -0.931 249.37 119.50  62.64 119.20 154.38 116.37  51.92
    2 -0.060 -0.321  0.894 214.57 157.54 202.89 158.07 143.92 159.65  72.18
    3  0.288 -0.890 -0.584 225.93 217.39 247.29 216.84  12.37 218.99  53.71
    4 -1.126 -0.112 -0.304  73.74 138.40 250.28 138.60 228.46 138.94  67.67
    5  0.206 -1.130 -0.161  99.88 242.40  92.78 243.66  73.03 245.53  69.19
    6 -0.386 -0.595  0.287 197.43 187.69  96.46 189.93  85.93 189.55  73.46
    7  0.619  0.387  0.528 130.11  87.67  87.51  82.95 230.67  85.21  57.86
    8 -0.452 -0.466  0.421  73.96 177.04 217.45 175.14 245.00 175.90  75.50
    9 -0.091  0.722  0.556 216.10  48.80  33.27  47.46 102.86  51.82  54.31
   10  0.115 -0.752  0.140 248.15 203.68 227.27 205.73 198.55 206.00  62.29
   11 -0.915 -0.591  0.245 225.29 189.78 192.49 188.52 137.34 185.93  60.77
   12 -0.217 -1.110 -0.562  44.00 241.70 153.38 238.86 106.47 240.00  53.25
   13 -0.857  0.380  0.363 106.66  84.41 193.89  87.27 170.38  87.18  63.44
   14  0.064 -0.501 -0.034 154.62 178.97  99.05 178.85  84.59 179.08  70.65
   15  0.227  0.038 -0.304  31.36 121.08 179.13 123.20  78.44 121.66  63.57
   16  0.617 -0.579  0.047 204.84 184.51  17.95 184.01  25.21 188.81  62.71
   17  1.178 -0.100 -0.073  56.86 137.51  69.44 137.37 248.68 138.02  63.71
   18  0.509  0.027  0.871 144.60 124.68 147.93 124.31  61.45 124.40  79.00
   19  0.032  0.324  0.488  81.45  90.32 243.50  91.64 163.52  93.22  66.92
   20 -1.025 -0.196 -0.497 199.72 143.19 224.85 143.43 170.45 145.55  67.34
   21  0.123 -0.849  0.325  26.15 215.21  48.43 215.63 205.89 214.41  61.32
   22  0.633 -0.751 -0.666 180.07 202.43 247.73 199.03 147.44 205.05  42.00
   23  0.481 -0.927  0.127  57.67 221.67 146.49 221.00 129.03 225.72  56.00
   24 -0.678  0.665  0.250 161.59  56.70 164.19  57.96 254.33  59.10  69.70
   25  0.139  0.828  0.765 226.65  36.66  38.07  35.00 223.38  39.03  51.50
   26  0.587  0.835  0.327 183.28  40.32 183.88  38.96 199.56  38.98  67.36
   27  0.080  0.764 -0.427 183.08  48.17 162.58  47.33  87.89  46.07  84.52
   28 -0.375 -1.128 -0.436 153.01 244.64 106.24 241.10 117.86 241.15  72.07
   29 -0.890 -0.691 -0.919 167.81 196.64  62.09 193.05  76.52 192.16  70.32
   30 -0.417 -0.946 -0.896  27.63 222.32 136.28 220.25 174.86 221.69  41.17
   31  0.600 -0.782 -0.419 101.78 205.19 140.28 206.81 120.99 207.08  60.90
   32  0.395 -0.225  0.001 168.39 150.18 179.65 150.80  69.89 150.91  68.29
   33 -0.609  0.084  0.932 148.48 116.51 181.87 115.99 174.91 116.08  81.89
   34 -0.728 -0.096  0.008  16.44 137.59  67.04 135.21  95.28 137.26  60.26
   35 -1.110  0.443 -0.249 179.28  80.50 237.79  82.42 228.21  82.78  67.48
   36 -0.328 -0.754  0.145 177.75 207.37  48.87 205.77 225.25 205.56  65.45
   37 -1.056  0.473 -0.957  65.18  75.40 174.12  79.79 219.34  80.07  59.35
   38 -0.880  0.910 -0.359 133.52  26.18  48.01  34.38 180.26  32.66  71.18
   39 -0.208  1.033  0.267  55.85  17.64 195.60  19.52 138.26  18.30  50.71
   40 -0.190  0.968  0.265  18.38  24.04 113.17  23.86  79.97  24.47  53.38
   41  0.419  0.568 -0.281 232.17  68.87 187.63  68.53 106.56  67.30  58.24
   42  0.346  0.676  0.027 103.97  57.11 107.71  56.14  88.01  56.47  67.72
   43  0.502 -0.350  0.464 249.60 163.58 167.38 163.29 115.11 164.90  51.79
   44  0.357 -1.140  0.536  84.66 247.03  53.66 246.88 171.70 249.68  68.50
   45 -1.089  0.323 -0.540 162.50  94.01 193.83  93.70 160.07  95.22  74.77
   46  0.303  0.373  0.555   3.34  87.92 153.02  87.74 202.03  86.93  60.68
   47  0.335 -0.110  0.209 241.18 138.30  16.82 139.56  28.94 139.46  58.93
   48 -0.558  0.666  0.382 132.89  55.79 118.38  56.67 146.44  57.19  67.38
   49 -0.771 -0.753 -0.217 156.37 206.65 124.19 204.47 108.59 197.04  64.47
   50 -0.029  0.729  0.268 131.57  49.93 136.46  50.24 132.93  46.70  71.03
   51 -1.228 -0.957 -0.561  31.19 228.20 124.59 225.31 138.26 221.73  70.06
   52  0.109 -0.650  0.445  75.76 194.34  97.91 192.77  65.07 192.18  64.27
   53 -0.603  0.206  0.492 132.53 104.82 159.54 101.94  13.76 104.90  62.44
   54  0.178  0.188 -0.528 186.63 107.53 153.84 107.32 113.78 107.25  71.75
   55  0.294  0.247  0.640 196.98  99.25  50.16  98.88 231.24 100.25  63.67
   56  0.045 -0.387  0.334 153.62 164.90 181.31 165.30  18.97 166.61  62.26
   57  1.076 -0.457 -0.810  12.57 169.07 183.34 169.00 211.28 174.86  59.22
   58 -0.142  0.982  0.590 157.74  21.15 185.55  20.50 238.47  23.27  62.33
   59 -0.357  0.418 -0.036 203.05  82.46 185.99  82.77  68.80  83.43  63.00
   60 -0.308  0.027 -0.175  30.84 124.89 130.80 124.72 116.31 124.71  59.64
   61 -0.092  0.669  0.752 122.44  54.85 125.72  55.31  27.97  55.94  64.07
   62 -0.727 -0.488  0.940 144.93 180.29 101.85 179.54  52.46 178.20  78.19
   63 -0.859 -0.843 -0.971  62.06 213.85 189.53 208.16 186.51 209.73  64.69
   64 -0.574  0.072  0.141  89.31 120.03 234.61 120.09 103.89 120.06  68.20
   65  0.930 -0.728  0.629 209.17 203.27 173.84 204.43  80.87 206.47  58.25
   66  0.711 -0.284  0.273 232.74 154.60 241.19 155.34 221.05 156.13  61.40
   67  0.177 -0.899 -0.164 236.54 218.99 207.85 219.86 118.66 220.53  54.62
   68  0.508 -0.581  0.981  47.18 185.58  32.28 190.23 170.90 189.57  61.30
   69  0.731  0.363  0.144  29.42  89.55 118.28  89.07  25.56  89.13  65.50
   70  0.362 -1.083  0.621 106.96 240.25  58.11 242.59  31.30 243.82  58.50
   71  0.733  0.160 -0.709  69.73 111.38  56.17 109.69 152.00 108.89  61.67
   72 -0.641 -0.628 -0.158   5.50 191.83 183.09 190.95 124.47 191.47  50.50
   73  0.832  1.104  0.146  13.53  15.00 247.62  11.00   9.33   3.36  55.12
   74 -0.270 -0.468  0.987 115.33 177.97 104.10 178.26  58.90 176.80  64.79
   75  1.108  0.602 -0.804  91.44  66.30 151.70  65.36 208.32  63.13  75.36
   76  0.758 -0.872  0.291 164.39 217.26 157.55 218.62 164.07 219.81  68.20
   77 -0.593 -0.068 -0.180 171.15 134.35 147.38 134.40 118.31 134.50  66.64
   78  0.796 -0.991 -0.938  69.47 224.93  47.12 225.32  20.10 226.54  70.00
   79 -0.900  0.707  0.210 153.98  51.62 118.64  51.64  85.98  51.98  68.56
   80  0.878 -0.462 -0.573 214.70 172.52 225.03 173.41  88.18 175.84  62.95
   81  0.024  0.034  0.048 155.57 124.31 105.04 124.28 154.47 124.25  63.81
   82  0.133  0.265 -0.315  37.08  98.07 185.73  98.86  80.78  99.17  58.36
   83 -0.667  0.172  0.995 136.36 109.04 179.96 108.98 154.95 108.68  70.61
   84 -0.778  0.293 -0.875  99.01  96.02 219.65  96.57 242.43  97.52  75.56
   85  1.112 -0.482  0.273 195.89 174.42  80.57 177.44  13.39 179.61  66.14
   86  0.173  0.148 -0.344 178.18 112.32 115.87 112.32 209.40 111.69  64.91
   87  0.258  0.115 -0.396  96.17 115.04  80.71 115.26 148.40 115.37  60.83
   88  0.631 -0.224 -0.846  27.35 148.88  23.81 148.26 178.17 150.74  62.75
   89 -0.255 -0.133  0.114 103.64 140.17 163.29 139.77  40.23 139.60  40.67
   90 -0.940 -0.229 -0.955 164.20 150.59 191.68 150.75  40.29 148.96  60.17
   91 -0.766  0.490 -0.480  45.20  73.18  10.18  75.96 121.66  78.32  58.50
   92 -0.041 -0.761 -0.937 171.19 203.60 192.30 204.28  56.04 204.55  63.78
   93 -0.755  0.883  0.592  96.84  26.38  11.42  27.51  32.48  29.79  64.00
   94 -0.799 -0.336 -0.084 170.32 162.66 165.81 159.46 171.19 158.63  71.25
   95 -0.083  0.318 -0.908 126.00  95.44 145.00  95.53 194.22  95.76  74.25
   96  0.240  0.197  0.621  98.70 104.99  87.71 104.95  54.47 105.21  28.75
   97 -0.811 -0.970 -0.955  13.13 227.93 178.48 225.04 112.79 222.97  62.80
   98 -0.991  0.306  0.036 206.48  94.32 215.31  95.84  41.32  96.06  70.22
   99 -0.036 -0.950 -0.431 188.58 223.97  86.45 223.15  30.23 223.25  72.25
  100  0.915 -0.144  0.414  13.07 140.19  62.77 139.89 138.50 139.88  64.53
  101 -0.025  0.714 -0.418  65.15  52.50 125.16  51.75 227.01  51.95  65.94
  102  0.265 -1.159  0.417 135.73 249.47 166.05 249.21  67.19 249.93  70.20
  103 -0.701  0.356  0.145 168.95  89.20  40.62  90.05   8.83  90.82  61.50
  104  0.469 -0.538  0.563  32.94 180.86  49.85 180.85 209.29 180.46  48.42
  105  0.278 -0.035 -0.799 220.84 125.40  96.48 125.46  95.08 125.47  63.67
  106 -0.459  0.126 -0.064 190.99 114.33 224.82 114.09 237.26 113.61  58.62
  107 -0.424  0.149 -0.407 112.44 112.19 202.30 112.14 122.36 112.30  65.70
  108 -0.651  0.532 -0.324 167.19  70.30 171.31  69.89  99.03  69.29  71.98
  109  0.833  0.310  0.158  49.95  95.55  17.53  95.38  25.95  93.87  69.75
  110 -0.163 -0.056 -0.536 134.97 131.71 156.38 131.80 234.30 132.43  75.54
  111 -0.703 -0.860  0.486  25.64 218.88 141.25 217.58 137.32 213.60  66.62
  112  0.560 -0.275  0.384 222.98 153.43 233.55 154.00 217.97 154.77  63.33
  113  0.529  0.849  0.315 238.92  34.36 215.17  34.67  52.05  36.61  57.32
  114 -0.196  0.687  0.264 247.71  53.87  34.04  54.23 129.60  54.93  54.20
  115  0.307  0.969  0.739 150.66  23.70 239.38  23.20  34.80  21.36  64.71
  116  0.359 -0.298  0.125 205.70 156.77 187.24 157.20 152.75 157.71  69.74
  117 -0.326  0.600 -0.518 247.68  63.69  96.01  60.04 245.03  65.56  60.00
  118  0.291 -1.034  0.922 115.35 236.77  60.98 238.84 138.24 238.89  57.86
  119  0.326  0.769  0.335 180.90  46.24 135.61  45.88 248.11  44.10  69.44
  120  0.602 -0.372 -0.409 203.74 164.78 135.17 164.87 228.38 165.87  64.54
  121  0.827  0.890  0.320   3.89  33.92 115.61  27.51  88.49  27.17  55.65
  122  0.566 -1.154 -0.103  44.99 245.34 201.11 246.79 148.87 248.50  55.21
  123 -1.133  0.516 -0.068  68.63  72.52 244.17  70.66 236.00  70.29  55.89
  124 -0.093  0.363  0.937 189.70  89.02  37.94  88.24 122.18  88.40  59.83
  125  1.022 -0.250 -0.195  19.16 151.86  34.10 151.26 151.99 151.90  60.08
  126 -0.289 -0.612  0.344  64.97 191.72  87.75 190.74  70.10 190.10  68.31
  127 -0.046  0.807  0.550 205.81  41.73 238.99  40.63  98.63  39.68  65.33
  128  0.166  0.324 -0.777  19.83  94.28 131.69  93.93  99.92  93.94  59.52
  129 -0.121  0.156 -0.453 117.48 109.48  19.23 111.74  16.49 110.16  62.56
  130 -0.380  0.218  0.691 223.42 103.89 141.95 101.09 117.96 101.82  44.83
  131  0.631  0.133 -0.627 142.99 113.04 146.01 113.12  93.77 113.15  66.75
  132 -1.204 -1.115 -0.027 193.95 247.80 166.85 243.54 151.01 239.59  69.80
  133 -0.472  1.083  0.768  72.52 253.46  48.29   9.09 215.07  12.99  86.36
  134 -0.226 -0.467  0.774 249.34 177.43  74.73 176.14 218.01 176.47  60.57
  135 -0.817  1.096 -0.623 126.96  11.38  86.79  16.17  97.92  18.13  62.12
  136 -0.735 -1.168 -0.578 221.77 249.58  68.36 246.13 125.05 244.33  63.25
  137 -1.144  0.987 -0.436 233.43  21.94 161.12  24.57 137.20  26.96  52.33
  138  1.160  0.802 -0.674 102.27  47.35 146.60  43.01  90.28  42.87  37.00
  139 -0.557 -1.096  0.870 187.13 246.30 122.64 245.06  87.01 242.06  57.60
  140  0.049  1.038  0.576 179.66  17.61  45.33  17.09  77.80  17.66  71.92
  141  0.246  0.403 -0.859 244.81  86.58  91.25  84.92 152.72  86.65  45.67
  142  0.005  1.030  0.977 220.14  15.28 209.23  16.10 192.81  17.17  65.16
  143 -0.126  1.003 -0.865 197.49  25.81 108.33  26.69 115.26  24.12  67.00
  144  0.797  1.111 -0.729 120.41  15.16  77.70  12.34 187.26  10.35  67.18
  145 -0.585 -0.090 -0.818 205.88 134.44 172.66 134.61  70.17 135.21  61.00
  146 -0.676 -1.032  0.749 150.72 238.18 156.27 236.53 206.85 234.57  72.59
  147 -0.526 -1.134 -0.202 117.88 245.84 149.57 244.88  99.13 242.94  69.20
  148  0.491  0.049 -0.069  93.23 120.67  68.33 120.80  59.27 120.82  75.49
  149  1.091 -0.261 -0.098 216.50 152.05 169.26 151.61 129.31 152.70  58.67
  150 -0.754 -0.824  0.467 250.05 214.27  42.39 212.62  77.31 211.62  53.25
  151  0.495  0.184  0.169  10.30 108.97  64.46 106.47  42.68 106.82  30.50
  152  0.261 -1.004  0.924 246.01 232.06  32.84 231.23  91.99 235.28  57.44
  153  0.066 -0.350  0.180  63.73 163.84  45.59 163.02  75.34 162.55  64.81
  154  0.962  0.141 -0.891  86.57 112.84  84.93 113.05 144.74 112.90  64.69
  155  0.247 -1.076 -0.325 189.08 236.68  55.89 238.63  92.85 237.98  46.00
  156  0.269  0.457  0.378   8.28  79.19  95.23  78.36 176.29  78.76  58.23
  157  0.446  0.478 -0.550  52.29  77.03  50.25  78.28  29.84  76.02  64.72
  158 -0.291  0.575 -0.239 174.22  65.88 239.11  67.69 164.77  69.05  50.40
  159 -0.392  1.062  0.406  42.51  14.05 215.15  12.97  43.04  14.24  60.73
  160  0.680 -1.107  0.775 197.73 242.10  74.13 245.17 240.83 247.45  64.65
  161  0.549  0.280  0.188 220.63  96.55  25.13  96.43  27.00  97.21  72.48
  162  0.581  0.585 -0.438 207.88  68.82  95.07  67.12 239.47  66.25  51.67
  163  0.571  1.073 -0.881 223.50  19.74  10.05  19.66  64.79  17.51  61.24
  164  0.181 -0.058  0.366 193.83 133.38 212.83 133.45 212.08 133.83  59.57
  165 -0.272 -1.036 -0.014 200.96 235.04 212.75 229.72 208.64 232.58  67.53
  166  1.155 -0.684 -0.105 250.78 196.05 139.79 196.93  72.79 196.60  42.67
  167 -0.817  0.357  0.855 216.69  87.98 160.47  88.65  12.11  90.54  66.13
  168 -0.353  0.080 -0.509 120.46 119.10 154.62 116.49  24.20 119.41  60.64
  169 -0.389  0.431  0.310 211.97  80.70  14.08  82.69  96.57  82.69  66.00
  170  0.625  0.329  0.260  36.70  94.19  37.30  91.21  66.15  91.24  55.24
  171  0.389 -1.041  0.345 244.11 234.99 100.02 235.78 103.75 236.48  65.06
  172  0.940 -0.439 -0.226 157.71 168.85 132.99 168.99 107.24 168.91  81.95
  173 -0.672 -1.105 -0.957 203.48 238.32 169.23 237.85  25.68 236.33  77.30
  174  0.127 -1.218 -0.339  51.72 249.80  61.10 251.44 128.01 250.09  63.80
  175  0.068  0.767  0.869 192.15  44.23 123.42  42.51  94.81  43.55  66.10
  176  0.426 -0.712  0.766  30.37 200.92 211.98 203.32 227.41 201.38  46.11
  177 -0.766 -0.813 -0.215   3.94 209.92  94.05 207.05 178.39 207.47  58.27
  178 -0.651 -1.195 -0.231  69.62 253.26 133.07 249.22  81.09 248.70  81.10
  179  1.138  0.564 -0.514 175.42  69.15  98.32  69.02 185.57  67.37  71.80
  180  0.169  0.788  0.924 162.59  42.52 186.61  40.84 127.75  41.62  73.79
  181  0.925  0.459 -0.490  28.24  81.21 156.71  80.14  66.71  79.07  60.95
  182 -0.252 -0.488  0.223 150.13 178.47 244.96 178.85  65.00 177.78  59.08
  183 -0.526 -0.470 -0.496 203.73 173.45 236.57 174.29 195.31 169.78  57.10
  184  1.135 -0.845  0.238 170.39 212.34 157.74 212.86 234.81 218.37  67.67
  185  0.834 -0.748 -0.891  14.33 199.75  39.02 197.50 125.29 205.02  45.25
  186  0.786 -0.158  0.486 238.04 143.03 101.64 142.15 185.17 143.75  92.00
  187  0.545  0.429  0.524 116.73  82.43 102.57  82.58 249.06  80.75  54.92
  188  0.283 -0.811  0.114  33.80 208.90  49.38 212.09   4.50 213.03  54.00
  189  0.416 -0.059  0.708 105.55 134.01 111.70 133.95 121.73 133.95  70.81
  190 -0.816 -0.949  0.590 246.39 228.30   3.42 225.56  24.86 226.16  50.82
  191  0.659  1.065 -0.441 131.97  19.24 233.98  17.27 218.37  13.31  73.42
  192  0.503 -0.218 -0.437 229.97 144.85  17.07 149.41  45.09 147.88  69.03
  193 -0.902  0.371 -0.768  97.52  89.15 204.60  90.35 190.40  90.71  61.23
  194 -0.824  0.068 -0.916 197.82 120.21  39.65 120.64  67.89 120.69  58.50
  195 -0.761  1.134  0.313 139.10 253.34 238.34 252.35  34.99   7.54  84.82
  196  0.580  0.868 -0.829 200.27  40.22 190.00  40.39 247.00  37.49  66.76
  197  1.026  1.079 -0.195 167.61  18.45 128.77  16.99  35.92  11.36  77.67
  198  0.831 -0.052 -0.525 105.81 125.42 153.67 131.61 170.87 131.85  68.95
  199  0.223  0.597  0.348 145.31  59.65  57.12  58.54  56.38  60.75  35.67
  200 -0.698 -1.139 -0.861 107.32 244.94 159.57 239.64  11.23 240.74  67.14
  201 -1.058 -0.535  0.142 109.61 181.59 134.87 180.24 122.99 180.43  66.82
  202 -0.300  0.637  0.823 172.62  58.45  69.47  58.07  51.07  59.14  75.24
  203 -0.618 -0.110  0.521 178.70 139.69  12.68 139.74  46.73 139.40  72.82
  204  0.827 -0.994 -0.449  33.97 226.89 208.02 227.51   4.41 228.42  47.85
  205 -1.161  1.072 -0.530 207.55  13.32 133.52  18.01  86.76  20.39  48.50
  206  1.074 -1.210 -0.342 183.53 248.28 156.25 250.62 140.21 253.77  63.07
  207  0.547 -0.404 -0.794  69.62 253.26 189.82 166.30 186.44 167.06  81.10
  208  0.378 -0.337 -0.101  69.62 253.26 121.79 162.78  48.48 162.36  81.10
  209  0.524  0.118 -0.284 172.47 114.89 192.21 114.78  77.43 115.35  55.29
  210  0.187  0.825  0.134 160.45  41.55  61.10 251.44 157.35  39.06  60.88
  211 -0.216  0.037  0.884  69.62 253.26  45.64 121.56 163.51 123.16  81.10
  212 -0.342 -1.113 -0.054 232.22 244.28  89.96 243.44 140.21 253.77  55.57
  213 -1.093 -0.208 -0.523  69.62 253.26 211.27 144.50 204.59 145.63  81.10
  214 -0.890 -0.960  0.810  69.62 253.26  41.42 228.90 155.15 226.36  81.10
  215  1.099  0.870 -0.805  69.62 253.26 143.18  39.66  25.17  36.42  81.10
  216 -1.153  0.516 -0.360 220.43  71.94  61.52  73.66 140.21 253.77  60.51
  217  0.802 -0.148 -0.305 121.67 142.27  61.10 251.44  88.58 142.06  72.75
  218  0.077 -0.882  0.110  69.62 253.26  53.88 219.32 212.87 219.50  81.10
  219  0.487 -0.226  0.811 175.96 151.45  61.10 251.44 204.93 151.25  70.96
  220 -1.248 -0.384 -0.316 178.35 165.88  61.10 251.44 144.23 165.75  68.22
  221 -0.879  0.076 -0.765  69.62 253.26  92.27 120.03 247.85 119.77  81.10
  222 -1.023  0.155  0.646 191.43 109.22 146.35 109.13 140.21 253.77  61.10
  223 -1.296 -0.599 -0.388 116.30 191.33  61.10 251.44  16.74 183.11  69.71
  224 -1.101 -0.113 -0.703  24.71 140.13  52.62 138.22  50.97 138.04  62.36
