    1  0.161  0.661  0.923 132.63  56.09 171.34  56.93 138.17  54.91  46.47
    2  1.118 -0.882  0.298  22.23 216.14 209.57 209.75  24.89 216.83  51.02
    3 -0.865 -0.976  0.603 157.44 233.08 245.72 220.99 161.66 222.59  50.46
    4 -0.814 -0.856  0.472 196.04 217.91  44.26 207.38 105.12 213.33  38.41
    5  0.466  0.333  0.177  74.93  91.37  51.16  92.12 145.93  91.91  47.63
    6  0.410 -0.614  0.539 149.04 189.71  98.09 188.95  78.53 190.83  70.14
    7 -0.038  0.547 -0.539  85.98  66.75 111.67  68.35  84.50  69.59  48.83
    8 -0.667 -0.116 -0.258  49.02 137.69 173.69 136.89  27.62 137.44  32.29
    9 -0.404 -1.179 -0.534  79.00 248.94 143.81 238.17  22.06 239.83  41.32
   10  0.883 -0.388 -0.956 247.97 158.91 167.56 156.58 108.98 163.84  30.25
   11 -1.166 -0.092 -0.357  11.26 135.33 183.03 134.60  89.14 135.56  40.65
   12  0.376 -0.454 -0.383 181.79 166.58 170.67 157.74 122.03 166.19  39.33
   13 -0.399 -0.843  0.099 161.71 213.08  40.14 206.55  54.52 206.06  48.34
   14 -0.128 -0.132  0.138 246.12 140.05  16.07 140.32 187.42 140.14  42.25
   15 -0.026 -0.665 -0.090 115.76 191.93 174.88 188.95 241.85 192.42  47.44
   16  0.057 -0.806  0.411  24.22 209.29 234.08 201.58  75.17 205.58  32.94
   17 -0.541 -0.547  0.378 144.36 183.86 117.23 181.68 112.56 181.07  27.59
   18 -0.908  0.719  0.140 228.38  48.81 186.49  50.75  98.99  53.67  42.45
   19  0.418 -0.709 -0.814 217.15 196.40 196.32 192.13  62.75 197.14  41.70
   20  0.646 -0.607  0.343 200.84 187.30 157.22 186.48 190.85 189.99  45.58
   21  0.035 -0.263  0.484 229.83 151.67  14.35 148.23 193.90 152.80  34.35
   22  0.540 -0.891  0.100 107.94 217.12 134.23 213.30 226.56 216.67  47.18
   23  0.542 -0.238 -0.766  15.08 148.95 166.88 143.77  44.98 146.73  42.08
   24  1.028  0.155 -0.505 251.60 109.08 172.62 105.31 174.37 104.93  30.69
   25 -1.131  0.466 -0.281  43.33  74.38  91.16  77.68 119.34  73.80  29.16
   26  0.853 -0.834 -0.127 201.02 208.66  89.54 203.08  55.14 211.88  45.30
   27  0.318  0.108  0.763 117.94 114.42  15.10 112.80  38.59 115.65  33.31
   28  0.070 -1.001  0.269 163.06 232.28 133.69 223.81  31.14 226.83  38.00
   29  0.434 -0.083  0.163 232.92 134.42 130.79 131.98 175.79 133.81  31.50
   30  0.163  1.093  0.841 152.09  11.63 156.00   7.71 217.68  10.83  54.65
   31  0.293  0.152 -0.659  89.71 110.19 118.40 107.39 250.26 106.16  29.00
   32  0.151  0.416  0.181  70.56  76.77  48.60  78.05  68.00  78.81  29.00
   33  0.923 -1.005  0.658 167.85 228.16  36.26 232.08 185.91 233.85  41.24
   34 -0.097  0.586  0.861 157.83  62.63 220.16  63.58 132.14  61.19  39.38
   35  0.378 -0.272  0.007 208.96 152.08 169.05 149.11 252.97 153.47  25.67
   36 -1.059 -0.185 -0.570  63.90 141.83  45.00 141.50  47.05 142.11  54.47
   37 -0.059  0.734  0.638 196.43  45.99 250.91  49.25 250.08  48.94  62.56
   38 -0.264 -0.098  0.961  96.33 135.71  87.68 135.61  95.61 137.40  48.56
   39 -0.880 -0.782 -0.961 118.10 203.69  55.46 197.30 208.10 199.68  43.92
   40 -1.226 -0.994 -0.579 176.96 230.77 228.25 219.34  12.02 222.12  46.69
   41  0.719 -0.510  0.515 168.21 179.61 157.44 179.48 137.86 178.86  29.19
   42 -0.877  0.908 -0.442 134.98  31.24 168.55  33.32 100.96  34.06  49.16
   43  0.052 -0.917  0.077  83.23 220.67  44.35 214.73  28.97 221.45  43.88
   44  0.279 -0.481  0.092   7.72 167.32 204.86 159.59 246.81 167.99  38.78
   45  0.493 -0.018  0.455 194.85 125.53 170.81 125.50 101.84 127.68  42.60
   46  0.692 -0.501 -0.254  54.40 168.51 148.90 166.01 198.23 173.03  45.96
   47 -0.082 -1.059 -0.544 174.94 233.75 188.71 232.16  24.56 231.22  43.40
   48 -0.271 -0.175 -0.562   9.43 140.81 214.47 140.58  99.07 141.99  39.87
   49 -0.979 -0.613  0.233 172.21 190.75 178.08 187.97  48.49 188.48  44.40
   50  0.090  0.228  0.380  44.64  97.29 148.40  99.90 133.50 100.23  41.82
   51 -0.783 -0.478  0.933 159.41 174.46 158.60 163.72  44.05 166.76  49.80
   52  0.116 -0.076 -0.370 200.72 133.74 138.82 130.83 129.71 131.74  54.29
   53  0.255 -1.041 -0.672 248.83 232.54 167.55 227.22  15.12 229.50  42.62
   54 -0.130  0.903  0.681 192.22  31.20 104.40  31.69 129.42  31.99  42.80
   55 -0.091 -1.215 -0.594 118.91 250.99  95.09 243.52  28.22 247.17  39.83
   56  1.117 -0.555 -0.131  64.70 181.01 168.46 180.83  52.45 185.21  38.12
   57  0.968  0.512  0.667  17.70  68.60   9.61  70.61 210.85  71.47  36.05
   58  0.934 -0.673 -0.153 211.74 191.03 180.50 191.24 132.74 194.00  47.33
   59 -0.647  0.033  0.055 116.58 120.87 125.98 120.80  19.22 121.11  53.89
   60 -0.875 -0.380 -0.142 233.34 165.59 139.28 156.96 248.13 158.53  40.92
   61 -0.240  0.975  0.390 124.79  21.18 102.93  25.46  36.14  24.44  43.39
   62 -0.818 -0.770 -0.284  29.61 207.61 224.72 197.78  80.72 199.71  31.61
   63 -0.709  0.638  0.214 191.65  57.74 116.19  58.07 194.85  60.86  44.98
   64  0.196 -0.359  0.306 110.23 157.32 132.02 156.11 250.27 157.79  46.62
   65 -0.788 -1.081 -0.998  86.96 234.61  29.06 232.49 195.94 231.17  48.79
   66 -0.226  0.916  0.387  94.08  31.07 173.58  30.01 142.67  29.00  39.92
   67  0.099 -0.024  0.723 182.38 127.72 144.44 127.71  99.68 128.60  41.55
   68 -0.784  0.494 -0.553 142.46  73.79  59.13  76.07  51.06  73.32  50.50
   69  0.274  1.192 -0.704 197.87 253.81 232.31   6.77 231.26   4.13  49.81
   70  0.764  0.420  0.871  62.44  75.58   6.75  77.79  70.96  77.03  48.05
   71  0.195  0.274 -0.107 182.30  92.65 176.98  93.39  75.73  92.83  48.56
   72  1.189  0.766 -0.172 160.16  50.25 209.08  47.08 143.30  43.92  41.96
   73 -0.448  0.344  0.003  68.79  90.17  16.54  91.39  25.32  91.89  43.06
   74 -0.093  0.196  0.624 163.49 104.23 158.14 104.11 156.49 103.84  52.32
   75  0.151  0.005  0.716  86.90 122.05  57.68 121.43 207.46 121.81  35.30
   76 -0.741  0.347  0.070 157.98  87.44 235.64  90.92  60.78  91.52  44.20
   77 -0.180  0.279 -0.895  99.64  92.02  48.23  97.51 151.94  92.98  47.23
   78  0.098  1.077 -0.971  18.03  19.01  78.92  18.16  37.77  16.40  44.56
   79  0.397 -0.202 -0.251 124.66 143.15 133.02 143.09 113.11 146.03  46.62
   80  0.399 -0.765  0.624 106.62 200.27  78.71 199.34 184.25 200.97  49.45
   81 -0.100  1.098  0.554  14.00   9.87 194.38  11.71  97.72  10.91  38.33
   82 -1.100  0.363 -0.588 216.58  86.94  35.83  89.89   5.50  91.38  41.12
   83  0.918  0.646 -0.968  83.32  60.23  54.04  61.49  92.17  59.78  43.97
   84 -0.243 -1.186 -0.684  43.25 244.58 131.51 236.31  89.65 242.86  36.83
   85  0.279 -0.561 -0.055 169.19 181.52 220.22 182.08 104.86 183.63  94.37
   86 -0.281 -0.567  0.756 149.75 185.95 123.70 185.45 131.15 185.53  88.30
   87  0.765  0.666  0.145 156.32  57.19 145.70  57.13  87.78  56.86  48.98
   88  1.060  0.368 -0.650  17.02  90.13 133.99  87.27 108.41  87.23  41.17
   89  0.523 -0.060  0.191 202.66 130.08 131.83 128.79 143.76 130.19  50.61
   90  0.994 -0.906 -0.828  55.63 215.34 170.69 209.73 199.50 216.56  40.90
   91 -1.161  0.564 -0.409 165.54  65.45  87.14  68.22 116.50  68.31  43.95
   92  0.373 -0.487  0.962 179.85 171.54  37.85 167.51   8.80 178.44  44.90
   93 -0.809 -0.827 -0.279  54.54 209.32  87.61 200.32 213.58 203.72  48.16
   94  0.940 -0.114  0.557 136.83 136.04   8.82 137.67 227.67 138.02  49.44
   95 -0.814  0.770  0.580 196.02  34.42 178.73  42.55 233.00  46.56  33.00
   96 -0.394 -0.071 -0.219 131.42 131.74 180.33 130.16  96.67 130.84  48.97
   97  0.395  0.344  0.162 111.72  90.63  79.69  91.06  12.24  90.76  44.67
   98 -0.673  0.121  0.441  64.56 112.40 232.97 112.46 229.78 111.96  41.59
   99 -0.707 -0.671 -0.230  58.52 194.19  93.65 189.11  20.11 190.97  42.89
  100  1.022 -0.708 -0.075 134.77 197.27 171.77 193.52  64.24 198.79  49.12
  101  0.392 -0.273  0.984 155.39 152.40 174.19 152.50 100.39 156.08  45.56
  102  0.781  0.062 -0.530  77.95 120.29  78.28 120.41  90.92 120.31  33.41
  103 -0.811  1.089  0.302  43.81   9.85  49.44  12.90 190.42  14.99  43.28
  104 -0.369 -0.712  0.294  67.11 198.81 125.55 197.05 117.03 197.18  48.27
  105  0.290  1.065 -0.748 219.78  19.79 138.09  20.54  31.93  16.14  36.14
  106  0.035 -0.005 -0.515  26.39 125.25  60.99 124.92  56.15 124.86  39.41
  107  0.402  0.026  0.463 102.60 121.23 103.15 121.31 109.80 121.31  44.93
  108 -0.450  0.097  0.715 177.14 115.36 142.27 114.42 193.22 116.04  41.56
  109 -0.566 -1.153 -0.261  25.63 244.56  49.46 236.26 176.64 237.73  43.00
  110  0.029  0.524 -0.019 110.87  67.82  91.77  72.48 132.94  72.33  49.20
  111  0.969  0.427 -0.764  47.92  76.77  12.08  80.47 119.83  77.69  81.00
  112 -0.583 -0.509 -0.605 192.11 179.05 216.71 167.07 232.11 168.26  44.70
  113 -0.779  1.140 -0.684 226.09   9.50 118.27  11.74 173.48  11.62  37.44
  114  0.799 -0.801 -0.533 227.73 199.90 170.35 199.69  71.34 202.32  41.38
  115 -1.121 -0.197 -0.587 134.22 142.08 114.88 142.02 140.60 143.32  48.37
  116 -0.628 -0.092 -0.926 194.78 134.49 197.19 133.70 156.73 134.66  42.50
  117 -0.162  0.586 -0.396  99.33  63.58 117.78  65.38  73.18  65.78  44.77
  118  0.151 -1.068 -0.233  83.41 234.24 154.04 233.55  84.36 235.15  49.48
  119  0.872 -0.510  0.399  29.09 178.58 166.67 174.68  87.37 179.51  36.38
  120  0.510 -0.615 -0.358 105.32 186.73  11.43 185.57 204.49 189.14  52.17
  121  0.230 -1.206 -0.421 181.18 250.47  70.03 246.78 100.22 247.73  49.00
  122  0.108 -0.284 -0.813 159.54 152.15 167.02 150.48 148.86 153.75  48.09
  123  0.764 -0.313 -0.923 174.53 156.31 243.96 152.56 156.29 157.01  43.44
  124 -1.120 -0.549  0.112 169.86 185.02  69.13 179.92  68.09 180.92  76.54
  125  0.857  0.996  0.502 133.79  25.03  12.76  22.65 209.65  19.56  69.32
  126 -0.461  0.353  0.352  25.82  87.32  89.68  87.44  68.00  89.11  40.65
  127  0.292  0.235 -0.371  90.72  99.95  21.56  98.16 137.67  99.69  44.66
  128 -0.360 -0.276  0.067 123.09 153.74 182.95 152.30 182.34 152.94  29.96
  129  0.039  0.109 -0.798  95.30 115.19 157.97 112.90 250.38 115.71  44.67
  130  0.133  0.698  0.743  61.74  51.29 233.85  53.18  85.58  50.48  43.24
  131  0.424  0.979 -0.154 236.65  25.22   5.62  26.69 151.17  24.13  40.59
  132  0.883  0.982  0.212 139.44  25.16 147.59  25.17  53.31  19.74  50.80
  133 -0.022  0.072 -0.271 113.91 117.41 162.37 116.71  47.27 118.03  41.84
  134  0.063  0.889  0.532 155.27  31.88 109.60  32.24  77.35  32.56  44.60
  135  0.763  0.766  0.500  87.37  44.90 176.55  44.72 144.88  41.72  43.54
  136 -0.718 -1.067  0.748 145.31 238.04 208.09 234.91 129.17 236.34  52.42
  137 -0.761 -0.899  0.486  24.47 220.77 216.44 214.40  76.37 215.33  35.43
  138  0.797 -1.065 -0.944   5.54 233.01 188.91 229.09 164.33 234.99  37.23
  139 -0.799  0.307 -0.960  34.63  91.62 169.52  92.31  42.20  92.16  31.00
  140 -1.141  1.126 -0.566 180.35   9.30  43.03  13.73 228.42  15.43  35.35
  141 -0.185  0.953 -0.795 227.20  27.61 114.35  31.88  79.02  26.21  42.80
  142  0.139  0.138 -0.928 248.94 111.78 112.65 110.43  83.14 107.50  40.55
  143 -0.472 -0.679  0.242  11.63 197.65  92.32 191.41 162.43 193.17  33.27
  144 -0.267  0.679  0.424 238.18  51.31  33.52  53.24 186.24  55.59  41.27
  145  0.047 -0.146 -0.535 211.63 140.19 228.11 140.36 183.14 140.51  45.31
  146  1.017  0.691 -0.152  18.37  56.41 137.12  56.57 183.25  51.77  38.27
  147  0.663 -0.053  0.030  79.91 128.52  84.85 128.45 228.01 129.37  51.00
  148  0.245 -0.545  0.186 233.49 181.03 199.44 179.75 162.60 183.19  28.06
  149  0.435  0.225 -0.499  21.58 102.93 110.18 100.31  13.71 101.67  35.64
  150  0.454 -0.240 -0.670 166.42 148.96  54.63 146.03  40.32 147.85  38.67
  151  1.004  1.108 -0.232 180.92  12.99  12.27  13.89 137.26  10.55  43.15
  152 -0.597 -1.129  0.859  83.90 250.18  51.47 242.38 223.57 237.95  51.97
  153  0.604  0.856 -0.830  43.33  32.96  38.70  35.52 234.06  34.69  44.39
  154 -0.343 -0.603  0.171 144.31 189.25  71.23 185.93  17.63 188.28  54.46
  155 -0.465  1.038  0.529 214.20  13.48 216.67  17.57 161.03  19.34  39.10
  156  1.150 -0.242 -0.837  21.54 147.69 100.68 146.04 233.00 149.18  40.75
  157 -0.320 -1.113 -0.065 103.05 244.13 226.73 235.41 116.93 236.56  40.60
  158 -0.900  0.086 -0.841 217.26 115.70 144.27 115.37 236.30 116.04  56.27
  159  0.599 -0.996 -0.679  88.80 225.19  42.15 218.86 208.90 223.71  35.46
  160  0.569  0.757 -0.363 185.09  50.54 121.99  50.12 116.87  48.58  53.49
  161 -0.044 -0.546  0.340 224.95 181.18  43.91 179.76 181.58 183.27  45.91
  162  0.678 -0.430 -0.541 170.17 165.81  90.77 157.02  17.79 164.89  49.18
  163  0.025 -0.034 -0.299 185.88 128.42 217.87 128.42 139.32 129.00  45.25
  164  0.490  1.091  0.746 188.46  11.90 145.83  10.94  36.85   9.47  44.91
  165  0.083  0.666  0.911 181.81  54.23 142.53  53.58  30.05  54.79  68.58
  166  0.458  0.791  0.379 162.50  42.78 189.01  42.17 201.82  40.19  37.50
  167 -0.490  0.078 -0.482 223.19 116.44  57.18 115.51 149.51 117.17  46.57
  168 -0.246  0.068 -0.414 126.93 117.77  80.15 117.94 226.95 119.82  44.61
  169  0.648  1.142 -0.447 155.27  11.76 180.68  11.54   9.75   6.90  54.41
  170  0.150  0.122  0.588 196.01 112.63 223.33 112.28 139.16 110.34  27.75
  171  1.005  1.173 -0.082 232.34   8.94 215.96   6.39  95.82 253.58  54.90
  172 -0.609  0.604  0.386 214.21  59.91 183.30  62.02 235.78  61.53  43.80
  173  1.087 -1.129  0.002 112.61 236.78 119.90 235.94   7.42 244.32  42.18
  174 -0.428 -0.003 -0.575  83.10 124.81 207.71 121.98  74.34 121.95  69.92
  175 -0.527  0.061 -0.140  26.83 119.34  37.74 119.61 124.36 120.78  35.23
  176 -0.321 -0.566  0.969 163.16 186.11 243.67 185.57  98.69 185.85  98.00
  177  0.762  0.402  0.210  25.05  78.85 210.40  83.16  27.60  81.59  39.41
  178  0.088 -0.251 -0.662 189.38 150.28  20.61 147.07 161.60 149.39  32.50
  179  0.283 -0.330  0.841 119.57 157.00 137.23 153.78 150.42 157.05  57.62
  180  0.478  0.812  0.383 167.07  34.37 245.96  36.11  55.56  37.05  46.69
  181 -0.371  0.392  0.056 237.11  82.24 226.06  85.16 122.74  84.59  39.26
  182 -0.859  0.354  0.856 196.42  85.85 208.11  86.16 222.75  88.25  37.27
  183  0.592 -1.014 -0.423 206.15 225.82 184.63 221.18 117.49 227.70  40.33
  184 -1.027  0.289 -0.019 208.50  91.63  81.79  92.59  47.45  92.74  36.43
  185  0.431  0.934  0.331 172.57  27.95 172.00  27.15 160.44  25.77  44.54
  186  0.771  0.773 -0.620  94.32  48.73 155.36  48.92 167.44  45.59  36.53
  187  0.848  1.061  0.104 118.31  17.06 231.62  14.20  84.26  12.34  44.12
  188 -0.518  0.987  0.830 112.97  19.86 157.58  20.72 189.65  22.94  42.32
  189  0.366 -0.922  0.822 148.28 223.81  86.71 216.12 237.85 222.35  46.56
  190  0.054  0.390  0.323 161.22  84.93 144.09  84.79 233.43  83.77  51.62
  191 -0.403  0.592 -0.483 219.66  63.00  64.05  64.53  44.48  62.65  42.12
  192  0.469 -0.567  0.470 233.70 184.26 204.48 182.36 224.67 187.41  55.26
  193 -0.803 -0.126 -0.070 154.05 138.85  59.61 140.25  54.05 138.71  42.44
  194 -0.720  0.517 -0.672  99.16  68.39 124.37  72.60 180.57  72.36  47.25
  195  0.515  0.619  0.817 144.55  59.03 208.15  58.63  78.91  57.64  47.41
  196 -0.113  0.658  0.358 184.00  57.16 233.31  57.05  94.38  57.16  48.54
  197 -0.657  0.067  0.948 199.43 116.83 132.15 117.27  69.00 119.73  51.72
  198 -0.105 -0.493  0.969 212.39 180.04 197.20 172.02 164.61 175.34  39.33
  199  0.704 -1.187  0.304 100.58 250.04 103.65 248.25  75.12 253.43  40.67
  200  0.190  1.011 -0.478  49.74  23.70 219.10  22.78 176.27  20.50  36.60
  201  0.255  0.747  0.575  19.05 252.06  41.79  46.46 209.90  48.02  34.33
  202 -1.223 -1.083 -0.023  31.84 239.34  58.78 252.47 135.00 233.49  39.47
  203  0.431 -1.185  0.051  92.94 249.79 241.12 245.53  75.12 253.43  41.63
  204 -0.893  0.354  0.291 108.84  86.97  58.78 252.47 237.89  89.66  44.50
  205 -1.133  1.036 -0.474 220.23  16.65  72.76  22.17  75.12 253.43  41.50
  206  0.888 -0.005 -0.843 189.16 122.08  73.79 121.89 134.99 125.47  44.29
  207 -0.403  0.572 -0.120 184.27  64.46  58.78 252.47  46.51  65.83  38.95
  208 -0.043 -0.529  0.182 104.00 180.61  58.78 252.47 189.00 180.84  38.98
  209 -0.117  0.666  0.675  96.35  54.49  58.78 252.47  75.49  57.13  29.25
  210  0.539  0.655 -0.803 224.31  58.47  58.78 252.47 181.04  57.23  45.46
  211 -0.370  0.506 -0.975  19.05 252.06 231.47  73.60 238.25  73.30  34.33
  212  0.787 -0.115  0.031 185.85 136.80  99.82 138.84 218.14 137.63  48.49
  213  0.369 -0.148  0.200  69.52 140.40 210.08 140.39  75.12 253.43  43.26
  214 -0.911  0.395 -0.841 243.50  84.27  58.78 252.47  11.73  86.64  41.86
  215  0.031 -1.038  0.046  19.05 252.06 135.67 233.28 111.90 233.46  34.33
  216 -1.283 -0.367 -0.360 172.79 159.29  58.78 252.47 113.37 157.79  43.58
  217 -1.064  0.145  0.612 156.48 107.47 143.45 105.34  75.12 253.43  74.24
  218 -1.322 -0.593 -0.406  40.48 187.31  58.78 252.47  12.93 184.04  36.88
  219 -1.113 -0.120 -0.768  19.02 137.99  64.34 137.55  75.12 253.43  47.17
  220 -0.692 -1.245 -0.930  19.05 252.06  87.17 248.25  84.74 247.63  34.33
  221  0.465 -0.603 -0.878  19.05 252.06 153.82 185.20  60.74 188.28  34.33
