    1 -1.042 -0.192 -0.533 127.10 145.16 147.99 145.16 163.92 145.18  72.86
    2  0.356  0.397 -0.328 114.38  86.93 180.13  87.10  62.25  83.75  64.75
    3 -0.032  0.255  0.556  94.72  98.26 114.86  98.68 232.74 100.00  65.42
    4 -0.798 -1.024 -0.973 116.99 231.35 145.16 229.64 117.76 228.49  65.07
    5 -0.634  0.075  0.940 130.42 119.39 139.13 119.49 104.96 119.84  62.29
    6  0.136  0.764  0.759 148.68  45.65 189.98  40.70  22.59  42.48  42.00
    7 -0.428 -0.638  0.263 212.84 192.46 220.76 193.72 227.75 191.44  63.62
    8  0.558  0.180  0.487 119.95 106.76 227.91 105.86 155.03 106.66  67.00
    9  0.086 -0.729  0.425 195.42 203.73  39.67 201.95  73.95 201.14  74.04
   10 -1.146 -0.103 -0.331  52.98 137.69  67.54 137.51 228.58 137.69  55.25
   11  0.020 -0.585 -0.059  43.83 186.57 176.89 184.75 189.80 185.81  60.50
   12 -0.611  0.050  0.098  29.05 121.34  45.13 122.20  79.64 122.30  60.56
   13  0.384  0.273  0.781  34.45  97.35  49.12  98.18 138.09  98.44  63.00
   14  0.743 -0.329 -0.280  18.08 155.19 204.90 153.61 229.31 160.37  58.71
   15  0.274 -0.966 -0.629  91.60 223.08 154.92 222.78 222.14 225.73  63.00
   16  0.266 -0.239  0.258  17.64 149.69 165.78 149.99  84.74 150.05  51.09
   17 -0.906  0.711  0.174  99.11  51.18 184.85  51.99  87.46  51.31  29.50
   18 -0.638  0.161  0.467 209.65 109.53 138.66 106.86 227.86 111.06  70.12
   19 -0.696  0.649  0.232  19.21  57.55 103.09  56.68 179.25  59.75  60.21
   20  0.697  0.148  0.086 129.69 111.69  83.89 111.82 224.54 111.57  58.76
   21 -0.947 -0.603  0.239 193.14 191.85  14.72 184.92  17.69 187.81  58.75
   22 -0.052 -0.052  0.097 154.70 131.67 192.70 132.62 201.90 132.69  60.59
   23  0.244  0.581  0.254 144.34  66.22 217.75  63.71 223.13  63.58  34.33
   24  0.856  0.259 -0.499 159.31 101.26 124.86 101.24 120.76  98.80  69.32
   25 -0.755 -0.484  0.935  69.37 179.17 185.10 178.89 102.91 177.63  58.40
   26 -0.937 -0.261 -0.994 174.54 153.19 156.19 153.36 118.22 150.11  67.79
   27  0.337 -0.355  0.057 163.98 162.94 222.44 163.20 166.26 164.86  73.50
   28 -0.228 -1.147 -0.622 148.28 244.86   2.37 242.28  94.78 243.78  69.77
   29  1.114 -0.684  0.288  71.55 196.70 174.53 197.63 241.13 199.55  69.80
   30  0.616 -0.872 -0.673 207.79 214.61 137.03 215.37 121.66 216.58  47.00
   31  0.579 -0.734  0.081 122.85 198.56 245.28 200.05 107.30 205.29  66.44
   32 -0.416  0.154  0.703  99.64 110.97  60.76 111.26  40.59 111.54  67.43
   33  0.019  0.645 -0.487 101.49  60.56  66.55  61.50  44.89  61.44  72.61
   34 -0.230  1.005  0.331  52.58  20.98 211.34  20.87 231.96  21.34  57.67
   35 -0.630 -0.093 -0.221 182.00 137.37 214.95 137.46  95.54 137.45  60.50
   36  0.057  0.164 -0.295 238.82 110.41 187.33 109.26 148.57 109.01  48.20
   37 -0.800  1.119 -0.655 176.82  10.20  45.43  11.79  33.65  13.94  68.33
   38 -0.362 -0.799  0.121  31.77 208.28 137.40 205.24  55.34 205.33  53.00
   39  0.121 -0.058 -0.542 169.06 132.65 175.18 133.31 168.34 133.31  68.20
   40  1.112  0.581 -0.665 101.78  68.81  90.98  67.70 149.53  66.29  68.25
   41 -0.794 -0.762 -0.250 164.97 204.96 188.57 204.75 208.97 202.19  81.75
   42 -0.350 -0.024 -0.197 235.74 127.86 173.56 126.88 147.88 126.79  50.57
   43 -1.095  0.342 -0.564 202.20  91.28 238.74  92.03  47.54  92.38  60.00
   44  0.972 -0.159 -0.941 130.14 143.21 145.62 143.04  38.04 142.75  60.43
   45  0.455 -0.485  0.504 153.79 177.66 237.61 178.75  11.13 179.14  75.53
   46 -0.881  0.907 -0.402 159.82  31.47 243.82  34.65 217.08  34.95  57.60
   47  0.783  1.012  0.551 132.44  21.90  82.55  16.97  70.33  16.43  69.50
   48  0.530  0.572  0.254 191.73  67.79 153.89  67.28 128.45  66.91  67.94
   49 -0.405  0.380 -0.015 168.01  87.44  83.40  87.34  64.74  87.83  62.58
   50 -0.082 -0.406  0.931  10.20 168.25 174.43 167.24 120.79 167.51  58.76
   51 -0.071 -1.178 -0.531  82.02 247.91  72.12 245.84 210.73 246.78  65.24
   52  0.928 -0.867  0.646  24.04 217.37 209.87 219.42 186.18 221.49  60.81
   53  0.162  0.725  0.930 182.65  47.11 235.29  48.59  87.16  46.78  67.40
   54 -1.227 -0.975 -0.568  67.40 229.36 138.64 225.38 177.51 222.61  57.15
   55 -0.253 -0.518  0.766 106.73 181.21  46.90 180.44 217.69 180.31  65.09
   56  1.031 -0.685 -0.819  61.78 193.07  83.35 195.20  74.07 197.53  66.76
   57  0.800  0.888  0.153 203.54  36.45 208.02  32.79 133.21  29.81  44.56
   58  0.897 -0.635 -0.179   4.00 191.61  29.02 191.50 213.52 194.60  60.12
   59  0.364  0.310 -0.602  47.21  96.55  16.97  93.53 118.14  93.25  62.78
   60  0.271  0.467 -0.053 165.50  77.94  93.07  78.20 120.64  78.24  44.14
   61  0.556 -0.495 -0.383 229.88 177.56  71.99 178.15  87.89 177.85  61.90
   62 -1.122  0.453 -0.265 242.98  79.31  49.31  78.44  67.14  79.34  55.35
   63 -0.240 -0.032  0.921 216.35 128.10 252.97 128.09 224.67 127.25  46.83
   64  0.493  0.093  0.172  82.19 116.75  81.76 116.91  92.46 116.99  64.31
   65  0.731 -1.032  0.299  86.07 233.00 122.39 230.69 207.67 234.01  67.54
   66  0.110 -0.167  0.421 244.37 143.94 225.65 144.21 239.88 144.73  49.00
   67  0.978 -0.464 -0.182 148.85 174.55 162.37 175.07 147.94 174.70  61.68
   68  0.103  0.212 -0.791 202.45 105.02 178.75 104.68 141.00 104.45  66.17
   69  0.245 -1.142 -0.372 105.07 242.25 105.10 244.54  29.84 245.54  58.20
   70  0.164 -0.983 -0.200  11.88 226.48  86.49 227.49  24.62 228.66  48.14
   71 -0.495 -0.508  0.400  31.01 179.82 176.49 179.63 138.30 180.09  47.58
   72  0.107  0.087 -0.517  91.50 118.84  77.22 118.97 194.66 118.90  65.91
   73  0.789  0.944 -0.698   3.40  31.60 112.35  30.62  83.60  29.78  63.95
   74  0.482 -0.561 -0.812 110.47 182.47 101.10 183.73  15.57 184.20  77.82
   75 -0.496  1.036  0.796 204.04  14.96  11.14  16.45 167.31  18.88  71.92
   76 -0.722  0.350  0.108  71.77  88.98  37.28  89.95   7.08  91.18  65.60
   77  0.437 -0.341 -0.403 237.08 161.43 204.64 162.10 194.85 162.85  65.10
   78  0.754 -0.340  0.505 195.61 161.61 172.93 163.11 183.26 164.00  68.14
   79  0.678 -0.447  0.312 203.43 172.28 129.55 174.74 109.98 174.52  66.18
   80  0.466  0.584  0.240  88.54  66.85 232.80  63.59 156.15  62.71  65.08
   81 -0.836 -0.359 -0.113 227.55 163.42 208.26 164.29 170.91 163.69  66.38
   82  0.084 -0.835  0.106  58.98 214.61  90.46 211.61  55.84 211.21  60.07
   83  0.451 -0.131  0.918  10.73 140.54 106.35 140.22 157.10 140.72  61.62
   84 -0.767 -0.113 -0.020  74.47 138.10  63.44 137.87  68.52 137.77  69.10
   85 -0.386 -1.152 -0.484 185.35 246.91  62.27 244.57 119.07 244.62  46.00
   86 -0.307 -0.210  0.094 202.49 149.68  15.72 148.89  45.04 147.35  48.25
   87 -0.696 -1.050  0.748 112.41 240.74 208.08 238.66 129.23 231.07  57.57
   88  1.023  0.878 -0.169 192.16  37.60 191.34  35.59 184.05  33.46  63.92
   89  0.464  1.153 -0.136 146.04   7.84 116.59   4.39 150.35   6.46  77.31
   90 -0.057 -1.005 -0.487 147.74 229.48  38.93 230.55  82.60 229.60  72.94
   91  0.435 -0.653  0.593 199.62 196.05  58.88 195.36 205.53 195.47  49.83
   92 -0.133  0.295 -0.904 150.08  96.90  23.29  97.40  67.30  96.97  64.54
   93  0.639 -0.043 -0.738 101.21 130.76  92.25 130.73  92.27 130.72  71.62
   94 -0.215  0.942  0.331 237.23  27.54 235.01  27.08  77.98  28.40  59.65
   95 -0.075  0.687  0.311 159.19  52.50  33.49  53.94  81.38  55.38  40.50
   96  1.178  1.002 -0.173 232.12  23.24 104.00  22.48  39.76  19.06  63.29
   97 -0.456  0.111 -0.446 200.47 115.10 151.83 115.62 109.87 115.58  64.40
   98  0.222  1.178 -0.380 227.79   5.65 176.44   2.97  83.04   5.08  62.77
   99  0.282  0.859  0.663 180.21  36.54  38.12  35.54 187.19  33.64  65.71
  100  1.149 -0.329 -0.112 186.66 153.29  34.63 154.32 209.40 162.52  54.00
  101  0.301 -0.424  0.164 169.72 171.85 183.10 170.26 198.92 171.51  71.47
  102 -1.046  0.453 -0.993 162.81  80.05 156.35  79.80  27.78  82.79  71.69
  103 -0.110  1.165  0.584 132.11 253.85 131.46 253.51 141.57 253.49  68.00
  104 -1.213 -1.099 -0.025 199.56 244.97  97.79 239.63 172.05 238.74  71.43
  105  0.341 -1.154  0.608 114.11 249.02  75.08 249.90 105.30 249.90  64.91
  106 -0.432  1.052  0.473  13.60  12.48 181.23  15.18 145.12  14.04  50.44
  107  0.455 -1.057  0.091 251.52 235.33  31.00 231.95  90.97 239.04  50.75
  108  0.053  0.966  0.561 181.13  23.02 249.76  24.85  82.27  23.17  61.85
  109  0.194  0.263 -0.899 205.97  99.38 169.39  99.02 213.36 101.15  64.54
  110  0.228  0.240  0.567 124.03 101.73 147.73 101.84  91.32 101.30  65.00
  111 -0.786  0.826  0.588 217.66  37.28 158.37  36.63 135.02  39.85  65.79
  112 -0.215 -0.118 -0.550  68.84 140.19  48.83 139.93  28.28 138.58  63.00
  113  1.038  0.642 -0.791 116.42  62.24 117.88  61.63 123.84  58.85  63.67
  114  0.276 -1.127  0.918  44.27 247.61  59.13 248.13 136.99 249.20  64.00
  115 -0.785 -0.841  0.469 248.65 218.17 170.90 215.89  78.69 210.96  62.14
  116 -0.493  0.090 -0.103 107.61 116.98 179.77 118.54 187.53 118.82  65.20
  117 -0.294 -1.074 -0.038 173.41 237.44 247.31 238.50  23.97 238.10  64.18
  118  0.109  0.664  0.052 238.29  58.66 120.41  56.12  28.80  55.59  60.96
  119 -0.869  0.365  0.327 102.99  88.32 164.79  87.56 200.58  89.81  71.79
  120  0.195 -0.167 -0.814 189.84 143.94  58.77 143.13 156.59 143.39  57.57
  121 -1.140  1.011 -0.456 202.42  17.05   7.40  23.98 181.82  24.76  78.95
  122 -0.665  0.519 -0.367  18.79  70.83  92.24  69.63  91.55  69.91  54.15
  123  1.120 -0.912 -0.054 177.18 218.76 227.14 220.62 136.15 223.42  65.45
  124 -0.731 -0.880  0.485  56.51 221.25 188.94 219.77  78.91 216.96  44.75
  125  0.166  0.079  0.671 215.95 119.02 217.11 119.18  75.91 119.05  64.08
  126 -0.545 -1.142 -0.231 104.16 247.46 153.44 245.18 235.10 244.47  67.14
  127  0.221  0.118  0.675 205.92 113.07 200.88 112.85 195.14 113.60  66.17
  128  0.617  0.906 -0.394 183.51  33.98 211.86  35.50 214.15  30.22  62.23
  129 -0.789  0.300 -0.918 169.84  96.89 165.26  96.79  26.42  97.93  65.50
  130 -0.776  0.488 -0.516  65.73  73.94 142.56  77.50 219.78  77.56  68.67
  131  0.508  0.403 -0.465 246.73  86.22  23.68  82.90 252.49  83.31  48.75
  132  0.798 -1.103 -0.986 228.68 237.17 175.69 238.38  10.35 239.07  53.43
  133 -0.366  0.594 -0.500 252.66  65.35 177.13  67.05 154.86  67.46  65.25
  134  0.992  0.223 -0.873  23.64 103.44 152.46 102.81  13.72 103.29  48.12
  135 -0.585  0.633  0.382  85.26  59.01  55.34  60.26 136.16  62.07  69.76
  136 -1.155  0.542 -0.392 197.84  69.06 240.87  69.47 102.49  67.96  66.48
  137 -1.152  1.100 -0.550 115.68  11.75  47.24  14.98  58.52  18.42  64.43
  138 -0.426  0.389  0.334 111.62  84.75  95.67  85.32 179.84  86.37  56.33
  139  0.588  0.970 -0.864 133.76  28.66 105.60  29.13  33.61  27.46  67.50
  140  1.057 -0.488 -0.097 166.76 174.74 128.19 177.99 181.19 179.82  84.87
  141  0.188  0.014 -0.388  84.52 124.44  64.61 123.03 237.90 123.42  87.11
  142  0.594 -0.895 -0.423 253.12 217.67  45.06 217.38  31.61 219.54  43.00
  143  0.180  0.331  0.367 216.25  92.79  52.98  91.76 234.71  91.29  61.84
  144 -0.576 -1.113  0.865 201.98 248.20  88.95 245.67  99.84 245.20  71.35
  145  0.015  0.980  0.990  18.01  21.53  75.06  17.15 247.63  21.24  57.17
  146  0.837 -0.635 -0.554 140.10 188.93 130.34 188.84  63.74 194.45  69.82
  147  0.477  0.223  0.487 183.36 103.01 215.45 101.91 114.76 102.73  60.50
  148 -0.000 -0.471  0.338 219.71 175.14 199.54 175.27 166.57 176.06  56.86
  149 -0.605 -0.092 -0.873  13.55 136.85 183.33 134.24 147.41 134.16  63.69
  150  0.099  0.053 -0.317 118.39 120.10  38.73 120.26  21.66 120.37  60.04
  151 -0.350  0.569 -0.181 172.43  67.65 183.81  68.25 248.65  67.60  69.22
  152 -0.183  0.109 -0.432 187.10 115.74 235.35 116.43 186.07 116.24  62.00
  153  0.073  0.718  0.894 191.96  50.85  31.72  48.88  94.13  50.20  62.66
  154  0.864 -0.092 -0.905 252.77 134.59 140.57 134.10 189.99 134.39  43.90
  155  0.105  1.156 -0.915  79.51   9.23 250.95   9.72  35.86   8.50  51.25
  156  0.350 -0.203  0.768 166.89 145.85  22.25 147.75  40.28 148.48  71.08
  157 -0.143  0.943  0.640 167.38  26.11 133.92  25.72  98.89  25.84  64.82
  158  0.544 -0.059 -0.654 139.59 133.64 122.88 133.66 107.58 133.63  78.91
  159  0.753 -0.249 -0.534 116.11 150.38  96.27 150.21 130.31 153.51  65.44
  160  1.102  0.357 -0.600  18.35  92.36 231.29  90.58  67.16  90.35  61.04
  161  0.575  0.128  0.220  67.15 111.89  17.14 112.33 176.93 112.54  57.31
  162  0.196 -1.207 -0.208 195.32 249.59 164.57 251.11 123.62 251.81  72.48
  163 -0.884 -0.736 -0.938  12.94 198.73  93.80 198.03 132.97 198.25  48.71
  164  0.031 -1.219 -0.298  51.54 253.66  60.16 251.93 209.13 252.73  70.50
  165 -0.390  0.038 -0.546 137.42 122.73 138.42 122.93  57.67 123.10  72.64
  166 -0.328 -0.664  0.318 203.06 196.71 232.03 197.24  83.40 194.74  66.77
  167 -0.787 -0.820 -0.246  58.08 208.48  46.61 206.58 166.03 206.00  71.94
  168  0.429 -0.363  0.888 172.95 164.90 163.29 165.17 144.51 165.55  68.85
  169 -1.010  0.297  0.011 171.05  93.60 116.99  96.64 171.62  96.33  71.85
  170 -1.107 -0.203 -0.553  24.48 148.38 139.84 145.90 109.62 145.95  64.10
  171  0.013 -0.443  0.185 174.04 172.28 159.69 172.48  71.74 171.72  78.17
  172  0.501  1.069  0.433 119.24  15.89 138.81  12.33 146.75  11.79  57.46
  173 -0.839 -0.963  0.601   5.82 231.01 133.92 228.21 114.02 226.32  55.00
  174 -0.689 -1.193 -0.882 121.07 249.23  66.37 247.89 102.81 246.72  63.00
  175 -0.730 -1.207 -0.597 249.18 252.80 157.98 249.59  94.52 249.15  64.53
  176 -0.112  0.692  0.622  63.17  52.10 119.36  52.11 197.55  50.34  66.06
  177  0.797  0.639  0.273 123.80  62.15 139.59  59.10  97.03  56.18  72.67
  178  0.434 -0.118 -0.038  21.84 139.20  16.44 139.94  48.47 139.74  61.67
  179  1.134 -1.050  0.278  31.71 233.64 205.12 236.67 153.98 239.98  58.95
  180  0.171 -0.147 -0.674 238.59 141.20 173.32 140.42 121.63 142.47  55.67
  181  0.574  0.814  0.872  90.31  38.89 233.87  37.64 115.98  36.23  64.18
  182  0.562  0.758 -0.820 182.52  51.55 145.69  50.20 238.50  48.54  71.22
  183 -0.553 -0.491 -0.551 175.27 178.44 229.16 176.16 213.32 177.52  63.90
  184 -0.098  0.625  0.811 152.40  59.24 211.95  61.11 240.71  61.37  69.29
  185  0.256 -0.907  0.080  26.68 220.87  50.87 221.43 224.16 222.07  68.47
  186 -0.660 -1.163 -0.981  87.20 247.43 214.70 243.67 225.18 241.80  71.43
  187  0.548 -0.419 -0.880 214.45 166.66  41.81 165.37  18.39 165.80  50.00
  188 -0.352  0.500 -0.953  63.27  75.87   8.07  77.15 115.55  77.34  66.36
  189 -1.040 -0.552 -0.371 152.34 184.45  96.51 184.58  55.95 181.09  81.12
  190  0.939  0.366 -0.269  95.66  89.48  86.26  88.85  11.61  88.61  65.21
  191 -0.656 -0.140  0.491 217.58 142.08 176.80 142.36 251.00 142.06  66.47
  192 -0.830  0.063 -0.964 181.91 119.91  59.91 120.22  68.49 120.37  67.31
  193  0.847 -1.131 -0.453 239.92 239.92  53.77 240.55 152.09 246.46  54.06
  194 -0.158  0.973 -0.833 152.61  27.66 113.05  27.90 201.53  28.60  61.00
  195 -0.788  1.109  0.309 188.27   5.86 176.17   9.16 159.57  11.09  64.95
  196  0.362 -1.140  0.312  96.56 245.96 120.99 248.11 129.61 248.61  68.44
  197  0.136  0.482  0.328  49.99  77.19   3.77  75.28  29.87  74.05  67.51
  198  1.180  0.005 -0.103 142.78 126.78 147.41 126.75 102.02 124.39  59.62
  199  0.100 -0.927  0.289 166.72 222.21 244.34 222.75  30.64 224.93  55.00
  200 -0.847 -0.898 -0.987  86.03 218.84  60.16 251.93 119.47 215.65  64.59
  201 -0.673 -0.651 -0.194 111.57 195.94  92.11 195.19 219.15 191.09  73.53
  202  0.892 -0.331  0.408  71.09 253.73 247.13 162.23 226.99 163.42  85.62
  203 -0.094  0.641 -0.413 163.18  61.12  60.16 251.93  74.86  61.47  61.58
  204  0.810  0.090  0.089 191.34 118.65 109.54 117.12 116.02 117.07  76.73
  205  0.516 -0.428  0.414 156.11 170.01 119.42 172.03 137.19 172.91  61.00
  206 -0.239  0.680  0.347 154.62  54.43 116.37  54.43 209.13 252.73  66.15
  207 -0.105  0.292  0.988 228.42  93.63 147.25  93.28  41.73  94.25  59.05
  208 -0.058  0.770  0.600 226.78  42.45  44.72  40.46  98.53  46.55  46.57
  209  0.433  0.013  0.182  28.62 125.28  88.70 124.39 209.13 252.73  63.50
  210  0.250 -1.097  0.918  44.29 244.82  60.16 251.93   8.46 246.10  50.00
  211 -0.838  0.354  0.856  27.62  88.53  60.16 251.93  25.32  90.70  67.17
  212  0.398 -0.818  0.792 112.12 212.49  47.27 212.72  27.72 215.24  73.32
  213  0.814 -0.909 -0.914  71.09 253.73 190.58 216.49  12.09 220.50  85.62
  214 -0.905  0.382 -0.805 159.85  87.72  60.16 251.93  80.33  89.13  70.80
  215  0.330 -0.452 -0.086 213.24 174.40 182.43 173.17 209.13 252.73  67.50
  216  0.457 -0.049 -0.282  71.09 253.73 102.44 131.65  57.78 131.64  85.62
  217  0.054 -0.959  0.079  71.09 253.73   3.63 227.32 164.41 227.43  85.62
  218 -1.265 -0.376 -0.337  59.08 166.27  60.16 251.93 244.83 165.48  72.07
  219 -0.889  0.079 -0.804  71.09 253.73 145.97 119.85 145.15 119.34  85.62
  220 -1.044  0.150  0.630 134.40 111.37 134.12 111.42 209.13 252.73  75.86
  221 -1.305 -0.597 -0.405 248.53 187.69  60.16 251.93  81.71 185.13  57.12
  222 -1.108 -0.117 -0.745 177.87 140.29  10.75 138.84 209.13 252.73  62.42
  223 -0.417 -0.991 -0.952  33.00 226.44 156.07 226.16 209.13 252.73  49.08
