    1  0.189 -0.898 -0.389 127.87 217.60 168.03 217.88 101.49 218.04  66.14
    2 -0.571 -0.213  0.312   9.44 147.49 100.86 146.21 206.84 148.73  51.43
    3  0.193 -1.134 -0.615 222.05 242.97 176.95 239.66 170.83 241.38  64.50
    4 -0.248  0.740 -0.339 231.03  50.12 162.77  49.34  38.21  51.46  54.96
    5  0.775 -0.039  0.242 117.24 130.47 109.49 130.40 106.41 130.42  59.57
    6  0.351  0.339  0.426 172.51  91.00 137.75  90.78 100.29  90.79  73.73
    7  0.344 -0.045  0.264 161.26 132.11 145.12 132.12 124.48 132.13  71.23
    8  0.458  0.049 -0.419 120.13 120.48  42.40 122.27  56.26 122.36  55.33
    9  0.567 -0.413 -0.390  89.88 166.38  95.79 165.85 253.10 167.89  66.38
   10 -1.140 -1.014 -0.160 144.93 231.48 171.51 231.98  48.25 228.29  70.56
   11 -0.511 -1.132  0.367  60.12 247.38  45.88 246.59 156.38 244.50  59.80
   12 -0.881  0.507 -0.032 145.78  73.05 111.29  73.61 134.05  74.90  69.88
   13 -0.892 -0.205 -0.162  33.20 146.61 195.46 146.02   7.99 148.04  56.30
   14  1.021 -0.049  0.107 218.94 132.29 209.51 132.39 178.39 132.46  68.00
   15 -0.192  0.246 -0.569  26.08 101.96  24.65 100.69  14.58 101.41  38.75
   16 -1.046 -0.118  0.089 184.97 139.18 162.93 139.33  36.71 137.61  75.36
   17 -0.993  0.210 -0.276 166.43 105.06 124.39 104.81  78.38 104.86  70.44
   18  0.028 -0.355 -0.990 183.84 160.91 199.77 161.35   2.98 163.04  55.50
   19 -0.464 -0.426  0.414 184.94 171.84  15.80 172.45 182.50 171.34  71.66
   20 -0.017 -0.162 -0.099 240.85 143.35 203.14 143.68 143.12 143.92  62.00
   21 -0.078 -0.825 -0.011 236.68 211.15  46.35 213.04   4.66 211.14  49.75
   22 -0.990 -0.141 -0.986  46.69 140.94  19.24 140.58  80.78 140.35  62.15
   23 -0.283 -0.960  0.775 252.16 230.92  88.85 229.79 135.28 224.70  52.00
   24  0.900 -1.003 -0.583  94.28 226.17 249.53 229.14 116.85 232.56  68.97
   25  0.066 -0.627 -0.556 160.03 190.36 219.95 189.15 231.50 191.45  75.43
   26 -0.886  0.576  0.852 134.27  63.84  78.32  64.27  42.26  67.18  62.48
   27  0.151 -0.441  0.170  31.60 173.87  79.26 173.17  61.82 173.29  62.03
   28  0.775  1.092 -0.802  32.99  16.83 103.75  10.66  83.93  11.38  55.33
   29  0.607 -0.713 -0.939  80.30 197.79 133.48 196.94 141.39 197.43  67.94
   30 -0.770 -0.797  0.610 115.75 213.32 136.07 210.84  62.78 208.52  60.38
   31 -0.909 -0.092 -0.029  19.31 134.85  17.43 134.61 207.45 136.97  53.00
   32 -1.105  0.516 -0.668 158.60  72.38  36.91  75.67 165.59  75.33  63.30
   33  0.406  0.288  0.169 215.43  96.66 178.19  96.18 126.31  95.88  51.67
   34 -1.050  0.131 -0.778  19.49 112.03  42.90 113.80 112.73 114.47  38.67
   35  0.163 -0.597  0.124 187.71 188.27 206.95 185.36 219.93 186.77  59.60
   36  0.785  0.782  0.264 138.28  44.89 154.80  44.90  33.74  44.01  69.40
   37 -1.091 -0.429 -0.205 207.62 172.09 186.26 170.56 194.88 169.23  65.29
   38  0.432 -0.422  0.145  45.00 170.37 174.67 168.52  27.97 171.44  49.58
   39  0.290  0.244  0.874  50.40 101.31  56.00  99.16  66.13  99.57  60.58
   40 -0.494 -0.331  0.945 191.06 162.18 168.77 162.65 135.38 162.94  78.50
   41 -0.813 -1.167 -0.633 154.26 247.46 191.37 245.17  90.42 243.53  69.40
   42  0.151  0.703  0.689  20.95  52.45   9.10  49.71 248.87  52.38  59.38
   43 -0.475 -0.229 -0.727  52.07 150.02  36.22 149.44  43.41 149.03  69.68
   44 -0.556  0.953  0.611  88.27  22.59 159.14  26.32 117.06  25.88  68.30
   45  0.673 -1.085  0.768 171.13 238.71 104.54 244.10  68.45 245.00  68.67
   46 -0.414  0.942  0.115 159.34  26.75 166.89  29.02  41.96  28.55  65.50
   47 -0.659  0.840 -0.356 140.67  38.32  15.04  38.52  28.99  40.61  38.00
   48 -1.184 -0.635 -0.446 218.88 195.15 134.94 191.95 125.97 190.91  65.94
   49  0.161 -0.037  0.160 240.74 130.20 132.62 127.66 244.05 129.82  53.65
   50  0.903 -0.659 -0.042 171.15 192.02   7.38 193.07  43.64 196.26  71.33
   51  0.190 -0.741 -0.990  26.60 202.12  63.40 197.16  43.84 201.49  58.29
   52 -0.723 -0.252  0.210  39.68 153.99  61.30 151.92  90.28 151.70  58.00
   53 -0.440  0.165 -0.153 223.44 109.30  89.65 110.60 235.89 110.14  56.50
   54 -0.367  0.168  0.307  97.23 109.09 130.57 107.98 128.85 109.29  66.28
   55 -0.227 -1.110  0.130 127.39 243.29 142.71 242.97 144.93 237.96  67.29
   56  0.274 -0.067 -0.682 126.45 134.06 138.08 134.04 147.45 134.08  57.83
   57  0.463 -1.169 -0.962 134.50 243.43 200.26 244.45 148.50 246.14  69.95
   58  0.744  0.503  0.041 156.56  76.42 138.05  75.24  55.30  73.03  76.29
   59 -0.677 -0.912  0.421  39.39 223.65 101.80 223.10 244.90 221.00  58.50
   60 -0.010 -1.229 -0.964 126.92 251.24 154.03 250.99 193.61 247.64  65.50
   61 -0.727  0.658  0.358 247.94  56.76  68.94  53.80 230.06  58.39  53.69
   62 -0.463  0.593  0.933  54.09  60.20  72.64  60.99  91.15  61.48  56.29
   63 -0.320 -0.370 -0.575 131.84 164.27 131.03 163.73 155.52 164.06  60.54
   64 -0.408 -1.054 -0.239  28.67 236.43 246.31 233.77 192.32 233.63  60.95
   65  0.323  0.739  0.691 124.65  48.24 198.17  47.29 158.12  46.07  62.23
   66 -0.321 -0.117  0.163  55.31 138.04  33.96 137.79 131.46 139.33  67.81
   67  0.977  0.174 -0.815 118.72 110.42 111.04 109.32  87.89 108.08  62.67
   68  0.417 -0.623 -0.174 232.74 190.09 145.21 190.60  29.51 191.51  56.52
   69 -0.580 -0.520 -0.639 190.73 179.32  11.51 177.24  97.31 175.38  56.12
   70  0.781 -0.523  0.240  54.34 178.56 160.12 179.81 120.52 180.13  65.30
   71  0.665  0.390 -0.798 245.56  87.82 206.84  86.74 144.55  86.19  52.29
   72 -0.232  0.517  0.999 202.26  71.16 178.28  70.36 140.35  69.70  52.00
   73  0.256 -1.226 -0.967  42.53 249.80  74.41 247.56 157.98 249.29  62.50
   74 -0.300  0.868  0.590 153.50  29.97 115.91  29.89  81.92  30.48  74.94
   75 -0.268  0.358  0.568  11.78  89.43 195.26  89.02 166.82  88.18  52.98
   76 -0.171  0.188 -0.744  38.35 106.07  26.22 106.73 218.83 107.25  61.86
   77  1.012  0.456 -0.995   8.03  81.47 108.76  76.80  60.25  77.22  45.33
   78  1.008  0.225  0.341 171.34 104.96 108.78 103.30 120.45 103.25  62.77
   79  0.401 -0.963  0.921 217.22 229.39 175.56 231.25  21.95 230.35  54.88
   80  0.675  0.330 -0.215 247.19  94.48 212.00  91.48 188.79  90.86  56.81
   81  0.262  0.824 -0.679   7.34  40.52  25.46  42.13  24.59  42.60  50.80
   82 -0.667 -0.236 -0.874  70.23 151.77  68.23 150.70  52.75 150.36  54.88
   83  0.591 -1.094  0.720 237.25 242.51  16.12 244.32  55.73 245.88  60.39
   84 -0.408 -0.299 -0.783  81.84 155.17 237.46 155.08  43.45 154.19  57.25
   85  0.642 -0.170  0.215 215.57 144.07 126.55 145.06 118.25 145.07  59.14
   86  0.097 -0.057 -0.601 249.32 133.33 234.72 133.42 206.76 133.55  62.25
   87 -0.163 -0.052 -0.169 234.87 133.29 164.37 133.01 137.29 133.05  61.46
   88 -0.256 -0.919 -0.154  41.41 222.99 147.62 220.14 147.80 221.00  55.08
   89 -1.177  0.775 -0.654  53.14  42.82  77.33  48.92 118.70  48.93  26.75
   90  1.030 -0.253  0.511  47.28 152.59  26.62 153.31  38.70 152.69  70.61
   91 -0.838  0.142 -0.496 195.04 111.00 226.59 110.72  82.56 111.36  64.00
   92  0.702 -0.324 -0.491  74.26 158.89  87.12 158.38 164.66 160.32  55.29
   93 -0.616  0.048 -0.903 168.68 122.91 195.21 122.70 206.42 122.54  68.05
   94 -1.077 -0.733  0.318 117.93 203.63 147.26 202.39 206.01 201.34  82.67
   95  0.287  0.994 -0.308 126.70  23.40  89.12  24.15 184.20  24.41  55.67
   96  0.329 -0.105  0.379 139.08 135.01 155.94 135.01 249.55 137.01  65.75
   97 -0.116  0.924  0.601 107.19  28.84  69.10  26.84 184.60  27.43  71.37
   98 -0.274 -0.179 -0.990 206.17 145.75   5.17 145.98 242.62 144.65  61.69
   99 -0.366 -0.944  0.873 197.52 228.50  56.81 224.59  38.94 222.82  51.95
  100  0.332  0.546 -0.645 220.85  72.00 228.99  70.76 211.89  69.26  61.92
  101  0.051 -0.675 -0.549 186.01 195.27 152.11 195.90 111.48 196.04  59.33
  102 -0.879 -0.847 -0.621  17.96 215.66 239.62 213.30  23.12 211.13  59.16
  103 -1.101  0.872 -0.252 238.57  30.15  96.32  35.97  74.36  30.91  55.40
  104 -0.384  1.021 -0.464  21.59  17.07 206.35  18.25 202.61  24.34  53.83
  105 -0.707 -0.857 -0.511 196.68 216.76 233.80 214.55  62.30 212.90  64.70
  106  0.602 -0.129 -0.163 117.47 140.54  94.69 140.45  20.20 140.25  81.33
  107 -0.477  0.742  0.721   7.45  46.92 210.65  46.17  12.92  47.49  65.10
  108  0.279 -0.312 -0.621 155.80 158.02 168.38 158.16 109.37 158.26  64.83
  109  0.342  1.177 -0.779 249.83   8.73 233.24   6.72 251.16   6.48  62.05
  110  0.434  0.941  0.998 152.17  26.51 249.21  24.82  99.41  24.59  61.60
  111  0.089  0.352  0.610 219.70  89.58 111.14  89.57 111.47  89.56  60.00
  112 -0.208  0.435 -0.699  56.59  83.12 162.41  77.50  66.41  77.83  60.29
  113  0.057 -0.848  0.501  56.71 217.58  75.86 216.82 177.94 216.47  64.50
  114 -0.584  0.663 -0.899  87.06  57.68 238.37  60.24  37.10  60.29  66.61
  115 -0.273 -0.773 -0.945 120.30 202.70  73.16 202.68   8.31 203.22  65.25
  116 -0.233  1.120  0.281 207.70   9.02  72.75   7.26 251.78  10.05  61.67
  117  0.475 -1.085 -0.308 140.29 238.24  92.59 238.38 197.02 237.09  78.67
  118  0.374 -0.844  0.570 167.68 216.03 152.40 216.39 130.76 216.96  73.07
  119  0.366  0.511 -0.435  57.94  74.32 205.67  75.92 182.98  74.82  69.00
  120  0.976  0.556 -0.149 137.59  69.71 159.32  69.61   3.05  68.05  52.23
  121  0.310 -1.168 -0.369 136.63 247.27 144.66 247.07 142.56 246.57  64.33
  122 -0.036  0.218  0.869 180.42 103.65 137.17 103.46 196.80 103.93  60.88
  123 -1.090 -0.063 -0.550 119.35 133.69 111.49 133.64 107.83 133.63  63.00
  124  0.495 -1.066 -0.974 153.87 231.03  10.60 232.99  11.78 236.50  80.75
  125 -0.995  0.834 -0.144 239.16  37.20 164.31  38.23  71.17  43.18  55.10
  126 -0.119 -0.451  0.203 160.80 174.23  84.56 173.83 123.21 174.56  69.40
  127  0.898 -0.435 -0.316 251.87 170.85 173.38 172.34 149.98 172.82  49.40
  128 -0.488 -0.825  0.828  63.15 217.04  56.31 215.54 109.32 213.94  52.50
  129 -0.167  0.377 -0.273  43.51  84.39 203.60  88.80 206.36  88.06  72.80
  130  0.231 -0.844  0.162  92.69 214.57   7.00 214.77 213.78 215.82  57.67
  131 -0.180  0.477  0.996 140.89  74.37  16.38  76.02  44.84  77.06  88.71
  132  0.694 -0.143  0.957 187.81 141.42 190.35 141.52 177.36 141.80  75.09
  133  0.322  0.478  0.598 163.32  76.68 165.69  76.03  39.28  76.69  69.95
  134  0.103  1.119 -0.482 141.63   9.71 162.72   9.61 228.62  10.38  62.88
  135  0.224 -0.635  0.641 125.41 192.22 171.23 192.50 235.85 195.29  71.03
  136  0.083  0.231  0.822 201.33 102.33 159.42 102.02 108.32 101.95  63.32
  137 -0.988 -0.243 -0.252 224.23 152.06  80.33 151.34 101.45 151.22  56.84
  138 -0.413 -0.431  0.435 113.87 173.70 220.45 172.86  58.07 172.60  69.43
  139  0.309  0.582 -0.807  34.72  65.01   6.59  65.91 202.23  68.04  56.57
  140  0.502  0.229 -0.490  17.80 103.79 234.35 104.52  91.29 103.61  61.50
  141  0.041  0.004  0.546  50.84 123.33 175.15 123.30  95.69 123.54  66.93
  142  0.464 -0.402 -0.990   3.82 165.60  74.97 163.97 109.30 165.79  56.67
  143 -1.096 -1.063  0.191 231.37 241.98 144.66 237.01 205.36 235.21  64.61
  144  0.022  0.188  0.766 243.14 105.14 179.40 104.85  39.18 107.17  63.56
  145  1.070 -0.817  0.044 184.45 210.20  95.81 212.54  72.92 214.51  61.85
  146  0.300 -0.485  0.589 137.52 175.68 115.79 175.49 230.42 174.81  57.57
  147 -0.612 -0.653  0.455 124.38 197.24 221.93 196.60  61.11 195.58  61.80
  148 -0.648 -0.786 -0.116 112.90 208.01 130.23 207.43  38.46 207.76  47.50
  149  0.665  0.055 -0.803  28.82 117.41 102.94 120.54  92.30 120.72  42.33
  150  0.784 -0.567 -0.869 219.32 182.02  69.46 180.97 178.90 184.22  67.35
  151  0.462 -0.898  0.597 165.21 217.92   2.54 220.83  98.80 222.80  77.08
  152 -0.548  0.663 -0.624  64.18  57.65  18.25  59.35 190.16  58.51  62.34
  153 -0.182 -0.021 -0.177 251.29 129.80  66.52 123.39  98.45 127.80  56.32
  154  0.714  0.374  0.394 168.99  89.38  25.89  85.22  34.00  86.53  64.64
  155  0.912 -0.607 -0.863  63.73 182.05 210.14 183.00 233.22 187.56  65.89
  156  0.394 -0.294 -0.521 252.00 154.32  52.55 154.67 192.59 155.73  57.30
  157 -0.845  0.297 -0.336  97.60  95.02  42.55  95.32  12.11  96.44  59.23
  158  0.465  0.299  0.834 192.20  94.77 197.79  94.30 186.13  93.60  74.19
  159  0.385  0.989 -0.907 219.66  28.38 175.03  26.57 151.25  25.17  61.18
  160 -0.463  0.711 -0.519 223.67  52.63 144.43  53.25 197.07  53.92  48.35
  161 -0.581  0.730 -0.453 196.99  50.28 102.82  52.42 102.83  53.17  69.33
  162  0.727  0.384  1.000  95.40  83.72 107.20  84.27 123.78  84.21  60.25
  163 -0.800  0.305  0.814  23.81  94.60 165.31  92.50 190.91  94.32  48.12
  164  0.097  0.518 -0.232  13.69  74.21 161.84  73.02  84.99  73.99  59.82
  165  0.254  0.129  0.679  44.99 113.43  82.83 111.23 244.65 112.37  60.58
  166  0.472  0.547  0.492  90.97  65.15  33.09  66.36 174.10  68.68  62.29
  167  0.384 -0.326  0.409 141.88 159.87 156.58 159.89 251.37 160.82  68.33
  168 -0.517 -0.699  0.648  38.12 202.38 189.08 199.65 201.11 198.30  51.89
  169  0.019 -0.786 -0.781  80.74 206.83  15.03 205.33 127.25 205.79  42.25
  170 -0.517  1.128  0.822 153.13   3.28 200.56   6.10 210.16   7.23  79.08
  171  0.438 -0.954  0.936 217.59 226.68 219.68 230.11  59.77 229.95  52.70
  172  1.111  0.653 -0.037  67.34  59.69  51.69  58.95  94.54  56.31  73.12
  173 -0.983  0.263  0.366  50.27  97.01 170.75  98.16  54.40  98.18  63.41
  174 -0.243  0.074  0.046   7.78 115.40 155.29 114.51  53.79 115.33  60.96
  175  1.200 -0.997 -0.724 111.43 224.01 177.36 223.81 119.66 231.71  72.56
  176 -0.991  0.414 -0.140 191.27  83.40 229.48  82.75  22.18  85.35  51.17
  177  0.072 -0.767  0.949  52.25 207.52   6.88 209.56 147.04 208.09  57.21
  178 -0.333 -1.026  0.775 147.79 234.69  86.24 236.68  88.57 235.99  77.39
  179  0.805  0.353  0.042 138.04  90.07  99.77  90.25  69.46  90.62  69.58
  180  1.131 -0.993  0.356 141.04 230.24 178.78 231.60 220.41 233.06  62.15
  181  0.679  0.756  0.648 220.74  47.82 226.18  45.79 178.45  44.47  66.35
  182  0.529 -1.235 -0.642 240.69 251.96 127.30 251.25  20.64 253.53  63.64
  183 -0.979  0.420  0.184  12.99  78.93 244.13 253.07 245.49  81.11  61.79
  184 -1.037  0.649  0.534  78.86  54.59  81.13  55.79  20.64 253.53  64.00
  185 -1.202 -0.804 -0.715 103.70 252.32 100.96 205.67 169.99 203.41  63.54
  186 -1.060 -1.096  0.482 145.39 244.97 147.83 243.25  20.64 253.53  59.68
  187 -1.105 -0.463  0.446  20.04 174.30 144.10 174.39  20.64 253.53  45.64
  188 -0.161  0.517  0.421 103.70 252.32 103.19  72.37 170.45  72.13  63.54
  189 -0.636 -0.658 -0.047  14.14 195.38 244.13 253.07 160.60 193.37  57.00
  190  0.353 -1.216 -0.697 107.75 249.08 160.03 247.88  20.64 253.53  68.10
  191  1.183 -0.160 -0.736  13.36 142.81  29.20 142.34  20.64 253.53  56.94
  192 -0.483 -1.236 -0.605 103.70 252.32 244.13 253.07 151.15 252.28  63.54
  193 -0.311 -0.809  0.093  76.72 211.10  61.27 209.56  20.64 253.53  62.71
  194 -0.839  0.058 -0.373 103.70 252.32  22.48 115.07  18.31 116.19  63.54
  195  0.161 -1.166 -0.485 124.94 244.90 174.61 245.33  20.64 253.53  69.50
  196 -0.705  0.284 -0.329 103.70 252.32  41.62  97.97 146.68  97.84  63.54
  197 -1.280  0.121 -0.366  15.04 114.64 244.13 253.07 210.03 114.76  64.54
  198 -1.228  0.229 -0.225 101.75 103.03 244.13 253.07 180.16 104.46  69.91
