    1  0.643  0.373 -0.192 146.31  89.57 213.69  88.99 106.00  87.99  66.56
    2 -0.106 -0.191  0.860  21.46 145.51 183.48 147.96 139.82 148.15  57.67
    3  0.965 -0.505 -0.324  22.04 178.77  94.65 179.17 111.06 179.58  60.00
    4  0.254  0.004  0.080 242.63 125.80 228.62 125.75  58.64 127.29  61.55
    5 -1.103  0.589 -0.806 250.58  65.98  57.88  68.58 249.55  69.87  62.60
    6 -0.275 -0.234  0.584  30.60 152.06  22.12 151.34  39.32 150.83  61.44
    7  0.616  0.230 -0.326 244.43 103.66  17.72 103.76 143.24 103.52  49.75
    8 -0.927  0.189  0.721 175.36 103.96 163.99 103.77 184.67 104.18  69.12
    9 -0.957 -0.212 -0.331 164.67 148.74  63.66 148.65  58.85 148.34  62.23
   10  0.685  0.480 -0.296 100.28  78.49 166.94  78.18 160.26  77.46  63.64
   11 -0.544 -0.567 -0.924 118.15 183.95 191.07 184.23 239.31 182.39  57.58
   12 -0.777 -0.499  0.275 156.11 181.39 146.97 179.28 123.07 179.24  71.93
   13  0.360 -0.028 -0.924 111.40 128.70 154.67 127.88 248.46 129.25  66.88
   14  0.930 -1.151 -0.722 240.17 241.67   6.47 241.99 231.36 247.83  57.23
   15  0.813  0.586 -0.516 188.79  68.74 183.50  67.85 198.38  63.58  60.71
   16 -0.175 -0.517  0.266 167.92 181.49 145.35 181.63 118.08 181.95  59.83
   17  0.076  0.839  0.982 102.30  37.19 234.49  35.67 136.75  34.41  55.14
   18 -0.605 -0.469  0.963 213.08 179.01 161.95 177.49 105.81 177.61  73.05
   19 -0.398  0.271  0.328  42.34  99.00  39.67  94.77  60.61  96.68  50.71
   20 -0.878 -0.718 -0.926 208.22 199.61 246.65 195.49 125.95 196.40  66.75
   21 -1.031 -0.128 -0.175  17.18 138.58  29.56 137.59  43.31 138.00  70.43
   22 -0.980 -0.093 -0.813  73.52 132.59  75.86 132.51  90.60 132.49  55.67
   23 -0.922 -0.599 -0.951 202.58 188.40  73.76 185.13 164.82 185.11  55.00
   24  0.739  0.415  0.150 119.72  84.26 145.66  82.83 153.33  82.16  68.58
   25 -0.817  0.736  0.376 176.54  48.82 192.31  47.83  92.61  49.61  69.70
   26  0.470 -1.133 -0.903 129.53 237.59  34.74 238.19 236.32 242.78  63.43
   27  0.656  0.639 -0.126 210.27  62.64 138.37  60.76 140.03  60.36  49.83
   28 -0.473  0.166  0.930  12.00 108.24  29.22 108.06   4.89 108.59  44.25
   29 -1.178 -0.411 -0.228 101.37 164.02 106.03 164.30 139.79 164.27  58.75
   30  0.159 -1.030 -0.093  17.29 234.53 155.47 233.29 122.46 234.20  49.57
   31 -0.627 -0.718  0.455  74.17 203.70 205.02 203.00 124.36 201.24  73.24
   32  0.727 -0.557 -0.719  42.15 183.51 127.07 183.59 102.77 184.86  59.50
   33 -0.806  0.102 -0.706 211.99 116.95 196.34 116.75 162.22 116.57  71.92
   34  0.299 -0.473  0.065 193.02 173.83  33.46 177.16  70.90 177.72  60.25
   35 -1.037 -0.225 -0.375  85.19 148.98 116.90 148.80  44.51 149.53  71.53
   36 -0.685  0.581 -0.274 221.66  66.49 222.15  65.16 209.92  67.03  75.30
   37  0.259 -0.723 -0.098 237.34 201.25  57.52 202.25 236.92 202.23  54.71
   38 -0.015 -1.025 -0.209  69.46 231.74  98.86 232.61 160.68 232.53  66.50
   39 -0.426  0.103  0.049 222.55 115.77 155.57 113.88 129.04 113.76  54.00
   40 -0.752 -0.842 -0.899  73.27 211.65 242.27 210.65  58.65 208.76  65.69
   41 -0.350 -1.057 -0.254 151.33 234.78 144.69 234.91  36.38 234.69  73.21
   42 -1.047  0.263 -0.416 116.68  99.45  54.00  99.80 138.50 100.05  69.61
   43 -0.797  0.983 -0.119 234.58  21.39 207.32  25.98  72.28  27.20  47.12
   44  0.883 -0.032  0.144 231.55 129.73 133.53 128.70 230.69 130.18  53.55
   45  0.396  0.837  0.138  44.25  41.34 228.98  39.61 175.04  38.58  59.33
   46 -0.733  0.281 -0.650  17.40  96.04  27.41  97.07  67.41 100.03  58.95
   47  0.809  0.189 -0.238  81.95 107.60 191.41 104.66  54.92 104.15  58.54
   48 -0.621 -0.196  0.046 211.51 147.60 248.57 147.05 200.68 147.57  48.00
   49 -0.383  0.902  0.364 238.31  28.35 245.10  31.12 221.73  32.20  59.21
   50  0.647  0.109  0.350  17.22 114.61 247.30 113.55 206.64 113.16  39.67
   51  0.343  0.235  0.105   5.01 102.87 252.57 102.91   8.60 102.62  57.81
   52  0.959 -1.141 -0.327  21.31 241.72 222.27 244.54 198.05 248.09  57.69
   53 -0.831  1.054 -0.398 224.79  17.40 191.92  15.66 240.31  20.70  38.33
   54  0.283  0.475  0.794 120.73  76.17 145.48  76.38  22.85  76.91  64.42
   55 -0.578 -0.995 -0.489 169.82 230.57  40.10 226.53 183.63 226.11  75.33
   56  0.216 -0.339  0.317 185.66 163.61  86.35 162.81  84.08 163.30  66.33
   57 -1.160  0.969 -0.420  62.70  24.21  45.90  26.60 190.90  28.46  68.69
   58  0.188  1.020  0.175  49.25  17.66 146.56  18.66 167.78  16.66  63.00
   59  0.732 -0.919 -0.256 126.11 217.03  51.86 219.67 246.05 222.75  94.00
   60  0.420 -0.759  0.690 162.60 207.02  66.96 206.86 134.99 207.69  82.90
   61  0.599  1.060  0.569 205.38  17.33 209.26  14.79 108.54  11.92  68.60
   62  0.048  0.275 -0.481  49.16  99.05  86.37  99.72  12.86  98.01  57.75
   63 -0.125  0.388 -0.034 212.18  85.61  52.88  85.19 162.99  87.83  69.96
   64  0.053 -0.005 -0.901  97.41 127.26  70.31 127.27 237.87 127.51  69.58
   65  0.172  0.518 -0.933 214.29  74.36  18.99  74.75   9.26  73.01  65.81
   66 -0.510 -0.482 -0.013 252.29 178.57 154.19 177.44  66.95 176.50  49.20
   67  0.415 -0.677  0.765  10.67 193.49 131.92 196.10  74.05 199.34  57.00
   68 -0.476 -1.134 -0.107  48.00 245.39 249.87 244.74 192.10 244.22  55.75
   69 -0.891  0.384  0.162 108.74  84.82  99.21  85.40 213.94  87.93  70.38
   70  0.949  0.024  0.454  41.75 121.34  42.63 121.72  63.81 121.79  61.27
   71  0.378  0.487 -0.254 197.49  77.91 158.60  77.32  29.55  77.01  65.33
   72 -0.074  0.944  0.935 214.80  26.15 174.43  25.21 152.77  25.06  62.47
   73 -0.427  0.527  0.584   3.24  69.99   8.69  70.84 186.77  72.15  60.00
   74  0.311 -0.520 -0.320  74.04 180.38 164.76 181.47 107.90 181.78  42.75
   75 -0.789 -1.018 -0.521 131.24 234.27 108.61 230.38  83.29 228.79  71.43
   76  0.004  0.710 -0.495 185.75  52.91 147.83  52.30 181.24  53.66  61.56
   77 -0.084 -0.146  0.378  29.37 141.47  21.93 141.49  32.00 141.20  58.94
   78 -0.012 -0.544 -0.564 200.60 183.38 160.12 181.68 225.00 182.28  63.11
   79  0.129  0.399 -0.948  64.15  87.22 115.34  87.96  98.43  86.13  61.95
   80 -0.553  0.009  0.202 226.30 124.48 199.53 124.40 152.59 124.48  63.77
   81 -1.103  0.245 -0.924  37.51 101.06  70.95 102.76  29.41 103.27  56.57
   82  0.601 -0.535  0.166  79.27 181.71 109.92 182.48 136.23 183.91  71.12
   83  0.798  0.527  0.075  75.01  73.46 216.36  71.59 223.83  69.92  74.93
   84 -0.824 -0.919  0.748 146.53 225.61 212.13 224.41 207.97 219.59  77.67
   85 -0.933 -1.096 -0.915 148.15 241.56  75.15 236.61 133.84 235.57  62.39
   86 -0.094  0.470  0.777  74.98  76.28  94.69  76.74 163.22  77.50  67.67
   87 -0.690 -0.790 -0.103  42.63 210.50 151.73 207.21 223.67 207.68  60.25
   88 -0.572  0.467  0.322 162.41  78.07 215.48  78.29 189.96  77.87  75.28
   89 -0.702 -1.111  0.536 173.60 245.94 226.70 245.30   9.95 242.39  64.29
   90 -0.515 -0.042 -0.534 137.70 131.05 164.35 131.06 183.01 131.08  63.11
   91  0.035 -0.658 -0.178  21.00 190.15 176.61 189.31  19.83 189.51  60.06
   92  0.335 -0.787  0.591 205.60 208.17  56.90 209.94  83.82 211.93  73.00
   93 -0.090  0.659 -0.151 148.25  58.92 107.56  59.04 127.55  55.79  72.07
   94 -0.549  0.814  0.340 168.88  40.79 202.21  41.81 183.04  40.52  64.85
   95  0.677 -0.974  0.612  92.93 228.35 170.53 231.11  88.53 232.06  61.25
   96  0.573  0.718 -0.485 107.08  55.32  42.19  50.70  28.52  52.36  61.71
   97 -0.531  0.236  0.976  28.17 100.52  21.24 101.37 228.96 102.07  63.50
   98 -0.684 -0.714 -0.093 251.54 202.96  40.26 200.29 181.21 197.09  60.00
   99  1.139  0.611  0.238 226.81  63.91 167.63  62.83 163.49  61.33  68.60
  100  0.903  0.607  0.030 234.66  64.27 251.08  62.87 122.92  62.08  59.40
  101 -0.408 -0.336 -0.256 203.66 160.66 191.11 160.81  94.28 161.18  71.70
  102  0.167  0.902 -0.148 232.10  33.50 146.42  32.05 236.89  32.58  67.08
  103 -1.070  0.302 -0.179  38.65  93.82 107.17  91.34 109.72  91.84  64.42
  104 -0.942 -0.487 -0.875  62.00 178.20   6.95 170.53 198.06 175.59  54.58
  105 -1.117  0.884 -0.323 253.21  33.36 145.55  35.10  84.13  38.00  58.80
  106  1.135  0.943 -0.211 189.52  33.00   9.68  29.23 226.59  27.15  59.44
  107 -0.122  0.712 -0.595  79.32  49.09 128.62  55.92 189.33  55.35  66.38
  108 -0.600 -0.934  0.741  38.05 227.65 137.04 225.63 125.32 226.05  46.00
  109  0.037  0.161  0.749 202.96 109.10 211.54 108.77  14.48 110.70  64.77
  110  0.950  0.837  0.520 103.20  41.47 136.47  37.70  67.31  34.20  73.31
  111  0.183  0.711  0.727 134.70  48.98 111.44  49.34 188.65  46.44  66.88
  112 -1.092 -0.098 -0.601 231.69 132.78 250.00 136.45 186.04 136.63  60.38
  113  0.410 -0.998 -0.194 225.24 229.78  69.37 229.71  66.18 230.47  62.10
  114 -0.716  0.842 -0.834 186.26  38.36 180.58  42.03   9.98  40.85  56.39
  115 -0.192 -0.995 -0.299 244.05 230.03  64.10 228.11  32.79 226.20  49.38
  116  0.085 -0.939 -0.045  33.94 224.96 162.22 223.81  12.80 224.11  48.50
  117 -0.161  0.753  0.227 169.15  48.71 131.94  45.29 201.99  45.86  73.92
  118  0.761  1.089 -0.070 163.53  12.00 119.43  11.84 222.56  10.38  68.33
  119  0.486  0.862 -0.392 207.48  37.45  43.63  38.52 184.48  37.40  72.00
  120 -0.136 -0.316  0.241  98.75 160.05 110.42 159.75 184.88 159.80  62.67
  121 -0.734  0.493  0.529 251.20  73.71 211.33  73.46 121.87  76.73  53.12
  122 -0.085  1.121 -0.009 207.28  10.62 179.52  11.22 124.81   9.64  63.00
  123  0.519 -0.185  0.619 226.40 144.49 119.46 143.59  93.70 143.55  56.70
  124  0.630 -0.879 -0.783  11.19 213.68  52.78 212.80 235.60 217.33  53.90
  125 -0.176 -0.311 -0.687 138.06 153.28 197.38 153.80 207.84 159.48  64.36
  126  0.146 -1.117  0.505  98.01 244.93  79.01 245.54 144.41 244.28  41.60
  127  0.034  0.778  0.661 223.15  43.57  70.51  42.53  53.52  43.79  60.67
  128 -0.211 -0.343  0.436 172.35 163.71 150.97 163.92 127.87 163.72  66.28
  129  1.140  0.575 -0.542 192.55  69.45 211.01  68.64 164.02  66.89  58.83
  130 -0.198 -0.846  0.092 166.60 216.18 163.86 211.88 123.65 212.45  55.86
  131  0.599 -0.313  0.247 182.74 158.83 237.36 155.34 126.19 159.80  65.90
  132  1.049  0.914 -0.653 250.05  35.26  87.93  33.21  97.95  32.15  58.17
  133 -1.159  0.253  0.135 126.56 100.14 133.10 100.24  40.07 101.92  69.00
  134  0.169  0.895  0.852 209.09  29.03 238.95  30.96 235.23  29.03  66.77
  135  0.715 -0.696  0.824 136.96 196.25 172.68 200.68  41.94 202.81  67.50
  136  0.226 -0.759  0.041 100.14 205.28  82.20 205.10  45.24 205.65  67.08
  137  0.513  0.847 -0.546 181.45  41.69 169.62  40.88 146.85  39.89  72.85
  138 -1.188 -0.903  0.025 133.28 223.89 191.79 216.89  79.02 218.09  58.11
  139 -0.283 -1.003  0.051 111.86 231.39  47.93 231.86 110.09 230.33  73.00
  140 -0.207  0.075 -0.874  40.35 117.67  46.84 117.96  71.88 118.06  63.82
  141 -0.702  0.400  0.860  38.92  82.69  21.76  84.01  31.31  85.27  65.68
  142  0.176 -0.482  0.539  93.35 179.01  63.00 178.92  17.09 177.92  71.60
  143  0.261  0.136  0.280 173.27 111.03 132.28 111.11 244.02 112.15  69.42
  144  0.337 -0.494  0.989 122.14 179.45 227.24 180.04  36.14 179.62  61.20
  145  0.637  0.796 -0.739 169.56  45.67  56.26  43.51  84.47  44.35  73.15
  146  0.798  0.967  0.450 156.66  26.24 139.29  24.29  75.83  23.83  64.11
  147  0.873  0.561 -0.748 123.95  71.78 244.24  69.74  65.75  69.38  66.14
  148  0.505  1.152 -0.576 169.29  10.88 216.77   8.49  12.95   4.16  73.00
  149 -1.091  0.456 -0.279 242.78  79.50 198.57  78.95 233.93  80.65  60.60
  150 -0.456 -0.760 -0.683  34.52 204.03 155.03 203.04 143.13 203.80  53.50
  151  0.669  0.036  0.655 125.24 120.83 107.47 120.70 130.46 120.68  33.00
  152  0.947  0.097 -0.848 103.46 117.34  83.89 117.50  75.91 117.58  70.59
  153 -0.786  0.833  0.897 150.00  35.23  13.65  37.54 160.67  40.38  63.93
  154  0.733  0.620  0.528 194.03  63.07 172.09  61.61  72.39  60.40  64.29
  155  0.840  0.386 -0.556 116.41  88.12  35.16  88.17  18.82  86.17  65.20
  156 -0.607  0.686 -0.971 168.01  55.57 115.86  55.98 135.04  55.51  66.48
  157 -1.116 -1.119 -0.818 194.71 242.72  92.23 237.00  68.89 236.66  61.45
  158  0.532  0.581  0.019   9.07  66.77 247.53  64.34 213.56  62.18  56.63
  159 -1.032  0.428 -0.160  28.99  79.91  16.17  81.38 178.48  84.00  60.17
  160  1.197  0.638 -0.284 200.58  63.67 205.99  62.51  99.00  60.00  63.62
  161 -0.579 -0.743  0.480  73.54 206.71  62.01 204.20 150.36 204.11  66.50
  162  0.801 -0.919  0.156  61.79 222.12 191.49 223.77 192.78 224.88  49.00
  163  0.214  1.110  0.786   6.88   6.93 136.35   4.13 204.39   5.36  71.50
  164  0.171  0.449 -0.584 189.94  79.57  68.12  79.18  52.20  79.94  66.58
  165 -0.335  0.513 -0.947  92.92  75.09  50.37  75.90  54.56  73.02  68.16
  166  0.368  0.614  0.685  25.55  62.90 196.07  62.19 180.98  60.89  57.65
  167 -0.006  0.369  0.162 127.92  87.77 141.14  88.30  30.70  89.05  73.14
  168 -0.843  0.065 -0.575  89.18 120.63 223.51 118.52 234.30 118.19  63.75
  169  0.860  1.164 -0.244  17.33   9.31   7.52 254.31  88.57 254.20  56.00
  170  0.105  0.985  0.377 164.31  21.96 147.92  21.64 119.44  23.86  81.29
  171  1.198  0.244 -0.034 129.65 102.62   7.23 101.86  76.04 100.09  70.41
  172  0.748 -0.451 -0.357 138.16 164.84 245.04 170.36  21.46 169.46  81.15
  173  0.698  0.815  0.514 245.51  41.94 177.97  40.06  30.37  39.65  61.16
  174 -0.225 -0.342 -0.095 147.66 163.68 114.02 161.38 161.56 161.67  62.12
  175  0.189 -0.229  0.516  39.80 150.61  30.16 149.96 240.25 150.05  65.57
  176 -0.722 -0.858  0.566 244.25 216.74 107.67 216.49  15.46 212.89  61.48
  177 -0.206  0.358 -0.318 193.30  89.67 194.53  89.83 109.23  89.78  62.50
  178  0.533  0.708 -0.647 122.15  55.52 189.53  55.03 197.33  53.43  75.86
  179 -1.115  0.544  0.307  67.35  67.32  17.16  68.92  50.29  70.01  71.72
  180 -0.531  0.658 -0.094  49.34  57.93  67.49  59.56 238.08  60.26  52.60
  181  0.099  0.660 -0.400  88.55  59.29 118.95  60.20 113.60  60.13  63.35
  182  0.427  0.962  0.908 164.74  25.13 111.82  23.21  57.79  22.19  84.00
  183 -0.874  0.325 -0.570 190.21  90.30 227.82  90.94 172.59  90.17  76.13
  184 -0.279  0.416  0.126 133.61  82.54 205.50  84.87  30.93  82.57  70.67
  185  0.575  0.958  0.427 170.70  26.84 120.27  26.45 182.15  23.89  63.17
  186 -0.079 -1.151 -0.949 212.46 243.02 175.38 241.91  32.12 243.73  61.77
  187  1.182  0.153 -0.396 133.26 110.27  77.25 110.42  36.40 110.70  64.17
  188  0.452 -0.571  0.559 177.34 183.96 111.47 188.05 209.21 185.99  58.00
  189 -0.168 -0.596 -0.900  56.82 186.38 201.72 184.59  16.24 251.34  65.00
  190  0.312 -0.456  0.988  22.46 171.99  35.67 253.27  28.03 175.95  60.11
  191  0.605  0.786 -0.463 237.89  46.40  35.67 253.27  93.15  45.47  55.33
  192 -1.200 -0.123  0.021  20.40 137.90  35.67 253.27  61.14 137.45  63.31
  193  0.816  0.467  0.741 164.78  78.44 118.22  77.95 110.87  77.14  84.29
  194 -0.917 -0.466  0.171 207.98 176.87  35.67 253.27 200.75 171.58  68.06
  195  0.392 -1.245 -0.708  93.05 247.27  63.15 253.21  16.24 251.34  72.12
  196 -0.494 -1.007  0.884  48.73 234.55 126.69 233.89 154.89 233.47  61.10
  197 -0.194  0.649  0.653 163.82  57.31 181.99  55.94  16.24 251.34  69.04
  198  1.181 -1.124 -0.126  99.11 238.39 120.34 243.43  77.52 244.44  68.76
  199  0.379 -0.340  0.283 137.39 161.50 113.70 163.87 123.43 164.06  70.27
  200  0.340 -0.956 -0.996 217.47 222.54 203.50 222.73  16.24 251.34  60.52
  201 -0.771 -0.903 -0.816  95.21 221.23  35.67 253.27  28.85 216.76  66.37
  202  0.408  0.621  0.831 126.67  59.86  73.28  60.43  16.24 251.34  73.00
  203  0.681 -0.252 -0.609 148.66 253.81 148.29 152.31 113.08 152.37  71.12
  204 -0.920 -1.244 -0.814 148.66 253.81  60.23 252.55 216.61 248.69  71.12
  205  0.929  0.348  0.779 148.66 253.81 127.60  89.60 182.14  89.06  71.12
  206  0.615 -0.929 -0.256   4.83 222.52   4.82 222.33  16.24 251.34  58.79
  207  0.617 -0.302 -0.328 177.74 152.78  35.67 253.27 237.03 158.28  74.15
  208 -1.154 -1.078  0.403   7.58 244.91  15.94 240.88  16.24 251.34  40.00
  209 -1.255 -0.614 -0.352  91.79 188.82  35.67 253.27  71.30 187.41  65.80
