    1  0.504 -0.364 -0.290 138.98 164.53  87.25 164.23  98.01 164.34  66.50
    2  0.135  0.684 -0.103  65.98  54.29  65.90  55.30 250.97  54.56  64.04
    3  0.556 -0.627 -0.883 119.87 186.79  65.21 190.71 135.69 191.49  69.95
    4  0.209 -0.014 -0.554 125.88 129.39 132.73 129.36 138.59 129.38  58.50
    5 -0.884 -0.803 -0.680  91.33 210.15  46.40 208.74  24.48 206.94  61.12
    6 -0.866  0.605  0.866 150.52  61.06 166.60  61.03 165.29  61.30  90.12
    7 -0.600 -0.460 -0.683  51.29 173.90  17.36 171.95  29.98 170.96  52.14
    8 -0.491 -0.289  0.929 220.34 156.62 174.96 155.86 188.19 156.44  57.89
    9  0.001 -0.572 -0.549 185.51 181.11 212.47 181.63  22.08 184.11  75.50
   10 -0.534 -0.127  0.319 226.90 139.77  21.58 139.30  22.08 139.03  59.79
   11  0.448 -1.141 -0.700 198.68 241.79 252.87 242.40 152.26 245.23  61.92
   12 -0.439 -0.340  0.404  86.18 162.05 217.79 161.87   5.27 162.82  70.00
   13  0.446 -0.264  0.193 138.98 154.76 149.07 154.74 160.37 153.38  70.67
   14  0.158 -0.473  0.143 221.83 176.27  67.61 174.80   4.34 173.13  69.53
   15 -0.991  0.205 -0.271  97.42 104.61 107.33 105.39 209.93 106.09  76.57
   16  0.389  0.555  0.512  36.09  64.69 181.75  67.80 194.31  67.60  57.04
   17 -0.642  0.128 -0.898 244.16 114.02 136.86 113.41 242.26 114.03  54.25
   18 -0.113 -1.169 -0.866 222.11 245.40 152.13 243.97 166.62 245.35  56.47
   19 -0.328 -1.164  0.406 123.98 251.48  38.75 250.74  47.99 248.45  67.75
   20  0.349  0.057  0.440 221.81 118.54 189.32 116.44 250.52 121.23  50.43
   21  0.640 -0.912  0.740 147.56 222.88  86.01 223.63 207.67 225.80  55.29
   22 -0.042  1.135  0.661 176.73 253.98  95.67 254.01 234.31 253.46  70.13
   23  0.814 -0.267  0.332 183.29 155.49 193.63 155.77 149.43 156.18  67.30
   24  0.113 -1.037 -0.663 232.02 230.89  90.14 230.12  25.01 231.92  53.28
   25 -0.893 -0.070 -0.016 137.62 133.34 126.79 133.30 241.83 133.19  77.78
   26 -1.077 -0.424 -0.225  45.78 169.08 117.00 164.42   2.75 164.81  48.52
   27 -0.162  0.044 -0.109 225.61 122.35 165.11 122.27 130.92 122.20  51.32
   28  0.382  1.026  0.748 120.85  19.43 173.49  17.01 185.48  15.17  73.09
   29  0.805  0.187  0.312 240.04 107.40 239.55 106.81 248.37 107.18  60.62
   30  0.617  0.456 -0.646   9.42  81.11 105.56  80.36 110.86  80.59  49.00
   31  0.121 -0.863 -0.380  18.33 214.94   7.20 212.24   2.07 216.84  59.79
   32 -1.129  0.554 -0.651 223.29  68.76 169.51  69.46 131.86  68.97  57.38
   33  1.221 -0.116 -0.526  57.35 135.75  99.46 136.88 232.68 138.37  65.21
   34 -1.177 -0.772 -0.769 112.48 208.53  17.30 203.79 138.74 203.68  54.56
   35 -0.620  0.725 -0.816  83.39  51.56  81.40  52.81  90.74  53.33  65.89
   36 -0.684 -0.862  0.387 212.31 218.87 140.65 216.64 116.81 217.00  60.44
   37  0.361  0.130  0.334 172.31 113.57  41.76 112.69  99.28 113.44  84.68
   38  0.708  0.491 -0.101 207.10  76.04 245.13  74.99 147.11  73.60  31.25
   39 -0.787  0.340  0.826 187.19  88.51  27.12  86.29 208.94  91.13  60.44
   40  0.019 -0.760  0.998 129.39 208.94  61.50 209.23 206.18 209.65  75.89
   41  0.846  1.055  0.230 117.12  18.51  92.46  16.89 245.36  14.86  82.03
   42 -0.213  0.450  0.627 120.32  78.53  28.97  79.09  24.50  80.21  66.00
   43 -1.164 -0.626 -0.493 102.00 191.53 126.97 191.15 246.15 187.20  69.37
   44 -0.821 -1.121 -0.715  58.20 243.43 193.66 240.60 202.25 238.53  62.38
   45  0.395 -1.042 -0.281 125.82 233.65  11.52 234.50  14.61 235.29  66.28
   46  1.060  0.466  0.328  14.46  79.79 112.72  78.87 235.62  73.94  54.06
   47 -1.134 -1.032 -0.223 165.16 234.66 135.80 232.67 142.82 227.40  69.78
   48 -0.207  0.842 -0.206  45.96  39.86  62.86  39.57  15.89  40.64  62.75
   49  0.713 -0.491 -0.756  60.35 175.82 222.32 177.32 124.75 177.92  65.06
   50  0.927  0.253 -0.650  51.54 100.73 106.08  99.92 114.24 100.05  65.75
   51 -0.117 -0.774 -0.015  52.74 205.90 251.04 207.30  82.53 207.15  58.21
   52  0.013 -1.115  0.696  38.84 244.71  76.40 244.88 182.78 245.76  63.13
   53 -1.021  0.680  0.540 217.84  53.80 167.51  53.13 132.09  57.06  63.65
   54  1.023  0.885 -0.144  30.51  36.36 162.71  30.36 202.36  31.27  53.33
   55  0.905 -0.472  0.031  56.01 175.73  14.51 174.52  88.88 174.42  56.17
   56 -0.640 -0.644 -0.071  14.41 194.38 233.12 193.32 199.34 192.58  58.00
   57 -0.215  0.176  0.100 224.33 109.04 190.61 109.12 208.11 108.56  66.95
   58 -0.692  0.735  0.391   5.98  43.04 182.84  44.66 204.98  48.06  75.87
   59  0.404 -0.656  0.553 118.24 195.33  74.81 194.57  61.79 194.01  62.50
   60 -0.846  0.294 -0.315 178.83  93.60  28.52  94.16  17.85  95.08  76.92
   61 -1.057 -0.719  0.277 206.94 201.82 180.10 202.91 145.26 199.76  74.75
   62 -0.597 -0.591  0.427 240.84 188.33 128.40 186.43 136.87 186.76  49.00
   63 -0.356 -0.952  0.758 137.91 224.14 196.66 225.78 146.50 227.11  61.92
   64 -0.316  0.263  0.365 103.22  99.60  55.55  98.70  64.46  99.13  69.00
   65  0.145  0.531  0.672  60.79  71.09 220.74  68.86 191.18  68.59  66.60
   66 -0.350  1.086 -0.320 225.35   9.03 123.73   7.21 181.88  15.07  55.30
   67  0.832  0.729  0.088  22.52  53.26  55.29  50.71  37.35  47.54  63.75
   68 -0.530 -1.058  0.339 128.23 240.40 216.94 237.69 176.58 237.11  62.67
   69 -0.361 -0.328 -0.573 163.18 160.44 172.17 159.78 189.21 160.33  69.80
   70  0.622 -1.069  0.304  26.99 238.00  15.66 239.91 144.11 240.86  68.91
   71  0.661  0.026  0.298  48.97 122.42  41.65 122.55 105.62 123.74  61.38
   72  0.477  0.340 -0.344  66.30  93.35  43.84  91.80  81.18  92.30  58.18
   73  0.373  0.655 -0.282  69.05  58.07  70.77  59.47   4.11  58.13  55.25
   74  0.088 -1.098 -0.536 211.22 240.05  72.51 239.58 170.46 239.73  50.67
   75 -1.054  0.191 -0.806  38.90 106.61 212.87 108.63 178.55 108.23  63.81
   76 -0.393 -0.887  0.857 143.18 223.50 171.88 223.25  97.45 221.46  76.37
   77 -0.289 -0.011  0.195 191.39 126.64 190.52 126.63 173.80 126.63  68.31
   78  0.167 -0.308  0.195 145.39 159.65  75.34 159.44 231.14 159.74  68.64
   79  0.081  0.139  0.620  44.10 112.26 172.37 112.48 166.00 112.34  54.29
   80  0.262  0.914 -0.536 190.81  28.02 152.16  27.02  27.63  34.10  57.08
   81 -0.770 -0.757  0.576   3.46 209.03  92.89 207.70 128.60 204.33  53.96
   82 -0.849  0.153 -0.493 124.84 109.75 105.88 109.88  92.80 109.95  65.00
   83 -0.726 -0.824 -0.563 125.45 212.12  74.37 211.34  78.31 209.92  66.43
   84  0.438 -0.314 -0.900 225.97 155.79 213.91 156.33  34.81 158.86  67.67
   85 -0.014 -0.049 -0.043 196.10 131.51 229.99 131.56  42.94 133.05  59.94
   86 -0.388 -0.340  0.424 194.19 162.97 162.44 163.34 121.08 163.54  69.83
   87  0.797 -0.933 -0.497  41.29 220.56  95.64 222.65 238.98 223.92  58.91
   88 -0.420  0.799  0.752   8.62  40.59 106.92  41.51 105.20  41.64  54.51
   89 -0.673 -0.154 -0.914  48.75 139.84 252.50 140.10 248.74 140.50  58.49
   90 -0.413  0.655  0.949 200.45  54.10  19.97  56.09   9.48  57.87  68.50
   91 -0.637  0.863 -0.274 143.64  35.38 233.93  36.80 159.90  34.15  68.86
   92  0.601  0.016 -0.070 121.72 123.71 197.70 125.51 165.53 125.47  63.00
   93  0.600 -1.104  0.116 104.95 241.10  45.37 241.59  97.18 244.26  67.95
   94  0.069  0.323  0.816  24.94  93.24 129.66  92.11  12.90  92.68  49.72
   95 -0.458  0.738 -0.409  91.69  49.37  69.59  51.88  78.96  52.59  63.79
   96  0.277  0.652 -0.647 163.07  61.38 117.84  60.68  88.04  60.88  69.83
   97 -0.150  0.479 -0.173  59.71  77.84 224.15  75.59 184.95  76.45  60.57
   98 -0.108 -0.345  0.212 115.90 164.47  81.97 164.08  60.76 163.65  68.88
   99  0.223  0.946  0.761 244.88  23.53 103.59  22.59  70.19  23.53  55.83
  100 -0.217  0.277 -0.466 196.10  97.46  41.44  98.12  53.32  98.64  55.00
  101 -1.085 -0.048 -0.574 138.23 129.67 149.54 129.67   8.17 132.87  70.43
  102 -0.708  0.288 -0.292  50.76  97.38 159.12  97.08 113.52  97.07  70.84
  103  0.834 -0.529 -0.743 233.28 179.86 200.19 177.79   4.99 180.02  58.82
  104 -0.430 -0.231 -0.802  84.87 147.90  55.82 147.52  45.64 147.55  58.00
  105  0.135  0.373  0.872 170.61  82.49 190.80  82.09 217.76  84.93  72.17
  106  0.368  0.704  0.678  53.79  53.57 215.02  52.30  38.87  52.19  58.14
  107  0.189  0.119  0.229  48.58 115.13 166.21 114.69 136.24 114.41  63.70
  108 -1.093  0.865 -0.231 223.05  30.76 154.95  35.27  69.92  40.64  56.70
  109 -0.846  0.056 -0.366 189.15 122.32 109.66 120.80 205.80 122.10  69.59
  110  0.430  0.154 -0.281  20.84 111.16  22.07 109.16  54.63 109.35  46.88
  111 -0.180  0.072 -0.116 169.73 116.84 148.08 115.79  19.93 116.59  84.17
  112 -0.889 -0.199 -0.146  10.96 146.87  77.85 145.59  12.26 146.54  55.84
  113 -0.196 -1.178  0.375  64.40 251.57  93.59 251.13  70.63 249.94  59.11
  114 -0.293 -0.880  0.816  39.35 222.34 238.47 220.74 251.27 217.63  47.00
  115  1.087 -0.912 -0.612 137.00 216.74  56.11 219.15  59.11 221.55  70.17
  116 -0.535 -1.197 -0.739 244.60 248.91 116.94 245.66  89.85 246.97  52.14
  117 -0.947  0.323  0.361  99.46  91.20 177.13  93.41 172.45  92.79  63.29
  118  0.233 -1.131 -0.401 153.87 243.17 190.83 243.45  14.26 243.67  66.84
  119 -1.077 -0.438  0.417  32.23 173.34 180.05 165.66 173.00 166.26  62.26
  120  0.408 -0.154  0.465 103.71 141.77  60.79 143.69  55.74 141.41  68.34
  121 -0.949  0.470  0.190 191.28  75.16 201.54  77.51 202.27  77.92  75.25
  122  0.321 -0.330  0.627 209.38 161.30  91.58 161.57 203.91 162.75  59.75
  123  1.066  0.206  0.139  18.34 104.73  84.18 103.46 122.20 105.36  51.62
  124 -0.491  1.012  0.653  24.18  17.95 169.14  18.52  77.58  20.48  63.20
  125 -0.984 -0.241 -0.256  71.60 151.97  36.57 148.79  42.81 148.60  62.83
  126 -0.979  0.406 -0.126 208.51  81.33 165.10  80.63 248.54  84.06  56.86
  127  0.834 -1.029  0.595 133.74 233.74 168.84 235.31  55.21 238.03  76.88
  128 -0.513 -1.154 -0.706 169.10 246.89 173.55 243.66 170.44 242.65  66.54
  129 -1.024 -0.107  0.089  78.13 137.09  35.58 135.56 127.20 136.86  56.75
  130 -0.340 -0.763  0.075 165.11 203.37   9.56 206.15  42.64 204.49  68.88
  131 -0.502 -0.624  0.616 118.48 191.62   9.65 192.10 212.29 191.82  66.00
  132  0.488 -0.703  0.572 225.59 201.18 171.12 197.87  11.71 201.77  56.57
  133  0.321 -0.243 -0.404  52.68 149.31  84.99 151.54 108.16 151.47  66.75
  134  0.869 -0.326 -0.206 131.52 159.66 145.72 160.54  32.43 161.65  67.74
  135  0.365 -0.555 -0.119 237.80 180.89 154.87 180.04 251.66 183.28  54.36
  136  0.064 -0.712  0.478 182.39 201.51 126.41 199.29  84.43 201.73  66.50
  137 -0.340  1.037  0.198 154.56  17.50 216.88  17.63 203.68  18.27  67.67
  138 -0.573  0.746 -0.363 208.71  45.94   7.98  45.57 189.56  50.55  51.00
  139 -0.013 -0.619 -0.552 156.35 190.86 241.32 189.99  45.83 189.60  64.83
  140 -0.503 -0.775  0.802  75.18 210.84  38.84 209.56 105.94 208.50  66.69
  141  0.369  1.059 -0.810 224.76  19.99  92.67  19.95 121.92  17.79  63.85
  142  0.447  1.099 -0.678 243.46  16.27 229.80  13.90 168.65  11.60  64.21
  143  0.342  0.441  0.934  97.62  80.73 239.74  79.26 109.09  78.88  61.62
  144  0.020 -0.262 -0.960 153.75 153.00  27.09 152.99  39.20 152.51  66.67
  145 -0.844 -1.155  0.490 126.44 252.04  46.72 249.86 138.38 246.31  76.88
  146  0.451  0.514  0.265 249.60  71.53  14.00  72.16 102.91  71.56  53.03
  147  0.514  0.787  0.559 131.22  42.14  27.64  42.25  28.80  41.29  67.40
  148 -0.462 -1.145  0.667  67.58 247.21  74.28 249.12  21.72 247.65  57.70
  149 -0.973  0.831 -0.121 225.17  38.85 239.89  40.99 141.66  43.68  61.08
  150 -0.288 -0.086 -0.978 217.98 133.61 243.61 133.73 116.40 133.31  62.39
  151  0.461 -0.958 -1.006 107.64 222.83 209.43 223.31 186.04 224.92  68.35
  152  0.623  0.191 -0.956  13.81 108.40  26.37 107.23  39.34 107.67  65.25
  153 -0.018 -0.706 -0.823 198.62 196.97  62.01 194.97 178.40 194.80  64.60
  154 -0.287 -0.909 -0.185 191.92 222.00   4.14 219.49  39.70 217.50  68.25
  155 -0.432 -1.061 -0.297 238.43 235.04 235.23 234.69 139.36 234.30  57.38
  156 -1.189  0.815 -0.661 113.95  40.76  83.32  42.72  34.78  44.25  65.56
  157  0.603  0.116 -0.634 166.47 115.89  63.87 115.50  93.24 115.54  75.42
  158  0.378 -0.823  0.872  62.32 214.54 172.35 215.79 198.37 214.23  49.00
  159  1.084 -0.591  0.120 168.70 185.26 166.01 185.62  33.10 190.61  57.62
  160 -1.065 -1.060  0.437 225.66 242.86 100.62 238.62 162.51 236.80  45.20
  161  0.722  0.991  0.474 143.02  21.94 165.33  21.63 179.81  19.82  73.62
  162 -1.183 -0.870  0.246  92.29 220.74 168.79 216.87  73.29 211.00  67.42
  163 -0.206  0.227 -0.650  27.09 100.82 222.16 102.67 225.41 101.89  41.73
  164  1.135 -0.052 -0.565  18.95 133.33  18.02 133.14 253.66 132.95  61.10
  165  0.289  0.291  0.744 169.79  93.62 135.79  93.68  90.14  93.76  66.50
  166  0.310  0.636 -0.493  93.45  62.05 156.32  62.15 242.05  61.11  65.62
  167 -0.692 -0.185  0.218  34.99 145.39 171.45 144.54  99.79 145.51  56.90
  168  0.248 -0.487  0.649 174.70 177.31 144.73 177.71 209.23 179.06  58.86
  169  0.918  1.073  0.681   3.28  14.07 203.85   6.18 235.48   9.06  50.64
  170  0.575 -0.919  0.679 227.29 223.79 174.52 224.24 194.67 226.10  65.29
  171  0.977  0.521 -0.642 180.04  71.98 175.59  74.18  41.99  73.36  68.92
  172 -0.562  0.674 -0.558 139.74  57.20  83.74  57.54  41.06  58.77  61.11
  173  0.501  0.561  0.929 149.39  63.81 159.85  63.35 167.34  65.72  87.29
  174  0.919  0.554  0.493  11.85  70.16 206.52  66.84 126.65  67.36  61.59
  175  0.953 -1.004  0.431 219.11 224.64 139.56 233.30  88.68 236.78  51.20
  176  0.004 -1.174  0.907  90.56 253.14  58.57 251.68  71.05 253.25  63.27
  177  0.285 -1.116 -0.769  17.20 240.19 137.22 239.99 224.50 241.14  58.33
  178 -0.661 -1.170  0.366  81.34 253.07  97.36 250.82  96.51 248.39  77.50
  179 -0.232  0.992  0.630  90.56 253.14  75.84  20.36 164.48  21.51  63.27
  180 -0.307 -1.219 -0.839  90.56 253.14  79.00 250.26  42.62 249.55  63.27
  181  0.740  0.581  0.446  90.56 253.14  35.21  63.29 162.58  62.62  63.27
  182  0.433 -0.944 -0.826  90.56 253.14  98.58 222.16  46.51 222.16  63.27
  183  0.639 -0.269 -0.363 106.30 154.67 130.29 154.44 153.73 154.79  64.58
  184  0.044 -0.011 -0.491 211.19 125.56 242.53 125.51   9.05 125.75  70.18
  185  0.080 -1.026 -0.399 119.31 233.41 189.59 226.42 221.13 232.44  60.12
  186 -0.099  0.636  0.487 148.72  57.51   5.71  57.72  71.05 253.25  80.29
  187  0.410 -0.813  0.901 214.44 212.23  54.43 211.99  71.05 253.25  52.69
  188 -0.233  0.462 -0.579 145.57  80.18  58.57 251.68  72.14  80.74  64.08
  189 -0.426  0.240 -0.103  90.56 253.14  94.99 100.54  73.27 100.81  63.27
  190 -0.309 -1.192  0.435  90.56 253.14  58.57 251.68  83.55 251.76  63.27
  191 -0.647 -0.784 -0.159 181.76 209.83 116.08 208.54  71.05 253.25  66.30
  192  0.204 -0.260 -0.522  39.95 153.70 161.03 153.05  71.05 253.25  58.10
  193 -0.265 -1.059  0.095  89.96 238.66  83.94 237.04  71.05 253.25  67.76
  194  1.013 -0.033 -0.868 121.68 129.43  98.05 129.41  71.05 253.25  74.10
  195 -0.498 -0.169 -0.731 195.43 144.36   7.24 144.49  91.22 143.59  53.67
  196 -1.271  0.117 -0.388 186.15 114.68  58.57 251.68 124.31 115.75  69.97
  197 -1.218  0.221 -0.236 197.16 103.05  58.57 251.68  81.81 103.65  59.43
