    1  0.408 -1.090 -0.734 117.35 236.81  82.75 237.38  97.79 239.58  68.17
    2  0.625 -0.826  0.729  61.76 213.08 137.11 214.80   3.43 216.05  52.00
    3  0.472 -0.334 -0.251 116.68 159.57  89.33 159.14 104.11 159.08  71.15
    4  0.833 -0.130  0.379  44.40 139.57  22.53 138.49  22.96 138.20  67.71
    5 -0.672 -0.110 -0.941  96.18 137.20 120.29 137.14 146.11 137.17  67.25
    6  0.154 -0.409  0.149 223.02 166.07 176.84 162.60  31.03 170.55  66.09
    7  0.792 -0.491 -0.687 121.65 176.28  60.94 175.70 204.11 175.18  64.45
    8 -0.517 -0.080  0.322  58.12 134.41  36.24 134.25  37.98 134.16  65.34
    9  0.086 -0.846 -0.389  18.31 214.41  53.68 210.02  12.40 210.35  57.80
   10  0.369  0.226  0.368  96.85 103.55  84.60  99.43 251.10 100.18  68.50
   11 -0.428 -0.294  0.399 139.56 158.73 117.54 158.65  98.35 158.54  58.00
   12 -0.592 -0.556  0.413 154.59 186.64 125.16 183.48 178.69 183.00  57.76
   13 -0.029 -1.131  0.900 135.49 247.00  57.57 247.88  42.50 245.83  80.00
   14 -0.409 -0.858  0.848 188.12 218.90   4.86 218.73 145.49 217.75  69.12
   15  0.674 -0.454 -0.711  32.36 172.90  17.72 171.73 113.75 172.30  62.42
   16 -0.031 -0.543 -0.556 184.15 177.30 232.87 181.82 150.56 182.79  64.48
   17  0.100  0.209  0.651 245.64 105.51   3.43 105.58 163.08 105.73  52.90
   18  0.668  0.133  0.334 169.58 113.37 186.06 113.23 188.86 112.90  63.33
   19 -1.138  0.573 -0.659  36.65  64.40 203.88  68.36 252.72  70.29  62.76
   20 -1.015 -0.098  0.087 105.41 136.80  73.87 136.68  57.07 136.57  68.41
   21  0.355  0.143  0.467  47.50 110.67  62.97 111.37  59.87 112.23  64.95
   22 -0.140 -0.747 -0.021 179.73 205.69  11.05 204.09  25.00 204.59  61.64
   23 -1.052  0.225 -0.822 188.17 104.67 105.60 103.93 203.86 105.38  70.46
   24  0.616 -1.147  0.737  86.45 246.83  94.19 248.70  70.37 247.66  63.86
   25  0.595  0.491 -0.569 149.12  75.14 138.09  75.60 160.18  75.04  64.38
   26  0.162  0.775 -0.034 222.44  41.68   7.60  43.38  28.79  41.50  60.38
   27  0.175 -0.240  0.204 137.06 152.44  27.30 152.66 149.45 152.68  63.00
   28  0.078 -0.988 -0.689 236.79 226.69  88.73 225.93 172.08 227.77  64.14
   29  0.902 -0.371  0.067 173.03 162.29  83.12 159.24 168.62 163.13  70.11
   30 -0.642 -0.635 -0.087 220.77 193.11  10.86 191.36  35.00 189.93  47.62
   31 -0.887 -0.058 -0.012  18.70 132.34  18.47 132.22  10.50 132.22  57.09
   32  0.093  0.392  0.837   9.98  80.78 145.61  80.10  82.78  85.56  45.92
   33 -0.393  0.831  0.767  74.27  35.98 109.55  35.25  69.42  38.85  59.14
   34 -0.181  0.900 -0.141 212.69  34.00 186.01  30.83 143.02  29.70  55.72
   35 -0.369 -0.913  0.749 105.35 222.06  97.36 221.12 218.36 221.12  71.94
   36 -0.711  0.291 -0.280  84.82  96.02 220.26  97.75 111.53  98.43  73.25
   37  0.386  0.736 -0.210  53.45  50.49 184.41  52.30  39.81  48.00  47.56
   38  0.729  0.578 -0.044  10.89  68.13  36.05  61.54   4.75  63.36  61.35
   39 -0.131 -1.108 -0.924  16.64 239.85 169.42 238.31 232.04 239.56  51.86
   40  1.199 -0.047 -0.455  77.63 132.15  99.12 132.14 126.85 132.15  65.57
   41 -1.164 -0.753 -0.799 110.48 206.08 246.18 200.69 127.21 197.86  67.29
   42 -0.974  0.403 -0.121 190.36  80.58 132.24  85.43 169.15  85.99  59.56
   43 -0.888 -0.194 -0.155 189.38 147.03 175.64 147.24 149.27 147.51  70.91
   44  0.371  0.548  0.963  61.96  69.26 242.39  66.28 205.13  64.54  66.85
   45  0.452 -0.181  0.213  35.73 144.52   8.11 143.51  14.53 145.52  58.00
   46 -0.689 -0.836  0.369 208.55 215.21   7.13 210.87 115.45 209.78  57.40
   47 -0.850  0.056 -0.369 122.63 118.57 111.53 118.63 104.67 118.64  63.00
   48  0.252 -1.063 -0.807 223.65 233.37 250.88 233.66  88.63 236.26  57.27
   49  0.529 -0.584 -0.867 166.89 181.81 163.15 182.20 134.28 183.76  63.57
   50 -0.186  0.497  0.655 207.61  73.39 221.89  72.52 108.10  72.80  40.33
   51  0.357  1.091 -0.756  36.89  17.08  79.04  17.10 219.07  14.75  56.50
   52  0.881  0.848  0.098   7.43  40.21  86.21  39.25  17.76  36.84  62.14
   53  0.813 -0.948  0.600 228.21 225.54 132.82 227.70 148.80 229.02  56.98
   54 -0.772 -0.735  0.559   3.67 206.92 113.75 205.80 198.01 202.69  55.40
   55  0.412  0.670  0.555  69.67  57.24 208.20  54.94  42.64  55.08  64.50
   56 -0.735 -0.805 -0.593 228.99 209.51  61.43 208.98  38.75 206.96  49.00
   57  1.049  1.067 -0.156  25.32  18.20 107.35  15.47 108.99  12.17  48.29
   58 -1.014  0.697  0.541  85.44  50.05 121.14  53.89 198.24  54.88  72.25
   59 -0.672 -1.137  0.342 173.41 249.49  45.19 246.54 131.87 245.57  67.25
   60 -0.931  0.356  0.362 199.04  88.57 195.87  89.75 213.33  88.93  54.67
   61 -0.823 -1.096 -0.756  57.05 241.34  15.66 238.25 168.91 236.77  60.16
   62  1.089  0.332  0.150 100.87  93.58  44.36  89.78  19.18  91.64  60.50
   63 -1.213  0.220 -0.242 126.93 104.13 167.18 104.40  55.35 105.99  80.50
   64  0.019 -0.215 -0.956  70.37 148.17  84.36 147.82 108.26 147.75  54.57
   65  0.569  0.148 -0.560  43.27 111.58  41.21 111.99  92.77 111.25  75.67
   66  0.179  0.011 -0.499  48.48 122.43  41.26 122.59  83.06 123.80  55.89
   67 -0.987  0.203 -0.273 175.18 106.14 172.22 106.20  19.10 106.20  74.42
   68 -0.309 -0.841  0.743  91.10 217.90 232.63 216.86 138.51 215.39  65.91
   69 -0.858  0.620  0.871 142.41  58.44 178.29  61.29 147.67  60.51  66.59
   70  1.085  0.589  0.318 195.39  62.19 146.90  61.32 104.59  61.26  74.22
   71 -0.389  0.689  0.960 167.01  52.89   5.72  53.49 191.56  53.93  77.62
   72 -1.081 -0.039 -0.590 196.64 128.41 227.12 128.45 115.52 127.30  53.37
   73 -1.131 -1.039 -0.258 103.25 237.15 164.43 233.12 168.34 230.97  71.05
   74 -1.049 -0.711  0.257  27.05 199.43 148.41 197.48  83.77 197.18  53.50
   75 -0.782  0.358  0.831  13.51  88.26 161.15  88.06 113.86  87.94  52.75
   76  0.743 -0.900 -0.475 144.57 218.47 168.61 218.65  96.95 220.64  61.75
   77 -1.091  0.863 -0.225 118.80  34.54  63.97  37.66 124.58  39.16  73.08
   78 -0.542 -1.021  0.325 123.65 236.38 153.66 235.26   2.21 232.66  62.33
   79 -0.623 -0.439  0.995 232.76 174.68 155.74 172.13   5.96 171.49  58.22
   80 -0.341 -1.113  0.394  78.13 246.06  96.00 244.13  17.93 244.12  60.33
   81 -0.436 -0.194 -0.819  11.58 146.41  57.25 143.60 228.98 146.23  52.19
   82 -0.196  1.058  0.649 196.03  13.83 173.38  12.53  79.19  14.90  56.58
   83 -0.322 -1.155 -0.897 240.12 242.00 148.11 241.63 235.97 244.08  58.33
   84  0.073  0.125 -0.969  58.41 114.86 198.52 114.26 253.25 115.16  49.33
   85  0.476  0.637  0.311  94.44  60.33  69.83  58.59  83.93  59.23  54.40
   86 -0.675  0.775  0.405 204.80  41.06  28.51  42.16  36.68  45.02  71.33
   87  0.422 -0.274 -0.864 195.60 154.65 163.30 154.93 120.98 155.10  55.12
   88  0.426  0.215 -0.223 160.51 105.95 188.99 105.75  92.86 104.41  68.25
   89 -0.162  0.093 -0.084  31.70 116.31 109.75 115.72  20.89 116.54  43.00
   90  0.002 -0.721  0.986  37.81 199.53  91.20 205.25  81.56 204.66  48.50
   91 -0.606 -0.426 -0.710 189.88 171.75 222.18 166.92 246.71 168.89  68.20
   92 -0.102 -0.290  0.216 145.33 155.70 170.69 155.76 186.45 156.29  64.67
   93 -0.356 -0.739  0.063  52.71 204.95  18.24 202.89 249.86 203.05  58.79
   94 -0.045 -0.588 -0.561 199.71 186.94  65.75 186.95  46.77 185.96  64.40
   95 -0.292  0.313  0.393 227.57  94.20 242.03  93.51 207.99  94.89  62.09
   96  0.268  0.968 -0.457 220.02  23.08 164.24  18.14   3.46  25.04  55.21
   97  0.755  0.693  0.472 142.31  53.60  86.30  53.93  77.85  51.54  65.19
   98  0.906  0.300 -0.573  64.67  97.67 214.54  95.89  74.30  95.58  66.27
   99  0.398  0.828  0.718  47.12  39.80  15.96  39.43 193.75  37.71  58.85
  100  0.161  0.447  0.891  98.35  79.22 188.66  78.34 208.10  78.34  62.12
  101  0.929  0.553 -0.788 212.27  70.02  40.30  70.62 112.32  68.86  63.89
  102  0.599  0.093 -0.026 227.19 118.38 135.60 115.75 103.36 115.74  51.74
  103 -0.232  0.292 -0.426 226.84  96.86  41.09  98.27 220.66  96.87  72.07
  104  0.194 -1.110 -0.428  42.69 240.68  75.15 240.27 180.35 240.22  59.00
  105  0.402 -0.899 -0.841 217.88 215.26 188.82 216.91  45.48 219.00  62.50
  106 -0.545 -1.150 -0.791  64.58 242.52 128.67 240.42  89.65 240.31  63.22
  107 -0.224  0.240 -0.617  98.90  99.11 189.72  98.86  81.43  99.65  57.44
  108 -0.855  0.160 -0.501  21.32 110.66 244.29 110.96 194.32 110.50  48.25
  109 -0.306  1.090  0.240 101.07  10.84 156.61  12.51  96.05  12.78  60.25
  110 -1.073 -0.421 -0.238  21.62 172.07 144.34 170.98 197.00 167.89  46.29
  111  0.063 -0.646  0.467 105.67 195.29 251.72 194.36 145.42 195.18  57.33
  112 -1.153 -0.620 -0.519 207.87 191.32 123.70 188.02 223.43 189.35  60.40
  113  0.606 -0.239 -0.312 220.49 152.32 157.13 150.92  39.55 152.22  54.12
  114 -0.306 -0.299 -0.089 131.09 157.23  75.25 157.00  65.70 158.84  59.07
  115 -0.300 -0.901 -0.208 136.04 220.99 204.07 220.06 232.26 219.68  66.00
  116 -1.066 -1.042  0.413  94.34 240.60  98.46 235.89  16.03 234.56  67.14
  117  0.445  1.141 -0.629 242.41   8.13 208.14  11.16  38.00   7.25  51.92
  118  0.582 -1.028  0.122 161.43 232.59  11.99 235.03 141.21 236.66  61.62
  119 -0.142  0.537 -0.128 203.64  69.31 243.16  72.37  41.69  71.43  63.95
  120 -0.275  0.043  0.211 192.92 118.77 190.39 118.66 233.52 119.99  65.00
  121 -1.189  0.838 -0.633 134.40  38.66 170.82  39.84  50.26  40.52  64.86
  122 -0.527 -1.110 -0.754  37.18 241.94  45.27 238.81  72.26 237.43  62.43
  123  0.615 -0.986  0.300 115.35 228.22 214.76 229.04  26.63 232.52  59.75
  124  0.098  0.526 -0.947  61.11  75.09 113.61  72.78 216.91  72.39  67.83
  125  0.613  0.293 -0.932 198.31  98.19  55.21  98.35 134.03  96.36  60.43
  126 -0.651  0.170 -0.906  38.91 106.76  26.87 107.45 204.75 108.25  61.86
  127  0.468  0.405 -0.276  45.75  85.39 138.33  86.24  95.70  80.13  62.58
  128  0.329 -0.251  0.646 164.23 153.29 190.45 152.77 183.25 153.28  63.91
  129 -0.512 -0.748  0.787  90.48 207.78  39.03 206.98  77.21 205.71  61.06
  130 -0.569  0.755 -0.326  93.88  45.08  57.02  46.46 242.06  49.98  70.24
  131  0.017  0.010 -0.448 123.63 123.69  99.52 123.72  10.84 125.44  68.18
  132 -0.042  0.344 -0.960  67.83  89.84  30.17  90.73 247.75  92.13  65.47
  133  0.265  1.080  0.797 122.13  13.10  32.22   4.59 167.92   9.03  75.11
  134  0.058 -1.011 -0.414 207.24 230.13 136.22 228.12 198.49 229.04  73.69
  135 -0.292 -0.039 -0.980 218.93 127.72 241.56 127.72 236.64 127.93  61.93
  136 -0.067  0.702  0.512  23.10  53.54 168.02  52.40 127.63  51.60  60.00
  137  0.352 -1.021 -0.276 209.47 231.59 134.16 231.58  54.64 234.15  57.00
  138  0.364 -0.754  0.867 211.57 206.92  73.44 208.36 117.59 208.65  62.43
  139 -0.573  0.683 -0.494 154.35  53.97 159.41  57.43  10.07  58.13  76.81
  140  0.396 -0.743  0.890 127.08 206.22  46.24 206.32  65.51 206.68  71.83
  141  0.222 -0.657  0.380 223.71 195.55 125.27 194.63 103.71 196.47  50.88
  142  0.933  0.686  0.111 151.96  57.68  20.70  54.31  89.81  53.90  65.62
  143 -0.246  0.476 -0.528 113.73  75.31  30.33  76.35  25.51  77.55  61.82
  144  1.110  0.005 -0.486 137.61 127.13 130.05 127.24 134.58 127.25  75.62
  145 -0.982 -0.238 -0.262 182.41 152.52 130.15 149.83 153.51 150.03  74.89
  146  1.110 -0.639 -0.092 118.11 190.88 181.55 192.34  62.23 193.13  53.92
  147  0.417 -0.070  0.490 227.88 132.88 250.67 133.04 244.18 133.19  58.45
  148  0.501 -0.603  0.567 115.24 188.46  75.46 190.24  47.73 189.35  73.00
  149  0.337 -0.521 -0.101 242.66 176.34 208.43 177.92   7.06 179.42  61.67
  150 -0.496 -0.583  0.600 101.85 187.80 172.58 187.70 133.16 188.29  69.70
  151 -0.422  0.278 -0.082  51.14  98.50 104.54  98.57  63.69  98.73  72.78
  152  0.755  1.107  0.466 156.27  13.07 202.86 253.90 206.83   6.52  61.00
  153 -0.210 -1.121  0.362 121.84 246.76  77.04 245.65  21.64 244.63  64.12
  154  0.856 -0.265 -0.160  39.83 153.43 146.54 153.42 124.05 153.52  58.30
  155 -0.936  0.496  0.194 192.02  73.38 108.43  75.24  73.43  75.65  61.81
  156 -0.625  0.880 -0.237  54.78  34.33 251.90  32.21 207.04  37.16  34.00
  157  0.004 -1.052  0.679  87.50 239.06 115.19 239.33 138.92 239.95  65.31
  158  0.258 -0.412  0.662  46.08 168.27  67.01 171.33 124.20 171.18  50.38
  159 -0.323 -1.141  0.422 224.99 248.49  37.71 247.68  82.79 245.71  61.23
  160  0.307  0.375  0.777 171.67  86.98  27.56  86.59  91.49  86.31  66.80
  161 -0.445 -1.063 -0.328  26.04 238.65 133.40 235.82 158.31 234.57  62.14
  162 -1.178 -0.863  0.223  41.06 219.13  95.12 218.20  39.94 214.76  52.00
  163 -0.678 -0.147  0.213 229.53 141.62  76.94 142.47 178.72 142.20  68.84
  164  0.819  0.306  0.343 129.04  95.06 124.09  93.87 148.28  93.58  69.56
  165  0.282 -0.221 -0.363  52.68 148.82  36.59 148.29  43.47 147.98  66.85
  166 -0.214  0.317 -0.982 242.45  94.43  97.47  95.26 178.73  95.23  69.00
  167  0.568 -0.831  0.669 133.55 215.04 195.04 216.60  58.72 217.21  71.80
  168 -0.461  1.041  0.665   4.26  14.28  96.14  13.81 176.49  16.36  53.85
  169  0.261  0.689 -0.558 199.39  58.10 172.03  57.15   4.69  56.40  67.93
  170 -0.080 -0.089 -0.994 197.28 135.60 172.42 135.66 135.34 135.73  53.33
  171 -0.492 -0.269  0.922 210.09 155.11 216.60 155.54 201.02 156.28  57.75
  172 -0.030 -0.661 -0.856  14.48 193.56  61.86 194.03 140.16 193.02  58.33
  173 -0.848  0.289 -0.304 103.49  98.10 106.72  96.58 241.74  98.68  71.38
  174  1.085 -0.848 -0.013  74.09 210.61  55.65 216.35 142.34 217.92  62.21
  175  0.543  0.911  0.594 146.19  26.69 155.60  29.43 157.50  28.28  47.67
  176  1.165 -0.475 -0.268 237.00 175.55 196.41 174.09  20.35 174.66  54.00
  177  0.175  0.627  0.699 250.71  59.60 119.61  59.30  73.70  59.60  55.22
  178  0.533 -1.186  0.438  79.27 250.23 194.07 250.93  70.37 247.66  65.95
  179 -0.014  0.009 -0.020 190.96 252.79 146.46 127.11 151.07 127.06  68.43
  180 -0.648 -0.779 -0.186  33.11 209.28 170.84 208.21 104.11 205.68  62.42
  181 -0.883 -0.779 -0.710 207.69 208.10 128.51 206.22  70.37 247.66  63.00
  182  0.305  0.693 -0.415 226.45  56.46 225.59  56.69  70.37 247.66  63.88
  183 -0.455  0.751 -0.360 153.85  48.08 145.04  47.91  70.37 247.66  71.56
  184 -0.179  0.121 -0.091 213.25 114.49 253.80 113.30  86.41 115.36  75.60
  185  0.815 -1.230 -0.878  91.72 249.91 125.14 250.02  70.37 247.66  69.80
  186  0.167 -0.237 -0.485 151.98 150.82 210.10 251.83 155.38 151.24  67.17
  187 -0.286 -1.033  0.074 132.63 235.47  71.25 235.66  70.37 247.66  73.76
  188  0.418 -0.560  0.550 116.73 183.87 181.43 186.93  70.37 247.66  69.65
  189  0.605  0.223 -0.884  13.38 104.80  22.44 105.57 135.62 104.22  60.24
  190  1.235  0.140 -0.638 190.82 113.25 165.83 113.10 130.47 112.98  67.29
  191 -0.481 -1.101  0.660  61.54 246.53  73.35 244.10 149.62 242.75  58.11
  192 -0.329  1.128 -0.252 226.05   5.40 210.10 251.83 179.89  10.50  66.07
  193  0.981 -0.002 -0.783 125.07 127.23 126.85 127.32  70.37 247.66  69.40
  194 -0.202  0.229  0.126  27.48 100.14 210.10 251.83 119.14 103.80  45.80
  195 -0.505 -0.144 -0.729 222.34 140.35  60.96 139.30  92.31 139.18  55.65
  196  0.729 -1.230 -0.370 178.97 250.38 210.10 251.83  70.37 247.66  55.00
  197 -0.855 -1.128  0.466 127.46 249.52 106.23 246.26 121.11 244.19  71.79
  198  0.201  0.200  0.263 190.96 252.79 138.84 106.00  99.73 106.01  68.43
  199 -0.636  0.754 -0.782  76.25  49.30  81.62  51.33  70.37 247.66  52.17
  200  0.049 -1.059 -0.558 197.30 234.13 188.98 235.57   5.44 235.25  62.08
  201 -1.266  0.118 -0.402 120.80 115.64 210.10 251.83 158.85 115.62  53.75
