    1 -0.162 -0.491  0.279 169.16 178.00  64.12 178.40 117.80 178.44  85.50
    2  0.827  0.560  0.719 125.88  67.50  16.61  67.69 190.56  62.52  61.42
    3  0.422 -0.717  0.717 163.83 203.29 152.24 203.54 134.62 204.04  79.87
    4  0.312 -0.482 -0.293  94.80 177.27  76.44 176.53  24.16 177.35  61.58
    5 -0.551 -0.546 -0.911 119.32 181.98 126.84 181.62 242.64 181.21  67.30
    6 -0.675  0.595 -0.253 215.08  65.18 186.78  60.61 233.88  66.28  65.69
    7 -0.105  0.435 -0.023 195.07  80.61  16.78  81.79  98.82  82.72  57.80
    8 -0.764 -0.487  0.277 123.17 178.89 145.83 178.34  17.39 177.36  59.08
    9 -0.951 -0.212 -0.317 178.36 148.31 237.49 149.40 113.44 147.52  78.11
   10  0.457 -1.114 -0.861  99.52 238.01  15.91 239.24 142.75 241.98  66.65
   11 -0.616 -0.706  0.453  20.76 203.36 155.33 199.33 213.85 200.76  48.12
   12  0.273  0.065  0.088  44.00 119.65 107.97 119.50 229.14 118.43  71.27
   13  0.316 -0.389  0.991 102.67 162.56 112.69 162.34 200.79 162.42  59.00
   14 -1.022 -0.128 -0.164 149.48 139.51 120.84 139.50  94.31 139.48  79.89
   15 -1.173 -0.413 -0.222 208.46 169.68 204.30 170.04 126.51 162.25  65.42
   16  0.963  0.946  0.538 189.03  28.50  47.40  25.02  57.28  21.54  59.94
   17  0.827  0.261 -0.270  29.02 100.94  54.20  99.94 242.20  99.46  58.03
   18  0.087 -0.915 -0.028   4.64 222.01 160.75 221.77  10.97 220.15  54.88
   19 -1.190 -0.125  0.028  17.61 138.52 247.78 138.30 200.83 138.56  67.75
   20  0.823  0.618  0.038 191.21  61.28 219.78  60.14 168.74  59.46  80.88
   21 -0.261 -0.210  0.604  60.16 147.27 197.58 149.74 173.45 149.85  60.00
   22  0.059  0.018 -0.869 230.84 122.84 222.05 122.52 194.94 122.35  59.16
   23 -0.805  0.742  0.392 186.07  47.30 149.75  46.55 184.74  50.96  62.44
   24 -1.108  0.601 -0.793  26.14  63.20 213.92  63.99  65.83  67.86  56.04
   25  0.608 -0.254  0.253  40.84 150.67 100.54 150.56  39.23 151.04  65.86
   26 -0.094 -0.162  0.873 211.50 142.33  22.76 141.49  32.28 141.21  57.25
   27  0.209  0.945 -0.192 121.25  29.05  89.86  29.88  50.31  26.77  65.44
   28 -0.382  0.299  0.344  39.55  94.07  26.79  95.66 146.39  96.40  64.65
   29 -0.918  0.194  0.728 222.92 104.73 133.26 105.21  91.08 105.30  53.29
   30  0.370  0.007 -0.906  99.77 125.74  72.01 125.77  59.25 125.80  65.54
   31  0.179  0.938  0.817 212.03  24.84 238.91  22.71 185.01  25.59  55.83
   32  0.899  0.055  0.113  42.34 121.54 156.76 121.52 137.50 121.47  62.50
   33  0.408 -0.971 -0.169  30.96 225.88  64.73 226.98 236.67 229.45  68.41
   34  0.923 -1.137 -0.676  20.64 239.61 119.13 241.31 110.42 243.85  65.91
   35 -0.015 -1.014 -0.187 117.33 232.43  47.21 230.75 133.84 230.64  60.50
   36  0.357  0.301  0.172  10.18  96.60  88.08  96.74  59.80  95.97  57.29
   37 -0.490 -0.998  0.885  48.22 233.41 144.69 232.93  88.45 230.94  63.45
   38 -0.459  0.177  0.933  12.52 108.59  30.14 107.56 164.77 108.31  41.33
   39  0.261 -0.687 -0.074 252.23 195.61  39.65 197.93  73.71 197.07  53.06
   40  0.669  0.440 -0.224 110.27  83.40 100.79  81.67 170.33  80.64  73.97
   41  0.338 -0.750  0.615 203.13 206.26  68.17 205.50  46.36 204.34  53.43
   42  0.256 -0.431  0.089 249.64 171.78 162.38 170.31 106.05 170.41  48.90
   43  0.713  0.553 -0.326   3.88  70.68 160.38  70.92  55.92  68.78  56.93
   44 -0.409  0.567  0.590   9.07  65.53  58.89  67.08 165.08  67.29  59.00
   45 -0.516  0.246  0.976   4.78 100.67 213.28 101.45  54.02 102.11  52.33
   46 -0.412  0.122  0.074 192.23 109.50  78.82 109.15 238.59 113.21  49.50
   47 -0.594 -0.465  0.964  74.20 177.88 191.78 178.33  71.40 176.05  58.14
   48  0.716 -0.529 -0.692 136.61 180.07 111.30 179.86 134.77 181.94  72.49
   49  0.085  0.887  0.956 151.99  31.04 149.81  30.88 185.87  31.81  72.67
   50  1.172 -1.020 -0.082  69.12 230.64 126.72 232.82  93.69 236.09  60.73
   51 -1.085  0.452 -0.271 212.79  77.76 228.47  80.71 185.84  81.98  63.29
   52 -0.698 -1.100  0.530   7.11 243.24 221.62 243.36  10.99 242.39  49.75
   53  0.955  0.112  0.424  17.84 115.09 224.81 109.19 248.41 113.73  32.00
   54 -0.841  0.064 -0.561  90.87 119.39   2.89 119.94 129.62 119.48  58.33
   55 -0.782  0.998 -0.095 235.75  21.88 121.18  21.51  73.43  22.24  62.29
   56  0.195  0.545 -0.940 191.22  72.26 119.59  72.45 164.31  72.64  63.63
   57 -1.043  0.259 -0.404 232.42 100.53  17.11 101.60 207.97 102.20  45.45
   58 -0.351 -1.053 -0.240 129.93 236.49  75.55 235.62 231.64 234.16  59.12
   59  0.687  0.734 -0.151 123.72  53.51  43.29  49.98 213.72  49.40  61.11
   60  0.766  0.493  0.107  76.41  74.44  19.92  74.47  22.51  75.16  70.55
   61  0.726 -0.873 -0.225 127.03 214.98  50.11 217.02 199.86 217.26  95.25
   62 -1.185 -0.909  0.021  34.68 225.04 191.13 220.01 182.72 218.45  56.75
   63 -0.796 -1.007 -0.517 152.03 232.77 108.51 229.73  82.28 227.70  71.27
   64 -0.070 -0.107  0.394  20.24 136.48  17.41 138.07 238.60 138.01  65.30
   65  0.635  0.281 -0.352  50.27  99.22 134.79  96.74  68.23  97.11  58.00
   66 -0.364  0.934  0.364  18.01  26.63 147.52  27.61 142.15  30.03  55.88
   67 -0.192 -0.988 -0.278 114.38 228.17 170.29 228.38  65.45 229.34  60.80
   68 -0.066  0.991  0.927 215.15  20.64 142.54  19.64 115.28  19.34  65.79
   69 -0.928 -0.576 -0.955  56.65 184.24  73.05 183.02 101.72 182.72  63.93
   70  0.955 -1.090 -0.295  17.56 235.12  92.14 236.63 189.38 242.40  49.71
   71 -0.884 -0.695 -0.930 237.89 196.62 132.40 192.90 226.03 195.33  54.71
   72 -0.175  0.700  0.648 238.05  51.61 199.17  52.49 138.44  53.40  61.11
   73  0.664  0.186  0.326 177.09 107.73 157.96 107.37 131.32 107.22  88.56
   74  0.300  0.536  0.758  93.23  70.63 216.65  68.42  49.43  68.87  55.00
   75 -0.985 -0.080 -0.805  75.00 131.76  76.32 131.73  89.98 131.69  60.50
   76 -0.594 -0.923  0.739 170.57 227.72 137.34 223.23 124.89 223.61  69.76
   77 -0.721  0.508  0.543 163.34  72.41 170.07  73.40 168.69  72.95  71.47
   78 -0.730  0.279 -0.628 128.26  96.67 166.86  96.80 187.44  98.92  62.42
   79 -0.510 -0.034 -0.506 113.13 126.41 165.34 127.52 183.26 127.53  66.07
   80 -0.685 -0.789 -0.096 243.99 208.70 240.62 207.69 126.89 205.38  57.00
   81  0.047  0.215  0.743 203.27 101.89  21.66 101.86  30.73 102.23  62.74
   82  1.166  1.059 -0.186 211.32  20.01 175.00  18.88 154.80  13.59  59.67
   83 -0.826  1.059 -0.373  18.19  10.01 248.54  19.06 240.09  19.04  52.33
   84  0.488  1.093 -0.634  50.63  17.04 209.14  15.43 225.15  14.02  65.48
   85 -0.605 -0.179  0.059 166.29 145.64 184.16 142.60 141.01 142.77  62.23
   86  0.147  0.423 -0.942 148.44  83.41  22.68  83.83 111.38  83.38  67.11
   87 -0.586 -0.984 -0.479  93.12 227.78 201.01 227.72  33.43 225.09  64.87
   88 -0.340 -0.487 -0.955 157.25 177.56 147.22 175.73 110.69 175.90  68.13
   89 -0.537  0.024  0.223 224.55 122.64  42.77 121.72  63.37 121.80  62.60
   90 -0.280 -0.992  0.059 112.63 230.66 155.99 229.82 159.52 229.75  75.00
   91  0.676  0.898 -0.715 183.24  35.24 173.26  34.23  86.06  32.85  76.83
   92  0.607 -0.479  0.187  63.37 177.28  94.20 177.07  37.12 178.42  64.20
   93 -0.475 -1.138 -0.105  48.14 245.37 144.71 243.62 198.98 243.43  62.71
   94  0.231 -0.723  0.062 161.08 199.03  58.17 201.83 100.25 203.25  75.97
   95 -0.714  0.840 -0.808 179.67  40.33 134.02  40.26  54.42  41.57  64.09
   96 -1.112  0.878 -0.312 224.69  33.98  44.88  37.32 191.55  37.47  49.25
   97  0.622  1.147  0.575 178.52   7.52 198.25 254.23 175.87 254.38  76.56
   98 -0.515  0.674 -0.066 201.34  56.32 247.70  57.36 143.80  57.58  60.94
   99 -0.171 -0.578 -0.872  42.93 183.57 176.66 184.72  70.95 185.17  55.09
  100  0.435  1.017  0.890 166.21  18.54 191.84  18.17 235.80  16.16  76.34
  101  0.431  0.901  0.104 168.28  34.51 181.46  32.71  30.30  32.37  67.81
  102 -1.109  0.266 -0.914  38.73 100.41   8.35 101.22 202.36 100.78  56.71
  103  0.754  1.052  0.804 134.22  10.17 123.42  10.56 108.41   6.52  61.38
  104 -0.534  0.835  0.350 103.12  36.06 193.38  39.46  30.40  40.30  65.83
  105  0.331 -0.886 -0.985 218.77 215.37 108.22 214.46  30.73 216.89  65.42
  106  0.683  0.099  0.625 241.89 116.69 229.08 116.38  76.22 115.67  61.64
  107  0.179 -0.447  0.556 167.04 172.97 165.06 174.34  29.06 175.04  68.12
  108 -0.710 -0.853  0.549 186.20 218.93 212.71 217.12  27.52 214.33  62.15
  109 -0.558  0.483  0.339 165.61  73.78  95.41  76.06 182.56  75.73  77.73
  110 -0.192 -0.827  0.102  11.76 213.98  57.38 209.88 208.26 213.60  57.75
  111 -0.937 -1.076 -0.924 213.40 237.98 249.67 233.93 133.09 233.72  61.88
  112 -0.499 -0.465 -0.001 178.57 175.38  33.45 175.50 216.40 175.27  63.29
  113 -0.014 -0.525 -0.528  80.48 180.42  48.02 179.42  90.51 179.62  66.21
  114  0.018  0.429  0.161 130.13  82.85 197.18  82.92  31.18  82.85  76.15
  115  1.092  1.041 -0.630  64.98  22.68  43.68  19.82 121.30  18.07  65.56
  116  0.753  0.711  0.507 195.68  53.57 248.52  51.79   3.52  49.98  69.00
  117  0.844  0.685 -0.514 135.73  58.10 141.42  58.26 126.97  54.88  44.00
  118 -0.806  0.105 -0.689 105.76 115.43  85.40 115.57 188.58 116.12  70.80
  119 -0.062  0.690 -0.167 210.37  56.17 173.92  55.05 251.82  55.71  58.20
  120  0.520  0.934 -0.393 241.62  32.48 204.56  32.05 163.24  30.38  55.11
  121  0.155 -1.089  0.505 195.88 241.51   7.10 241.91 215.22 243.40  60.78
  122  0.032  0.731 -0.519 166.71  48.54 109.57  53.69  28.87  51.68  68.46
  123  0.393  0.684  0.645 222.78  55.48 117.77  54.22 124.31  54.50  57.14
  124  0.415 -0.629  0.793 138.27 193.01 246.86 191.36 125.49 193.24  67.50
  125  0.638  0.871 -0.458 173.15  38.44 196.57  37.50 151.37  33.07  76.04
  126  0.720  0.908  0.503 186.08  33.28   9.86  30.13 100.28  27.56  72.00
  127 -0.081  0.522  0.772 197.59  71.60 106.40  71.31   9.15  71.75  71.00
  128 -1.007  0.325 -0.834 244.77  90.96 253.82  89.91 230.94  88.67  52.50
  129  0.284  0.198  0.278 173.97 105.43 247.34 102.92  39.97 102.38  74.20
  130  0.407  0.534 -0.296 122.61  73.48 201.42  71.49 113.93  70.70  59.67
  131 -1.158  0.960 -0.409 252.45  23.26 230.43  27.93 178.22  30.96  56.00
  132 -1.033 -0.227 -0.363 140.16 150.64  30.72 150.04 200.83 150.24  68.35
  133 -0.197 -0.315  0.455 149.54 160.59  87.40 161.04  84.61 160.62  64.75
  134 -0.777 -0.881 -0.817 133.14 216.85 190.66 215.23  94.66 214.13  62.92
  135  0.715 -0.652  0.838 209.31 194.65 172.74 195.67 123.23 196.26  71.50
  136 -0.047  1.135 -0.056 238.00   9.99 194.36   6.35 243.17   5.05  82.75
  137 -0.192  0.394 -0.295 118.25  85.63 142.91  85.83 164.42  85.35  60.45
  138  0.385 -0.293  0.293 139.43 158.31 115.34 158.25 184.44 155.46  65.59
  139  0.742 -0.408 -0.339 140.22 161.87 107.44 161.57  21.70 169.67  80.32
  140 -0.285 -0.593 -0.979  92.55 187.04  35.36 185.96 136.38 185.36  62.88
  141  0.054  0.826  0.631 104.97  39.29  14.18  38.18  11.24  39.64  74.74
  142  1.174  0.697 -0.523  50.69  57.65 170.20  55.36  74.62  54.20  45.50
  143  0.040 -0.626 -0.155  78.37 188.54  99.81 187.60  20.14 189.68  52.43
  144  0.602  1.042  0.429 159.88  18.14 151.84  16.91 131.06  16.14  67.00
  145 -0.202  0.087 -0.839 226.31 118.00 201.02 117.75  71.26 117.78  57.53
  146  0.923  0.716  0.014 108.54  53.59 208.07  52.96 166.25  51.57  75.18
  147 -0.134  0.797  0.216  45.36  41.53  72.02  40.31 199.99  43.37  69.70
  148  0.202  0.765  0.693   9.99  44.47 114.24  44.79 184.44  45.91  57.08
  149  0.864  0.476 -0.563  29.93  80.27  69.54  77.37 121.47  76.02  56.00
  150  0.904  0.674 -0.745 223.13  58.99 214.17  58.53 116.73  56.93  66.00
  151  1.121 -0.792 -0.925  74.28 204.12 173.35 204.82  58.78 208.71  78.93
  152 -1.148  0.259  0.139  42.84  99.35 193.30  99.41  75.46 100.27  52.61
  153  0.547  0.929 -0.541 171.80  33.58 137.40  32.55  68.93  30.89  66.54
  154  0.426  0.683  0.793 227.74  54.54 131.48  53.86 129.40  54.06  51.71
  155  0.166  1.144  0.582 191.71   5.98 153.37   5.04 151.13   4.67  68.63
  156 -0.944 -0.469 -0.874 211.69 173.34 226.50 173.95 224.18 173.64  80.53
  157  0.618 -0.862 -0.739  37.77 212.51  52.02 210.24  78.49 215.94  51.50
  158 -0.103  0.729 -0.601 149.84  53.54 224.19  53.84 200.89  51.90  64.19
  159  0.683 -0.934  0.624 244.15 224.15  40.67 225.98 225.90 225.47  52.03
  160  0.956 -0.447 -0.332  23.24 172.21   7.52 170.74 238.19 174.63  61.70
  161  0.566  0.794 -0.645 170.74  47.50 192.91  45.27  95.44  45.07  77.46
  162 -1.110  0.551  0.318  69.13  65.78  84.77  67.99 193.70  70.20  65.60
  163 -0.819 -0.914  0.740  38.38 227.60   5.12 222.84 180.55 222.40  55.73
  164 -0.881  0.394  0.174 191.33  83.52  54.25  84.45  19.89  85.44  73.60
  165 -0.397 -0.319 -0.235 173.31 159.40 151.54 159.61 123.72 159.46  66.11
  166 -0.123 -0.285  0.261 204.68 154.46  22.49 151.52 243.60 155.38  70.09
  167 -1.092 -0.097 -0.591 225.21 135.49 243.96 135.87 183.22 136.01  54.96
  168  0.525 -0.135  0.604  30.63 141.67   4.55 141.22  10.31 140.87  60.61
  169 -1.117 -1.103 -0.829  97.42 242.58  34.34 236.14  68.91 234.65  52.00
  170  0.222 -0.297  0.325 100.14 158.60 109.93 158.47  94.75 157.93  55.86
  171 -0.689  0.409  0.865  40.13  82.52 130.14  83.41  31.70  85.21  65.84
  172 -0.568 -0.730  0.478  34.85 204.26  81.48 203.58 236.94 203.79  48.44
  173 -0.775  0.844  0.890  25.86  35.21 184.10  33.73 204.34  35.33  55.15
  174 -0.760 -0.817 -0.902  43.39 210.56 164.19 208.00 122.97 208.51  65.27
  175 -1.023  0.429 -0.150 121.77  80.44 117.32  83.09 107.33  83.12  68.92
  176 -0.153 -0.335 -0.639  95.45 161.51 244.49 161.51  89.51 160.88  62.00
  177  1.211  0.370 -0.054  65.57  86.00  36.19  86.98 109.99  87.80  71.88
  178 -0.603  0.689 -0.944 128.60  56.74  74.94  58.45  72.52  59.15  68.40
  179  0.961  0.189 -0.853 212.60 109.01 198.11 108.69   5.41 108.13  62.79
  180 -0.328  0.523 -0.922  94.75  73.49  51.75  74.38  30.22  75.49  66.25
  181 -0.123 -0.307  0.518 186.51 158.71 168.69 159.06 139.91 159.33  52.00
  182 -0.091 -1.128 -0.934 148.59 239.87 226.24 240.21  49.97 237.13  64.45
  183  0.198  0.484 -0.601 102.23  76.69 208.13  76.80  52.77  78.11  68.38
  184  1.014 -0.072  0.255 139.22 127.52 249.59 128.80 187.08 128.85  63.49
  185  0.194 -0.184  0.520  87.17 147.22 118.19 145.69  73.05 145.57  71.60
  186  0.611 -0.893 -0.227 196.27 216.80 203.00 218.13 191.16 220.12  66.00
  187 -0.264  0.452  0.140 135.37  78.98 216.06  79.83 174.20  79.69  63.30
  188  0.383 -1.230 -0.673  93.23 247.72  79.19 245.94  67.05 252.81  75.14
  189  1.088  0.240 -0.077 131.07 101.54  72.56 101.73   9.41 102.00  64.60
  190 -0.922 -1.228 -0.794 149.21 252.58  54.20 244.96  77.51 244.88  59.80
  191  0.225  1.063  0.138 239.94  18.14 148.68  14.19 184.07  15.44  61.78
  192  0.159 -1.011 -0.074 240.40 231.12  99.11 231.55 121.72 233.11  57.23
  193  1.111 -1.208 -0.115  96.52 246.84 167.02 252.95  67.05 252.81  71.41
  194  0.808 -0.850  0.165 167.19 214.55 161.20 216.76  67.05 252.81  57.14
  195  0.165 -0.452  0.589 149.21 252.58 160.27 177.76 135.90 173.58  59.80
  196 -0.461 -0.741 -0.658 206.89 203.71  63.18 202.89  58.94 200.78  66.91
  197 -0.677 -0.711 -0.083 149.21 252.58 205.05 198.27 142.43 200.07  59.80
  198  0.324 -0.934 -0.953  39.15 219.38  53.03 218.85  67.05 252.81  59.09
  199 -0.904 -0.458  0.174  21.54 176.87 243.19 253.21  66.41 174.61  65.62
  200  0.683 -0.212 -0.598 149.21 252.58 148.89 147.47  44.42 149.63  59.80
  201  0.639  0.816 -0.691 136.71  44.51  56.38  43.69  96.17  40.37  61.11
  202  0.064  0.309 -0.474 118.84  96.47 250.76  96.19  67.05 252.81  69.73
  203 -0.870  0.327 -0.563 111.93  87.50 108.50  87.81  67.05 252.81  77.08
  204  0.619 -0.260 -0.312  31.45 152.30 243.19 253.21 162.24 155.32  62.44
  205 -0.649 -1.242 -0.786 149.21 252.58  59.78 253.07 225.84 246.80  59.80
  206  0.136  1.032  0.335 149.21 252.58 113.86  19.05 220.10  18.22  59.80
  207  0.129  0.686 -0.429  90.94  57.37 121.84  57.02 212.71  56.64  67.38
  208  0.564  0.652 -0.028 149.21 252.58  67.88  59.20 226.22  58.08  59.80
  209 -0.217  0.564 -0.739  53.23  68.69   9.19  70.31  67.05 252.81  60.52
  210  0.936  0.444  0.755 149.21 252.58 148.34  79.40 216.37  78.49  59.80
  211 -1.149 -1.078  0.393 174.42 242.90 174.16 240.26  67.05 252.81  64.71
  212  0.456 -0.532  0.555 149.21 252.58 200.68 181.76 207.21 183.07  59.80
  213  0.695 -1.254 -0.811 149.21 252.58 243.19 253.21  67.05 252.81  59.80
  214 -1.189  0.079  0.388 230.99 119.36  82.34 118.65  67.05 252.81  47.14
  215 -1.251 -0.616 -0.352 252.61 191.47 243.19 253.21 127.45 187.74  51.38
  216  0.265 -0.972  0.163 149.21 252.58  68.54 228.61 109.26 229.60  59.80
