    1 -0.204  0.262 -0.515 175.57 100.54 178.13  99.48  65.29  99.39  80.05
    2 -0.551 -0.171  0.315  34.10 146.08 100.06 141.55 250.81 141.50  49.00
    3  0.489 -1.191 -0.668 208.77 246.95 160.45 246.03  20.94 250.79  66.73
    4 -0.342  0.215  0.336  18.19 104.24 133.25 100.95 209.47 103.05  61.70
    5  0.354  0.040  0.300 242.35 122.37 211.28 120.78 249.12 122.07  52.00
    6 -0.680 -0.887  0.405 211.35 222.94 250.09 219.84 137.14 214.16  65.62
    7 -0.817 -1.145 -0.674 141.32 245.95 140.97 243.72 193.44 241.94  68.32
    8 -1.084 -0.427 -0.214 138.31 170.16 116.41 170.02 178.20 169.92  58.00
    9  0.156 -0.881 -0.380  62.83 215.88  55.36 213.82  73.00 212.85  52.50
   10 -0.770 -0.778  0.593 131.42 211.66 151.32 210.17  63.56 208.48  69.35
   11 -0.963  0.445  0.187  13.81  79.36 167.24  81.19 126.41  82.15  53.71
   12  0.443  0.098 -0.347   7.87 115.68  42.34 113.30  92.57 115.66  59.45
   13  0.657 -0.999  0.754 139.89 227.26  11.05 233.80  88.60 236.13  57.69
   14  0.160 -0.536  0.135  62.01 179.04  68.44 177.99   2.94 180.50  72.38
   15 -0.901 -0.082 -0.021 119.62 135.08  96.45 135.00 206.59 135.75  67.55
   16 -0.875  0.590  0.859  68.29  58.98   6.01  61.86 122.63  65.27  68.33
   17 -1.034 -0.113  0.090 216.83 139.11 126.70 139.26  37.14 136.59  57.47
   18  0.582 -0.669 -0.906 121.57 194.47  64.81 194.00 138.36 194.55  67.67
   19  0.241 -0.040 -0.615 242.35 131.41 203.24 131.47 131.25 130.98  61.78
   20  0.315  0.341  0.906 195.66  86.84 199.40  86.23  34.25  86.88  67.44
   21 -1.117  0.535 -0.667 159.71  69.28 165.92  69.16 242.01  72.45  70.14
   22 -0.793  0.322  0.820 204.87  92.06 162.14  91.59 109.40  91.46  68.59
   23  0.749 -0.529 -0.809  55.22 177.22  13.11 175.92 236.60 178.78  52.77
   24 -0.450 -0.384  0.404 175.32 167.98 219.11 167.69 192.04 164.68  69.88
   25  0.034 -0.600 -0.549 187.48 187.62 153.61 187.95 112.45 188.09  61.60
   26 -0.420 -1.056 -0.266 168.39 236.72 141.32 235.34  54.62 232.91  66.00
   27  0.905 -0.568 -0.004 186.93 184.49 145.02 184.22 225.68 187.06  65.69
   28 -0.523  0.984  0.629 153.27  21.93  90.43  20.92  97.87  21.33  59.90
   29 -0.097 -0.799 -0.012 114.28 210.93 134.81 210.91   7.25 211.06  66.86
   30 -1.137 -1.024 -0.190 235.06 236.61  97.15 226.95 188.91 229.32  60.58
   31 -0.081  1.027  0.631  34.42  16.99 126.32  13.68 205.60  12.35  55.42
   32 -0.270 -0.913 -0.166 215.35 222.34   3.38 220.16 144.42 219.17  71.40
   33  0.340 -0.026  0.410 118.59 125.77 109.57 125.79 106.63 128.83  59.57
   34 -0.245 -1.084  0.114  17.65 240.38 173.12 238.72 166.62 239.13  46.12
   35 -0.986 -0.242 -0.252  83.43 151.62  36.42 149.16  43.56 148.95  74.33
   36  0.652 -0.074  0.259 195.31 134.60 232.53 134.74 246.72 135.05  52.28
   37 -0.492 -0.311  0.938 106.15 159.29 196.78 158.49 193.37 159.19  60.31
   38 -0.843  0.147 -0.493  20.41 111.45  83.58 107.43 245.78 107.98  43.56
   39  0.602 -0.058 -0.115 138.76 132.33 152.71 132.33 160.96 132.38  69.57
   40 -0.709  0.696  0.375  21.79  52.89  81.23  54.37  92.51  54.81  57.70
   41 -1.052  0.160 -0.789 196.03 107.33  26.31 107.28  82.22 107.60  60.15
   42 -0.015 -0.106 -0.069  56.42 136.97 196.68 136.04 166.17 136.17  66.46
   43  0.159 -0.376  0.183   4.49 165.48  93.63 163.76 149.71 164.65  38.20
   44  0.427  0.400  0.217 141.86  85.16  26.54  85.98 185.27  85.36  64.85
   45 -0.670 -0.196 -0.888  10.25 147.25   6.28 145.30  54.32 146.01  53.55
   46 -1.028  0.664  0.537  81.22  53.14 231.54  54.45 203.44  58.19  63.89
   47  0.439 -0.344  0.170 220.03 160.80  75.26 161.73 107.27 163.67  52.71
   48 -1.190 -0.789 -0.740 226.44 207.92 135.37 206.61 245.40 204.49  49.69
   49  0.488  0.282 -0.415  50.61  97.26 127.16  98.63  53.85  98.47  66.25
   50 -0.230  0.789 -0.271 127.96  45.28  26.62  42.22  14.24  44.15  67.15
   51 -0.868  0.522 -0.023 166.69  71.40 112.55  71.40  68.62  72.19  67.43
   52 -0.602  0.695 -0.855  65.13  56.00  19.16  57.78   8.98  57.56  57.66
   53  0.292  0.618 -0.728  35.47  64.91  34.23  64.90  39.99  62.52  60.42
   54 -0.377  0.989  0.156 232.36  22.13 173.52  21.49 182.58  23.46  53.00
   55  0.154 -1.086 -0.639  92.25 238.45  85.11 236.86   3.97 239.11  70.58
   56 -1.060 -1.079  0.459 239.83 243.57  14.06 238.91 142.26 236.43  60.07
   57 -0.519 -1.095  0.353 122.64 242.24 102.66 241.38  89.40 240.78  73.64
   58  0.261  0.866 -0.612 226.81  39.72 201.13  35.39 120.13  33.96  61.14
   59  0.475 -0.801  0.581  76.05 211.02 118.23 211.24  39.18 212.69  71.58
   60  1.034  0.344  0.335  12.43  89.16 173.00  86.36 146.78  85.89  52.25
   61  0.641  0.422 -0.723  44.45  84.78 111.93  84.47 247.36  84.38  66.91
   62 -0.591 -0.491 -0.659  51.09 174.70  16.60 172.29 232.64 173.45  52.14
   63  0.874 -0.567 -0.798 175.83 180.90 203.67 181.50 125.33 184.50  62.25
   64 -1.090 -0.451  0.431  20.68 173.73 161.42 171.74 120.85 171.97  48.08
   65  0.788  0.615  0.070   8.83  64.27  81.11  61.01  88.52  60.79  55.06
   66 -0.984  0.409 -0.131 248.23  83.22 102.74  85.30  70.80  85.73  59.57
   67  0.350  0.878  0.718 142.34  34.38 227.92  29.80 251.64  33.62  39.00
   68 -0.448  0.770  0.736 185.75  41.24  61.84  41.05  34.24  44.11  62.09
   69 -0.304 -0.065  0.179 189.68 134.21 190.45 134.29  42.07 133.89  68.77
   70  0.849 -0.968 -0.533  93.35 223.49 244.18 224.69 246.20 228.20  63.58
   71 -0.188  0.208 -0.697 193.24 106.16 157.13 105.95 112.92 105.89  69.60
   72  0.951  0.211 -0.732  38.72 106.37  92.32 105.67  72.13 105.87  63.74
   73  0.767  1.158 -0.832 142.68   5.53 248.01   7.36 143.39   6.49  57.33
   74  0.340  1.098 -0.179 132.87  13.42 205.40  11.76 198.37  12.01  54.67
   75 -0.162 -0.006 -0.137 163.97 124.14 146.68 124.10 105.29 125.79  67.00
   76  0.358 -0.267 -0.457 193.34 153.28 170.14 153.57 135.45 153.84  54.33
   77 -0.647  0.850 -0.314 200.54  35.66 154.73  40.35 104.58  40.39  60.52
   78 -0.378 -0.916  0.870 195.02 225.20 170.13 224.41 118.96 224.03  63.29
   79 -0.845  0.295 -0.324  24.40  94.01 140.00  95.93 218.25  96.30  49.41
   80  0.023 -0.308 -0.972 140.56 157.25 152.82 157.30 159.24 157.61  61.71
   81 -0.341 -0.349 -0.571 145.08 163.86 130.54 159.07  34.40 161.15  58.92
   82 -0.159  0.425 -0.223 217.91  82.25  27.49  81.74  23.40  82.82  56.43
   83 -0.145  0.527  0.998 145.20  66.99 160.64  68.48 166.38  67.69  88.36
   84 -0.630  0.087 -0.899  29.90 117.10 104.41 115.27 200.57 119.38  34.00
   85 -0.889 -0.203 -0.156  46.52 148.47  60.93 147.92  90.54 147.77  61.45
   86  0.984  0.494 -0.936 221.90  79.18 247.06  78.14  40.03  75.17  58.22
   87  0.392 -0.589 -0.143 237.61 186.90 222.29 187.23 199.84 188.74  52.64
   88 -0.494 -0.801  0.815  92.05 212.44   7.18 213.60  63.12 211.10  64.38
   89 -0.132  0.577  0.437 139.09  65.86  24.89  66.45   3.72  66.63  66.53
   90 -0.181  0.024 -0.145 184.06 124.11 165.46 124.08 136.84 124.02  70.26
   91  0.272 -1.150 -0.381 106.47 245.04 239.92 243.79 146.38 244.70  65.59
   92 -0.638 -0.651 -0.057 157.74 195.00 130.25 194.07  44.83 193.05  64.22
   93  0.319 -1.167 -0.732  59.22 245.44  45.55 244.17 181.10 246.57  62.12
   94 -0.240  0.404  0.598 117.67  84.14 105.88  82.64 201.46  84.62  64.89
   95  0.116  0.440  0.643  58.22  80.51 215.73  80.52 190.72  79.63  60.71
   96  1.000  0.714 -0.140  89.41  53.59  69.20  52.75 191.76  48.79  58.71
   97  0.349  1.218 -0.766 101.96 252.70  80.75 254.34  90.42 253.54  71.90
   98 -0.369  1.050 -0.390  22.97  17.57 163.37  14.99  83.87  19.49  54.17
   99 -0.094 -1.225 -0.806  70.69 251.62  77.72 249.36 162.12 250.86  64.22
  100  0.389 -0.893  0.900  40.81 222.17 246.61 222.79 205.86 222.48  57.12
  101 -0.984  0.833 -0.131  53.76  39.67 148.06  40.45  70.50  42.07  33.67
  102  0.344  0.587  0.638 213.26  65.36 210.31  64.17 186.06  62.76  64.35
  103  0.629 -1.148  0.306 150.47 245.73 218.75 246.43  23.89 250.45  69.30
  104  0.242 -0.286 -0.568 155.02 155.41  85.94 155.02 165.73 155.89  66.33
  105  0.379  1.026 -0.868 116.75  22.38  72.53  23.55 183.41  19.62  66.45
  106  0.671 -0.296 -0.424  72.90 155.52 164.79 155.51 231.59 156.56  55.29
  107 -0.266  0.929  0.611 112.11  23.87  88.89  24.99 199.75  30.22  78.45
  108  0.122  1.183 -0.435 170.50 253.45 163.43   5.39  85.25   3.95  84.67
  109  0.063  0.071  0.583  49.73 119.31 192.40 119.56  94.40 119.71  69.32
  110  1.159 -0.110 -0.652 208.82 135.91  34.82 136.75 117.29 139.28  61.54
  111 -0.601 -0.623  0.440  14.32 194.92 131.68 189.23 157.12 189.81  57.00
  112  0.183 -0.693 -0.999 102.03 195.08 186.64 195.41 202.57 196.91  65.91
  113 -1.066 -0.727  0.298 223.43 204.96 240.49 201.84  45.21 197.65  46.58
  114  0.884 -0.384 -0.258  88.12 164.23 174.16 164.18 123.40 167.72  70.27
  115  0.062 -0.779  0.494 197.53 206.84  94.45 210.16  23.86 209.10  65.10
  116  0.729  0.474  0.418  59.47  72.72  38.17  74.11  43.91  75.20  63.95
  117  0.814  0.914  0.251 139.99  29.04  99.91  29.43 165.28  27.85  73.33
  118 -1.183  0.795 -0.655   8.28  40.58  80.33  45.96 105.74  47.35  54.18
  119 -0.282 -0.133 -0.982 136.54 139.28  20.48 140.00 193.60 140.78  71.40
  120 -0.461  0.724 -0.461  72.58  51.28 238.77  50.77 213.78  52.41  51.00
  121  0.367  0.578 -0.355 196.64  66.40 114.58  67.32  86.64  67.63  59.42
  122  0.312 -0.409  0.609  45.45 169.76 211.92 169.97  97.66 169.95  53.25
  123 -1.088 -0.056 -0.559 126.24 131.70 135.37 131.67 142.07 131.58  58.00
  124  0.618 -1.176  0.109 158.64 248.20 194.38 248.86  95.40 252.96  65.61
  125 -0.499 -1.195 -0.656 212.62 248.62 177.73 248.86 172.15 247.92  56.50
  126 -1.174 -0.631 -0.468 122.78 189.53 168.70 189.07 139.76 189.67  68.20
  127 -0.717 -0.841 -0.535  18.22 215.38 178.81 213.33 107.68 211.21  57.10
  128 -1.034  0.618 -0.999 137.05  60.57 164.86  65.76 132.73  66.27  64.65
  129 -0.221  0.450 -0.636 176.26  81.69 140.62  81.38 191.14  82.12  64.46
  130 -1.093 -1.058  0.160 143.03 239.49 143.87 238.38 253.05 231.72  57.31
  131  1.041 -0.065 -0.952  19.13 134.14  17.66 133.98 175.52 134.40  53.00
  132  0.185  0.821  0.723 140.70  40.37  15.45  38.88  26.06  38.43  65.27
  133  0.271  0.209  0.716 224.31 104.73 107.44 101.60  17.69 105.67  52.91
  134 -0.578  0.738 -0.404 218.82  45.54   8.48  47.69  37.67  49.48  51.31
  135 -0.557  0.669 -0.575  53.99  56.78 180.30  57.82  95.14  58.87  64.83
  136 -0.277 -0.918  0.852 251.87 224.78  87.55 226.70  47.42 225.27  56.30
  137 -0.325 -0.786  0.086 165.57 210.42   8.17 207.93 129.94 208.61  76.09
  138  0.024 -1.176  0.706 225.93 252.02  39.66 253.56  42.57 252.99  59.72
  139 -0.113 -0.399  0.208 120.61 169.48  85.87 169.14 207.19 168.75  65.86
  140  0.695 -0.030  0.988 120.60 128.83 111.52 128.83 242.65 129.35  70.43
  141  0.046  0.257  0.790  64.47  97.41  55.85  99.00 176.09  98.98  70.10
  142  0.066 -0.726  0.938  79.32 201.65 233.29 204.19 177.87 205.94  52.67
  143 -0.420 -0.266 -0.789  39.90 153.91  26.90 153.19  38.91 152.64  49.83
  144 -0.488 -0.201 -0.730 221.16 148.39  70.28 146.28  10.07 147.35  56.85
  145  0.019 -0.648 -0.546 170.13 188.62   8.50 192.63  31.28 191.16  64.43
  146 -0.992  0.206 -0.271 122.26 105.47 224.23 106.98 230.54 106.31  65.82
  147  0.448  1.056 -0.716 157.89  19.04 119.67  18.93 153.69  13.64  66.57
  148  0.491  0.664  0.526 223.25  56.08  53.49  54.90 210.81  55.15  59.48
  149 -1.097  0.868 -0.240 222.73  34.50 165.55  34.47 162.58  39.25  68.54
  150 -0.647 -0.786 -0.135   3.29 210.92 169.55 207.83  40.48 206.23  55.60
  151  0.369  0.444  0.470   8.74  81.38 226.86  78.74 167.28  77.25  52.70
  152  0.396 -0.240  0.438  52.65 149.73  54.31 151.25 253.45 150.64  75.79
  153  0.109  0.300  0.849  98.61  93.14 237.03  92.03 252.99  93.34  61.28
  154  0.537 -0.394 -0.344 208.59 167.01 144.87 167.54  59.86 168.26  59.12
  155 -0.345 -0.991  0.759 229.35 232.92 175.80 229.42 195.49 231.62  60.98
  156 -0.436  0.623  0.930 205.31  58.86  67.78  58.42   3.58  59.81  51.50
  157  0.389 -0.750  0.559 183.56 205.93  16.25 204.65  84.99 206.24  62.00
  158  0.790  0.070  0.276 237.59 120.41 237.13 120.20 252.42 119.65  63.12
  159  1.077 -0.706  0.083 119.39 197.90 146.59 197.50 169.69 198.42  66.12
  160  0.474 -1.009 -0.993 150.92 227.02 214.64 226.73 213.82 229.40  82.00
  161 -0.883 -0.828 -0.649 206.12 212.08  46.44 210.97 129.77 210.98  75.75
  162 -0.510 -0.663  0.632  79.82 197.01  62.14 195.82  61.41 194.83  68.22
  163  1.062  0.071  0.309 169.25 120.84  65.05 119.51 178.49 120.61  95.59
  164  1.145 -0.951 -0.661 140.10 218.46 173.86 223.46 198.74 225.38  70.31
  165  0.238 -0.561  0.648 220.44 185.99 216.35 185.37  19.74 185.43  65.56
  166 -0.842  0.056 -0.367 250.97 121.40 134.77 120.63 208.16 120.82  57.32
  167 -0.229  0.124  0.073  14.50 111.58  22.22 112.22  54.09 112.44  60.29
  168  0.583 -1.005  0.705 144.95 228.34 198.50 235.11  13.21 235.88  76.27
  169  0.840  0.455  0.075 192.20  82.04 205.19  78.18 240.82  77.09  78.14
  170  0.112  0.598 -0.175 225.93 252.02 157.78  65.86 169.71  64.95  59.72
  171  0.797 -0.397  0.285 162.02 167.40  80.64 168.73 168.56 253.00  69.40
  172  0.689  0.407 -0.158 169.71  85.98 193.01  85.59 110.24  84.48  59.79
  173  0.436 -1.068 -0.290 138.32 235.06 139.31 237.98 147.54 236.57  78.44
  174  0.125 -1.134 -0.509 225.93 252.02  16.15 242.42  10.73 243.00  59.72
  175  0.453 -0.356 -0.942 131.76 162.00  75.25 253.70  30.28 163.69  57.07
  176 -0.401 -0.387  0.437 222.54 169.12 183.19 168.32 168.56 253.00  65.72
  177 -0.705  0.288 -0.304 183.91  96.15  41.62  98.08  79.67  98.71  64.73
  178  0.176  0.040  0.196  49.29 122.66  42.05 122.46  55.76 122.56  68.80
  179 -0.524 -1.240 -0.685 225.93 252.02  48.25 253.25 137.85 252.28  59.72
  180 -0.964  0.292  0.363 225.93 252.02  43.14  93.78  92.57  96.19  59.72
  181  0.851 -1.111  0.593  44.84 242.19 156.11 246.00 168.56 253.00  57.38
  182 -0.446 -1.184  0.675 225.93 252.02  75.25 253.70 185.33 251.13  59.72
  183  0.635  0.086 -0.715 225.93 252.02 173.72 118.28 169.42 118.10  59.72
  184  0.689  0.877  0.482 225.93 252.02 213.67  32.29 232.89  33.54  59.72
  185 -0.706 -0.219  0.212  68.88 148.98  78.94 148.54 168.56 253.00  79.40
  186  0.070 -0.034 -0.542 187.18 130.91 164.14 130.99 168.56 253.00  72.08
  187  0.423 -0.884  0.919 225.93 252.02 100.34 222.51  98.06 222.13  59.72
  188 -0.432  0.202 -0.128 225.93 252.02 109.25 107.22 125.44 107.15  59.72
  189 -1.275  0.119 -0.376  44.57 112.86  75.25 253.70  60.51 113.51  65.27
  190 -1.223  0.225 -0.228 102.59 101.28  75.25 253.70 117.25 101.56  66.85
