    1  0.131 -0.201  0.308 170.92 143.75 221.12 147.37 158.99 147.66  72.76
    2 -0.700 -0.784  0.462   7.10 211.63 209.20 204.82 219.31 209.50  53.34
    3  0.143 -0.322  0.016  72.66 158.42  53.06 157.82  52.76 157.32  59.61
    4  0.150 -1.148 -0.227  46.62 245.22 195.05 245.23  77.20 243.20  54.75
    5 -0.739  0.511 -0.401   8.78  74.48 117.59  75.38 187.90  76.30  60.19
    6  0.532 -0.674  0.187   8.00 192.46 126.96 195.94 203.32 198.75  61.12
    7 -0.263 -0.662  0.192 109.85 196.47 162.73 192.89 138.64 193.48  64.10
    8 -0.071  0.726  0.100 109.73  48.87 223.73  47.42  62.86  47.18  66.23
    9  0.538  0.941 -0.187  51.11  30.61 201.81  29.24 101.13  25.65  63.50
   10 -0.523 -0.005 -0.093 209.60 123.93 196.77 123.88 181.53 123.06  69.23
   11  0.692 -0.272 -0.050 249.82 150.18 142.00 149.42  39.95 149.67  47.25
   12  0.252 -0.939 -0.238  59.68 222.12 233.11 220.85 223.36 223.69  46.00
   13  0.020  0.380 -0.916 138.57  88.03  45.06  88.59 214.76  88.89  63.44
   14 -0.042  0.766  0.620 155.66  43.73 174.42  45.32 244.14  45.87  70.55
   15 -0.751 -1.099 -0.550 124.39 240.95  96.12 239.16 124.85 235.95  78.65
   16 -0.020 -0.145  0.820  17.00 143.03  16.39 141.17  30.19 140.60  41.57
   17  0.003  0.270 -0.988 213.18 100.16 154.47 100.13 188.03 100.70  44.40
   18 -0.725 -0.285 -0.030  24.72 150.87  19.35 150.17 237.38 150.78  59.89
   19 -1.073  0.294 -0.490 112.26  94.32  29.05  93.85  47.14  95.24  65.73
   20 -0.874  0.710  0.280 219.58  48.43 120.89  52.63  48.27  54.82  68.22
   21 -0.633  0.711  0.286  70.16  52.00  76.36  49.81 105.70  52.66  66.28
   22  1.023 -0.903 -0.343 205.86 217.19 173.96 217.75  24.45 222.72  72.73
   23 -0.550 -0.074 -0.702  83.39 134.45  59.96 134.34 207.71 134.39  73.91
   24  0.437  0.786  0.406 174.22  42.97 127.11  43.56  88.17  42.36  68.82
   25  0.654  0.042  0.271 181.67 123.81 210.05 123.16  96.59 122.99  71.40
   26  0.567 -0.898  0.010  29.66 217.50 161.91 218.35 251.29 221.90  61.77
   27 -0.364  0.239 -0.326 243.88 102.04 171.37 102.21 213.18 101.64  73.80
   28  0.477 -0.104 -0.183 203.14 136.50 199.59 138.23  45.35 138.68  64.14
   29 -0.009  1.127  0.932 182.46   6.46 162.30   5.37  42.46   5.32  56.48
   30  0.315  0.420 -0.542  81.84  83.17  16.80  83.89 175.95  83.03  66.15
   31  0.423 -1.149 -0.366 126.30 243.52  76.65 244.31 138.09 247.34  62.29
   32 -0.200 -1.051 -0.444  43.57 235.42  59.59 234.60 128.98 234.36  71.33
   33 -0.493  0.744  0.375 230.85  48.37 204.09  46.86  87.93  47.07  70.50
   34 -0.616  0.191  0.981 240.72 107.03 243.59 106.84 218.71 106.82  59.30
   35  0.158  0.959  0.746 219.20  20.61  55.85  21.59 225.98  24.06  54.50
   36  0.616  0.379  0.811 101.76  87.94  42.51  84.11  27.83  84.98  58.32
   37  0.857  0.220  0.475 105.87 105.03  90.95 103.76 184.54 101.84  61.83
   38  0.608 -0.572 -0.392  53.44 183.17 194.73 181.70 180.55 186.38  62.50
   39  0.729  0.829  0.642 156.82  39.05 163.87  38.50 183.72  37.03  71.52
   40  0.173 -0.142  0.160  30.38 141.29 177.45 139.02 166.52 139.12  59.41
   41 -1.074  0.517 -0.893 167.95  73.14  13.47  75.99  96.18  76.42  71.62
   42  0.156 -0.701  0.396 235.99 198.33 100.79 197.55 157.69 199.80  49.23
   43  0.179  0.910  0.895 187.83  30.57 145.21  25.69 198.21  26.94  59.69
   44  0.286 -0.804  0.934  67.36 212.61  59.46 214.71 247.32 214.45  74.91
   45  0.805 -0.542  0.260  36.70 182.43  24.03 181.68 200.08 182.94  57.50
   46 -0.731 -0.736 -0.160 158.52 204.28 149.47 203.33  74.40 201.42  65.00
   47 -0.374 -0.378  0.477 135.29 166.42 190.50 164.14  89.29 166.05  73.00
   48 -0.030 -1.095 -0.358  70.01 240.11  51.85 239.99  97.52 239.74  56.33
   49 -0.309 -0.500  0.337 173.32 180.22 143.69 179.72  17.25 180.02  76.61
   50 -0.235  0.146 -0.118  74.81 110.11  23.35 110.51 106.79 110.17  57.85
   51  0.399  0.347 -0.436 153.46  92.85  38.38  92.26  12.66  89.60  65.79
   52  0.288  0.573 -0.742  75.56  68.62  65.09  69.73 132.71  69.27  64.75
   53 -0.863  0.926 -0.265  20.15  28.80  11.49  32.08  30.99  34.30  54.23
   54 -0.884 -0.740 -0.948 194.01 203.73 183.96 198.79 241.23 199.63  57.75
   55 -0.356 -1.093 -0.352 112.28 240.23 135.78 239.99  88.39 238.24  60.25
   56  0.392 -0.991  0.592  15.20 230.68  36.08 229.60  83.57 231.64  48.71
   57 -0.889  0.356 -0.695 209.87  90.12 229.38  89.34 168.69  92.30  63.83
   58  0.348  0.689 -0.759 209.40  56.82 196.74  55.60 135.49  55.16  68.54
   59 -0.423 -0.864 -0.804  99.29 216.06  44.32 214.88 128.24 214.43  63.71
   60 -0.952  0.330  0.086   5.68  91.57 160.42  92.73  64.36  92.81  56.57
   61  0.700 -0.098 -0.478  64.23 135.94  72.67 135.79  93.97 135.72  64.43
   62  0.075  0.877  0.788 159.48  33.05  39.58  33.08 152.53  34.01  71.93
   63  0.205 -0.725 -0.083 170.08 201.80 144.72 202.19 114.73 202.41  70.53
   64  0.579 -0.334  0.854 208.15 159.71 185.57 160.18 147.03 160.62  63.14
   65  0.919  0.589 -0.653 252.97  67.48 244.92  64.76 175.87  57.62  57.12
   66  0.652  0.692  0.271  93.26  52.39  61.79  53.60  57.10  50.86  67.47
   67  0.430  0.550  0.588 196.37  69.59 221.37  68.63 114.68  64.71  65.18
   68 -0.774  0.369  0.856 148.02  85.68  59.87  87.91  61.76  88.71  69.67
   69 -1.068 -0.215 -0.458  32.77 149.64  26.56 149.13  44.96 148.61  64.06
   70 -0.388  0.221  0.020  30.34 103.42 168.45 105.02 177.39 104.52  49.50
   71 -0.656 -0.058  0.084 207.75 134.01 191.00 134.14 157.83 133.10  64.43
   72 -0.557  0.109  0.924 102.79 114.21  75.68 114.38 227.74 113.28  69.02
   73  0.382  0.476  0.535  82.07  76.70  20.44  76.33  66.02  76.67  38.00
   74  0.279  0.480 -0.347 188.36  78.03 168.79  77.76  56.13  77.27  51.75
   75  0.306 -0.738 -0.487  32.19 202.50  39.77 202.35  57.28 203.03  43.90
   76 -0.995 -0.204 -0.427 164.33 149.34  32.35 145.61  66.31 145.33  71.51
   77 -0.955 -0.173 -0.889 162.36 143.05 146.37 143.09 125.58 143.16  70.06
   78  0.963  0.255  0.457 121.61 101.38 162.59 101.16  79.23  99.83  71.89
   79 -0.533  0.316  0.536  55.54  92.95 168.99  92.84  12.00  94.00  70.44
   80 -0.500 -1.124 -0.155 164.39 245.20   2.69 241.75 126.93 240.81  68.33
   81  0.467  0.166  0.082  97.76 109.94  98.73 110.14 226.40 109.82  68.93
   82  0.930  0.252 -0.303 148.06 101.92 230.14 101.35 153.23 101.02  81.00
   83 -0.857 -0.561  0.256 222.32 183.99 212.76 185.16 131.21 182.10  69.44
   84 -0.725 -1.038 -0.831 199.19 232.23 203.32 229.46 138.10 230.14  67.31
   85 -0.013 -0.672 -0.785 177.65 192.37 145.52 189.31 245.97 191.04  67.67
   86  0.654 -1.146 -0.443  51.21 242.78  71.63 242.44  81.35 247.54  63.85
   87 -0.838  1.060 -0.540 149.41  15.97 150.29  19.23 102.66  21.21  72.06
   88  0.315  0.347 -0.398  33.08  91.23 130.25  90.21 152.13  89.86  58.82
   89  0.396 -0.933  0.665 154.08 224.63 154.21 224.96  88.78 227.12  75.06
   90  0.715 -0.047  0.926 219.55 132.25 177.45 132.22  44.23 133.03  60.67
   91 -0.000 -0.837 -0.324  93.65 212.63 207.15 207.28  38.72 213.05  68.34
   92  0.022  0.903  0.434 192.20  31.22 183.72  31.19 242.94  31.81  71.70
   93 -0.755  0.285 -0.785  23.08  97.31  71.75  94.69  40.68  98.93  58.61
   94  0.165 -0.583  0.222  70.96 188.38  38.30 187.22  70.67 188.32  68.46
   95 -0.067  0.075 -0.516 220.82 119.94 191.47 119.85 144.28 119.69  68.40
   96  1.116 -0.067  0.235 170.48 134.13 196.71 134.18  54.31 134.25  57.50
   97 -0.526 -1.062  0.879  94.89 241.73 125.15 240.38  70.55 238.57  65.73
   98  1.065  0.862 -0.370 231.10  41.87 205.91  39.93 200.82  36.16  62.13
   99  0.324  1.168  0.325  12.13   4.20  55.91   3.08  13.94   3.91  48.38
  100 -1.084  0.430 -0.195 152.29  79.21 139.13  82.67  88.23  82.77  71.39
  101  0.243  0.261  0.895  42.27  98.73  52.15  99.51 142.15  99.26  60.45
  102 -0.011  0.802  0.413  97.82  42.88  55.21  41.49 186.27  40.53  53.77
  103 -0.975  0.229 -0.936  95.10 103.41 218.94 105.05   3.76 104.93  65.77
  104  0.606  0.429 -0.116 186.83  83.09 156.85  79.07  10.44  80.69  54.40
  105  1.028 -0.039 -0.296  89.13 128.82  74.19 128.79 166.01 123.74  72.41
  106 -0.838 -0.864 -0.927  72.38 216.87 128.23 214.07  35.27 209.60  65.11
  107  0.785 -0.786 -0.852  24.72 204.65 140.72 204.46 204.98 206.77  58.21
  108  0.061  1.169  0.577 163.00 254.34 226.36 253.65 204.52 252.94  74.00
  109  0.210 -0.977 -0.079  35.80 227.38  57.79 228.00  93.35 227.75  50.50
  110 -0.096  1.027  0.119 100.69  19.72 123.15  20.00  88.50  16.50  73.42
  111 -0.293  1.079  0.259 176.62   7.44  15.97  12.01 100.03  14.98  71.82
  112 -0.860 -0.946  0.786  42.45 230.57 149.99 229.41 201.89 225.16  43.40
  113 -0.653  0.385  0.219 190.00  84.43 160.24  85.60 224.75  88.16  69.80
  114 -0.289  0.177 -0.437 157.66 108.18 110.22 108.17 136.53 108.70  64.76
  115 -0.642 -0.994  0.749 186.51 234.21  55.40 232.67 150.61 230.88  67.57
  116  0.433 -0.848  0.413 128.19 214.41 159.02 214.92  13.11 216.31  66.21
  117  0.541 -0.302  0.487 200.10 155.98 199.95 156.43 181.51 156.99  65.30
  118  0.680 -0.059 -0.794 241.56 133.28 205.30 133.34 146.45 133.44  53.54
  119 -0.614  0.569 -0.232 208.29  66.09 110.77  65.62 164.66  69.57  50.00
  120 -0.998 -0.512  0.146 136.00 181.61 105.25 181.59 110.24 179.82  66.75
  121 -0.153  0.051  0.144 114.93 120.57  41.18 121.02  66.50 121.13  71.06
  122 -0.307  0.375  0.673  88.78  87.22 194.30  87.64 229.43  88.58  68.00
  123  0.095  0.854  0.197   5.57  38.26 140.08  35.77 231.43  37.18  60.04
  124  0.312 -0.836  0.934 195.63 216.64  85.53 215.30 248.96 217.57  57.67
  125 -1.141  0.940 -0.392 184.21  26.50 147.51  30.35 101.05  33.05  65.77
  126  0.119 -0.728  0.186 149.34 203.32 159.41 203.51 137.64 203.91  64.66
  127  0.214  1.060 -0.256 162.86  18.75 189.84  17.95  79.44  15.89  57.80
  128  0.174  0.214 -0.074 149.42 105.28  87.86 105.35  66.16 105.61  63.67
  129  0.972 -0.082 -0.593 248.39 135.00 245.11 135.20 211.35 135.56  69.26
  130 -0.254  0.503 -0.078  57.69  74.74  52.72  75.99 244.77  75.67  68.64
  131 -0.474 -0.422 -0.394 184.68 169.97  88.71 168.22  20.00 167.94  51.00
  132  0.174  0.500  0.346 123.21  75.05   5.78  73.48  77.90  72.99  45.25
  133 -0.177 -0.362  0.800 226.43 163.42 143.12 161.67 234.31 165.02  71.09
  134 -0.121  1.087  0.120  63.35   9.00 127.33   6.85 240.01   9.54  58.83
  135 -0.503  0.132  0.222 114.68 113.09 176.90 110.96  99.44 113.28  69.68
  136  0.874 -0.421 -0.859 124.73 168.55 109.20 167.15 132.17 168.90  74.08
  137  0.792 -0.750 -0.432 155.74 203.08  52.82 204.18 162.03 204.53  77.04
  138  0.116  0.904 -0.381 178.35  34.81 136.31  34.29  91.80  34.48  73.56
  139  0.928 -0.448  0.582 247.30 172.20 110.65 172.94 218.27 174.49  55.80
  140  0.701 -0.944  0.782 202.48 226.35 103.54 228.16 126.49 228.42  71.13
  141  0.880  0.778  0.310 195.73  46.33  36.86  44.36  98.89  43.69  63.41
  142 -1.087 -0.124 -0.251  14.72 139.29  17.27 138.74   5.88 138.92  55.73
  143 -0.650 -0.816  0.486 203.47 213.79  54.18 211.21  57.40 209.57  69.03
  144  0.593  0.079  0.685   5.85 115.46  21.56 115.92  62.22 114.83  57.06
  145 -0.103  0.513 -0.210  69.02  74.69 122.08  72.89 211.05  71.03  57.61
  146 -0.703 -0.995 -0.919 120.10 228.96  46.03 225.39 147.86 225.91  94.25
  147 -0.238 -0.961  0.030 234.34 227.19 170.50 227.75   7.99 226.95  55.71
  148  0.720  0.969 -0.432 226.94  27.67   9.32  23.39  31.97  24.26  59.61
  149  0.784 -1.190 -0.442  89.01 246.14   5.09 247.74  84.06 251.85  69.06
  150  1.162  0.210 -0.050 235.57 105.52  30.54 105.42  80.41 105.50  67.34
  151  0.383  0.894  0.425 217.07  33.46 130.51  32.88 215.04  31.28  49.33
  152  0.101  0.423  0.939 209.33  79.25  12.54  78.34  30.07  79.26  39.33
  153 -0.168  0.186  0.828 232.28 107.38 208.64 107.39  13.95 107.43  56.57
  154  0.991  0.381 -0.463 227.94  88.46  95.47  88.19 141.45  87.13  70.00
  155  0.329 -0.618  0.193  24.43 190.94  67.95 187.61 122.39 189.62  63.00
  156 -0.176 -0.446 -0.896  82.50 172.12 216.13 170.57  88.84 171.10  52.33
  157 -0.730  0.867 -0.965 136.30  38.59 235.66  40.06 178.39  39.54  62.00
  158  0.628  0.065 -0.487  35.65 120.44 121.41 120.67 129.57 120.65  70.08
  159  0.807  0.548 -0.562  48.07  71.85 191.59  70.53 169.81  69.65  58.57
  160  0.612  1.097 -0.841 246.67  16.25 115.84  15.04 251.26  11.33  51.45
  161  0.427  0.260 -0.801 103.80 101.05 128.53 101.31 134.81 101.39  62.10
  162 -0.582 -0.574 -0.098 179.48 186.19 190.44 186.77  29.87 185.77  68.47
  163  0.715 -0.517 -0.140 222.76 177.77 178.42 181.60  80.65 181.01  48.50
  164 -0.774 -0.913  0.570   5.69 226.13 187.15 221.57  29.28 220.35  56.96
  165  0.580  0.842 -0.464 222.61  41.97 211.80  41.35 131.82  39.18  73.48
  166  0.445  0.682  0.550 237.11  54.51  36.44  53.71 165.70  54.41  40.17
  167  0.665  0.495 -0.291  23.41  76.42 102.03  76.20 118.48  75.41  62.91
  168 -0.797 -1.191 -0.244 188.68 252.31 208.31 249.73 192.38 247.78  55.87
  169 -1.097 -0.105 -0.662 184.17 138.09 226.88 136.62 227.56 136.88  55.64
  170 -0.058  0.516  0.832 123.69  71.48  96.37  71.92  70.34  70.37  60.11
  171 -1.128  0.488 -0.337 114.49  75.80 196.55  77.37 154.45  78.50  64.44
  172  0.660  0.872  0.633 191.68  34.86 168.70  33.81 134.65  32.98  57.50
  173 -0.812  0.077 -0.826 125.11 116.38  68.26 116.48  29.17 116.67  61.08
  174 -0.309 -1.067 -0.006 141.29 240.10 107.80 235.55 114.87 235.55  69.50
  175  0.472 -0.040  0.030 216.11 123.98 248.32 124.99 222.29 132.42  60.73
  176  0.541  0.269  0.612 108.27  97.99  18.90  98.30 156.12  97.90  29.00
  177  0.147 -0.488  0.495 232.43 177.13 226.94 175.82 180.09 176.87  55.06
  178 -0.244  0.628 -0.544 142.81  58.83 175.46  55.85  27.35  55.36  66.33
  179 -0.825 -1.205 -0.999 193.04 248.00 143.70 246.49  13.00 244.51  76.56
  180  0.329  0.187  0.250 121.71 107.46  61.69 107.67  21.55 108.11  65.83
  181  1.126 -0.433  0.312  16.93 170.42  79.80 171.40 134.01 173.17  60.27
  182 -1.168  1.034 -0.480 242.68  19.34 118.28  21.03  62.70  21.98  54.90
  183 -0.760  0.799  0.131 214.25  41.89 187.51  42.58 167.88  45.91  59.21
  184 -1.067  0.124 -0.994 253.14 114.17 103.99 113.21  84.06 251.85  63.13
  185 -0.675 -0.489  0.955 211.13 180.81 104.27 179.13  90.16 178.81  59.50
  186 -1.218 -0.396 -0.276  88.42 169.25  62.18 251.44  68.45 166.63  52.00
  187 -0.782 -1.246 -0.977  25.53 254.22  37.36 250.90  66.56 250.10  63.75
  188 -0.176 -0.362  0.278 154.07 161.62  62.18 251.44 136.30 164.54  73.49
  189  0.301 -1.011  0.480  90.94 231.60 169.96 233.64 230.24 235.44  66.50
  190  0.781  0.046  0.165  35.46 123.82 192.28 121.80 191.52 121.42  54.73
  191 -0.815  0.410  0.461  32.21  82.52 190.91  83.87 164.91  85.00  61.80
  192  0.605  0.552  0.183  25.53 254.22 173.95  69.80 224.75  66.83  63.75
  193 -1.226  0.230  0.115 210.80 102.86  62.18 251.44  95.93 103.87  66.86
  194  0.798  0.207 -0.800  25.53 254.22 248.71 106.47 226.05 105.82  63.75
  195  0.338  0.267 -0.603  25.53 254.22 185.76  99.60 103.18 100.11  63.75
  196 -0.905 -0.606 -0.897  83.53 188.67  62.18 251.44  67.96 187.03  71.30
  197  0.509  0.044 -0.112 177.43 121.64 112.30 122.94  84.06 251.85  60.89
  198 -1.188 -1.152 -0.038  25.53 254.22 171.60 245.92   4.66 242.25  63.75
  199 -0.201 -0.404 -0.908 155.71 167.02  62.18 251.44  63.63 167.79  71.00
  200 -0.730 -0.800 -0.161  37.58 209.82  62.18 251.44 234.33 208.79  54.77
  201  0.397  0.229 -0.697  16.50 104.65 223.69 102.33  84.06 251.85  58.00
  202 -1.106 -1.211 -0.763  25.53 254.22  45.79 248.78 168.25 247.73  63.75
  203 -0.681  1.004  0.599 150.09  19.56  43.02  20.38  84.06 251.85  77.56
  204 -0.862  0.062 -0.694 132.19 122.92  46.57 120.37  76.06 120.47  64.78
  205  0.356  0.896 -0.955 224.67  37.27 198.58  35.32 140.82  34.94  49.00
  206 -0.541 -1.080 -0.567 105.67 236.66 160.15 235.18  84.06 251.85  66.82
  207 -0.984  0.166  0.678 179.92 108.44 162.66 108.83  84.06 251.85  76.61
  208  0.596 -0.056  0.356 112.86 133.21 233.84 132.28  84.06 251.85  33.50
  209  0.469 -0.499  0.720  25.53 254.22  95.72 180.92  74.98 180.47  63.75
  210 -0.171  0.611 -0.350  22.19  60.60 103.53  64.18  84.06 251.85  58.60
  211 -0.304  0.536  0.283 202.42  70.59 157.30  70.47  84.06 251.85  77.20
  212 -1.221 -0.865  0.043 217.34 218.91  62.18 251.44 108.93 215.06  62.12
  213 -1.264 -0.106 -0.020 176.04 138.89  62.18 251.44 198.05 138.44  68.17
  214 -1.277 -0.604 -0.368 238.67 191.29  62.18 251.44 186.33 187.96  56.00
