    1  0.365  0.178  0.352 125.91 106.97 189.85 107.37  39.41 107.76  81.00
    2  0.449 -0.223  0.204  52.71 149.10 215.02 149.23 108.15 149.62  65.70
    3 -0.889 -0.064 -0.014  18.86 132.87  18.26 132.67  43.41 132.58  52.92
    4  0.814 -0.510 -0.714 233.02 177.24 198.32 175.93   6.03 179.73  58.95
    5 -1.170 -0.763 -0.784 128.26 207.58 251.40 200.92  12.46 201.35  69.45
    6 -0.199  0.474  0.641  60.44  76.46 138.98  77.33 108.57  75.95  49.44
    7  0.428 -1.116 -0.717 104.15 239.12 189.89 239.56 165.67 241.41  71.00
    8 -0.015 -0.558 -0.551 241.76 182.39 241.72 183.88  23.28 183.38  61.33
    9  0.903 -0.422  0.049   5.27 165.11 178.45 164.16   5.18 172.32  47.25
   10  0.488 -0.349 -0.269 121.82 161.96  82.57 161.69   5.83 162.75  67.14
   11 -0.433 -0.317  0.403 139.26 161.63  90.51 160.34 104.81 160.27  58.00
   12  0.632 -0.869  0.733 210.49 217.02  96.40 220.77  97.15 221.06  67.75
   13 -0.525 -0.104  0.320 227.44 136.40 251.57 136.57 246.47 136.86  55.90
   14  0.008 -1.083  0.688 144.03 242.82  75.72 242.58 181.53 243.01  59.08
   15 -1.017  0.204 -0.272  18.32 104.64   3.23 105.51  92.84 107.15  55.83
   16  0.606  0.473 -0.608  14.79  79.92  29.67  77.72 217.40  78.82  60.13
   17 -0.128 -0.760 -0.017  52.73 205.40 246.34 206.43  24.76 205.81  65.75
   18  0.860  1.127  0.220 242.38   4.98 230.72   5.99 245.78   5.94  59.85
   19 -0.851  0.156 -0.495 168.97 109.90 137.87 109.69 250.69 110.83  79.19
   20  0.214 -1.121 -0.414 220.29 242.11 116.02 242.51  89.71 243.52  54.85
   21  0.148  0.729 -0.069  84.44  50.79  69.74  51.33  39.31  50.13  60.00
   22  0.156 -0.441  0.147  51.30 173.45  67.27 173.08  89.06 172.75  47.75
   23 -0.122 -1.138 -0.895  38.02 243.38  45.31 240.27  97.50 241.96  60.67
   24  0.855  0.787  0.094  92.78  47.26  28.10  42.21  49.32  42.31  63.89
   25  0.824 -0.199  0.356  85.51 145.87  56.57 145.57  43.31 148.36  67.50
   26 -0.640 -0.640 -0.079 118.21 193.12  75.20 192.44  47.27 191.53  62.40
   27  0.812  0.246  0.328 241.23 100.87 190.47 100.67 209.36 100.06  58.37
   28  0.770 -0.917 -0.485  41.16 219.86 170.11 220.93 142.94 222.57  52.31
   29 -0.491 -0.278  0.925 145.40 157.64 146.13 156.98 185.64 154.88  69.09
   30  0.542 -0.606 -0.874 167.85 183.55 233.00 187.68 134.50 189.92  64.71
   31  0.265  0.940 -0.497 221.45  26.79 154.39  19.91   3.04  24.98  55.33
   32 -0.686 -0.849  0.378 135.34 215.91 168.05 213.08 117.72 212.58  70.36
   33  0.104 -0.855 -0.383  18.34 214.69 171.54 211.96 115.65 213.65  58.85
   34  0.379  0.695 -0.246  22.86  53.43   5.68  55.62  90.51  54.72  59.85
   35 -1.017  0.689  0.540  53.62  52.05 143.55  52.77 159.74  55.82  58.00
   36 -1.019 -0.102  0.088  57.75 135.10  35.93 134.94  37.78 134.79  66.73
   37 -0.223  0.285 -0.445  84.85  98.11  41.26  98.20  53.07  98.70  72.75
   38  0.399  1.106  0.761 194.00 253.95  31.42   4.71  37.66   7.39  70.81
   39 -0.822 -1.109 -0.735  57.62 242.38  16.14 239.53  88.77 236.48  67.09
   40  0.664  0.079  0.316 190.04 117.80 243.45 118.21 194.36 117.94  67.32
   41 -0.195  0.870 -0.173 213.67  36.78 240.67  35.68 195.17  33.24  52.69
   42  0.352  0.100  0.454 222.46 116.16 187.66 114.84  86.75 116.41  51.29
   43 -0.594 -0.574  0.420 118.35 185.35 126.76 184.98 135.53 185.29  71.33
   44  0.463  0.575  0.289 250.14  65.55 170.74  63.34   4.53  64.20  55.47
   45 -1.132 -1.035 -0.240 134.78 238.15 215.88 233.29 219.76 226.75  65.62
   46  0.719  0.534 -0.072  11.39  69.15  39.75  71.54 203.66  71.18  58.97
   47 -1.134  0.564 -0.656 181.95  66.98 145.29  66.53 250.57  71.70  68.67
   48 -0.401 -0.873  0.852  39.15 221.97 206.80 221.69   2.79 216.40  66.75
   49 -0.666 -1.154  0.353 136.40 249.98  38.25 249.22  70.30 247.19  72.44
   50  0.064 -0.678  0.473 224.70 198.33 125.74 197.01 139.49 198.41  52.56
   51  0.091  0.174  0.637 187.13 109.73 172.45 109.37 164.48 109.12  70.62
   52 -0.631  0.871 -0.255  30.76  36.46 184.32  37.83  16.79  38.77  58.62
   53  0.400  0.612  0.534 222.70  61.41  35.66  62.43 196.26  61.13  51.00
   54  0.107  0.509 -0.981 210.38  75.73 166.63  74.90 111.50  74.68  63.72
   55 -0.648  0.149 -0.901  21.17 110.85 148.77 111.54 124.21 111.47  46.88
   56 -0.939  0.340  0.361  99.77  90.18 176.68  90.08  12.98  91.68  60.96
   57  1.036  0.974 -0.148 193.39  21.08 164.79  19.86  71.39  19.98  61.18
   58 -0.407  0.815  0.759  46.59  39.81  63.33  38.72  69.66  39.76  62.33
   59 -0.784  0.349  0.828  13.29  88.53 137.19  89.99 170.74  89.48  51.71
   60  0.011 -0.741  0.992 111.50 207.27  46.31 207.56 105.01 207.05  67.14
   61  1.057 -0.892 -0.593 250.36 215.60 138.85 215.72  46.00 220.63  55.59
   62  0.622 -0.255 -0.336 138.07 153.58  27.20 152.84 237.01 153.68  62.86
   63 -0.536 -1.039  0.333 125.90 238.43  83.37 237.19 169.38 235.37  61.33
   64 -1.092  0.864 -0.228 226.13  29.94 108.19  38.47 213.83  39.29  60.58
   65  0.097 -1.012 -0.675 237.61 230.84 134.45 230.21  53.44 226.74  60.53
   66 -0.861  0.612  0.869 141.53  60.37 159.56  60.46 191.36  61.47  63.17
   67  0.600  0.053 -0.047 122.22 121.17 111.54 121.18 165.18 119.82  62.38
   68  0.430 -0.293 -0.881 220.45 154.50 192.05 154.36 123.84 157.13  55.74
   69 -0.771 -0.747  0.568 180.78 207.78  92.08 206.49 206.26 203.05  66.30
   70  0.269 -1.090 -0.789 197.98 238.00 135.29 237.98  71.54 238.79  62.42
   71  0.076  0.104 -0.990  58.93 116.00  65.51 116.28  20.37 116.58  39.75
   72  0.160  0.579  0.686  36.37  64.55 223.14  62.80 132.03  62.83  62.76
   73  1.210 -0.082 -0.490  77.86 134.59  99.21 134.51 126.99 134.52  65.57
   74  0.694 -0.472 -0.732 160.29 174.19  15.34 173.63 124.48 174.56  73.17
   75  0.069 -1.079 -0.552 118.77 238.16  71.87 237.63 161.80 238.16  64.00
   76 -0.603 -0.443 -0.695  32.30 173.14  17.86 171.63  30.50 170.75  62.29
   77 -0.012 -1.156  0.903  92.69 251.81  58.08 249.82  70.75 250.37  75.80
   78 -0.569  0.680 -0.512 164.97  57.23 167.21  56.82   9.84  58.00  71.77
   79  0.082  0.357  0.827  45.50  85.30  27.35  86.47  81.98  88.97  73.10
   80 -0.976  0.404 -0.123   9.72  80.93 103.88  80.54  94.88  84.23  49.00
   81 -0.334 -1.139  0.399 122.90 249.08  78.08 247.91  47.26 246.18  53.30
   82 -0.438 -1.062 -0.314  26.52 238.36  11.75 234.77  54.92 236.09  60.84
   83 -0.710  0.289 -0.285 226.59  96.93  96.25  97.92 135.27  98.46  53.82
   84 -0.290 -0.062 -0.979 218.48 130.71 242.60 130.76   9.35 132.55  59.37
   85  1.074  0.528  0.323  61.39  70.19  13.49  71.18 103.70  66.44  64.10
   86 -0.673 -0.133 -0.926  96.12 139.71 120.35 139.58 146.30 139.65  56.20
   87 -1.180 -0.866  0.233 145.99 220.67  55.91 217.80  39.85 216.11  57.67
   88 -0.029 -0.604 -0.557 155.51 188.79  65.51 188.82  46.28 187.86  62.26
   89 -0.282  0.016  0.204  48.74 122.41  41.47 122.57 253.35 124.02  61.38
   90 -0.683  0.755  0.398 132.77  40.42 217.44  46.17  36.67  45.87  62.18
   91 -0.372 -0.316 -0.576 131.33 158.47 217.22 158.77 121.07 159.34  67.78
   92  0.356  0.495  0.949 191.56  74.96 202.69  72.98  41.89  72.42  60.88
   93 -0.314 -1.188 -0.867  62.92 249.18 129.15 243.88 233.21 246.52  56.56
   94 -0.363 -0.932  0.754 136.96 222.63 189.16 221.72 184.91 222.59  60.62
   95 -1.073 -0.422 -0.231 222.45 171.22  87.80 161.72   3.46 164.74  65.75
   96 -0.304  0.288  0.379 100.58  95.52 160.13  92.62  18.53  93.31  61.80
   97  0.614  0.208 -0.920  38.92 106.70  26.83 107.30  18.73 106.13  61.93
   98 -0.848  0.056 -0.367 226.47 120.37 198.13 119.97 105.16 121.22  53.32
   99 -0.401  0.672  0.955  66.35  53.38  20.32  55.20 242.03  55.49  62.14
  100 -0.105 -0.318  0.214 194.89 158.76 162.89 159.18  61.27 161.29  61.57
  101 -0.888 -0.197 -0.152  11.33 146.64  77.39 144.08  46.34 145.50  51.90
  102 -0.240  0.469 -0.552 147.36  77.65 107.08  77.80  25.01  78.86  74.00
  103  0.351 -0.538 -0.109 184.96 179.12 210.51 179.77 217.04 181.18  66.49
  104  0.148  0.410  0.882 171.03  80.68 189.70  80.28 194.01  79.24  61.68
  105  0.824 -0.988  0.598 230.21 228.18 138.17 230.66 222.10 234.71  56.06
  106  0.019 -0.238 -0.958 188.73 151.29 175.31 151.56 149.34 151.82  70.91
  107 -1.216  0.221 -0.241 225.65 102.90 213.67 102.37 178.64 101.80  66.74
  108  0.624  0.276 -0.981  27.34 100.49 240.72 100.14 223.00  99.40  50.22
  109  0.171 -0.274  0.199 182.88 154.06 147.17 153.56 151.88 153.88  57.75
  110 -1.052 -0.715  0.267  27.13 199.88 149.24 200.72 103.48 200.06  51.62
  111 -0.731 -0.815 -0.577  74.70 210.73  61.50 209.12  38.89 208.45  66.23
  112 -0.520 -1.132 -0.730 168.32 243.48 171.48 241.01 169.73 239.67  71.67
  113  0.941  0.538 -0.828 248.01  74.27 241.34  72.81 184.84  71.83  62.39
  114  0.298  0.333  0.764  67.07  91.60  44.12  90.80  90.81  90.06  61.81
  115 -0.348 -0.751  0.069  37.95 200.08  10.34 205.14  43.76 203.53  41.50
  116 -1.130 -0.043 -0.107 196.40 130.03 126.82 130.34 115.94 130.31  60.88
  117 -0.146  0.507 -0.150 207.51  74.61 222.97  74.10 233.01  72.43  34.75
  118  0.411 -0.608  0.550 101.95 189.71  10.28 191.72 197.78 190.43  69.70
  119  0.382  0.765  0.697   5.78  41.55   7.78  44.50 191.51  44.24  67.58
  120 -0.338  1.106 -0.286 206.64  11.59 171.00   9.92 205.28  12.37  59.57
  121  0.591 -1.067  0.119 207.70 234.49 155.31 238.05 142.98 238.79  62.56
  122 -1.070 -0.429  0.410  59.61 174.07 222.27 172.15 170.78 164.75  78.43
  123 -0.315 -1.167  0.429  80.28 252.12 106.97 249.33  83.18 248.74  70.64
  124  0.495 -0.653  0.569  78.77 195.74  61.97 194.49  62.00 193.57  64.95
  125  0.293  0.668 -0.595 152.45  57.50 183.01  60.17  89.08  57.71  84.83
  126  0.916  0.276 -0.610 103.43  98.84 105.60  99.12  64.07  98.95  72.84
  127  0.172 -0.001 -0.695 192.19 122.78  98.77 126.56  82.73 126.57  69.08
  128 -0.083  0.669  0.497 141.03  55.45  85.02  55.75  41.85  56.92  63.00
  129  0.585  0.132 -0.596  43.85 111.91  41.50 112.36  59.97 112.58  57.43
  130 -0.215  1.025  0.639 122.62  18.04  94.65  17.25 178.22  18.08  84.72
  131  1.123 -0.024 -0.526 137.92 128.86 228.56 130.05 233.19 129.08  77.04
  132  0.472  0.372 -0.310 180.38  90.03 131.29  88.93  34.62  87.36  73.25
  133  0.301 -0.232 -0.381  70.98 150.06  84.61 149.73 178.68 149.71  88.50
  134  0.362  1.076 -0.790 145.90  18.80  77.46  18.73 166.16  15.22  67.64
  135 -0.162  0.068 -0.096 212.22 120.11 109.68 118.22 103.81 118.29  61.00
  136 -0.507 -0.761  0.795  90.93 208.98 129.47 208.32  64.88 207.43  64.75
  137  0.863 -0.296 -0.183 163.65 156.83 171.43 157.70 187.82 158.25  69.20
  138 -0.424  0.259 -0.092 158.75 100.84 221.20 100.24 248.05  99.71  60.16
  139  0.416 -0.921 -0.836 218.45 219.97   4.52 219.08 146.08 222.42  44.17
  140  0.244  1.011  0.779 225.01  19.52 105.41  19.04  78.41  17.69  40.67
  141 -0.300 -0.863  0.749 190.08 220.44 235.55 218.78 139.84 216.40  68.75
  142 -0.983 -0.239 -0.259 106.37 152.35 159.07 151.97 157.79 152.24  69.55
  143 -1.062 -1.053  0.425  43.33 241.06 251.86 238.05 160.47 236.05  58.12
  144 -0.202 -1.150  0.369 125.57 249.36  92.97 248.45 120.68 247.61  76.22
  145 -0.434 -0.213 -0.810 227.79 148.80  36.59 148.56  13.35 146.06  65.98
  146  0.325 -0.290  0.636 209.71 158.25  75.34 158.23  35.00 157.65  59.75
  147 -1.158 -0.623 -0.506 199.19 191.98 182.75 189.10 178.56 188.99  55.42
  148 -0.942  0.483  0.193 121.56  75.55 113.22  75.89  72.81  78.18  66.22
  149 -0.035  0.325 -0.984  25.12  92.93  29.33  92.48 113.51  92.49  50.06
  150 -0.540 -1.174 -0.766 242.44 245.45 150.11 242.87  16.06 243.93  43.56
  151 -0.321  1.062  0.219 155.38  15.33 173.43  14.77  96.41  15.15  67.44
  152  0.074 -1.021 -0.406 117.35 230.85 232.77 230.23  25.81 232.22  66.86
  153 -0.179  0.097 -0.103 110.23 117.77 135.91 117.86 159.86 117.73  62.77
  154  0.370 -0.789  0.875 212.43 210.68   7.24 211.56  11.05 210.53  55.62
  155  0.446  1.120 -0.655  98.84  13.15 218.32  10.18 122.98   9.14  59.67
  156 -0.501 -0.157 -0.728  44.84 141.98  60.85 141.51 135.41 140.16  68.08
  157  0.413 -0.112  0.478 104.57 139.33  73.03 139.18  56.43 139.02  68.39
  158  1.086 -0.532  0.139 237.43 178.15 155.31 176.09 152.16 184.54  53.33
  159 -0.499 -0.604  0.608 116.91 190.05 125.35 189.62  34.06 190.32  56.18
  160 -1.091 -1.050  0.112  16.97 240.02  99.53 237.27 200.40 233.75  82.00
  161 -0.457  0.745 -0.386 220.08  47.81  56.16  48.60  78.37  52.08  66.00
  162  0.186 -0.249 -0.504 152.96 151.93 130.18 152.15 230.02 152.92  95.25
  163 -0.471 -1.123  0.664  66.07 244.91  73.77 246.64  97.10 245.91  48.83
  164 -0.571  0.750 -0.344 202.51  47.74 169.05  46.59 123.93  46.05  64.18
  165 -0.884 -0.792 -0.697   3.55 208.01 114.94 207.15  82.06 205.86  53.92
  166  0.738  1.049  0.471  24.79  18.08  93.61  14.60 180.99  12.74  63.20
  167 -0.079 -0.113 -0.998  49.17 139.18  22.06 138.93  22.52 138.66  62.11
  168 -1.191  0.828 -0.654   9.38  40.27  84.76  41.02 205.90  42.73  60.55
  169 -1.201  0.699 -0.062 151.25  52.86  65.02  53.74   4.45  57.24  76.72
  170  0.402 -0.778  0.899  33.61 210.62  54.06 211.02 250.55 210.27  57.67
  171 -0.620  0.118 -0.672 169.67 115.04  63.27 113.25 191.73 114.59  76.50
  172  0.528  0.851  0.576  73.12  36.90 155.28  32.47  28.51  31.83  63.00
  173  0.374 -1.032 -0.279 123.66 231.17 135.80 232.65  15.35 234.96  66.15
  174  0.619 -1.028  0.296 131.93 232.88 166.66 234.20   5.08 236.26  54.33
  175 -0.216  0.232 -0.633  98.36 101.13  84.43 101.45  81.64 101.67  73.43
  176 -0.685 -0.166  0.217  68.20 144.42   7.75 144.02  91.69 141.41  58.79
  177  0.930 -0.966  0.435 106.51 222.45  89.45 228.03 149.97 231.66  56.95
  178 -0.847  0.289 -0.306  64.65  97.86 124.80  95.77  73.85  98.18  61.17
  179  1.004  0.896 -0.049 145.38  32.56 235.30  27.66 158.66  31.31  69.43
  180  1.113 -0.698 -0.035 207.38 196.60 134.99 200.01 127.92 201.11  51.50
  181  0.747  0.634  0.459  93.97  61.22 155.52  60.32 162.21  59.54  59.44
  182 -0.628  0.738 -0.795  75.42  49.91  81.51  52.04 131.96  52.34  52.50
  183  0.935  0.614  0.499 197.53  64.18 207.33  60.99 167.47  59.73  65.84
  184 -0.293 -0.904 -0.195 141.94 220.90  95.03 251.53  58.94 219.38  71.03
  185 -1.052  0.208 -0.815  97.12 104.34  95.03 251.53 206.04 106.88  71.53
  186  0.031 -0.000 -0.469 226.46 252.64 190.49 122.72   9.93 125.62  67.70
  187 -0.208  0.203  0.113  13.50 106.69  95.03 251.53 242.08 106.41  64.30
  188  1.077  0.269  0.146 197.75 100.74  55.39  98.53  70.75 250.37  63.46
  189  0.429  0.182 -0.252 244.91 109.78  22.28 107.36  54.97 107.68  54.50
  190 -0.647 -0.784 -0.171 124.73 210.63  38.92 208.30  70.75 250.37  59.75
  191 -0.276 -1.046  0.086 224.74 238.04 193.24 236.22  70.75 250.37  47.21
  192  0.997 -0.018 -0.825 125.55 128.31 131.41 128.27  70.75 250.37  58.00
  193  0.833 -1.256 -0.852 128.43 252.33  95.03 251.53  70.75 250.37  71.57
  194 -0.476  1.026  0.661 119.63  15.85 206.39  17.23 107.77  19.63  75.43
  195  0.896  0.642  0.071 150.55  60.72  95.03 251.53  85.03  59.62  85.33
  196  0.253 -0.451  0.656  56.37 174.80 144.53 174.33 197.79 173.25  57.92
  197 -0.025 -0.684 -0.838 221.73 195.79 171.91 192.80  70.75 250.37  47.23
  198 -0.014 -0.015 -0.034 122.70 126.57 148.00 128.39 153.43 128.38  69.18
  199 -0.850 -1.143  0.478  88.48 250.09  45.98 248.24 150.93 244.03  52.30
  200 -0.204  0.297 -0.999 127.45  97.75  95.03 251.53 149.76  95.52  65.71
  201  0.196  0.159  0.248 226.46 252.64 166.66 109.55  99.50 109.75  67.70
  202 -1.268  0.117 -0.395  48.13 112.91  95.03 251.53 205.34 115.21  69.29
