    1  0.309 -0.287  0.156  15.51 155.59  28.88 154.75 123.89 154.75  51.38
    2 -0.905 -0.210 -0.193 155.84 147.51 111.66 145.71  96.10 147.49  75.55
    3 -0.025 -0.182  0.452   6.44 147.41 164.24 145.34 112.69 145.71  50.29
    4  0.968 -0.431 -0.001 130.72 170.41 102.41 171.94  24.94 171.25  64.33
    5  0.525 -0.079 -0.647  54.26 135.67  98.01 136.05  40.93 135.96  62.69
    6 -0.847  0.311 -0.393 129.61  90.95  20.29  91.38  18.10  92.34  66.09
    7  0.286 -0.956 -0.477 244.76 224.92  77.18 224.15 206.32 223.92  60.77
    8 -0.924 -1.015 -0.961  40.29 230.96  57.45 228.35  90.30 227.45  53.71
    9  0.627  0.964 -0.244 122.87  29.97 183.12  26.88 128.34  25.99  66.15
   10  0.931  0.165 -0.205 184.61 109.74 112.52 109.09 122.12 109.42  62.05
   11 -0.518  0.811 -0.010 148.60  42.41 164.99  43.33  32.22  43.65  66.67
   12  0.444 -0.143  0.969 112.47 142.25 145.77 142.74 189.57 142.88  58.86
   13  0.362 -0.015  0.008  63.25 127.14  73.57 127.19  88.02 125.17  39.25
   14 -0.779 -0.846  0.659 118.86 219.76   5.73 217.35  40.13 211.34  71.00
   15  0.112 -0.254  0.058 238.63 150.53  34.99 149.95  38.40 152.56  50.05
   16 -1.089 -0.128  0.077 182.05 138.02 150.98 138.08  35.28 139.95  84.00
   17 -0.156  0.190 -0.763 196.51 107.60 196.90 107.28  39.28 106.00  66.35
   18 -0.653  0.864  0.549 137.83  33.77 126.87  34.01 225.80  35.18  72.00
   19 -0.590  1.161  0.134 219.20 252.58 179.83 254.21 155.22   7.20  60.00
   20 -0.036 -0.899 -0.036 212.22 219.95  40.75 220.19 107.26 220.34  80.68
   21 -0.640 -0.678 -0.035  13.48 195.55 141.45 193.59 122.98 193.91  57.78
   22  0.383  0.338 -0.646  90.32  90.75 110.31  91.25  80.78  91.38  57.25
   23 -0.369  1.145  0.459  62.21 252.64 217.41   6.07 218.73   6.63  61.08
   24 -0.284  0.622 -0.549 132.40  58.52  15.25  63.77 101.79  59.14  64.90
   25 -0.255 -0.431 -0.630  43.26 171.25 209.17 169.43 216.62 170.53  51.33
   26  0.801 -0.408 -0.734  77.73 168.49  91.79 167.83  31.50 169.30  55.43
   27 -0.356  0.227  0.459 106.89 102.38 201.63 100.78  15.44 103.51  63.22
   28  0.032 -1.043  0.560  98.79 237.54  89.12 236.10  49.81 237.20  76.05
   29  0.617 -0.294 -0.337 213.30 156.35  88.45 155.18  77.41 154.89  56.35
   30  0.661 -0.484 -0.599  29.74 173.87 192.38 174.07 169.63 174.65  64.47
   31  0.165 -0.709 -0.630 239.49 197.20  61.86 198.55  60.31 197.56  60.40
   32 -0.636 -0.737  0.492 130.69 205.48 155.08 203.72 118.72 204.09  65.89
   33  0.518  1.029  0.111 115.94  18.51 142.26  17.46 126.66  16.90  61.92
   34 -1.151 -0.980 -0.077  41.12 225.96 157.44 225.72 101.65 224.37  57.50
   35 -0.223 -0.933 -0.149 130.25 224.82 136.27 222.91  84.55 222.56  58.12
   36  0.248 -1.010  0.153  30.61 233.08  35.83 229.90  37.31 230.19  62.22
   37 -0.565 -0.072 -0.941 209.25 132.60 203.81 133.62 247.90 133.70  54.00
   38  0.929 -0.136  0.333  50.97 140.65  14.84 141.59  17.00 141.20  72.47
   39 -1.069  0.456 -0.702 250.32  78.15 169.31  81.91 152.27  81.25  61.22
   40 -0.212  0.665  0.508 114.49  56.27  11.39  55.78  40.62  57.60  64.57
   41  0.152 -0.759 -0.616  25.26 203.60 178.03 201.83  39.73 204.85  51.12
   42  0.258  0.692 -0.826 140.97  57.53  68.23  57.05  10.32  56.79  73.58
   43 -0.380 -1.046 -0.192 168.93 233.20  56.96 232.23 234.67 231.15  67.00
   44  0.228  1.044 -0.375 213.75  18.32  61.93  19.83 180.69  19.31  64.31
   45 -1.035  0.053 -0.756 160.93 122.30 205.19 121.94 187.72 121.81  68.72
   46 -0.543  0.513  0.903  86.35  68.91  46.40  70.18 219.81  72.06  61.82
   47  0.316  0.047  0.307 226.21 122.62 116.21 122.19  74.88 122.17  53.20
   48  0.071  0.299 -0.474  47.90  95.62 167.04  94.04  56.36  96.96  62.93
   49 -1.005  0.221 -0.303 125.65 104.03  90.59 104.22 139.88 104.27  61.43
   50  0.381 -0.402 -0.823 156.95 166.32 179.15 166.51 114.13 167.76  61.00
   51 -0.464  0.073 -0.252 163.22 118.68 185.21 118.40 194.21 118.19  63.00
   52  0.177 -0.863  0.637  16.65 215.86  59.96 219.90 154.56 219.15  56.77
   53 -0.834  0.258  0.791 128.95  97.72 135.54  97.76  69.01  99.49  74.38
   54  0.413 -0.636  0.058 134.74 190.95   4.33 193.25  78.97 192.19  66.17
   55  0.339 -0.574  0.323 110.13 186.11  74.43 185.36 242.14 188.64  66.67
   56  0.733  0.275 -0.975  60.35  98.46  55.95  99.10 140.38  97.55  70.90
   57  0.366 -0.288  0.909 174.35 158.00 160.52 158.19 185.14 158.96  71.76
   58 -0.689  0.823 -0.506 218.73  39.92 205.93  43.97 117.06  44.23  61.21
   59 -0.779  0.552  0.300  32.13  64.99 252.65  68.05 235.33  69.30  55.68
   60  0.135  1.065  0.038  16.94  14.98 218.44  16.20  71.43  11.39  75.50
   61  0.267  0.373  0.613 242.72  87.21 135.38  88.09 185.88  87.59  60.57
   62  0.442  0.029  0.970 107.73 124.51 161.51 123.34 133.05 123.31  65.53
   63 -0.669 -0.898 -0.462  93.74 220.07 104.41 219.28  56.33 218.51  63.19
   64  0.939  0.980 -0.643 116.56  30.10 213.91  24.34 169.34  22.59  68.69
   65 -0.992 -0.264 -0.920 152.91 154.62  25.75 153.10  43.53 149.53  67.21
   66 -0.628 -0.326  0.302  73.68 159.96  85.46 159.44 114.06 159.45  61.14
   67  0.663  0.202 -0.077 195.18 104.83 173.73 104.51  65.94 104.48  56.00
   68 -0.382 -0.258  0.111  38.12 153.73 139.91 154.65  64.13 154.31  62.56
   69 -1.050  0.182  0.369  36.29 104.86  25.13 105.52 130.88 109.01  61.39
   70  0.679  0.085  0.339  94.35 117.59 115.60 117.81 139.65 117.66  58.45
   71 -1.117 -0.428 -0.186  93.76 172.48  72.93 170.03 181.27 169.43  62.53
   72  1.044  0.881 -0.354  37.32  39.12  13.44  36.88  79.35  31.82  57.00
   73 -0.618  1.010  0.836 172.63  18.21 194.94  17.16 150.84  20.30  63.33
   74 -0.362 -0.393 -0.803 221.52 166.07 159.19 163.78 179.80 164.42  56.18
   75  0.504  0.870  0.065  25.71  33.83  58.94  36.57 116.29  33.85  57.25
   76 -0.140 -0.597  0.179 183.66 188.06 163.95 188.63  11.35 189.04  56.17
   77  0.767  0.832 -0.663  92.71  42.80 169.41  42.37 241.70  39.80  70.74
   78  0.367  0.848 -0.960  58.56  42.50  21.48  41.71 180.83  40.64  74.80
   79 -0.397  0.712  0.511 244.95  50.09 114.11  46.94 166.79  47.24  45.50
   80 -0.822  0.129 -0.532   7.00 114.08 224.17 111.28 191.36 113.74  54.75
   81  1.145  1.001  0.166 137.48  24.04 182.30  20.92 159.17  19.38  63.62
   82 -0.334  0.930  0.169 143.11  29.66 133.42  30.44 102.95  30.71  66.55
   83  0.226 -0.028  0.770 173.32 129.81 122.48 128.08  85.10 128.31  72.83
   84 -0.448  0.035  0.214  17.23 122.72  23.92 122.89  54.23 123.03  59.89
   85  1.038 -1.115 -0.798  96.24 233.82  91.51 238.81  59.92 242.13  72.54
   86  0.074 -0.877  0.969 135.92 221.80 220.72 221.43 114.04 221.64  71.73
   87 -0.022 -0.315 -0.212 209.63 158.89 167.66 159.33 106.95 159.35  69.11
   88 -0.513 -0.387  0.962 143.32 168.66 166.63 168.75 189.73 167.26  51.38
   89 -0.162 -0.170 -0.294 219.07 143.37 176.18 143.65 119.01 143.76  62.14
   90  0.732 -0.340  0.098 130.41 160.77 125.94 160.66  38.81 163.04  70.50
   91 -0.013  0.909 -0.041 198.47  30.64 145.84  30.65 195.84  31.74  65.74
   92  0.380  0.429  0.994  52.52  78.36   9.82  78.08  36.79  80.63  63.00
   93 -0.780 -0.339  0.202 178.00 163.45  62.61 162.66  47.49 161.94  77.62
   94 -0.310 -1.142  0.800 151.70 250.45 162.34 246.32 119.55 246.87  60.20
   95 -0.925  0.469 -0.066  10.16  76.74  69.77  73.00 229.96  78.13  55.44
   96 -0.674 -0.982  0.467  20.52 233.12   9.04 229.79 225.53 227.65  57.97
   97  0.204  0.711 -0.332   8.52  53.15  86.23  52.79 193.59  52.31  61.83
   98  0.935 -0.670  0.405  31.97 194.86 171.21 194.39 151.53 195.24  53.42
   99  0.504 -0.379 -0.746 245.31 165.70  46.63 163.71 132.21 163.93  56.61
  100  0.573 -1.141 -0.413 160.22 242.88  99.13 243.47 179.67 246.65  63.40
  101  0.723 -0.868  0.114 117.58 213.68 138.27 218.23 127.69 219.42  67.56
  102 -0.126  0.105 -0.930  45.18 114.81  44.66 115.17  63.89 115.31  56.77
  103  0.369  0.416 -0.862 242.11  83.60  91.89  85.42 170.96  84.87  50.38
  104 -0.941 -0.116 -0.064  19.48 136.42 181.41 136.23 113.49 138.11  68.33
  105  0.067  0.378  0.587 214.43  86.86 202.67  85.65  45.94  86.15  76.94
  106 -0.276  0.353  0.316 152.96  90.70 156.65  88.60 134.31  91.10  60.62
  107 -0.054  0.001  0.661 218.95 125.12 128.85 125.16 118.78 125.09  62.58
  108 -1.118  0.890 -0.298 183.19  31.49 242.73  34.22 159.56  36.37  74.75
  109  0.174 -0.144 -0.816 235.97 142.20 109.53 142.15 111.19 142.16  65.33
  110 -0.201  1.105  0.670 194.92   7.93 208.45   9.12  57.99   8.79  60.29
  111  0.164 -0.765  0.075 252.51 205.75  60.94 206.24  24.96 205.75  60.25
  112  0.051  0.963 -0.590 136.62  29.51 120.87  29.81 226.18  25.99  68.23
  113  0.164  0.913  0.710 186.91  30.22 118.62  29.87 106.07  29.78  66.75
  114 -0.509 -0.542  0.421 244.55 182.04   5.99 180.11 249.99 180.82  63.12
  115  0.510  0.942  0.888 224.71  26.55 156.62  24.07 180.01  22.23  65.15
  116  0.952 -0.559 -0.524  51.06 181.62 249.54 179.60 206.61 184.92  58.09
  117  0.872  1.083 -0.106 154.22  17.66 241.84  10.15 240.67  11.09  70.45
  118 -0.817 -0.645 -0.917 156.45 193.48  73.26 189.24  96.41 190.49  77.67
  119 -0.179  0.369 -0.912  50.94  90.38 101.94  91.04  99.14  88.10  59.14
  120  1.152 -0.058  0.026 191.35 131.16 175.12 132.69 143.21 133.69  68.39
  121 -0.188 -1.182  0.161 162.22 251.61  94.98 250.67  56.26 249.11  68.20
  122 -0.707  0.285 -0.408  21.68  95.67  41.66  96.47 198.37  97.31  47.06
  123 -0.708 -1.000 -0.969 148.00 225.54 105.25 224.64 159.86 226.94  71.58
  124  0.359 -0.171 -0.920 125.27 142.78 246.04 143.29 180.05 143.79  54.33
  125 -0.337  0.396  0.995  39.70  83.22  20.17  82.15  33.04  85.49  57.77
  126 -1.212 -0.635 -0.391 179.82 193.82 113.69 190.69 134.55 189.10  71.84
  127  0.714 -0.449  0.829 198.18 173.21 228.75 173.00 205.71 174.20  62.69
  128  0.126 -0.626  0.116  68.50 190.21  46.38 192.95  25.04 191.58  63.89
  129 -0.342 -1.027  0.890 201.02 238.55 154.20 233.80 132.63 234.54  59.69
  130 -1.099 -0.918 -0.954 185.66 222.15  98.63 219.38  20.35 216.36  57.93
  131  0.662  0.139 -0.392 246.77 113.21 157.43 109.50 209.71 110.80  55.85
  132 -0.183  0.251 -0.452  48.27 101.35  38.93 100.61 218.97 100.04  56.59
  133 -1.093 -0.077 -0.539 112.52 136.11  71.72 135.46 222.25 134.45  55.17
  134 -0.113  0.056  0.784  48.57 121.44  43.20 121.61  58.02 121.80  55.89
  135 -1.017  0.424 -0.174  15.90  80.52 192.17  81.94 243.50  83.29  59.82
  136 -1.036  0.839 -0.194 101.41  35.19 180.76  37.67 210.88  41.77  65.61
  137  0.281  1.032 -0.746 146.83  21.51 151.52  21.41  27.32  22.05  70.00
  138  0.275  0.177  0.491  56.79 108.50  17.61 109.01 179.83 106.86  59.38
  139  0.320 -1.107  0.658 175.67 243.74 236.49 244.00 215.66 246.64  63.84
  140  0.815  0.988  0.297 216.16  25.47 247.95  23.60 216.41  20.41  55.83
  141 -1.156  0.715 -0.675  17.69  50.56 239.89  54.29  87.31  56.68  62.67
  142 -1.119 -0.748  0.370 100.86 207.41 143.71 205.29 172.25 203.09  68.30
  143  0.253 -0.712  0.523 171.66 201.28 144.97 200.12 154.61 200.89  55.75
  144 -1.033  0.352  0.170 169.56  88.27  98.00  91.07  51.47  91.26  70.30
  145 -0.271 -1.074  0.798 227.65 240.55  12.00 240.83  96.94 238.82  49.25
  146 -0.540 -0.792  0.692  50.22 209.34 145.37 208.07 127.93 208.35  59.69
  147 -0.092  0.937  0.284 221.74  28.67  87.17  29.10 142.80  29.75  61.20
  148  0.743  0.061 -0.086  88.61 120.58  80.52 120.74  84.27 120.75  58.22
  149  0.290  1.161  0.026 124.59   6.18  66.61   7.06 167.61 254.04  67.63
  150 -0.424 -0.309 -0.757 182.36 158.02 191.49 158.36 138.15 158.46  63.57
  151  0.485 -0.717 -0.317  80.41 199.85 226.95 198.94 187.43 200.59  67.94
  152  0.897 -0.905 -0.199  63.55 219.75 147.08 220.19  39.05 222.46  48.50
  153  0.214 -0.093  0.566 162.47 136.18  17.08 136.11  91.20 136.01  70.20
  154 -0.182 -0.135 -0.303  42.14 141.99  30.74 140.20 242.02 141.13  64.75
  155  0.416 -1.165  0.677 249.38 249.57 108.59 251.74  78.20 252.28  45.14
  156  0.014  0.107  0.489 184.17 114.27 195.99 114.04  16.56 114.99  69.24
  157 -0.475 -0.892  0.859  40.48 223.24 124.51 221.51 178.20 220.62  66.50
  158 -0.463  0.687 -0.711 251.70  56.54 105.82  57.75 170.18  57.63  71.73
  159 -0.998 -0.241 -0.268  49.69 150.52 125.60 147.53 210.10 149.22  67.35
  160  0.709  0.404  0.274 148.57  85.26  23.38  84.60  49.22  83.03  68.46
  161 -0.653 -0.786 -0.077 158.27 207.72  10.37 207.10 152.76 206.04  71.07
  162 -0.292 -0.075 -0.037 242.80 134.19 248.01 134.26 101.60 135.44  69.13
  163 -1.107 -1.073  0.274 146.95 243.54 131.64 238.96  89.34 235.44  74.97
  164  0.544 -1.226 -0.981 195.34 244.93  15.50 249.50  92.66 251.26  64.10
  165 -0.542 -0.600 -0.605 115.75 187.45  79.66 186.83 244.95 185.66  66.86
  166 -0.833  0.065 -0.407 214.38 119.46 199.68 119.30 165.64 119.15  61.33
  167  0.431  0.225  0.406  24.11 102.68 109.60 102.60 252.42 103.00  47.78
  168  0.615 -0.439  0.073 225.98 172.00  13.19 172.44 117.09 171.94  66.75
  169  0.747  1.111  0.766 167.73   8.29  89.25   7.16 141.37   6.49  72.50
  170  0.408  0.852 -0.746   4.46  39.85 235.27  38.01  29.31  39.03  53.16
  171 -1.196 -0.833 -0.472  77.65 211.17  60.61 209.74  60.81 208.46  62.36
  172 -0.862 -0.906 -0.558  61.97 221.93  18.24 220.14 250.53 217.93  56.00
  173  0.564  0.097 -0.718 160.90 117.03 129.76 116.87  98.25 116.88  63.80
  174  1.044  0.700  0.457  63.74  54.59 226.28  48.81 120.26  46.79  49.33
  175 -1.156  0.495 -0.724  79.97  69.02 251.24  71.64 251.48  74.57  73.38
  176 -0.406  0.979 -0.692 247.97  26.54 223.39  29.00 182.59  27.10  61.73
  177 -0.139  0.796 -0.440 182.96  45.08  58.05  44.45  74.33  45.39  66.74
  178 -0.284 -0.873  0.105 181.61 219.51 203.69 218.80  61.32 218.75  51.43
  179 -0.530  0.638 -0.820  71.86  57.54  81.47  58.76  76.92  58.32  61.56
  180  0.894  0.746  0.725 111.40  46.32 169.38  44.96 207.82  45.59  54.00
  181  0.951 -1.101  0.220 144.02 239.24 154.11 241.94 204.07 246.31  54.73
  182  0.650 -0.048  0.542 244.55 130.08 152.49 131.19 148.76 129.83  58.66
  183  0.295 -0.338  0.279  93.63 163.05 204.62 163.67  92.00 162.60  70.93
  184  0.436 -1.168  0.988 223.26 252.07  47.48 252.84 127.77 253.53  59.00
  185  1.174  0.541  0.226 129.69 252.47  29.04  70.06 208.11  66.72  80.20
  186  0.383  0.776  0.872 137.02  43.36  74.48  44.09 184.84  41.83  65.83
  187  0.408 -1.212 -0.387 204.70 250.84 182.67 250.99 127.77 253.53  60.00
  188  0.477 -1.166  0.996 143.37 251.17  78.63 253.37 127.77 253.53  60.69
  189 -0.071  0.946  0.064  77.85  27.44 192.80  29.08 127.77 253.53  65.10
  190  0.605 -1.149 -0.894 219.38 240.31  78.63 253.37 240.93 244.36  50.00
  191 -0.283  0.347  0.979 188.72  89.00  78.63 253.37 116.57  88.45  70.94
  192  0.005  0.029  0.725 180.98 123.39  81.34 124.58  67.53 124.63  74.71
  193 -0.460 -0.554  0.452 204.18 184.21 225.19 185.21 127.77 253.53  55.12
  194 -0.542  0.011 -0.748 169.46 125.00 175.99 125.07 127.77 253.53  63.38
  195 -0.591  0.708 -0.618 123.96  52.16 149.22  55.35  22.00  54.65  64.43
  196 -0.238 -0.906 -0.875 129.69 252.47  45.18 218.48  86.42 218.84  80.20
  197 -0.794 -1.224 -0.516 129.69 252.47 170.05 252.35 183.77 247.13  80.20
  198 -0.634 -0.344 -0.844 209.49 163.11  78.63 253.37 122.07 160.76  68.95
  199 -0.924  0.542  0.830  94.15  64.19  99.42  65.01 127.77 253.53  64.58
  200 -1.063 -1.142  0.545 129.69 252.47 186.81 244.84 127.77 253.53  80.20
  201 -1.155 -0.490  0.488 237.39 175.36 195.37 177.47 127.77 253.53  64.78
  202  1.033 -1.111 -0.104  18.55 239.75  78.63 253.37 231.92 244.38  51.00
  203 -1.248  0.247 -0.225 168.20 101.05  78.63 253.37 116.78 102.61  56.19
