    1 -0.612 -0.397 -0.848  73.04 168.43  43.42 167.56  36.30 166.76  60.45
    2 -1.013  0.229 -0.325  22.89 102.67 238.91 104.03  97.81 103.54  47.33
    3 -1.114 -0.130  0.068  48.42 141.33  28.81 140.95  83.77 137.52  59.12
    4 -1.023  0.017 -0.761  85.31 124.32  79.44 124.40  85.53 124.43  63.62
    5 -0.536 -0.592  0.433 234.82 189.87 191.03 186.85 171.39 187.83  54.73
    6  0.343 -0.152 -0.074 161.38 142.47 185.10 142.51 195.90 142.78  66.38
    7  1.127 -0.401  0.015  90.24 168.34  66.74 168.17 138.75 170.34  67.59
    8 -0.928 -1.075 -0.911  42.75 238.25  56.85 235.73 210.18 233.23  58.08
    9 -0.061 -0.273  0.402 240.86 153.40  24.95 152.72 220.00 154.21  53.43
   10  0.214 -0.751 -0.700 177.27 203.87 245.11 201.47 123.05 202.67  73.74
   11 -0.270 -1.131  0.808 164.51 248.30 190.51 247.38 132.94 242.65  70.22
   12 -0.529 -0.412  0.965 156.62 171.27  11.77 172.16  24.22 171.10  51.57
   13 -0.669 -0.375  0.296 148.85 165.28 125.96 166.99 210.19 166.39  67.43
   14 -1.159 -0.962 -0.043   4.78 229.11  16.99 225.66 160.35 224.37  49.00
   15  0.071  0.213 -0.585 185.47 106.15 154.27 105.93 115.75 105.84  68.21
   16  0.432 -0.322  0.912  17.09 161.53  85.03 161.54  75.53 161.26  61.53
   17 -0.297  0.281  0.257  46.31  94.92  92.28  96.66 149.50  98.23  62.06
   18  1.047  0.860  0.119 109.74  38.58 134.85  37.27 162.81  31.17  64.76
   19 -0.566  0.746 -0.076 189.57  48.32 222.46  49.63 113.14  51.42  80.63
   20  0.024  0.982  0.760 236.44  22.35  83.90  18.29  61.32  19.61  57.70
   21  0.334 -0.991 -0.559 185.22 228.27   8.09 227.97  38.69 225.69  61.54
   22  1.203 -1.149 -0.196  21.96 239.51 158.18 244.45 190.32 249.85  64.63
   23 -0.210 -0.943 -0.167  38.17 225.38 143.04 223.29 116.18 225.02  46.14
   24  0.835  0.965 -0.508 163.42  30.06 100.58  27.48 218.34  23.28  72.62
   25 -0.387  0.347  0.989  37.31  82.61  11.74  84.38 194.77  87.26  65.91
   26  0.407 -0.734  0.006 153.92 202.25 140.02 202.37 201.01 203.52  64.45
   27 -0.915 -0.212 -0.219 243.73 149.55 174.26 147.41 169.88 148.89  63.34
   28  0.928 -0.003 -0.244 162.10 125.49 188.32 125.47 200.92 125.41  59.20
   29 -0.584  0.479  0.890  76.36  74.19  26.77  71.59  34.00  76.41  66.00
   30 -0.804  0.504  0.268 211.00  70.14 225.91  70.28  74.49  70.16  59.07
   31  0.300 -0.085  0.251 199.19 135.58 203.60 135.67 189.14 135.84  48.40
   32  0.642  1.134  0.796 202.43   8.00 173.82 254.18  64.66 253.36  61.50
   33 -0.420  1.041  0.430 200.60  14.58  60.98  12.13  55.32  14.14  73.55
   34  0.011 -1.133  0.585  48.28 244.66 252.30 246.68 159.96 245.91  57.50
   35 -0.961 -0.123 -0.085 177.29 137.12 159.74 137.18 133.74 137.24  73.00
   36  0.291 -0.400  0.098 240.29 168.83  58.01 167.63  44.72 166.97  60.67
   37 -0.786 -0.867  0.682   3.45 218.17   4.77 218.23 117.30 215.91  58.42
   38  0.391  0.254 -0.729  46.94 101.14  97.06  98.82  70.63  99.72  55.68
   39 -1.143  0.686 -0.705  60.32  55.11  68.64  56.67  90.66  57.18  57.20
   40 -0.607  0.628  0.639 184.30  59.52 161.39  59.16  58.00  61.15  77.93
   41 -0.024 -0.932 -0.063  64.40 223.99  42.06 222.98 241.78 223.96  70.89
   42 -1.130 -0.426 -0.193 205.70 173.39 245.35 169.92  94.05 167.86  62.86
   43  0.163 -0.839  0.043  99.85 211.30  59.16 210.02  38.34 215.47  67.90
   44 -0.984 -0.321 -0.897 239.73 160.46 121.82 157.02  94.79 156.95  48.95
   45  0.611 -1.169 -0.496 149.19 244.21 237.79 245.92  94.06 248.37  62.00
   46 -0.337 -1.069  0.897 168.37 241.16  10.89 241.38   5.19 238.17  66.64
   47 -0.646 -0.687 -0.040 133.02 197.90  75.86 192.83 206.87 194.28  94.50
   48 -0.412  0.972 -0.797 111.86  24.13 150.59  29.76 242.39  30.23  57.69
   49  0.113 -0.711  0.082  79.68 200.81 161.42 200.48 205.08 201.77  68.06
   50 -1.086  0.149  0.373 118.75 110.62 109.33 107.92  64.15 110.96  69.92
   51 -0.260  0.946  0.646 172.59  23.59 130.77  23.14 211.65  27.28  66.71
   52 -0.847 -0.931 -0.533 136.02 225.12  62.15 221.93  18.74 218.60  67.94
   53 -0.146  0.151 -0.873  16.40 111.11  85.63 110.76 120.37 107.90  51.43
   54  0.564 -0.141 -0.766  55.80 142.12  74.86 141.77  15.24 141.44  68.97
   55 -0.811 -0.376  0.196 127.61 167.19 137.44 165.30 124.24 166.21  69.80
   56  0.243  0.623 -0.872  59.16  64.26 174.75  62.47  36.40  62.64  63.76
   57 -0.675 -1.015  0.486 203.55 232.78 144.18 231.58 103.82 231.66  77.39
   58 -0.254  0.554  0.465 140.99  67.46  98.45  69.11 114.57  68.96  65.78
   59 -0.854  0.238  0.777  14.61 100.66  55.64  99.42  14.64 102.40  58.52
   60 -0.025  1.131  0.600 238.31   6.64 220.71   5.91 144.44   5.08  47.62
   61  0.926  0.773 -0.534  15.73  49.38 114.64  46.75 151.32  46.25  62.12
   62  0.604 -0.564  0.002 244.35 181.17   2.92 181.05 207.71 182.24  54.72
   63  0.887 -0.321  0.299 150.61 157.04  29.52 160.48  63.97 159.98  71.67
   64  0.245  0.210  0.582  34.70 104.04 199.56 104.76  39.44 105.23  61.04
   65 -0.489 -0.028  0.169 155.43 130.00 125.92 128.88  73.15 130.14  70.73
   66  0.426 -0.177  0.934 109.63 146.86 150.29 144.32 230.77 145.57  58.29
   67  0.063  0.875  0.038 171.97  35.64 189.71  34.79 208.78  35.96  57.71
   68  0.229  0.948 -0.699 194.81  31.40 163.43  31.79 109.45  30.60  63.96
   69  0.635 -0.356 -0.437 105.84 161.96 174.78 162.98 110.76 163.54  62.50
   70 -0.476  0.038 -0.312  47.46 121.32 196.64 122.83 238.63 123.34  55.33
   71 -0.384  0.850  0.110 253.44  38.02 237.51  38.54  29.43  37.83  50.75
   72  0.738  0.893  0.887 134.53  32.23 144.46  30.42 172.42  30.39  64.38
   73 -0.815 -0.710 -0.875 179.59 199.91 112.37 197.54  95.98 197.33  56.67
   74  0.293 -1.139 -0.463 144.79 243.72 154.06 241.81  20.94 241.90  61.31
   75 -0.552 -0.831  0.708  15.63 215.61 152.37 215.59 159.78 210.46  56.05
   76  0.336  0.766 -0.959 129.95  51.15 165.40  51.42 123.36  49.33  71.93
   77 -0.225 -0.463 -0.679 142.79 174.05 214.07 174.02 115.39 174.31  62.17
   78  0.685 -1.019  0.052 180.02 230.90 220.05 230.46  69.18 234.56  85.25
   79 -1.093 -0.083 -0.544 164.12 134.92 125.04 135.09  86.88 135.13  67.67
   80 -0.653 -0.772  0.508  48.69 210.03   7.67 207.72 248.04 208.45  55.86
   81  0.597  0.028 -0.822 181.40 123.45 155.54 124.11 122.48 124.09  81.09
   82 -0.648 -0.918 -0.451 119.08 223.57 220.94 220.14 129.04 216.08  67.57
   83 -0.518 -0.636 -0.605  32.02 192.93 226.85 192.73  54.45 191.62  54.00
   84 -0.700  0.823  0.514  34.21  38.56 213.51  39.50 231.12  38.78  64.82
   85 -0.368 -1.043 -0.181  31.14 231.22 199.56 234.30  36.36 233.72  62.08
   86 -0.404  0.166  0.396 247.20 106.62 167.16 107.75 110.03 107.58  57.04
   87 -0.475 -1.185 -0.113 147.42 249.94  99.28 249.58  59.56 248.21  64.83
   88 -0.950  0.454 -0.087   8.57  75.33 241.29  78.46  28.20  77.77  49.78
   89  0.717 -0.486  0.017 174.41 174.69 105.51 175.10 226.20 175.40  77.68
   90 -0.074  0.742 -0.102  85.82  49.63  69.66  50.95 175.99  50.19  71.44
   91 -0.699  0.822 -0.587 237.65  40.76  19.35  41.26 173.05  43.72  61.59
   92 -0.475 -0.922  0.870 115.11 226.39 106.59 225.54 103.39 225.31  72.69
   93  0.129  0.708  0.712 134.33  51.48 120.56  51.49 238.27  51.76  58.38
   94  0.063 -0.933  0.983  40.20 226.59  77.24 227.40 130.39 225.58  84.00
   95  0.518 -0.753 -0.414 133.20 204.35 149.86 204.24 161.54 205.17  67.12
   96  0.228 -0.824  0.501  77.37 211.18 148.62 209.50  31.70 212.78  62.21
   97 -0.186  0.200 -0.555 124.73 106.55 135.52 106.70 231.30 107.37  70.68
   98  0.746  0.684 -0.578 217.05  59.12 233.49  56.49   5.94  54.40  53.56
   99  1.022  0.697 -0.220   8.86  56.37 211.11  54.42 173.29  53.04  59.23
  100 -0.334  0.293  0.967 138.64  94.06  17.19  94.59  15.83  95.48  54.86
  101  0.819  0.853  0.053  95.62  39.61 130.32  37.32 140.97  36.74  65.27
  102  0.425 -0.458 -0.939 182.74 173.45 166.16 173.97  20.75 172.67  57.70
  103  0.378  0.548  0.920  89.34  68.09 145.48  67.45 145.71  66.91  65.40
  104  0.464  0.774  0.189 129.12  45.85 187.13  45.15  94.33  44.71  68.62
  105  0.660 -0.059  0.308 102.27 131.18 111.99 130.18 100.39 130.59  68.94
  106  0.712 -0.589  0.770 194.49 186.04  71.66 190.79  23.32 191.23  66.92
  107  0.007  0.103  0.974   6.29 113.17 113.58 113.07  15.84 114.14  59.10
  108 -0.091 -0.086  0.610  19.32 136.99  17.14 136.69  41.16 136.52  61.20
  109  0.642 -1.219 -0.955 175.87 246.21 129.43 248.68 235.22 250.78  62.47
  110  0.168  0.594 -0.384  30.56  64.75  13.65  65.76 224.59  63.30  62.96
  111  0.316 -0.688  0.274  13.03 195.22  61.25 199.46  59.98 198.46  51.30
  112  0.894 -0.996 -0.315 130.75 228.21 135.08 229.04 167.23 230.49  58.38
  113  0.367  0.761 -0.714 223.82  51.37 181.56  49.87 221.11  47.35  59.50
  114  0.201 -0.803 -0.683  37.03 204.47 181.25 205.27  60.11 208.45  55.50
  115 -0.665  0.957  0.847 204.14  23.32 238.34  21.43  88.25  23.48  47.75
  116 -0.415 -0.320  0.084 231.01 161.25 246.80 157.58 181.33 158.25  66.28
  117 -0.832  0.066 -0.442 179.67 117.22 172.56 119.91 237.67 120.24  62.67
  118 -0.815  0.122 -0.565  94.70 112.89  13.78 112.56 240.43 113.92  68.93
  119  0.278 -0.446  0.226  28.40 173.58 170.83 174.17 189.42 175.03  62.73
  120  0.020  0.896 -0.617 229.64  34.82  12.44  35.63 192.95  32.81  55.59
  121 -0.442  0.643  0.465  68.14  59.32  12.68  58.86 105.65  60.85  59.89
  122  0.464  1.089  0.466  14.31  13.47 245.21  11.05 223.59   9.07  46.00
  123  0.605  0.920 -0.583 241.92  34.52 207.68  32.19 150.04  30.81  62.13
  124 -0.398 -0.351 -0.796 215.69 162.39 221.49 162.01 186.87 162.81  64.88
  125  0.377  0.342 -0.939  16.61  83.97  21.94  85.31 207.74  90.90  59.62
  126  0.247 -1.087  0.142  18.76 239.04  35.11 236.08  49.96 241.67  45.30
  127  0.703 -0.239  0.937 111.93 150.57 111.92 150.39  38.51 152.25  69.14
  128  0.854 -0.456 -0.864  78.83 173.33  71.17 172.72 121.61 175.15  55.29
  129 -0.152 -0.017  0.737  18.22 126.47 223.74 128.60 210.86 128.61  62.36
  130 -0.712  0.283 -0.460 147.79  96.62 189.79  98.61 251.73  98.74  59.04
  131 -0.338 -0.441 -0.834  42.15 171.28 184.01 171.54  30.02 171.86  50.54
  132  1.116  0.693  0.302 226.13  56.05 141.98  52.62  99.86  52.64  56.25
  133 -1.052  0.424 -0.730 247.64  82.20  29.94  81.21  32.47  84.97  37.60
  134 -0.851  0.317 -0.429 143.65  90.63 166.03  94.03 185.06  93.45  63.69
  135  0.353 -0.426  0.843 129.39 173.11  94.27 172.59 117.44 172.56  61.88
  136  0.555 -0.431 -0.872  53.32 169.09 158.65 169.90 220.25 171.21  64.27
  137  0.709 -0.522 -0.718  94.69 175.72 202.66 178.79 241.67 178.85  62.00
  138  0.642  0.068 -0.152  44.62 115.51 129.08 117.16 140.17 119.84  70.60
  139 -0.318 -0.149 -0.086  39.39 142.21  12.26 141.82 106.09 142.49  62.30
  140 -0.738  1.160 -0.160  92.99 252.59 197.09   6.68  90.12   8.42  69.56
  141 -0.277 -0.907  0.098  63.45 220.83  44.34 220.77  75.83 220.92  41.40
  142 -1.006 -0.238 -0.287  47.80 150.67  34.05 150.04  43.72 149.66  66.04
  143  0.986 -0.615 -0.639  49.10 182.61 199.78 181.24 152.16 192.24  57.45
  144  0.149 -0.969  0.659 149.14 228.79 162.20 229.05  82.93 228.66  70.12
  145 -0.152 -0.663  0.162  70.46 194.03   3.02 192.79 230.68 192.57  73.94
  146  0.880 -0.872  0.355 156.95 215.34  69.26 217.05  61.65 221.49  73.38
  147 -1.129  0.903 -0.326 146.26  32.05 151.41  32.40 120.15  36.96  41.25
  148  0.570  0.804 -0.129 137.39  44.15 114.10  44.65  77.28  40.32  67.18
  149 -0.590  0.708 -0.709 180.18  53.24 245.51  55.34 121.71  55.40  64.28
  150  0.031  0.233  0.535 147.66 102.65 167.73 102.57 183.13 103.47  69.48
  151 -0.646  1.114  0.076 161.77   8.21  52.07   8.44  56.55  10.43  68.93
  152  0.158  0.954 -0.326  73.47  28.60 213.29  29.95  67.09  28.45  70.00
  153  0.785  0.699  0.400 105.65  54.69 161.86  51.51  68.43  51.87  52.67
  154  0.580  0.280  0.518 123.30  98.54  41.32  95.95  57.49  96.46  71.05
  155  0.494  0.726  0.976 201.53  50.97 176.77  47.28 103.64  46.39  60.81
  156  0.952 -0.621 -0.072 202.77 189.49  48.34 191.11  92.74 192.36  60.57
  157  0.214  0.946  0.090 141.98  27.09  56.79  25.48  22.66  27.74  68.52
  158 -0.798 -0.628 -0.965 221.89 191.14 228.09 190.57   8.67 189.83  62.77
  159 -0.181 -0.180 -0.383 187.23 144.18 163.80 144.03 150.10 144.19  63.60
  160 -1.116 -1.076  0.311 200.56 243.87  90.31 235.83  89.97 235.08  56.12
  161  0.730 -0.072 -0.159 211.49 134.41 197.62 134.51 165.04 134.59  61.89
  162 -1.223 -0.631 -0.372 113.55 193.24 204.52 191.33  50.92 189.84  66.43
  163  0.147 -0.945 -0.832  93.92 222.42  99.34 222.81  53.92 223.81  62.62
  164  0.446  0.629  0.103 117.91  59.61  81.49  60.26   9.35  60.96  64.50
  165  1.092 -1.175 -0.929 238.55 243.55  92.02 243.25  77.82 249.64  60.48
  166 -0.030 -0.064  0.673 231.15 131.58  77.14 131.12  65.71 131.12  51.80
  167 -0.136  0.799  0.239 215.29  41.19  54.17  41.03  33.12  42.85  65.46
  168  0.680  0.220  0.277 251.57 106.13 131.56 103.62   8.99 103.48  63.00
  169  1.166  0.208  0.174 212.10 106.20  24.39 104.78 245.58 105.24  73.33
  170 -1.110 -0.971 -0.915 207.36 228.77 125.80 224.85  87.19 222.25  61.19
  171  1.075  0.451  0.309  49.36  79.92  65.48  76.72 191.27  77.16  67.58
  172 -1.078  0.431 -0.413 243.81  81.27 241.27  80.86  35.44  82.26  47.25
  173  0.259  0.041  0.445 191.87 121.26  43.33 121.48 194.97 122.57  68.81
  174  0.347  0.952 -0.666 142.37  30.48  86.72  30.40 142.61  29.63  74.46
  175  1.095  1.062 -0.843 118.71  17.23 177.35  13.00 140.57  11.77  68.85
  176 -0.131  0.787  0.012  54.71  42.83  57.30  44.82  76.61  45.72  59.00
  177  0.089 -0.359  0.001 180.09 164.18  88.19 163.61 247.45 163.94  66.62
  178  0.199 -0.199  0.506 207.34 148.32 109.77 146.67 129.59 148.70  54.67
  179 -0.520  0.618 -0.908 109.29  60.54 152.70  65.67 170.55  64.76  64.33
  180  1.147  1.112  0.116  25.55  14.40 125.56   8.00 186.20   8.13  62.70
  181  1.040  0.467  0.415 121.26  76.17  43.86  75.32 247.11  73.13  62.04
  182 -0.294  0.585 -0.653 129.41  65.55  76.27  66.64 209.70 253.32  64.24
  183 -0.022 -0.377 -0.286  74.76 164.25 193.06 164.61 209.70 253.32  54.75
  184 -0.533 -0.138 -0.983 155.98 137.42 118.59 137.34  34.51 140.65  75.15
  185 -0.160 -0.216 -0.373 178.45 149.32 149.25 149.03 209.70 253.32  50.57
  186 -0.463  0.672 -0.814 221.95  58.07  79.16 250.80  21.52  60.44  68.47
  187 -1.058  0.845 -0.221 147.76  37.28  88.21  39.56 209.70 253.32  70.55
  188 -0.022 -0.006  0.423 222.50 252.30  25.10 126.53  55.48 126.55  49.50
  189  0.206 -0.150  0.713 108.28 143.81  95.33 143.63 209.70 253.32  64.00
  190  0.208 -0.203 -0.941  64.41 148.00  79.16 250.80 118.69 147.47  55.00
  191 -1.063  0.322  0.161 222.50 252.30  86.42  90.80  41.69  91.40  49.50
  192  0.670  0.054 -0.469 222.50 252.30 194.46 121.19 180.76 121.15  49.50
  193  0.446 -1.234 -0.432 222.50 252.30  79.16 250.80 209.70 253.32  49.50
  194 -1.143 -0.753  0.394 170.84 204.64 170.54 204.50 209.70 253.32  61.29
  195 -0.658 -0.785 -0.071 132.73 209.62  79.16 250.80  21.98 207.81  64.56
  196 -0.519 -0.023 -0.802 212.99 128.59  79.16 250.80  97.50 128.89  62.65
  197  0.420  0.079  0.372 222.50 252.30  45.44 115.84  65.75 116.04  49.50
  198 -0.946  0.528  0.815 135.03  69.38 101.55  69.64 209.70 253.32  72.33
  199 -1.183 -0.498  0.508 176.01 180.43 157.35 175.12 209.70 253.32  67.08
  200 -1.259  0.258 -0.230 212.91  99.09  79.16 250.80 178.75 102.11  61.75
