218
   0   13      2.853     -6.190     -7.816
  50   48     -9.567     -1.400     -0.593
  43   91      2.048     -6.171     -4.785
  81   20     -9.665      7.590     -7.446
 183   79     -1.701      4.458     -0.802
  29   40     -3.091      2.307      0.553
  94   42      8.291      0.599     -6.122
  83   95      1.645     -5.258      0.527
  -1   -2      4.121     -2.069      6.420
   5   84      8.057     -7.215      9.033
  90  224      9.836    -11.765     -5.392
 126  112      6.974     -1.581     -9.119
  46   11      1.198     -8.819      7.344
  23    4    -10.674      3.144     -3.399
  49   30     -0.931      8.530     -5.942
  -1   -2     -5.435      0.078      3.579
  61  136     -4.944     10.818     -7.112
 106   37     -1.433     -9.493     -7.483
  73  107    -10.746      7.837      0.748
  41    8     -0.331     -0.526      4.409
 180    9     -3.081      5.639      8.951
  51    7     -5.543     -9.034      9.402
  48    3      3.309     -0.809      5.381
  33   41      6.487      6.444      2.071
  52   38     -3.325     -4.681     -7.044
  32   39      6.038      9.338      5.338
  37    5     -7.866      4.687      3.435
  40   33     -3.027     -3.438     -4.798
  56   24     -4.803     -1.719     -3.506
   2   56     -1.581      1.860     -8.137
 152  111     -4.502      6.805     -1.228
  55   57      7.486     -6.763     -8.534
 131   85      6.725     -3.939     -0.487
  74   70      4.338     -7.175      2.425
  13   59      0.253     -7.765      8.331
 147  102      2.963      7.744      2.255
   8    6     -5.004     -2.627      3.367
  17   54     -6.699     -0.365      5.267
  16    2     -4.443     11.124      1.443
  59   60      1.429    -10.534      0.301
  89   12      4.307     -1.558      1.190
   3  118      4.066     -5.978      9.694
 130   69      5.353     -6.578     -1.670
 166  211      1.662     10.406     -4.416
 103  125     -4.939      8.730     -7.579
   1  120     -6.927      0.106      0.413
 148  119     -3.344      9.294      2.754
  18   73      9.088     -6.442      5.013
 189   68     -8.995     -4.798     -6.315
  93   53     -8.468     -0.796     -3.962
  30   36     -9.764     -7.668     -0.762
  82  103      7.007     -5.666     -0.200
  15   63     -4.593      9.031      1.942
 132  176     -0.711      5.012      1.978
  77   17     11.411      5.849     -3.064
  11   89      0.772     -2.303     -6.070
  -1   21     -3.464      1.493     -6.145
  27   45     -2.963     -7.919      3.790
  -1   -2      2.899      4.303      1.043
  22   43      9.646     -5.690     -2.164
 121   94     -8.833     -3.206     -4.068
  -1   -2      5.740     10.519     -0.560
  47   44      7.779     -1.370      5.937
 164   19      9.444      8.031      4.254
  38  105      0.720      2.476     -7.029
  64   34     -9.307     -2.846     -2.072
 112  101     -9.814     10.891     -1.377
  63  109      7.369    -10.629      3.707
  12   28      8.059     -8.686      6.778
 108  122     11.173      3.284     -9.058
  35  139      8.342     -0.070      9.320
 142  108      3.237      5.548      9.573
 115   32     -3.178     -1.793     -8.412
 119   10     -7.253    -11.502     -3.919
  88   74      0.767     -7.824      3.445
 101  115     -6.727    -10.407      4.150
  76  142     11.601      8.091      1.561
   6   78      6.941     -7.900     -1.193
  -1   -2      7.255    -11.062      6.133
  -1   18     -0.427      8.414      9.454
   7  177     -6.185      5.079     -8.580
 206   29      3.100      6.535     -2.347
  86    0     -7.310     -7.241     -9.116
  20   64     -6.984      1.424      1.827
 127   77     -2.903     10.929      5.756
 124  225     -4.021      6.656     -8.464
  44   50      5.894     11.068      1.367
  -1  167     -3.564     -7.670     -3.168
 181  168     -7.747     -6.136     -4.245
 137  140     -0.767      9.974      4.438
  75   76      7.226      5.443      9.657
  -1   -2    -10.660     -4.569     -4.389
  25  104     -5.329     -7.029     -3.329
  -1   -2      5.867    -11.603     -3.750
  14   88     -7.524      9.703     -9.847
  58  145     -1.254     -0.992      9.515
 153   58     -8.462     -5.557     -2.737
  -1  179      1.790      6.402      4.394
  92   55     -5.684      1.009     -0.946
 141   49      3.332     -1.627     -2.264
  -1  128      8.226     11.494      5.074
  85  137      0.736    -10.808     -8.991
  -1  183    -10.478      6.171     -4.961
 100   26     -6.428     -4.684     -1.809
  -1   62      4.939     11.418      5.668
  70  133     -0.706     -0.732     -1.174
 107   31     -6.973     -1.139      1.531
  65   98      8.220      7.684     -9.267
 144  162     -5.894     -3.024      4.268
 204  166     -2.752     -0.118     -6.210
 143   93     -3.873      7.693     -2.476
  -1   -2      5.326      9.028      0.308
 128   82      5.438      2.949      1.314
  68  154     -2.490      4.133      7.088
  95  106     -0.175      9.374     -2.737
  39  222      0.298      9.311      7.058
 122  123      8.047     10.614      8.998
  84   96     -2.452      6.975      6.124
 138   71      1.689     -2.094     -2.780
 178  134     -9.063     -5.885     -9.049
  69  100     11.316     -0.966      2.425
 145   81      6.420     -9.605     -9.751
  79   75      0.017     -2.698      5.168
  54   86     10.133      1.738      2.409
  24   51      9.098      4.883     -1.521
  -1   87     -0.146      5.353      3.106
 129  135      3.298      0.613     -6.897
 202   52      8.919      2.669     -9.211
  -1  173      3.767      8.427      2.800
 203  231      1.475      6.196      8.270
 201  230     -3.244      5.306      7.154
 104   67      1.576      0.022      5.364
 146  164      2.218      4.476      0.376
  91   23    -11.740     -3.062      0.969
  80  121      3.160      9.216      3.332
  72  223     -4.812     -9.558     -8.504
  53  130     -8.718      9.389     -5.564
 140  146     -9.449     -5.386      2.261
  -1   -2     -5.963      5.547      7.770
 117  131     -2.641     -7.314      7.000
 170  141      7.998      0.172     -5.340
  -1   -2    -11.079     10.991      3.421
 174   90      1.004     10.245     -8.462
 197  180      0.985      7.018      0.917
  -1   97     -4.679      5.417      2.740
 159  227      7.221      9.636     -9.018
 123  189     -3.087      6.459     -5.720
 114  195     -5.316     -7.159      4.535
  -1  199      0.889     -1.611      6.259
 150  171      3.655     11.049      5.330
 158   72      5.679      2.010     -0.189
 134   92      7.314      2.526      1.098
  45  124     -9.986    -11.257     -7.250
  62  158      5.856      7.422     -7.224
 105  165    -11.764      2.818     -6.749
 155  160      3.841     -5.367      3.276
 120  159     -1.947      7.203      3.888
  66  114     10.590      1.164     -6.811
 179  228      5.643    -11.781     -1.243
 111  132      7.095     -1.480     -1.182
 139   80      7.216     -0.562     -1.697
  -1  172     -3.412     -0.617      4.663
 186  156     -5.432      7.164      7.489
 149  157     -8.127      5.934     -6.990
  99  181     -5.727      4.009     -0.792
 151  147     -9.576     -8.157     -8.333
 163  151    -10.743     -9.557     -5.433
 171  143     -2.272     -8.193     -4.709
 118  205      0.517    -10.098     -8.168
  97  149     -3.313      5.409     -6.589
  -1  110     -3.421      6.408      2.001
 182  182    -10.617     10.363     -9.485
  -1  218     10.103      9.004      5.714
 160  127     -3.022      9.768     -7.323
  98  204    -10.751      7.044     -9.032
 169  138      1.974     -8.701      3.041
 133  116      5.805      9.454     -9.343
  -1  170      3.899      9.665      5.612
  78  117     -0.164      4.767      6.310
  -1  148      5.459      7.084     -7.575
  -1   -2     -9.531      6.430     -9.990
  87  152      2.684    -10.826     -5.677
  -1   -2      3.181      5.123     -0.906
 185  185     -7.498     -8.447      9.298
   4  221      7.318     -9.122      8.265
 177  203    -11.705      6.424     -6.710
 173  178      7.723      8.454      6.656
 135   99      9.841      5.226     -3.934
  -1   -2    -11.029      5.649     -0.530
 156  226     -7.305      6.360     -7.135
  -1  188      5.749      8.867     -2.142
  -1  210     11.268     11.240      1.980
 136  193      3.941      5.751     -2.267
 211  232     -9.260      6.484     -1.826
 162  206    -11.646     -6.184      2.299
  -1  197      3.254     -2.123      7.761
 116   35      3.582      6.994      7.793
  -1  192     10.898      7.545      1.642
 154  174     -4.888      4.015      2.374
 191  163     -9.394     -9.623     -6.289
 209  207      1.649     10.115      9.917
 208  201      1.035     -8.811     -5.496
 113  208     -1.223     -3.298     -7.693
 165  169     -1.525     -9.232      9.139
  -1  215     10.901     -4.562     -8.677
  -1  200     -9.838      4.077      2.598
  10  213     11.385     -4.713     -2.644
 200  229      2.038     -5.658      1.594
  -1   -2    -10.607      5.812     -0.779
  -1  126     -5.256      7.578      7.985
  -1   -2      3.504      5.450     -1.214
  -1  191    -10.597    -10.851      2.651
  -1   -2     10.358     -9.799      4.978
  -1   -2      9.487      9.985      1.990
  60  113      8.422     -3.193     -9.022
  -1   -2      6.750     -2.042      4.305
  -1   14      5.342     11.808     -5.824
  -1  219    -10.389      2.346      3.094
