246
  16   48    -11.450      8.461     -8.206
  12   96      3.170     -9.075     -7.517
  30   26      0.455     -6.560      4.821
   9   11     -9.361     -0.821     -2.654
  69   93      2.862     -2.227      0.397
 106   85     -6.838     -7.753     -5.730
  52   31      8.970      8.980     -4.488
  -1  163      9.744     -3.438      2.365
  22   13      2.977     -0.859     -6.581
  13    0    -10.484     -3.293     -4.308
 155  109      3.935      6.711      3.457
   3   30      2.077      9.092      8.212
   8   16     -9.959      0.455      0.236
  89  124      8.868      2.608     -1.232
  19   14     -1.317     -3.790      5.335
  53   60      7.871     -6.675     -1.645
  39   37      0.608      3.006      1.110
  29    8    -12.116      2.101     -6.270
  51  185     -6.312    -11.517      2.702
 143    1      2.246     -0.261     -7.098
 181   19      7.658      1.759     -3.859
  62  127     -8.341      7.701     -0.286
 111   62     -9.181      3.309     -4.211
 147   51      6.512     -4.402     -8.157
  41    2      2.523     -3.691      6.498
  44   68     -1.217     -8.794     -0.461
  83  117     -1.670     -2.062      8.263
   4   70     -4.190      4.546      3.711
  28   33     -4.454     -6.133      2.093
  25   23      0.217      5.740     -9.076
   0   40     -1.757      1.967     -4.242
   2    7      0.031      0.465      3.457
 149   78     -8.852      3.423     -7.278
   6   54    -10.165      2.566     -4.242
 214  153     10.472     -5.677     -8.118
  -1  159     -1.203      6.221      0.824
  46   20     -4.440     -3.488      6.034
  34   42     -3.060     10.456     -9.874
  45   58     -7.074     -5.262     -3.518
  65  209     -5.047     -8.308     -2.359
  17    4      8.080      7.339      3.953
  47   46      3.561     10.054      1.738
  26   18     -8.461     -8.439      1.216
  86   86     -2.530     -6.075      4.379
   1   53     -8.205     -5.608      1.737
  -1   36      9.887     -1.020      1.858
  33   76     -3.351    -11.796     -3.562
  57   67     -2.853     -0.939     -8.778
  82   38      2.201     10.456     -8.052
  27   61     -6.287     -5.290      7.145
  85   24      6.762     -3.637      5.491
  80   87     -9.980      4.371     -1.849
  23  227      4.693      0.527      6.882
 156  126     10.628    -11.119     -4.410
 105  165     -8.108     -8.969      1.176
  55   17     -8.028      3.641     -3.455
  87   35    -11.557     -8.438      1.689
  60    9      6.801     -1.991      7.591
  90   71      2.315      5.140     -2.541
  64   66     -5.606    -10.945     -8.175
  20   74      1.437     -8.537     -7.895
  42   29      5.393     -6.748      8.093
  95  178      2.157     -4.259      2.910
 110   34     -4.238     -5.083     -2.366
  79   69      2.504    -10.521      1.065
  15   10    -11.889      6.629      1.665
  50   79    -10.133     -8.779      1.908
  66   55    -12.040      2.783     -4.093
 115  121     -7.003    -11.120     -1.007
 104   -2      1.939     -5.205      2.841
 198   59      7.784     -2.895     -2.930
  32   27      2.524      1.495     -1.996
  77   73      1.848      7.497     -9.226
  36   80     -8.444      5.742      8.625
  78   95      5.293     -5.082      7.610
 118    6     -4.537     -8.584     -6.185
  49    3      8.866      0.091     -4.725
  35   97      4.366    -11.028     -0.632
  56   21    -10.179      8.938      5.387
  96   28      3.483      5.892     -5.485
  73   52      0.767     -2.021      9.781
  40   75     -0.706     -8.601     -6.047
 136  182      8.395      3.566     -3.192
  14   49      2.204     -8.016     -2.259
 134  179     -1.368     -8.067      6.652
 124  231     12.062      5.052     -2.560
  58   84      9.995      5.977     -3.722
 127  141      8.648     -7.744     -9.441
  88  144    -10.250     -1.849      2.819
  21   88      9.626     -8.840      2.598
  68  115     -8.534     -4.473      3.839
  98   94     -3.635      2.386      3.645
  48   39     10.725     11.405     -4.603
  54  125     -1.384      7.485     -6.253
  63  104     -6.737    -10.270      1.561
 128  210     -7.495     -2.352      8.541
 151  107      7.056     -6.599     -1.047
 137  233     -4.849     10.058     -1.141
  61  194      9.847    -10.149     -1.583
  91  106     -2.645     -3.146      8.812
   5   56      5.728      3.588     -3.780
 207  157      6.583    -11.238     -4.056
 103  102      2.612      1.975     -8.994
 169   77     -4.466     -9.515      3.191
 171  152     -2.115     -9.990     -0.719
  38  138     -2.723     -7.209     -8.142
 179  114      9.073      8.389     -0.430
 227   15      5.494      8.610     -6.952
 163  175      7.961     10.485     -4.895
  94  162     -1.970      7.140     -8.256
 154   32     -0.381     -1.704     -1.887
  70  137    -11.070    -10.931     -6.163
  92  176      0.949     10.287     -9.045
  71  122     -4.751     -7.227      4.839
 116   92      2.469     -9.047      9.095
 208   25     -0.983     -9.780      9.527
 172   99     10.071      1.143     -9.508
 123   64     -4.118     -7.094      8.235
  93  169     -4.870      0.910     -8.995
 232  242     -0.433      9.911      8.613
   7  226     -2.552     -5.788     -7.461
 166  149     -4.208      5.932     -4.114
 160  174     -1.270      3.438      2.055
 112  229      4.634    -10.925     -8.968
  -1  156     -2.724     -5.039     -9.883
 119  154     -5.469     -6.424      2.482
  -1  164      2.570     11.333      9.220
 153  116      8.933    -10.770     -5.193
 108   43      8.461     -4.493      1.094
  67  215      3.614    -11.905     -1.530
 132  145    -10.512     -5.975     -0.007
 129  170      7.290     -2.745      3.858
 146   91     -9.662      8.833     -1.477
 176  130     -3.468      9.153     -9.240
 142  110     -8.744      7.274      3.541
  31   89     -7.387     -6.926      1.547
 125   12     -6.035      3.203      1.917
 157   82      8.235     -8.198     -2.145
 162  132     -5.875     11.341     -0.384
  37  207      3.231     -5.595     -0.473
 197  147      1.724     -5.720      8.274
 140  167      1.283      9.130     -9.668
 168   22     -1.904      8.464     -8.272
 187  202     -6.054      9.378     -1.750
  74  108      4.184     -4.493     -7.266
 202  133     -4.306      4.061     -3.842
  -1   -2      1.398     -9.931      3.875
  75  217     -6.995      7.601     -4.323
  18  173      7.105      1.065     -9.353
 138  171      8.037     -4.719     -9.214
 177  129     -4.862      6.956     -0.057
 200  146     -6.167     -1.391      2.709
 148  120     -6.529     -4.092      6.266
 130   50     -2.410     11.140     -8.876
 109  136      1.585      7.711     -6.235
  97  211     -3.252      7.785     -9.425
 173  191    -10.658     -4.642     -8.056
 101  196      4.171      3.821      6.007
 120  188     -8.899      1.321     -0.465
 126  183    -11.105     -9.838     -3.009
  10  101    -10.043     -1.466     -4.201
  -1   -2      9.254    -11.659      2.743
 100  143     -9.906      2.009     -8.762
 107  128      3.077     10.742      5.163
 139   65      6.653     10.342     -0.673
 186  236      3.166     -7.070      0.763
 113   47      8.404    -10.531      6.939
 161  216      3.008     -7.304     -0.097
  81  186     10.500     -0.623     -8.949
 159  192     -8.881      8.012      1.809
  -1  195     10.060     11.881     -8.261
 164  190     -2.102     -0.096     -5.531
 141  150      9.276    -10.278      6.443
 204   98      2.454    -10.064     -6.931
 117   57      1.263      4.795      2.455
 152  148      0.170     10.130     -7.871
  -1   45      2.933    -10.532     -9.790
  76  172      3.466     -7.161      7.597
  84  100      1.889      8.054     -6.553
 216  193     -2.853      6.430      0.069
 167  198     -0.965    -10.503     -1.194
  72  139     -1.402     -7.475      4.314
  43  119      0.888      0.161     -2.211
 178    5      8.188      8.150     -0.816
 209   -2     -2.694      6.221      0.059
 180  197     -7.497     11.002     -7.486
  -1   -2      5.077     10.841     -0.262
 220  200      4.787     11.670     -7.408
 195  237     -2.103      7.930      3.237
  -1  151     -8.948      1.536     -5.685
 184  134     -7.769     -5.035     -9.444
 196  203      1.065     -9.293      2.188
 133  103    -11.826     -7.677     -0.497
 206  168      9.942      6.633     -6.272
 225  180     -0.797     -5.598      6.447
  99   -2      5.111     -1.643      5.471
 135   -2      1.914     10.956     -6.257
 158  160    -11.157      8.975     -2.948
 191  208     -2.984      1.580     -4.389
 194  113     -5.962      0.009      8.241
 185  161      2.038      2.967      7.364
 247  199      3.974      7.590      6.133
  -1   -2      8.229     -1.321     -0.471
 165   -2      7.690     10.160     -5.962
 199  212    -12.146     10.503      0.088
 144  123     -1.868     -7.759     -8.482
 189  112      5.049      4.139      6.226
  -1   -2      0.975     11.251      2.620
 183  213      5.849      4.944     -9.560
 188  206      9.318      8.608     -1.915
 121  187     -5.484     -4.829      6.151
  -1   -2      4.344      5.050     -1.190
 221  140      1.876     -0.555      7.689
 210  205     -3.204      2.551      3.949
 145  220      7.791     -1.470     -7.228
 212  239     -2.107     -5.433      3.325
 182  235     10.767      1.434      4.234
 102  228      5.152     -1.804      8.136
 248  225      4.708      0.878      6.260
 249  158     -7.221     -7.081      5.673
  -1   -2     10.779      1.951      2.072
  -1   -2     -9.029     -3.982      7.865
  -1   -2     10.862     -4.655      2.112
  -1   -2     11.023     -2.656     -3.617
  -1   -2    -11.799     10.873      1.486
 215  223      1.943     -5.421     -7.144
 193  105     10.949     -6.554      2.786
 231  241     -4.307      4.225     -6.370
 131  232      3.959     -8.076     -8.523
 150  131     11.147     -1.298     -2.729
 203  189      6.458      5.095      0.073
 114  230     -2.399      6.154      3.514
 170  234     11.746     -3.942     -7.974
 236   41      3.127      5.161     -5.341
 213  240      6.087    -12.165     -3.147
 211  155      9.517     10.695     -9.766
 217   72      9.412     -4.612     -1.820
 190  201      8.493    -11.089      0.983
 233  243      9.453      0.327      9.097
  24  177      4.224     -0.670      2.152
 230   -2     10.189      1.820      6.766
 237  166     -0.218     -0.069      0.490
 244   44     -5.670     -4.854     -1.412
 205  238     -5.283     -1.223      4.786
 245  244     -9.850     -8.273      4.392
 242   -2     10.716     -1.664      8.659
