212
  -1  101      7.404     -8.748      9.730
  29   22     -2.563    -10.040     -6.813
   0   11     -7.113      3.577     -5.622
  62   46     -0.242     -8.598     -6.582
  43   13     -9.749     -4.456      6.256
  19   20     -5.878     -1.908      1.994
  59   78     -7.305     -1.953      2.822
 171  102     -2.328      1.219      2.104
   8   40     -6.799      2.489      3.826
   4   32      6.867     -2.094      7.125
  60   87    -11.219     -5.336     -1.448
  38    8      4.023     -1.777     -3.339
 165   16     -5.343     -5.146     -3.605
  47   34      0.583     -9.746      5.803
 108  121    -10.549     -8.001     -2.650
  33   31     -5.494     -6.722      3.184
   5  104     -3.092      6.539      4.023
  95   37     -2.009     -8.156      7.125
  35  201     -7.893     -6.721     -7.255
  63   43     -6.984      6.187      0.602
  21  106     -1.344     -1.478     -2.022
  40   66     -3.680     -2.086     -7.982
  55   70     10.484     -7.755     -6.931
 131   10     -7.216     -6.105     -2.531
  23   28    -11.560      3.385     -0.392
  -1   56     -4.289     -9.968      1.088
  32   58     -3.202     -7.879     -3.457
   3   80     -8.058      0.271      3.553
  16  189      7.970     -9.090      0.318
  28   18      2.181      4.710     -6.313
  51   14     -2.412      9.498     -7.479
  10    2      4.654     -8.954     -1.354
  45   49      1.842    -10.465     -3.971
  17   82      8.050    -10.721      4.028
  46  138     -0.376     -7.247     -0.398
  11   53    -11.615     -3.965     -0.763
 161  122     -6.534     -2.945      5.518
  64   35      2.148    -12.042     -5.298
 127   91      0.858     -5.150     -4.476
  89   83     -2.273      1.911      4.138
 206  134     -3.645      5.200      8.409
  27  103      4.515     -2.439      6.432
  12   29     -1.326     -0.125      7.320
  57   33      5.619      1.616     -1.588
  52   72     -2.841      4.559     -8.809
  68   36     -9.010     -3.770     -0.859
  72  165      1.287     -9.883     -4.837
  69   84     -7.205      4.191      6.722
  96  145     -9.705     -6.579      0.409
  -1   -2     10.357      9.929      3.993
  42    0     -3.144     11.249      7.766
  49   50     -9.273      6.951     -8.172
 104   27     -3.426      0.412      6.219
  22    3      2.559     -1.065     -3.391
 185  166     -7.889      0.677     -4.721
   1    4      3.839     -7.395     -4.059
  94   38     -5.055     -9.291     -4.619
 137  152     -4.808      3.746      2.448
 121   90     -3.090      9.660      4.679
  90   85     -2.993     -3.537     -7.077
 114   51      2.220      2.555     -9.955
  37   74     -7.870     -6.290      1.588
  30   41     -5.054     11.389      0.726
  91   55     -4.071      8.312     -8.322
 187  174    -11.236      5.150     -9.326
  48   17     -3.779      4.897     -1.846
 132   98    -11.835     -5.508     -3.663
 109   96      7.210      7.933      0.019
  41   76      3.344      0.626      0.585
 201  112      5.594     -1.734     -1.054
  25   69      7.885      1.916     -1.797
  77   42      1.131      9.231     -7.141
 145  136      7.052      9.393     -4.445
  31  169     -4.875    -10.858     -8.241
 207   94     -1.118      6.999     -4.376
  76   77    -11.916     -8.325     -2.349
  54   68     10.347      8.626     -2.742
  58   39     -4.353      5.585      5.947
  67   93     -1.799      0.858     -7.782
  61  105     -4.990      1.518      9.084
  -1   -2     11.227     -9.670      2.017
 148  151     -5.287      2.991      9.377
  15  117    -10.985      5.374     -1.177
 182  209     11.952      8.525     -0.700
  14  120     -7.806      1.389      6.261
  82    9    -10.001     -2.654      0.747
  26  200      8.386     10.772     -5.023
  70  130    -12.105     -2.272     -6.418
 101   64     -3.606      6.803     -2.008
 102  148    -10.315     -3.268      3.574
  34   67      7.755     -4.211     -6.666
  79   60      3.116      9.228     -3.918
  78   21     -9.608     -1.860      1.020
  84  127      8.355      4.859      4.429
 189   47      7.757     -1.762     -6.735
 168    1     -3.339     -6.593      9.647
  92  110      0.273      5.205      2.166
  75   92     -9.511    -11.242      2.501
  53  113      1.677     -9.044     -6.548
  71   65     -9.839      4.637      6.023
 128   30     -7.508     -5.661     -6.093
  81   25     -5.536      7.134      8.587
  74   63      3.175     -6.507      2.520
  66   59     -9.283     -1.171      0.028
  20   26     -0.152     -3.529      2.255
  80   73     -0.523    -10.498     -3.650
   7   48     -9.578    -10.334      6.188
 118  153      2.394      7.477     -3.271
 193   24     -1.124     -4.790      2.895
 103   12      6.593     -7.670     -9.116
  87   88     -6.578     10.127     -6.306
 115   45     -6.390     -2.805     -2.828
  65   19    -10.962     -0.579      1.937
  83   62     -2.441     -0.615     -3.261
 105   44      8.495      1.703     -4.337
  36   54     -0.217      7.928     -3.448
 139  154    -11.430      1.900      1.266
 100  108      0.454     -0.349      0.520
  50   57      9.253      2.269     -3.279
 140  150     -7.570     -8.516     -0.734
   9   89      4.793      2.015     -4.959
 142   71      3.028      1.201      6.529
 113  111      4.064     -0.437      5.716
  98  128     -3.046     -7.333     -3.287
  -1   79     -6.426      5.292      3.304
 123  167     -4.072    -10.708      1.464
  18   81      2.893      0.398     -7.130
  88  126     -5.834      2.088      0.086
 110  170      3.430      1.461      8.583
 151   61     -9.096     -9.182      4.365
 122  180    -11.631     11.304     -2.683
 119  125      5.783    -10.819     -0.018
 107   97      9.804     -6.342      3.873
 172  133    -11.395    -10.391     -7.884
  73  202     -7.059     -4.466      1.585
  99  119     -1.163     -4.282     -2.639
 166  208      0.335      5.940     -0.198
  93  114      0.449      4.575     -4.122
  13    5      0.106     -3.936     -9.693
 149  139     -1.041     -0.336     -7.891
 155  100      6.192     10.955      6.455
  97   99     -9.783     -3.420     -4.354
 130  185     -6.144     -3.645      7.720
 111  192     -0.257      5.171      6.933
 116  155     -5.077      1.182      3.881
 188  140     -7.882      5.278     -8.774
 143  123     -1.546     -7.527     -6.045
   2  116    -10.029     -1.669      4.570
  -1   -2     10.492     10.657      3.051
  24    6     -6.124     -0.096      1.754
 170   -2      3.544    -11.807      5.073
  -1   -2      8.992     -2.465     -2.398
 150  160      1.180      6.990      3.933
 162  142     -5.668      5.887     -6.184
 156  141     -6.440     10.460      3.313
 180  181      4.246     10.174     -4.703
 157  206     -0.114      0.697     -9.797
 163  207      1.505     -6.393      4.213
 136  178     -6.212     -7.602     -2.591
  -1   -2     11.126     -7.340     -0.195
 129  204     10.942     -0.679      3.643
 184  147     -2.920    -11.139      1.155
  -1  132     -4.193     -5.011     -0.213
 167  172    -10.798     11.448     -8.924
 153  205      3.928      6.133      8.301
 141  159     -8.578      4.668     -8.532
 135  144      5.332     10.592     -7.812
 181  135     -0.738      8.445      9.298
 152   52     -5.856      6.442      8.810
 124  168      0.653     11.307      1.131
 183  179     -7.326      1.437      8.765
 134  124      1.155     -1.560      6.640
 112  118    -11.191     -9.285      3.633
  -1  190     -8.493     -9.330      3.814
 178    7     -6.133     -3.593     -4.727
 159  163     -5.426     -4.404     -0.764
 192  143      6.438     -0.563     -1.978
  -1   -2      9.325     11.041      4.163
 158  197      9.745      8.315     -7.367
 176  164    -11.765     -8.620     -4.612
  44   23      9.615      5.274      4.509
 120  177      0.861      4.613      7.442
  -1  188     -1.654     -5.757      7.255
 126  195     -6.768      9.112     -2.990
 164  109      4.855      5.812     -7.638
 179   -2     -6.168     10.683      3.735
 205   -2      0.016    -11.835      6.513
  -1   -2     -9.095      0.786      5.393
  -1   -2      9.593     11.258      3.811
 196  175     -8.403      2.369     -6.781
  -1   -2     -6.012     11.541      0.559
   6   -2     10.258    -12.355     -4.689
 133  196      0.138     -3.803      1.287
 106  158      3.653     -7.063     -6.814
 208  213     -0.986      3.923     -6.905
 204  171      3.914      6.136      5.942
  85  176      5.242     -6.213     -9.048
 200  210      6.754    -12.407     -8.578
 160  115     -4.303      4.954     -4.314
 125  131      5.035      9.864      9.594
  56   95      6.994      9.061      3.306
 173  184      6.738     10.392      9.129
 147  162      9.029      2.360      2.703
 203  212     -5.943     -3.237      9.776
 186  182     -5.729     -0.257      6.748
 199   75     -6.377    -11.453     -6.925
 209  214     -8.140     -7.819      2.646
 191   -2    -10.692      0.700      4.021
  86  203     -1.461     -8.191      4.962
 202  211    -12.362     -7.412     -5.617
 210  215     -3.012      6.204     -8.078
 212  216     -9.943    -12.473     -9.252
