224
 134   64      5.938      7.856      8.617
  55   97      0.541      8.506      7.515
 117  131    -10.030      4.094     -8.426
  34   12     -3.257     -4.398     -3.034
  13   44      3.027      1.532     -6.372
   5    5     -5.959     -6.073     -2.563
  97   -2      3.295      4.212     -1.292
 180   87     -6.088      3.596      3.673
  10   26      8.135      2.844     -2.328
   4    9      0.957      5.592     -6.244
 157   79      3.831     11.336     -5.354
 198   84      5.441     -5.625      9.148
  31   50     -7.219    -11.528      1.024
  26   40      7.806     -7.800      9.420
 113  203     -6.945     -3.070      3.488
   2   36      0.371      4.311      4.420
  54   58     -8.410     -4.507      7.219
  59   -2      1.036     -0.780     -1.505
  46   45    -10.673     -3.892     -0.116
 206  179     -0.329     -7.770      9.055
  18  161      4.622     -8.385     -3.721
 132  157     -3.742      1.998      3.462
  24   27      5.022      2.320      1.904
  25   51     -0.193     -9.478     -3.693
  50   62     -2.102     11.940     -8.267
  81  195      3.629      9.378     -0.068
  40    6     -1.380     -7.142      3.262
   8  123      8.205    -10.698     -2.458
  84    2    -11.445     -2.171     -6.062
  85   35    -10.820    -11.879     -8.703
  21  175     -1.387     -5.517      9.959
  88   71      2.107    -10.801     -8.537
  22   10     -5.723     -3.647      6.090
 140   21      6.583     -4.450      0.786
 189  109     -8.491     -3.112     -3.623
  12  137      5.148    -11.658      0.411
 101   94     -4.394    -10.709     -3.166
  33   11     -2.536      7.604      2.064
  77   33     -6.252      0.363      7.434
   7   63     -4.323      3.116     -4.754
  16   34      6.434      2.554     -4.536
  39   59    -11.000      0.696     -4.204
   1   32      0.322     -1.660     -5.486
  65   25      4.140     -2.166     -8.674
  27   14     -7.236      6.156     -6.866
  29   37      4.697     -7.104      9.366
   0   41      0.394     -5.632     -5.704
  11   19     -7.119     -4.313     -5.221
  23    4    -10.231      4.209     -1.241
  60   38      8.263     -5.652      7.918
  79    3    -11.863     -7.809     -1.120
 137   70     -2.054     -7.625      4.106
  69   76     -0.080      7.326     -6.220
  47  114      3.541     11.440     -3.165
  51   22     -5.416     -1.327      2.761
 207  124     -0.411     -5.139     -5.058
  44   66     -7.375     -4.104     -0.658
  87  133     -8.246      3.354      6.922
  72   15      6.301      5.687      3.011
  66  201      2.424     -3.225      7.098
  74    0     -4.820     -2.803      3.034
  67   28     -2.218    -11.195     -2.328
 188  210      0.861      3.856      7.300
  35  117     -3.507     -0.735      2.680
  30   86     -6.989     -5.498      1.852
 167   39      9.931     -1.972     -2.487
 219   13     -6.343     -8.854     -6.131
 149  149      6.025      8.587      5.049
  68   82     -5.727      4.501     -7.378
 118   75    -10.027     10.363     -1.870
  83   29     -5.594     10.207      4.402
 112  129     -4.691     11.434     -8.855
 115  154     -7.971     -2.186      0.449
  38   74     -2.378    -10.015      6.107
  63   90     -8.547     -9.557      3.055
  80   60     -2.535     11.362     -8.228
 131  166      8.170     -4.817     -1.679
  -1  122     -8.163    -11.007      4.298
  73   47      6.412     -2.619      7.082
 220  178     -5.759     -7.764     -2.893
 114  121     -7.827     -0.886      4.609
  57  116     -0.192     -6.962      2.502
 105   93      1.521      0.249      5.456
  37  105      0.862     -6.303      1.285
  17   31     -2.139      5.499      7.872
  92  156      1.763      7.803      2.158
 136  132    -11.291      0.149     -6.200
  64   96      0.254     -0.111      3.880
  42   91      6.814      9.484      2.483
  -1   -2    -10.409     -7.368     -2.185
  99   42     -3.702      6.504     -2.087
 125   16      1.509     -2.345     -0.089
  20   85     -8.400    -10.367      4.909
  14   -2     -3.339    -11.620      5.644
  62   83      1.222      4.003     -7.167
  70   61      6.251      7.385     -4.992
 124   92     -3.644     -5.670      0.630
  86    8     -8.597    -10.832      6.563
 218  135     -0.389    -11.204     -3.285
  56   65     -3.161     10.356     -0.158
 179  106     -6.250      2.841      9.823
 110   67      5.552      1.500      3.835
 135  159      7.492    -10.708     -3.260
  96   -2     -8.603     -3.153      1.090
 215  170      3.198     -3.108      1.760
 107   17     -0.487     -8.378     -0.329
 171  102     -5.120      2.442      7.232
 174  142     -8.174     -2.680      1.417
  91    7     -8.330     -7.654      1.493
  78   80      6.259     -8.166     -9.114
 122  160      7.217     -1.864     -5.765
  52   73      7.393      9.799      8.926
 184   89    -11.606     -5.046     -2.663
  32  128     -4.831     -8.878     -3.915
 173  146     -5.773      2.324     -5.899
 212   52      1.422     -6.807     -5.766
  71  101      0.514      6.806      5.589
 148  139     -1.235      2.674      9.054
  61  113      3.251     -7.557     -6.546
  89   23    -11.386      5.696     -3.242
 176  172      4.624      6.406     -0.910
  48   81      3.766      0.675     -6.546
 156  103    -12.231     10.740     -5.196
 138   99    -10.717      5.033     -6.405
  45   43     -2.679      5.207     -4.728
   9  155     -1.285      9.707     -7.980
 163  100     -8.660     -0.534      4.579
  -1   -2     10.928      5.423     -8.005
  -1   72    -10.212     11.380      3.046
  43   69     10.779     -7.297      1.724
 208   98     -2.651     -7.892     -5.767
 139  180      5.158      8.644      9.039
 133  171     -7.791    -10.249     -5.011
 121  184     -2.795     -2.527      9.569
 152   56     -3.854     -3.368      8.358
 151  119      2.407     -5.632      6.066
  53  138     -6.839      3.718      1.290
 102  127     -2.275      5.114      8.193
 142  163     -9.990      5.134     -5.546
 128  143     -4.009      0.220      4.726
 100   68     -7.474      8.656      1.935
 183   88    -10.719     -9.979      4.536
 190  177      9.296     10.440      3.709
  76  130     -6.343      1.247      4.716
  36   48      4.742      1.071     -8.605
 203  118      4.089      2.120     -1.876
  15  112      6.128     -3.533     -1.904
 116  198      4.493     -7.764      2.756
 108  191      9.344      2.094     -6.299
 111   77      1.042     -4.425     -1.326
 165  111     -4.897      8.090      3.606
  -1   49     -6.596     -7.848      3.072
 150  145      0.101    -10.742      8.091
 123   54      2.553     -5.212     -3.375
 141   57     -7.139      8.270     -7.058
  -1   -2      7.054      1.346      5.294
 146  110     -9.173     -2.449      5.641
 175  120     10.017      8.695      2.554
 130   95      4.003      7.525     -0.879
 103  168     -2.569     -7.193     -2.200
 143  205      6.291     -6.113     -8.426
 127  153      8.800      4.975     -3.764
 109    1      5.014     -2.396      9.028
  95  162     10.649     10.488      1.345
  98  104    -11.160     10.335     -3.484
  -1   -2     10.443      5.354     -5.705
 153  115      0.491     11.340      5.364
 166  147     -9.084     10.047     -7.200
 182  173    -10.982      2.641     -0.410
 164  152    -11.626     -9.974     -6.647
  28  141     -0.069     11.060      9.036
  -1  197      0.840      4.381     -9.982
 159   18     -0.762      1.849      8.809
 104   46     -3.418     -2.702     -3.572
 106  190      5.015      5.919      8.333
 162  207    -11.439      4.225     -6.450
 170  181      5.875     10.236     -5.155
  -1  144    -10.366     -1.401      2.441
  -1   -2     -1.632      3.424      5.721
  82  136     -9.728     -4.064      4.209
 172  187     -2.855      9.015     -4.736
 197  214    -10.297     -5.113     -0.714
  -1  167    -10.990     -2.589     -9.851
 185  140     -6.569      3.947     -7.391
  49   78      9.767      6.522     -1.280
 147  186     -3.975     -4.913     -0.087
 199  215      3.176      3.926     -5.203
 191  182     11.418     -8.717      1.332
 195  213     -4.570      8.333      4.077
  -1   -2     11.097     -9.583      0.817
 193  212     -7.751     -9.857     -1.357
 217  189      0.764      9.304      6.253
 196  169    -11.951      8.461     -2.956
 160  150      3.779     -0.599      6.381
  94  108      2.427      8.607     -5.351
 216  174     -1.846    -11.414     -9.236
 168  193    -11.110      0.915      1.630
  19   -2     12.270     -5.020      0.888
   6   -2     -0.468     -0.743      6.203
  75  183      6.856      6.880     -8.702
   3  200      3.439     -4.659      9.146
  90   24      1.919      4.435     -2.187
  58   55      6.465      5.222      1.204
 214  151     -1.713      3.562      0.195
  41   53     -9.062     -7.289      0.342
 178  192     -0.375     -0.822     -6.454
 129   -2      0.148      8.617     -0.194
 177  209     -1.820      3.616     -2.492
 222  218     -5.767      3.581     -9.126
 209  194      7.100      2.408     -1.389
  93  202     -2.748     -7.716     -2.439
 161  206      9.498      2.854     -3.414
 181  196      4.560     11.473     -8.133
 194   30      7.307      2.639     -9.062
 192  211    -12.252     -7.443     -3.502
 201   -2     -7.260     -8.792     -8.350
 211  216     -5.396      0.016      1.258
 169  208     -3.668     -0.703      7.429
 155  148      4.234     -6.549      3.301
 213  126     -8.180     -5.301     -6.500
 221  217     10.663      5.455      8.613
 126  204     -4.348      1.302      9.549
 224  219     -1.588      9.053     -8.224
 223  188     -5.346      0.627     -4.529
