263
  33  103     -4.154     -3.579      4.428
  69    1      8.452      2.578      5.818
   7    0      7.381     -6.206     -3.177
  51   12     -2.525    -10.022      7.715
  28   47      8.353     -2.475      5.657
   3   24     -0.929     -4.734     -2.372
  31   21     -3.516     -5.264     -4.908
 195   68      6.974     -8.819      5.018
 178  131     -9.523     -6.189     -6.233
  14  203      6.146    -11.157     -7.800
   1   16      1.056     -1.993      0.541
  18    6     -5.304     -9.146      5.246
 147   27      0.487    -10.781     -0.038
   6   58     11.263     -2.758     -8.767
  20   32     -3.946     11.106      8.759
  12    4     -3.710     -1.217     -0.461
  71   53     11.104      0.644     -3.543
  39   17     -9.401      2.957      3.544
  19   55      7.126    -10.522     -1.945
   8  100      5.197     -9.644      0.619
  15  170      3.467      0.193      2.584
  17   42      1.781      3.563      1.209
  11   18    -11.283      1.719     -3.665
  13   44      1.702     -8.755     -6.723
  48  115      2.833      4.113      5.193
  16   41      2.880     -8.455      4.597
  54    7      9.506     -2.018     -2.448
  29   14     -6.361      4.264     -2.570
   0   76     -7.500     -9.557     -8.997
  80   82     -7.467      3.416      6.187
  38   81     -4.857     -3.505     -3.619
  36  159     -0.789     -8.937      2.182
  22    8     -6.349     -9.560     -3.628
 194  195    -10.210     -9.638     -0.928
  23   30      4.914     -4.528     -1.783
   4   34     -5.017    -11.915     -8.372
  -1   -2      1.596     -0.178     -5.780
 184   52     -5.619      2.526      1.223
   9   20     -5.484     -2.367     -0.230
 153   98     -7.156      5.766      1.076
  35   11     -4.094     -6.438     -6.977
  42   29     -2.502      0.997     -1.929
  57   22      0.530      5.099      4.864
  40   61      8.281      7.298     -3.314
   5   35     -3.347     -0.178     -6.638
  30   25     -1.434     -3.738      9.485
 159  113      2.314     -8.481     -9.807
  61   74      1.793      2.212     -2.696
 150   96     -9.502    -10.381     -8.420
  90  116      9.285     -3.020     -8.072
  68   37     -4.314      5.553      3.778
 152   72     -7.008      8.079      0.521
  72   38     -7.439     -1.703      0.084
  79   80    -10.217      6.643     -7.777
  88  134     -1.849     -6.861      4.575
  73   48     -0.903     10.951     -1.899
 131   64     -9.321      8.727     -6.204
  84   33      2.036     -6.990      4.792
  44   51    -11.103     -6.077     -4.188
 166  200      7.698     -9.881     -2.701
  70   63     -2.093      6.224      8.786
  43   89     -1.317      1.627      2.855
  87   50     11.223      1.360     -7.889
 167   86      1.919     -0.453     -1.184
  97  140     -4.498      6.915      6.943
  74   71      9.368      6.172      3.661
  91   62      2.090      6.159      1.931
  26  105      3.552     -5.636     -3.719
 134  202      1.365      2.395      6.645
  52   77     -5.394     10.219     -7.883
 226  218      0.786    -11.235      9.079
  86   75     -1.345      7.171     -7.051
  24   60      1.809      4.696      0.472
 169   46     -1.707     -5.148      3.745
 108   66      3.909      5.850     -0.640
  76    9      4.356     10.595      1.224
  67   54     -6.720      2.324      2.363
  55   19      1.148     -3.976     -6.744
  49    3     -4.645      3.177      6.199
  78  119      9.103     -0.016      1.909
 218   -2      3.301     -8.468     -0.597
 219   91     -5.530      7.758     -8.261
  45   73      4.959     -9.962      9.524
  56   85     -5.848      7.538      4.936
  98   78      6.735     -2.996     -1.030
  65  111     -9.714     -4.309     -2.050
 121  176      2.643      2.721     -1.269
 104   -2      7.111     -6.208     -9.977
  77  246    -12.162      6.944      0.480
  10  144      0.248     -5.415      4.970
  59   56     -0.944      0.771      3.716
  82   13     -9.754     -7.088      2.549
  25    2      4.913      2.136      6.509
  92   59      0.964      0.760     -7.653
 110   36     10.999    -11.049     -3.508
 185   94      2.660     -7.289      4.115
  89   45     10.527      9.095     -7.542
  99  141     -7.277     -2.422      5.232
 125  123     -7.821     -0.480      1.474
  62  120     -2.505      5.196      5.974
 179   31     -4.011      3.847      9.127
 129   70     -8.088      5.184     -7.760
  66  101     -1.637      0.146     -8.589
 146  165     -5.356      5.501     -4.084
 119  130    -12.044     -4.504      0.963
  81  114     -6.065     -0.945     -1.535
 201  208     -9.541     -7.875     -8.484
  -1  143      8.690      4.161     -3.833
 138  102     -0.548      4.807      3.138
 124   97    -11.400     10.265     -1.979
 115  117     10.060      1.744      1.414
 174   79      6.392      5.181     -6.158
 177   92     -6.657      6.134      8.460
 102   28      4.623      5.376      5.108
  85  183    -12.238      5.508     -6.828
  41  245      3.100    -11.455      2.880
 172   83     -2.591     -1.762     -6.531
 145  129      0.599      9.197     -9.574
 103   23      9.848      2.827     -2.841
 116  121      2.378      9.692     -4.132
  -1   69     12.077      6.905      0.623
  -1  151     11.981      9.971      0.287
  46  164    -10.049     -2.930     -0.684
 112  142     -9.292     -4.729     -4.021
 113  168     -1.875      0.276      6.196
 120  124     -2.322     -0.005      2.571
 144  109     -6.907      3.467     -9.174
 173  152      5.538      5.946      2.042
 140  160     -3.818      1.122      7.644
 151  172      8.195      4.358     -8.154
 243  106     -1.535     -4.850     -7.284
 128   10      8.769     -1.047     -3.941
 101   65      9.521      9.278     -0.924
  27   49     -9.084     -7.184     -2.485
  -1  135     10.776     11.753     -5.163
 170  150      2.642      8.036     -2.303
 229  136     -0.598      9.689     -9.707
 123  108     -2.979    -10.904      4.716
  -1  210     -7.083     -0.476      3.583
 105   88      7.801     -8.052     -9.204
  94  154     -0.842     -7.014      4.718
 109  156    -10.884     -1.447     -5.434
 213    5      8.590     -5.523      5.851
 156  166     -6.130     -5.235      4.239
 133  132      2.890      1.015     -2.545
 180  126     -6.983     -6.654     -2.251
  58   39      6.902      1.090      4.516
 137  137     -1.375      9.822     -4.465
 157   57     -4.733     -2.261      8.764
 209  228     -1.844      6.098     -3.738
 161  177      0.188     -6.098      6.133
  64  110      9.935     -2.621      1.048
 143  112     -1.298     10.475      1.708
  21   40      8.015     -6.223      2.199
 202  122      4.742      6.951     -5.047
 165   87     -1.654      1.897      0.613
  32  184      7.223      1.535      5.961
 160  175    -11.258      5.166     -5.319
 242  146      4.715      8.559      3.759
  95   95      3.137     -4.461      0.761
 142   99      1.628     -9.643     -4.391
 168   93      4.789      2.280     -5.419
 107   -2      9.795     -9.248      2.130
  -1  204      9.663     11.792     -6.826
 183   84      2.151     -2.018      1.328
 171   90      0.606      9.609     -5.466
  37  209      6.306      7.758     -5.123
 114  128     -9.432    -11.848     -6.658
 118  182     -6.161      7.131     -8.723
 245   -2      0.116      6.905      5.278
  34  194     -5.448     -5.369      3.118
 175  239     11.753    -11.286      1.381
 192  157      0.727    -11.203      1.218
 176  174      8.917     -4.960      8.296
 182  167     -1.530      5.498      2.388
 190  206     -6.901      1.900     -1.693
 122  201     -7.512    -10.272      9.710
 211  138      4.391     -4.839     -0.866
 149  225      8.574     -2.343      9.047
 198  199      8.394     -0.209      2.157
 100  212      7.980      1.314      6.464
 191  161      3.359      9.173     -7.615
  47  179      7.232     -7.477     -2.625
  -1  162      8.294     11.117      4.486
 203  163      6.094     10.751     -9.389
 130  188     -0.357     -9.464     -9.312
 217   26      0.271      3.653      2.704
 231  173     -3.309      8.899     -7.992
 126  207      2.450     -8.793     -3.001
 212  196    -11.133      9.564     -9.597
 162  133    -10.647      5.390     -2.318
 106  153      8.220      9.556      5.308
 206  171     -2.223      2.625     -5.660
 193   -2      9.380      8.358     -9.806
 197  186     10.428     -5.207     -2.125
 181  198    -10.977      2.628      2.506
 200  191     -3.948      5.072     -7.081
  93  181     -8.706     -2.436     -4.001
  -1   -2     -0.654      2.661     -0.259
  -1   67      9.020     11.470      8.066
 155  214     -8.215     -7.183      5.180
  50   -2     -1.890    -12.277     -7.111
 227  205      9.122      4.761     -9.688
  -1   -2     -6.421      5.507      3.307
 199  216    -10.897    -11.722     -6.034
 187  249      0.120      7.795     -5.255
 189  180      8.996     -3.555     -7.321
 186  192    -11.806     -7.900      2.327
 251  189     -3.287    -11.300     -4.549
  -1   -2      0.729    -12.085     -5.256
 248  213     -9.952    -11.181     -0.628
 158  178     -0.589      7.397      9.861
   2  155     10.779      2.568     -3.442
  63  221      0.742     -1.230     -0.070
 196  222      3.806      9.127      6.913
 216  223     -4.937    -10.942     -3.911
  -1  127     10.627     11.402     -1.898
 205  169     -3.425     -3.325     -8.214
  -1  224     -7.252     -6.331     -1.750
 220  211     -8.481     -6.334      2.190
 148  125     -4.864      2.511      3.578
 223  220      4.014     10.495      4.742
 239  139     -7.301     11.990     -1.097
 215  226      1.329     10.483     -9.632
  -1   -2     -1.943     -0.174      5.401
 222  187     -8.831      4.732     -7.516
  75  149      5.000      4.851     -8.765
 132   -2      1.356      7.097      5.805
 139  248      4.060     -1.502     -7.929
 111  190    -12.141      1.527     -6.740
 230  231    -11.024      1.041      3.008
 163  158      4.698      4.624     -8.900
  -1   -2    -11.702      5.843     -4.868
  -1   -2     11.427      4.420     -5.952
  -1  232      3.270     -6.488      7.499
  -1   -2     10.718    -11.216     -3.364
  -1   -2      7.561     -5.160      0.586
 238  236    -11.112     -8.040      7.264
  -1   -2     10.413      3.030      8.349
  53  193      6.113      0.189      9.830
  -1   -2     13.265      8.341     -3.516
 237   15     -4.041      3.902     -7.627
 236   -2    -13.798     11.057     -2.609
  -1   -2    -12.957     -9.177     -2.638
 164   -2      5.968    -12.260     -2.752
  -1   -2     12.592    -10.112     -3.513
 252   -2      9.800    -11.453      9.536
  -1  243    -10.693     11.195      1.685
 136  107      2.115      2.381      8.780
 141  217      1.476      7.645     -8.501
  83  247     -6.050      1.521      6.563
 228  253      1.664     -5.439     -3.822
  60  237     -7.338     -3.084      1.334
 204  251      7.862      9.525     -5.776
 249  185      4.415      4.222      9.788
 208  252     -8.552     -7.750     -4.461
 225  233      7.560      9.506      3.335
 241   -2    -11.952      0.205     -1.390
 247  227      7.202     -8.813     -9.573
 188  250     10.830      2.476     -7.333
 253  255     -4.740      5.232     -9.154
 240  254    -10.785     12.034     -3.562
 250   -2     -9.382    -11.363      9.932
