244
  26   38      1.494     11.294     -5.950
  11    4     -9.514     -0.569     -2.896
 215   47     -6.094      3.994      1.888
  40    3     -4.253      5.382      3.816
  67   20      5.744     -2.444      5.350
 211   73      8.306      9.749     -4.197
  50   52    -10.266      2.773     -4.581
  37   95      5.576    -11.035     -4.660
  -1  117      2.988     -7.151     -9.231
  58  101     -4.676     -4.802     -2.833
 133   -2     -5.870     -5.783      2.238
   5   24      4.346      1.790      6.948
 105  120     -2.088     -1.383      8.096
  59  227      7.144     -8.424      6.844
  27   14     -1.926     -6.555      4.260
  62   96      7.678      9.625     -0.529
  17   16     -2.046     -7.253      6.549
  61    1      2.232     -0.117     -7.008
 163   25      2.955      6.381     -5.560
  69   30     -1.243     -4.571      6.224
 131   99      1.753      8.336     -9.228
  49   33      0.642     -7.904     -8.612
 207  173      6.599     -2.321     -3.320
 114   56     -8.736     -3.971      3.613
  48   26     -8.536     -5.246      1.443
  33   12      1.329     -7.651     -2.833
  72   57     -7.248    -10.771     -1.505
  13   45      0.261      4.105      0.941
 104  202      6.764      2.340     -3.950
 196   72      7.695      4.367     -3.225
  34   35      0.181      6.610     -9.414
  10    5    -10.542     -3.095     -4.617
  -1   66     -5.114     -6.513      4.641
  74  171      7.705    -10.295     -5.765
  63   31     -2.316      2.299     -4.596
 154   77      1.201      9.982     -9.489
   2  103      6.620     -5.949     -2.299
  64   21      2.831    -11.524     -2.016
  23  108     -4.134    -11.370      3.925
  -1   27      3.379     11.299      2.148
  38   23     -1.212     -8.514     -6.732
 148  175      3.853      5.071      6.040
  41  115      3.281     -3.744     -7.789
  36  226      9.305    -10.362     -4.757
 116  201     -8.960      8.538      1.710
  54   32     -5.795    -10.929     -8.873
  32   22     -3.661    -11.829     -4.154
  18  131      5.076      9.188     -6.735
  42   13     -6.680     -4.805      6.956
  66   44     -4.913     -5.437      1.841
  68   49      1.156     -4.730     -7.775
  53   80     -6.915     -7.833     -6.351
 137  165     -8.441     -8.610      0.847
  16   93      1.324     -4.058      2.514
   1  114      5.555     -3.461     -8.641
  73   41     -8.789     -8.148      0.850
   6   75     -9.329      3.498     -4.534
  30   67    -12.090      2.987     -4.406
 101   97      9.699     -4.714      2.233
   9   87      2.219     -1.241      0.085
 113  144     11.109     -6.606      2.360
  24   60      3.672      7.991      3.531
  84  118     -2.186      7.845     -8.501
 178  210    -12.074      2.358     -6.663
  89   36      4.997      4.113     -3.873
 123  134      5.791     -5.851     -1.701
  85  159     -2.431     -7.088     -9.133
  28   -2      1.030    -10.093     -6.082
  60  111     -0.119     10.684     -7.642
  57   88      2.038     -6.584     -0.518
 125   76     -3.063      0.056     -9.452
 146  234      9.567      3.321      6.864
  -1   -2      4.400     -6.044      6.777
  -1   51    -11.942      6.798      1.495
   0  194     -7.774     -2.000      8.335
  79   46      1.271     -8.271      9.469
  20  172     -4.683      4.271     -4.203
 142    8      2.290     -4.864     -0.843
  35   85     -0.118     -5.533      4.591
 210   68     -8.464      8.074     -0.463
 145  188      5.152    -11.942     -3.560
  44   82      3.402    -10.421     -1.173
  80  119      0.822     11.004     -8.804
 170  145     -4.842      1.841     -9.709
  46   15      9.198      1.009      1.774
 110  122      1.883      2.112     -2.246
  47   81      8.379     -7.101      2.042
  56   43      1.746      5.743     -2.692
  45   48     11.366      6.360     -2.479
   8   83      2.092     10.093      8.314
   4  169      1.583     -9.696     -7.634
 209   69      4.210     -4.407      7.885
   3  125      4.550     -0.360      5.461
 231   74      8.310      3.949     -1.312
 138  232     -1.883     -9.261      9.739
  51   62      0.318     -9.070      2.357
  86  112      1.597     -3.070      2.565
 136   61     -3.015     11.382     -9.920
  83  228     -7.237     -5.139     -3.983
  43  132    -10.105      4.539     -2.057
 130  102     -1.031     -1.196     -2.259
  55  142     -1.671    -10.018     -1.671
 111   53      5.861     -1.147      7.770
 192  157      6.926     -0.657     -7.399
  81  109     -7.090     -9.703      1.306
  95    9    -10.412     -8.518      1.479
  -1   -2      9.649     -2.892     -2.756
  -1  140      6.253     11.707     -0.204
 112   54    -10.623     -5.774     -0.434
 151  186    -10.604     -4.298     -8.432
  31   10     -0.157      1.508      3.292
  98   70      9.297     -4.819     -8.784
 103   40     -8.688      6.097      8.638
  77  113     -4.618      4.690     -6.881
 117   89     -3.656      3.243      3.607
  99  126     -8.987      1.710     -0.581
  93   -2      9.752      2.344     -9.688
  75   11      0.220      0.710     -2.559
  22   98      2.444      2.923     -9.481
  97  116     -1.828      7.823     -6.394
  76   71    -11.058    -11.038     -6.602
 234  248      6.620     -0.546     -7.325
 149  180      8.567      9.913     -0.101
 118   39      7.889      9.053      4.365
 184    0      2.069     -2.561      6.349
 115  181      0.196     -8.414      1.829
  12    6     10.165      3.321      4.618
 157  150      2.347     -6.432      7.836
 156   19      9.301      6.752     -3.679
  96  121     -4.699     -2.707      5.849
 181   50     -3.024     -5.198     -8.117
 106  143      0.151     -1.382      9.741
  92  153     -0.443     10.681      8.837
  91  135    -10.319     -1.422      2.643
  90  229      8.460      1.435      9.164
  -1  206     -7.828     -4.398     -9.875
 153  183     -6.819     -3.549      6.030
  14  124     -5.339     -8.158     -2.927
  87   42      1.430      8.477     -6.491
  -1  138     -8.817      7.877      3.484
 109  127      8.769     -9.054     -1.916
 183  198    -11.889     -7.543     -0.964
 100  230      1.103      8.087     -6.219
  94   65     -9.788      8.989     -1.719
 155  141      7.070     -7.526     -2.715
 147  128     -2.518     11.898     -8.630
 108  148    -10.143     -1.234     -4.518
 129  176     -0.948    -12.123     -3.068
 187   55      0.918      5.857      2.401
  52   37      9.089    -10.098      6.936
  15   79     -4.903     -8.763      2.962
 121   84    -11.341      9.049     -8.611
  71   90      7.425     -2.939      0.650
 139  156     -2.156      9.160     -8.365
  -1  136    -11.776     -8.170      1.297
  82  155     -1.524      4.433      1.991
  -1  133      3.619    -10.019     -9.817
 122   34      1.412     -9.740      0.457
 127  151     -9.747      2.626     -9.266
 175  129     10.042     -0.272     -2.954
 173  212     -9.266     -3.719      7.221
 144  233     -3.031      7.016      0.054
 165  100      8.200     -9.723      2.532
 166  214      4.752      5.510      6.269
  -1   -2     -3.171      7.212      0.082
 141  177     -5.024     10.573     -1.076
 167  193     -3.316      8.664     -9.667
 150  190      0.923     -4.769      8.183
 220   59     -6.695    -10.821      2.467
 229  152     -8.254      3.790     -3.760
 152  174      1.966     11.034     -7.782
  19  149     11.243     -1.839     -3.899
 176  154     -6.251      9.741     -1.831
 126  215     -7.509     11.779     -7.764
 143  163      5.940      6.388      0.031
  88  184      1.809     -9.284      0.598
  -1   -2     -4.539     -6.707      5.454
 128  178      2.587      5.652     -5.523
 135   58      7.121     -3.663     -9.760
 124  195     11.136     -4.155      2.219
 232  203      8.167     -3.699     -2.303
 140  187     -3.571     10.030     -9.370
  25   17     -1.939     -8.196     -0.806
 164  236     -0.592      0.896      0.179
  -1  211     -7.826     -6.521      1.225
 236  205      7.436     -9.526      0.735
 223  179     -6.278     -0.711      2.467
 185  164     -2.568      7.018      3.585
 205  241     -5.398     -0.500      4.606
 162  199      1.742      3.906      7.525
  -1   -2     -7.743      9.075     -0.333
 239  170     -2.907     -5.244      4.229
 158  189    -11.181     -9.790     -3.588
 202  219    -11.237      9.141     -3.232
 134  216      1.601      0.520     -7.576
  -1  208     -3.239      3.431      3.943
 160  104     -8.882      3.917     -7.743
  -1   -2     -1.108      7.052      3.806
  78  139     -2.732     -9.474     -1.134
 203  220      9.298      7.197     -6.227
 132  106     -5.814     -4.205      5.944
 224  218      2.671      5.744      8.063
 186   64    -10.030      0.729      0.056
 189  110     -7.233      7.824     -4.687
 171  147     -1.639     -2.794      5.070
 199  200      7.138     10.708     -5.606
 218  204     -3.478      1.883     -4.757
 197  137     -4.544      6.173     -4.407
 193  221     -6.744      5.830     -9.544
 174   94      8.553     -1.389      7.163
  -1  167      6.786      2.075     -9.649
  -1   -2     10.052     10.176      6.472
  39   28      7.909     -8.072      6.038
  -1  225     11.341      4.494      1.931
 204  222     11.086      0.229     -3.028
 102   92     -3.206     -6.570     -8.828
  -1   -2     -2.920      0.404     -3.892
  -1   -2     10.282      3.675      2.782
 213   78      4.367     -0.956      8.273
  21  107      2.257     -8.479     -8.238
 217   18     -4.733     -8.609     -6.851
 120  231      3.806      0.727      1.919
 172   29      7.874      0.749     -4.859
 226  244      7.471     11.142     -5.260
 230  247      9.409     -0.663      8.935
 107  146      2.208     -6.210      0.374
 214  223      8.790     -1.581      1.949
 188  237     -6.032     -4.472     -1.773
 225  185     -5.101      7.610     -0.062
 169  130     11.717      6.260      1.889
 195  182      6.464     -1.131      3.632
 227  245     -1.714      0.561     -3.743
 221  243    -10.183     -7.877      4.171
 191  238      3.522      7.327     -4.997
 228  246      3.805      8.681      6.163
 200  239      4.434      2.240      6.306
 159  235     12.080      3.557     -3.063
 212  242     -4.738     -6.599      8.073
 208   -2     -2.275    -12.094     -0.969
 222   -2      8.081      6.643     -6.987
 233   -2     13.543     -7.378     -1.983
 238    7     -5.541     -5.765      2.648
 237  249     -7.595     -6.548      5.482
 201  240     -2.262      8.801      3.479
