225
  16    8      4.565    -11.143     -8.605
  65   46     -5.369      0.239      2.224
   8    0     -1.617     -4.915      2.789
   6    9     -9.510     -2.121     -3.167
   4   87      4.221     -7.165      7.170
   5   45      0.587      0.185     -8.698
   1   12     -4.114      1.219      0.743
  12   20    -11.897     -1.248      0.273
   9    4      2.735      0.646      0.887
  13   13     -7.643     -4.870      2.766
 175  152      6.078     -2.537      2.531
  44   10      2.562     -4.312      0.892
  14    3    -10.222     -1.283     -1.637
  50   28      3.374     -7.493      6.144
  15    1     -3.818      2.991      3.448
  26  170     -1.706     -5.782     -8.713
  58   15    -11.724     -4.127     -2.218
  17   25     -9.180      1.935      7.281
 193   48      9.227    -11.370     -6.760
  49   64      6.693      4.404     -2.239
  35  123      8.268      5.603      7.187
  23   14     -6.745      5.950     -2.530
  11   22     -2.607     -2.096      6.035
  27   26     -5.505     -5.460     -9.114
  29   72     11.474      7.296      2.473
  32   41      8.273      2.608     -2.697
  25   36     -5.944     -4.643      9.643
  52  131      4.075     -9.706     -1.687
  54   30     -6.053     -1.793      0.593
  19   37    -11.081      6.011     -7.923
  10   16     -6.163     -7.058      4.527
  21   21      2.606     -6.870     -0.734
  97   90     -5.580      4.835      3.395
  41   24    -10.427      2.585     -4.043
   0   19      8.233      6.177      0.392
   7   33     -0.939     -1.622      8.727
  56   50      3.159     -3.893      9.913
  57   75     -9.278     -5.762     -9.555
 178    2     -9.852     -0.798     -8.055
  63   42     -8.842     -6.953     -9.302
  37   29     -8.052      7.421      3.923
  22   70      9.632      9.457      5.382
  55   43     -3.511    -10.534     -2.410
  48    5     -4.587      1.772      9.337
   3    7      6.351      2.812     -3.510
  30   31      9.549    -10.898     -2.959
  78  108     -4.743    -11.377     -1.040
   2   23      3.698      0.072     -9.063
 181  139      6.836      0.989      6.253
 118   94      1.466      4.234     -9.424
  61   52      7.135      5.535     -3.262
  38   58     -5.157      2.457      9.762
  91   34     -7.963    -10.066     -5.174
 177  135      4.073      5.341     -2.964
  62   35     -7.816      9.978     -0.955
 124    6      4.151     -6.292      7.923
  59   67     -3.645      9.337      3.635
  34   44     -0.150    -10.140     -1.875
  24   27      9.545      1.123      4.245
 130   92     11.663     10.587     -1.862
  69   17      3.121     -4.818     -2.926
  89  119      2.310     -7.229      0.620
  31   80     -4.090      5.668      5.908
  68   59      7.659      4.932      1.073
  73   69     -1.056      4.354     -0.228
  82   86     -0.700     -1.066      3.941
  42   74      7.259     -8.726     -2.251
  72   88     -8.262     10.590     -3.723
  46   96      9.361      4.440      7.527
  90   68    -11.086      2.653     -9.143
  36   54     -6.979    -11.000      5.298
  80   61     -6.848     -7.885     -0.953
  93   55     -0.653      9.906      9.255
  71   81     -1.923     -9.873     -2.779
 111   66     -0.621      6.904     -1.665
  75   62      3.703      3.021      0.882
 113  114      0.871     -9.152     -0.287
  -1  124      6.222     11.473      5.755
  60   95      0.640      3.091     -4.747
 166  149      6.760      8.979     -7.157
  83  137      1.953      5.448     -9.395
 158   78     -5.939     -9.230      7.386
  70   76     -7.207      5.078      5.444
 184   53     -0.137     -5.247     -5.281
  39   97      6.075     -4.785      1.864
 148   51      8.988      0.550      1.132
  28   -2     -7.103     -8.524      5.497
 134  130      0.542      8.263      6.311
 127  219      6.384      8.709     -4.579
 102  179      0.179      4.292      1.616
 138   83      6.866      7.338     -1.511
  85  127      1.794      9.384      8.163
 147   11     -4.991     -4.649     -0.012
  45  132    -11.845     -9.092      0.210
 155  140     -3.973     -3.186     -2.349
  20  100     -9.366    -10.762     -9.236
 120  143      2.017      7.654      6.925
  -1   -2      4.880     10.923     -6.338
 131  103     -2.019      0.871     -8.398
  87  194     -5.149      6.739     -0.658
 126  104     -1.921     -8.266      1.013
  47   57      1.583    -10.109     -0.742
 151  111      5.201      9.339     -3.934
  94   49      3.004      5.359      7.579
  96  215     -1.756      7.001      6.479
 117   93     -5.856     -9.845     -4.791
  98   71    -10.329     -2.271     -3.629
 116   79      7.158     -5.290     -6.916
  74   56      4.315      9.013      1.047
  92  120      0.316      7.308     -5.179
  53   98      6.642      1.861      3.258
 100  107     -5.102     -0.344     -5.064
 142  126     -1.963     -3.145      4.529
  -1   -2      7.543     10.522      8.040
  99  177      3.935      6.840      6.451
 105   84     -5.339      8.352      3.502
 146   -2     11.724    -10.206     -0.821
  81  144      2.085      9.448     -1.921
  66   -2     11.300      2.405      3.525
  -1  161     12.282      7.661     -2.707
 115  146     -7.301      2.795     -6.275
 159  145     -1.341      7.965      2.166
  -1   -2      0.851      8.872      9.555
 119  133     -7.139      8.398     -8.078
  -1   32      8.440      6.846     -5.133
 107   89     -0.811      5.215      7.723
  43  125      0.466      2.149      7.435
  40  138      1.785     -4.471      5.575
 139  169      8.639      4.763     -5.623
 197  224      6.019     10.421      4.289
 144  115    -11.116      8.776     -3.122
 149  220      4.348     10.171      8.893
  77  134      2.837      1.986      2.774
  -1  141     10.917     10.415     -6.303
 189  163      7.425     -4.077     -3.390
 169   -2     -2.844     -5.934     -9.783
 154  129      1.553    -10.889      5.053
 172  102      6.835     -9.345      6.241
 135   -2      3.306     -8.855     -9.857
 140  110     -4.898     -9.982      8.839
  -1   -2      1.659     11.438      5.833
  79  186     -1.925      3.943     -2.954
 141   63     -8.186     -9.138      7.406
 174  154      6.186     -8.615     -7.396
 161   39    -11.487      2.588      1.395
  67  121     -1.038      7.292     -6.009
 101   91      9.233      7.162      0.143
 167  106     -2.803     -9.923      0.587
  -1  118      5.471      9.295     -5.394
 226  162    -10.847      4.521     -2.700
 104   -2    -10.072      3.248     -8.337
 132  142     -0.468     11.355     -0.565
  33  112     -8.061      1.052     -6.891
 160   -2     11.207     -7.923     -9.256
 192   47     -8.806      3.944      1.745
 152  156    -11.576      9.604     -4.088
  84   -2     -7.766     -8.813     -8.167
 106   85      0.404     -6.262     -1.547
 162  190     -8.409      0.642     -5.611
 103  128     -9.443     -4.693     -8.738
  -1  174     12.110      3.703     -0.550
  -1   -2     -3.409     -4.873     -9.572
  -1  148      3.415     -4.246     10.062
 182  223     -1.533     -3.350     -6.390
 190  167      7.535      7.107      5.064
 137   -2      9.046      6.746     -7.445
 173  150     -6.032      6.888     -9.440
  -1  105     11.736      6.965     -5.240
  -1   -2      2.409     11.734      2.357
 168  176      5.256     -1.345      6.041
 170  113      7.154     -6.517      8.379
 129  151     -5.678     -7.299      4.787
 153  221      4.261      6.828      7.938
 179  155      5.653      7.937     -6.453
  -1  183      1.671     -4.750      3.469
 203  191    -11.104      5.517      3.178
 212   82    -10.921     -0.967     -5.900
 183   60    -11.168    -11.036     -8.280
 143  166     -7.747      8.443      8.901
 187   40      2.218     -2.969      3.255
  64  165     -6.886      4.092      8.649
 196  153     -1.228     -2.852      2.607
 191  164    -10.226      4.291     -1.513
 185  180     -7.599     -8.177     -9.020
 165  171     -1.227     -3.059      5.177
 194  173     -3.283      5.233     -9.218
  51   73      2.253     10.629      1.373
 128  175      1.973      4.838     -6.000
 110  109     -6.794     -7.137     -0.940
 125  185      1.944     -1.843      5.198
 219   77      6.113     -8.931     -2.272
  -1   -2     10.136     -0.718      2.554
  -1  199     10.486     10.368      5.562
  -1   -2     10.106     -4.337      1.865
 133  210      3.829    -12.301     -6.733
  86  198     -2.638      4.521      1.399
 123  218      6.388      8.155     -6.921
  -1   -2     10.654     -5.981      6.478
  -1   -2    -11.358      5.356     -4.814
  -1  159      5.337     12.362     -5.462
  -1   -2    -12.934      2.968     -2.630
 223  202    -13.441      7.810     -1.319
 218  227    -11.494    -10.779      3.939
 108  168      5.636      6.524     -0.278
 163  157    -12.393     -8.891     -5.652
  -1   -2     11.334      2.960      9.941
 171   -2     -9.223    -12.275     -7.948
 204  212     -0.907    -11.283     -9.284
  -1   -2      3.184     11.491      9.757
  76  187      8.078     -8.500      1.652
  88  147     -4.623     -7.443     -6.677
 114  216      3.249     -9.344     -9.543
 145  196     -8.698      3.271     -5.634
 122  217     -9.039     -4.576      1.732
 198  230     -6.500    -12.424     -7.885
 220  228      6.188     -2.600     -3.123
 156  222      6.830     -2.115     -5.989
 176  181      1.357     10.321      3.352
 199  225      7.198      9.079      5.008
 208  226    -13.248      1.719     -3.681
 217  208    -12.513     -6.158     -3.520
 225  229     10.122     -1.960      9.631
 209  207     11.271     -0.049      9.015
 221   -2      6.951    -12.544     -8.108
 227   -2      2.652     -9.720      1.623
