264
   3    8      4.973     -6.479      8.218
  18  135      2.050     -8.775      9.240
   2   14      2.367     -3.306      6.449
   6    5      2.727     -0.615     -6.715
   7   25      1.170     -8.328     -8.140
   4    7     -9.410     -0.737     -2.730
 131    9     -1.422     -3.463      5.245
  19    4     -4.206      4.826      3.744
 158   17     -2.654     -5.788      4.331
  61   59      5.486      3.762     -3.795
  16   43     -3.458    -11.799     -3.759
  15   15     -0.032      0.814      3.403
  17  104      4.577      0.952      6.897
 122    1     -4.523     -3.223      5.962
  78    2      6.425     -3.244      5.453
  42   49      9.211     -8.243      2.414
  22   10     -1.456     -8.583     -0.599
 201  257     -2.452      6.443      3.570
   1   89     -2.701     -5.593     -7.686
  10    0    -10.501     -3.228     -4.412
   9   22     -9.982      0.556      0.195
  25   19      0.503      3.375      1.058
  37   27      0.265     -6.213      4.742
  36   83      2.918     -5.335     -0.597
  48   20     -8.571     -8.340      1.095
  30   30      6.490     -1.697      7.649
  50   -2      9.362     -2.064      7.169
  11   28     -0.878     -8.572     -6.277
  27   96    -11.064    -10.967     -6.317
  34   65      1.909     -7.882     -2.438
  38   53      3.506     10.467      1.870
  88   32     -7.127     -5.219     -3.676
 223   46    -12.099      2.183     -6.400
 100   87     -7.084    -10.997     -1.172
  28   26      8.017      7.908      4.089
 163  151      4.079      4.251      6.025
  67  201      4.926     -1.213      5.465
  52   40     -1.946      2.074     -4.352
  31   42      2.861     -8.878     -7.761
 127  111      4.935     -4.838      7.702
   8   38      2.085      9.429      8.244
 104  109      3.345    -11.767     -1.693
   5   29    -11.416      8.654     -8.338
 151  138    -10.269     -1.708      2.759
  92   77      8.691      3.054     -1.252
  75   50     -8.522      5.859      8.628
 119   62      8.265     -7.408     -9.697
  93   72     -4.605     -5.897      2.008
  35   35     -5.669    -10.938     -8.408
  59   11     -8.312     -5.484      1.641
  54   47    -10.198      2.632     -4.352
  43   44      9.645     -0.336      1.819
  60   41      0.207      6.021     -9.184
  69   64    -10.223      9.045      5.365
 113   80      2.129    -10.236      0.866
  86   67      2.127      5.341     -2.591
 115   68     -6.858    -10.075      1.477
  81   66     -6.441    -11.275      2.644
  55   39     -8.597     -4.305      3.762
 123  133     11.833      5.483     -2.521
  98   51      8.750      9.233     -4.373
   0   73     -4.600     -8.597     -6.414
 160  124      7.730     -4.361     -9.403
 184   -2     12.173     -2.401     -3.645
 140  176     -8.860      3.582     -7.435
  14  183      0.671      0.365     -2.306
  26   33    -12.237      7.281     -1.414
  63   54     -2.884     -7.016     -8.367
 162  106     -4.614     -9.253      3.119
 114   48     -1.805     -1.835      8.201
  62  211      1.776     11.046     -6.142
 171  108      7.001      1.404     -9.438
  91  118     -8.101      3.692     -3.566
  85   56      8.537      0.319     -4.766
  89   45     -8.376      7.824     -0.343
 144   82      3.882     -4.246     -7.445
 254  259      4.096     -0.201      2.142
 150  123     -6.621     -3.910      6.185
  83   57     -2.803     -2.949      8.752
  80   74      9.768      6.237     -3.696
  66   94     -6.419     -5.124      7.085
  21   98     -4.873     -6.987      4.772
  49    6     -9.228      3.367     -4.311
  68   21      0.567     -1.802      9.766
  71   63     -4.385     -4.984     -2.506
 120  102     -8.760      7.476      3.524
 149   37    -11.629     -8.346      1.564
 181  125     -8.667      8.484      9.234
 253  126      7.978     -9.820      6.899
  74  136      1.969     -3.856      2.792
  76   70    -11.900      6.684      1.600
 191  218     -5.590     -4.619      6.082
  40   90      4.036    -10.809     -0.817
  13   93      7.445     -6.413     -1.867
  56  167     -2.467     11.379     -8.657
 112   76     -3.054     10.760     -9.878
 228  200    -12.155     10.539      0.026
 126  100     -1.531      7.591     -6.289
  79   92    -12.055      2.848     -4.195
  32  185     -1.590     -7.789      6.604
 117   81    -10.225     -8.688      1.763
 105   99     -3.627      2.674      3.622
 101   97     -2.931     -0.614     -9.006
  58  153      8.111     -3.961      0.937
  96  137      1.429      7.835     -6.219
 229  158     -7.533     -6.780      1.457
  65   75      1.745     -4.823      2.746
 125   71     -4.868      1.211     -9.227
  95  122      9.488     -9.767     -1.708
  -1   -2     11.882     -3.540     -3.058
 166   69     -4.329     -6.921      8.198
  94   34      6.622     -6.331     -1.271
 257    3      2.040      0.001     -7.249
 109  107      2.554      2.283     -9.156
 183  101      6.519     10.795     -0.513
 130   86      0.917     -9.656      2.569
 258  213     -2.157      8.219      3.342
 143  145      1.823      7.773     -9.217
 148  110      2.121     10.649     -7.944
 215  212      7.508     10.337     -5.826
 103  121      1.156      5.151      2.444
 116   55    -10.636     -4.527     -8.179
  12  249      3.632     -7.763     -8.769
  44  174     -6.051      3.467      1.920
  -1   -2     10.833     11.750     -1.545
  77   60      3.314      6.052     -5.506
 124  149     -0.600     -1.529     -2.006
  33  194     -1.602     -7.150      4.455
  23  127     -6.866     -7.773     -5.944
 172  169      1.255      9.414     -9.595
  70  251     -5.145     -8.252     -2.569
  20  128      7.002     -2.210      3.785
 168   12    -10.548     -5.906     -0.151
 107  120      2.316      1.700     -2.071
  57   24      8.798     -9.539      6.356
 142  105    -10.073     -1.390     -4.304
 236   61     10.181    -10.856     -4.541
 169  164     -2.063     -7.529     -8.704
  39   23      2.650     -1.888      0.297
 156  255      7.208     -1.096     -7.083
 141  150     -8.911      1.460     -0.501
 108  165      1.740      8.194     -6.510
  -1  103      9.971      1.542     -9.567
 153  113     -9.700      8.882     -1.555
 219  171    -11.186      9.029     -3.049
 137  186      0.076     10.315     -7.760
 187  131     -5.903     11.503     -0.353
 159   85     -9.851      2.208     -8.939
 174  197     -1.349      3.768      2.028
 134  141      0.908     10.526     -8.947
 170  129     -2.040      7.367     -8.330
 202  226      4.880     -1.494      8.195
 121  162     -8.903      8.185      1.779
 178  177     -4.935      7.172     -0.055
  72  144      2.682     -7.049     -0.223
 200   91      8.900      8.892     -0.317
 136   78      7.842     -7.957     -2.335
 255  155     -5.604     -6.203      2.400
 132  163     -0.431     10.169      8.691
 176  132      0.766     -8.991      2.069
  46  157      3.098     -6.913      7.683
 208  114     -7.581     -2.238      8.459
 102  195      1.945      3.287      7.407
 111  179     -1.208    -10.323     -1.346
  29   84      8.158      3.837     -3.165
 173  147     -4.324      6.009     -4.201
  53   36    -10.018      4.425     -1.918
 139  170     -2.281      0.060     -5.687
 128  217     10.562      2.083      4.401
 164  139      8.524    -10.603     -5.389
 195   79     -7.073      7.672     -4.419
  51   31      3.847      7.131      3.488
 205  180     -2.320     -9.813     -0.856
 177  143     -4.904     10.228     -1.111
 226  112     10.775     -0.945     -2.798
 155  254      8.150    -10.539      0.905
 135   13      6.205     -4.100     -8.366
 154  222      7.512     -1.212     -7.171
 192  209     -3.198      2.853      3.972
  97  134      3.094     11.175      5.283
  87  198     -0.946     -5.254      6.373
 189  159     -3.511      9.435     -9.273
 213  172     -7.505     11.251     -7.572
 218   18      7.366      1.945     -3.884
 182  173     -3.151      1.678     -4.519
  -1   -2      9.796    -11.214     -2.290
 197  202     -3.273      8.067     -9.491
  99  152     -7.790     -4.826     -9.575
 222  154     -2.810      6.483      0.053
  -1   -2     10.512     11.692     -4.399
 180  161     -1.984      8.681     -8.267
 209  187      4.960      4.613      6.242
 138  148      4.294    -10.605     -9.252
  -1   -2      2.538     11.682      8.784
  64  182      7.995      8.632     -0.569
 210  190    -11.847     -7.629     -0.650
 211  130      7.793     10.718     -4.570
 145  206     10.524     -5.919      2.682
 167  189      9.733      6.821     -6.243
 133   -2      6.289      5.521      0.067
 190  142     -8.219     -8.846      1.064
 216  216      9.574     11.254     -9.617
  -1  115     -6.046      0.169      8.203
 204  188     -6.119      9.498     -1.769
 198  168     -6.200     -1.179      2.606
  -1  225     -2.244     -5.127      3.237
 152  192    -11.133     -9.820     -3.204
  -1   -2      1.911     -0.217      8.891
  -1  184      9.125      9.066     -1.810
 246  156    -11.270     12.074     -8.368
 157  166      2.843     -6.780      0.628
 194   -2     -0.600    -12.188     -2.676
 259  261     -5.325     -0.983      4.726
 175  181     -4.422      4.141     -3.963
 165   52      7.386     -2.704     -3.041
 235   -2     11.893     -0.657     -2.878
  -1   -2      3.651     11.101      2.788
 207  193      2.168     -9.957     -7.160
 188  146     -1.277     -9.573      9.635
  47  116      6.238    -11.181     -4.232
 186  256      5.771    -12.062     -3.291
  45   -2      1.669     -5.208     -7.361
 212  199     -2.952      6.683      0.083
 214  205      1.455     -5.401      8.243
 161   -2      2.956      5.328     -5.401
 206  229      9.009     -4.298     -2.019
  -1  224     -7.350     -6.903      5.615
 106   58     10.086     -5.399     -8.386
 224  228     -9.104     -3.895      7.648
 221  208      4.677     11.826     -7.212
  -1   -2      4.004     12.112     -9.261
 225  221      4.635      1.335      6.253
 242  215     -1.287      0.389     -3.482
  -1   -2      5.512     11.208      3.496
  -1   -2     10.125      5.539      2.283
 243  227     10.606      2.575      2.361
 240  236     11.724      3.091      1.475
  -1  233    -11.796     10.955      1.267
  -1   -2     11.464     -5.573     -2.578
  -1   -2      6.533      5.239     -3.886
 245  237      9.131      0.695      9.116
  -1   -2     11.765      8.034      6.746
 146   -2     11.900     -7.991      2.849
 233  258     -0.986     11.721      2.543
  -1   -2     13.367     -3.812     -3.663
  -1   -2    -12.156     -2.653     -1.933
  -1   -2      6.819     12.138      1.672
  -1   -2    -11.472      0.212      1.001
 252  247    -11.249      4.114     -2.772
 193   -2      1.533    -10.108     -5.665
 118  119      5.355      8.804     -6.848
 129  252      9.983      2.328      6.813
  41  250     -4.387      4.360     -6.474
  84   -2     -3.686    -11.929      4.022
 199   -2      2.531     -9.773      0.957
 256  260     -0.344      0.259      0.389
 179  196     -3.509     -7.300      0.651
 147  253     12.130      4.983      1.639
 237   -2      9.383     -2.739      3.252
 260  262    -10.584     -9.908      6.964
 262   -2      7.904     10.704     -5.428
 261  263     -9.960     -8.141      4.332
 263  210      3.924      7.947      6.153
 265  264    -12.966     -7.097     -1.860
