206
   8    7      2.914     -4.001      0.975
 139   18      3.909      2.545     -7.288
   0   29     -9.283    -10.750     -9.119
   6  177     -2.704    -11.312      8.080
  27   10      0.712      2.127     -5.855
  10    4     -0.610     -2.727      4.021
  72    0     -5.357     -5.920      4.329
  43  106     -2.548      5.540      4.659
   7    3     -6.685     -3.749      2.964
   4    1     -9.149     -2.116     -2.194
   3    8     -9.607     -1.226     -0.859
 120   81     -5.182     -6.361     -6.049
  11   20      3.336     -9.917     -5.590
  58  100      0.110    -11.327      5.846
  80   99     -5.526     -8.313      7.091
  24   11    -11.431      6.868     -7.047
  16  107      1.129     -7.114      0.813
  38   16      5.636     -1.413     -7.672
  19   25      4.070     -7.339      0.069
  25   36    -10.228      0.172     -7.609
   1   17      3.431     -1.521     -0.745
   9    2      2.137     -7.513     -6.999
   5   37     -5.291     -4.120      9.650
 125   23     -4.747    -11.845     -1.118
  37   44     -1.462      1.513     -8.727
  49   55    -10.869      1.488      3.730
 172   42      3.526     -4.260      8.433
  41   46    -11.585     -9.614     -0.425
  35   22      9.280     -0.036     -2.435
  21   12      2.999     -0.852      2.512
  30   30      0.073      1.031      9.746
 110    5     -3.334      2.927      9.675
  31   43     -0.239     -9.323     -0.637
  32   24    -11.138     -1.301      0.674
  29   28     -4.197     10.411      4.309
  39   73     -7.119      2.830     -4.603
  59   71      2.448      2.100      5.814
  23  136     -5.658      7.466     -0.760
  53   78     -6.462     -6.866     -0.396
  26   26     -6.118     -3.968     -8.476
  87   38      7.381      8.928      8.866
  77   14      6.847    -10.192      0.532
  56  190     12.033    -11.483     -1.966
 149   32     11.265     -4.008      0.153
  42   15     -2.979      2.809      2.575
  89   92      2.017     -8.030     -6.822
  28   50      1.628     -8.394      0.435
  12   54    -11.301     -4.259     -1.918
  61  129      0.195      8.964     -6.172
  18   35      4.318     -3.224      9.117
  47   53      1.284      7.080      7.107
 174   45    -12.349     -8.537     -6.131
  36   56     -8.535      2.377      7.768
 180  149     -1.808     -1.803     -3.820
  -1   62      6.421     11.341      7.960
  -1   -2     -2.053     -4.660     -8.312
  76  169     -2.596      9.460      6.460
  55   51      8.871     -3.212      2.993
 112  109      2.472    -10.873      1.427
  15   39    -10.128      2.291     -3.249
 106   86      6.601     -0.594      3.080
  33   34     -5.836      4.790      8.899
  40   40     -3.875      3.468      9.891
  71   64      9.258      7.728     -5.343
 200   89      7.459      6.846     -5.794
  -1  112     12.000     11.061      1.160
 132  118    -12.233     -6.308     -3.722
  91  120     -8.109     -3.757      1.960
  62   79      2.436      6.229     -8.724
  93   60    -10.058     -2.383     -2.860
  82   88      1.683      5.943     -3.832
  78   83      6.044     -5.638      0.014
  65   74      0.631      8.749      0.389
  20  110      8.543     -4.555     -8.635
  48    9      8.351      9.655     -5.081
 121   91      3.776      5.478      9.197
 177  148     -8.469     -9.306     -5.332
 199  153      4.266     -1.772      9.338
  13   87     -8.153     -7.103     -8.752
 194  143      9.864     -6.151     -6.394
  74   95     -8.041      5.046      2.675
  44   75     -9.839     -3.211     -8.970
  46   48     -6.067      6.274      6.387
  86  111      3.359      7.666     -9.592
 156  135     -6.750    -10.151      4.865
 150  161     -4.423      6.428      4.643
 166  159     -2.101     -9.427     -1.666
  66   65      0.235      9.822      7.609
  73  167     -6.522     -7.718      5.085
 127  104     -2.778     -9.068      0.978
 175   93      6.109    -11.687     -4.956
  -1   -2     12.106     -1.613     -0.504
  69   61     -0.907     -0.859      6.083
  95  116     -6.474     -9.176     -4.508
  34  200      7.168     -4.859      0.175
  67  157     11.157      6.934      3.011
 105   76     10.470      8.596      1.190
 138   19     -0.743      7.421     -1.024
  81   94     -4.759      0.378     -3.122
 129   96    -11.161    -10.756      3.109
 107   77     -4.044      1.659      3.955
  97  113     -3.836      8.503      1.087
  45   27      8.944     -9.964     -3.153
  52  141     -6.993      8.227      5.149
  94   67      7.121     -5.885      7.702
  22   70     -9.498      4.546     -0.864
  83  137      3.770      3.414     -9.393
 101  108     -7.865     -8.668      6.824
 111  115     -0.253     11.307      5.996
  79   97    -11.593      4.365     -8.575
  90   33     10.219      6.968     -2.197
 100  128      7.855      6.994      3.996
 134  119      4.643     10.896      4.663
  88   72     -3.368    -10.683      8.968
 126  173     -3.682    -10.427     -1.814
 130   90     -1.865      1.998     -5.548
 151   59      5.552     -4.309     -8.723
  60   82      0.303      2.330      5.346
 154  162    -11.293      9.028     -3.247
  51  160     -4.886     -0.277      1.696
 117  147     -6.986      8.219     -5.878
 158  134     -4.149     -3.196      0.838
 115  125      6.348     -3.557     -4.369
 102   85      2.930    -11.388     -4.632
  92  133      0.633     -9.332      9.838
 123  114     -8.151      1.222     -5.646
 137  131     -3.183     -1.484     -0.855
  17   68      4.639      7.738      1.876
  64  144      2.277     -8.244      5.021
  96  154      5.964      0.277     -8.230
 118  142    -10.927     -0.830     -5.433
  75   -2      4.934      7.259      9.763
   2  121      7.096     -5.221     -7.173
  50  150      8.797     -8.726      3.554
 148   63     -6.655      9.568      8.469
 108   -2      2.286      9.488     -7.001
 142  126     -4.122      9.717     -7.966
  85  179      3.156     -6.880      2.736
 103   -2      1.581      9.538     -3.255
 170  151      7.031     -2.386      9.370
  63  105     -6.461     11.138      0.762
 141  130      1.494     -9.695      6.592
  -1   -2      2.565     -4.435      3.650
  98   98      6.048      9.205     -5.826
 114  140      8.192      8.527      0.535
  -1   57      9.066     11.988     -4.711
 136  155     -4.747     -9.221      8.700
 135  152     -1.517     -6.629      1.620
 176   47      9.523     -6.209     -0.721
 160  102      5.698      8.039     -1.291
 124  138      3.673      7.606     -7.150
 161  117      6.424      0.684     -1.511
  70   80     -7.384     11.602     -1.602
  68  163    -10.526      4.245     -7.283
 140  146     -8.323      0.664     -4.426
 131  174      7.303     -0.715     -1.588
 104   21     -8.506      3.172     -4.287
  -1   -2      6.424    -12.188     -9.539
 145  203     -5.901      7.083     -7.085
 146  156      4.253     -4.580     -9.382
 153  166     -3.977     -3.511     -7.948
 152  158      5.183     -7.535     -4.140
 208  165     -3.377     -4.408     -8.333
  84  139     10.921    -11.743     -9.289
  99   41      4.460      6.294      1.030
 163   31     -1.525     -0.168      7.366
 143  180      2.145      9.456      0.899
 113  127     -0.290     -0.632      6.716
 179  170     -7.974     -6.280     -9.650
 181  164      5.802      2.798      5.180
 168  168     -1.355      7.987      2.388
 116   13     -5.330     -1.380     -9.844
 155  181     -1.592     -2.164     -3.740
 128    6      6.796      2.205      2.776
 178  171    -11.098     -9.701     -9.153
  -1   -2     11.657      2.085      1.728
  -1   -2     10.950     10.623     -8.418
 193   66      2.588      0.412      4.456
 164  175     -1.314      7.876      0.120
 109  201      0.893     -3.592      0.009
 184   -2     -5.175      6.125     -8.874
 207  172      1.989     -1.991      5.059
  -1   -2      1.473     -9.451     -8.318
  -1   -2     10.178      2.228      6.182
  -1   -2     10.405      4.671      4.154
 209  191     10.920      6.171      6.446
  -1   -2      9.040      5.368      9.902
 196  211    -11.832     -4.982      5.083
 189  188     10.975     -2.715      9.724
 206   -2      4.460    -12.340     -4.318
 197  196    -11.116      6.015     -1.796
  -1   -2     10.765      4.508      3.035
  -1   -2    -10.901      8.655    -10.184
  14   84     -2.939      5.851     -6.550
 133   69     -0.226     -3.770     -2.851
 147  204    -10.630      3.219      1.606
 119  202      2.079     -2.029     -9.406
 171  206     -0.223     -0.058      4.228
 157  205     -4.633      6.719     -8.141
 204  178    -10.344      4.298     -1.964
 173   49      6.698      0.540     -4.706
 187  207    -13.011      1.416     -3.499
 192  209     12.983     -7.523     -2.986
 205  132     -6.581     -7.855     -0.710
 195  210     -9.462      5.284      8.160
 188  208    -12.983      7.355     -0.955
