224
  11    4      0.349      5.776     -6.539
  55   72      5.422      6.595      2.753
  52    5     -6.243     -6.032     -2.635
  78   61      2.987     -7.484     -6.692
  53   54     -8.697     -4.429      7.100
 194  111      0.520     -4.282     -1.505
  26    7     -4.762      3.272     -4.939
  70   70      5.552      7.918     -5.273
  45    1     -0.323     -1.773     -5.776
  37   21     -1.892     -5.401      9.990
  94    2     -0.153      4.821      4.353
 190   59      0.441     -0.535     -1.794
  10  204     11.738     -7.843      0.631
  -1  109      4.782     -1.163      8.876
  21   33     -2.867      8.155      1.902
  31   15      5.471     -2.968     -2.049
   5   34     -3.680     -4.420     -3.210
   6   29      4.412     -6.292      9.680
  27   14     -3.368    -11.153      5.814
  81   39    -11.182      0.769     -4.290
  22   23    -10.385      4.423     -1.246
   1   19     11.285     -3.779      0.623
 193   57     -0.282     -6.411      2.454
  51   12      4.752    -11.304      0.171
  79   66      2.189     -2.179      7.043
  39  125      0.909     -2.040     -0.424
  49   60      7.798     -4.527      8.174
  36   18      4.186     -8.208     -3.776
  60   38     -2.475     -9.413      6.178
 105  101     -4.483    -10.662     -3.319
 130   99     -4.096      6.955     -2.291
  62   46    -10.856     -3.848     -0.235
  24  206     -0.534     -6.579      8.831
  18    6     -1.101     -0.423      6.134
  14  133     -7.717    -10.359     -5.383
  40   24      4.256      3.046      1.542
  16   55      0.045      8.998      7.539
  97   10      7.417      3.864     -2.572
 170  216     -1.886    -11.659     -9.494
  42    8      8.044     -9.162     -2.911
 135  151      2.333     -4.765      6.232
  92  114     -7.963     -0.654      4.463
 180  198      5.146     -4.660      9.408
  43   22     -5.990     -3.449      6.009
  41   87     -8.486      3.600      6.807
  20  205      9.466    -11.012     -0.772
   2   11     -7.294     -4.419     -5.410
  76   51     -5.627     -1.070      2.604
  47    9     -1.772     10.069     -8.315
  34   65      3.347     -2.245     -8.933
  33   16      5.704      3.114     -4.802
 175   82     -9.883     -3.899      4.134
 142   31     -6.976    -11.325      0.955
  61   96     -8.864     -3.020      0.999
 107   92      1.260      8.593      1.928
   7   76     -6.467      1.522      4.520
   4   68     -6.055      4.686     -7.631
 144   43      9.883     -6.101      1.467
  44   40     -1.497     -6.695      3.159
 145   44     -7.676     -3.985     -0.700
  12  131      7.343     -4.132     -1.914
  68   49      9.034      8.221     -1.536
 118   75      6.129      7.130     -8.960
  96  146     -9.385     -2.291      5.487
  99    3      3.244     -3.693      8.989
 124  123      2.052     -5.111     -3.511
  73   45     -3.125      5.407     -4.976
  38   35     -3.789     -0.437      2.465
  46  137     -2.192     -7.190      4.072
  57   97      2.765      4.894     -1.572
 121   89    -11.553      5.771     -3.323
 102   90      1.434      4.939     -2.503
  48   69     -0.659      7.550     -6.527
  83  158     -6.623     -7.645      3.081
 161  104     -3.942     -2.720     -3.794
  80   62      0.567      4.208     -7.444
  72  162    -11.609      4.352     -6.627
  58   27     -7.522      6.326     -7.106
  65   67     -2.208    -11.125     -2.567
 168  150      0.017     -9.672      7.831
 177   79    -11.945     -7.838     -1.338
  98   25     -0.244     -9.549     -3.877
 148  173     -6.171      2.412     -6.054
  82   77     -6.549      0.568      7.289
  67   36      3.916      1.199     -8.840
 160  215      2.669     -2.458      1.569
 149   81      3.064     10.303     -0.367
  95  157      3.168     11.660     -5.607
  19  120      9.068    -10.501     -0.822
  35   94      1.774      8.856     -5.595
  91  136    -11.449      0.230     -6.317
 104  118    -10.244     10.558     -2.002
 112  167      9.052     -1.078     -2.746
  50   42      6.044     10.634      2.315
  25  108      8.571      2.884     -6.492
  69   -2     -8.305    -10.751      4.239
 131   52      6.394     10.529      9.016
  29    0      0.017     -5.969     -5.943
  74  105      0.823      0.732      5.271
 103  103     -2.800     -7.168     -2.426
 126  212      1.127     -7.066     -5.975
  89   78      5.888     -8.161     -9.260
  86   80     -2.953     11.759     -8.516
  32   71      0.004      7.342      5.542
 100   74     -5.080     -2.601      2.849
  54  110      4.687      2.305      3.523
 122   48      2.935      0.731     -6.790
   3  188      0.178      4.251      7.438
 200   58      5.700      6.270      0.959
  28  163     -8.781     -0.303      4.427
 165  164    -11.647    -10.037     -6.879
   9  128     -4.251      0.508      4.586
 110   86     -8.814    -10.740      6.560
 109   17     -2.599      5.863      7.977
 150   32     -5.010     -8.917     -4.048
  30  172     -3.393      9.284     -4.969
  13  189     -8.731     -3.093     -3.762
 101  135      7.184     -9.534     -3.701
  17   13      2.213      1.600     -6.676
  66   37      0.640     -5.839      1.298
  23  140      6.008     -3.624      0.812
 143  214     -2.025      4.143     -0.116
 159   41     -9.221     -7.160      0.321
  -1   91     -8.388     -7.441      1.458
  93  102     -2.762      5.439      8.299
   0   53     -6.883      4.120      1.223
  71  207     -0.807     -5.386     -5.290
   8   63     -8.631     -9.299      2.961
  59   64     -0.280      0.223      3.639
 120  112     -4.989     11.888     -9.168
  -1   26      7.379     -6.836      9.880
 115  178     -0.970     -0.882     -6.715
 136  139      4.312      9.324      9.122
 146  115     -8.253     -1.984      0.391
  -1   56     -3.573     10.972     -0.281
 127  124     -3.884     -5.519      0.491
 188  166     -9.300     10.289     -7.465
 205  144    -10.582     -7.398     -1.579
 147   83     -5.822     10.621      4.381
  63   30     -7.103     -5.306      1.785
 139  117    -10.191      4.291     -8.594
 152  165     -5.094      8.520      3.567
 162   85    -10.753    -11.987     -8.843
  84  121     -3.393     -2.513      9.683
 125  175      9.091     10.038      2.426
  90  180     -6.171      3.916      3.626
  77  129     -0.345      9.268     -0.473
 119  138    -10.911      5.160     -6.522
 171  143      5.799     -6.052     -8.652
 182  179     -6.652      2.990      9.751
 129  141     -7.438      8.485     -7.331
  -1  183    -10.889     -9.850      4.421
 185  177     -2.172      3.949     -2.776
 169  191     10.798     -7.180      1.107
  56  182    -11.101      2.799     -0.457
 154  176      4.032      7.290     -1.163
 156   84    -11.567     -2.149     -6.083
 141   -2     -3.333    -11.830      3.486
 163  106      4.081      6.588      8.499
 123  100     -7.716      9.067      1.978
 181  174     -8.460     -2.498      1.341
 106  134      4.987      8.544      8.709
 199  130      3.427      8.390     -1.156
 207  222     -6.051      3.884     -9.406
  87  209      6.404      3.252     -1.738
 164  160      3.173      0.500      6.393
 214  113     -7.083     -2.861      3.347
 155  147     -4.283     -4.774     -0.237
 111   93     -2.963     -7.710     -2.652
 151   20     -8.626    -10.169      4.828
 173  148     -1.862      2.856      9.123
  15  159     -1.466      1.940      8.911
 140  161      8.746      4.048     -3.587
 114  193     -7.813     -9.686     -1.379
 116   -2    -10.506     -1.214      2.314
 153   98    -11.352     10.461     -3.650
 117  116      4.311     -6.999      3.200
 132  127      8.082      6.144     -3.891
 133  149      5.189      9.399      4.880
  -1   28     -0.465     11.542      9.143
 183   -2     -1.489     10.721     -7.191
 179  132     -3.950      2.360      3.286
 137  142    -10.206      5.239     -5.649
  -1   -2     10.152      2.496      0.821
  -1  156    -12.377     10.909     -5.381
 198  107     -0.670     -8.211     -0.354
 134  152     -4.342     -3.300      8.334
  -1   73      6.010     -1.383      7.044
  -1  184    -11.695     -5.067     -2.855
  75  208     -2.791     -8.174     -5.935
 203  220     -5.939     -7.734     -2.955
  -1   -2    -11.082     -2.487     -9.892
  -1  171     -5.445      2.752      7.164
 157  181      3.956     11.912     -8.399
 172  194      6.487      2.814     -9.237
  -1   -2     10.237      6.346     -7.078
  -1   -2      9.611      8.409      2.137
  -1  192    -12.244     -7.637     -3.715
 186  196    -12.183      8.577     -3.071
  -1  197    -10.469     -5.115     -0.824
 158  168    -11.215      1.085      1.559
 189   -2      9.796     -8.315      6.916
 204  201     -7.246     -9.092     -9.657
 191   -2     13.064      3.679     -3.197
 176  217      0.269      9.844      6.143
 113  211     -5.577      0.385      1.093
 197  218     -0.348    -11.176     -3.474
 167  169     -4.086     -0.509      7.338
 108  210      8.360      2.789      9.930
 166   88      1.908    -11.288     -8.665
 178   -2      2.545      4.101     -5.240
 192  122      6.453     -1.278     -5.988
  64  155      4.050     -5.711      3.749
 128  213     -8.223     -5.454     -6.684
 196  203      3.447      2.660     -2.207
 206  221      9.735      6.702      8.705
 211  170      5.168     10.669     -5.448
 201   -2     -6.986    -12.098      1.051
 202  219     -6.294     -9.110     -6.420
 210  126     -4.823      1.432      9.462
 208   -2     12.340      3.296     -7.211
 212  224     -2.079      9.415     -8.562
 209  223     -5.741      0.695     -4.512
 184  195     -4.780      8.755      4.062
