265
   3    0     -0.373     -7.079     -9.502
   1    6     -6.029    -10.962     -9.737
   7    2      2.464     -5.292      8.933
  17   22      3.754      3.502      7.061
  22  173      7.636     -9.491     -5.164
  36   32      0.247     -7.371     -3.573
 119  150     -7.023     -7.948     -7.131
  -1   52      0.107      7.858     -9.917
   9   24     -0.698      1.378     -2.983
   0    4     -9.761     -0.235     -3.216
  51   19     -5.249     -4.501     -3.368
 107   15      4.269     -2.223     -9.290
  25   21     -2.918     -6.259      6.495
  34  111      5.559      3.124     -4.249
  19    8     -2.518     -9.525     -2.273
  21    7     -8.177     -1.528      8.053
  97   56      1.131    -11.875     -1.995
  32    3      9.452     -0.810     -4.437
  15   10     -4.405      6.485      3.951
  12    9     -0.485      2.890      3.060
  28  143     -0.196     -7.383      9.822
  61   33     -0.724     -0.629      9.725
   8   18     -2.904     -7.458     -1.366
  65   71     -3.844     -5.829     -9.574
  13    5    -10.664     -2.834     -4.999
   4    1     -2.581     -5.484      4.060
  20   14      1.421     -1.097      6.206
  11   78     -5.563     -5.610      4.396
 104   20     -3.051      2.787     -5.154
  33   29     -9.011     -4.828      1.069
   5   49     11.329    -10.370     -1.580
  83  175      2.173      7.048     -5.838
  38  140     -4.020    -11.997     -4.880
  48   44      5.004     -1.760     -3.956
  -1   48      6.982     11.616     -0.277
  57   27     -1.872     -8.375     -7.613
  -1   -2      0.636     11.997     -8.678
  43   74      4.006      4.838     -4.188
  37   38     -0.332      5.521      0.675
 193   17     -3.047     -8.703      9.933
  10   11      5.496     -5.934      6.762
  46   82      4.424     -0.866      5.114
  31   45     -0.888     -4.218      4.264
   2   66     -1.846     -3.286      5.930
 137   62     -5.537     -4.575      1.519
 111   53     -7.178     -9.985      2.217
  55   -2      0.831     -1.551      2.081
 153   36      2.054     -2.705     -8.500
 120  115    -10.306     -0.904     -4.922
  42   40      4.457      9.963     -6.678
 117  102      4.222     -5.117     -2.517
  60   -2      0.330     -9.237     -8.545
 112   -2     -2.113     -1.607      4.637
  26   57     -5.617     -5.987      7.968
  -1   -2      9.667     -1.684     -4.879
  39   80      0.456     -2.613      2.018
  78  221      6.098     -5.539      5.853
  18   81      3.064    -10.525      9.428
  94   83      0.925      6.522     -2.985
  35   28      0.769     -5.766     -1.110
  74   58      3.242      9.675      3.531
  56   76      9.569     -4.189      1.353
 118   67    -11.031    -11.194     -7.187
 121   69      1.012     -4.051     -1.460
  -1   -2     10.840    -11.387     -9.820
 248  191      3.409    -11.305      0.592
  70   26     -9.548      3.805     -4.987
  54   34     -7.462     -4.994     -4.598
 142  105     -2.043      8.347      1.019
  40   16     -4.694     -6.039      0.154
 134   60     -1.098      2.166     -0.266
 183  107     -1.532    -12.048     -3.801
  81   -2     12.434    -10.032     -6.250
  -1   50      7.591     11.281      4.917
  69  145      2.731     -3.705      8.269
  88   63      7.110      2.895      9.329
 105   94     -4.968      5.432     -7.607
  87   12     -2.685     -0.488      7.902
 139   37     11.725      3.343     -6.815
  93   79      7.417     10.804     -4.032
  63   51     -9.047     -3.325      3.316
 109   35      3.219      2.550      1.541
  45  155      8.294      3.637      1.711
  66  240      7.487      5.733     -1.569
 209  246     -5.659     -8.057     -3.636
  -1  163     -3.653     -4.382     -8.873
  90   92      3.836      1.304      5.501
 146  108    -10.801     -5.523     -0.973
 194  156     11.430      2.059     -3.250
  53   46      6.865     -0.222      7.164
  71   65      0.401      8.637     -6.387
 156   23    -10.582     -3.853     -8.856
  79   96    -10.793     -8.230      0.902
  98   99    -12.045      7.042      1.268
 113   85     -8.682      8.584     -0.728
 124  168    -10.178      1.186     -0.007
  -1   -2     -8.827      2.270     -3.963
 138  106     -6.253      5.039      1.854
 127  128      8.723      5.233      6.859
 103  103     -8.996      8.667      3.396
 245   88     -7.534     -9.017      0.997
 150  242     12.224     -4.736     -2.446
  14  162      4.308    -10.902     -5.403
  64  113     -7.216     -4.198      6.690
  -1   84     -6.261     -3.366      5.670
 108  100    -12.190      3.286     -4.801
  -1  187      0.909     11.826     -5.762
 162  152     -1.913     -0.584     -2.775
   6   73      0.966     -5.179     -0.185
  86   72     -8.462     -6.037      0.804
  75   93     10.364      8.169     -2.534
  16   -2      6.763     -7.454      2.150
 136   61      6.073     -1.011      0.085
  -1   47     -3.135     -6.222     -9.938
 129   90     -0.519     11.458     -7.596
 178   25      1.975     11.404      8.463
 132   95      5.601     -6.897     -3.467
 115   -2      7.680      0.627      9.424
  85   91      1.513      9.498     -9.305
 176   54      1.252      0.896     -7.694
 189  210      2.213      6.988      8.312
  95   -2      0.442     -8.953     -0.334
  91  133      6.156     -9.827     -6.491
  82  137     -9.211     -7.820      0.363
  59  122     10.661      7.259      3.681
  72   70      0.970      2.918     -2.669
 175   87      9.367      5.698      4.906
 125  166     -0.754     -8.062      1.938
 179  189     -0.851     -7.350      1.380
 110   64     -3.784      4.374      3.593
 167   -2    -12.043      2.745     -7.143
 126  116      7.677      0.940      1.521
  67   43      0.761      9.084     -6.589
 114  192      4.564     -0.244      8.003
 151  126     -2.424      8.376     -6.739
  58  214      6.749      5.406     -3.465
  73   86    -10.429      3.082     -5.019
  47   68     -5.013     -8.633     -7.727
 154  114     -2.918    -11.594     -1.526
 135  147     -2.499      8.935     -8.903
 152  167      1.808      6.325     -5.897
 101  241      1.338     -0.038     -0.396
 192  165     -3.598     11.297     -9.665
 131  203     -5.488      8.509     -0.097
  -1   -2     10.812      5.165     -2.588
 148  141     -2.821      8.132      3.826
 188  142     -3.338      1.026     -6.716
  76   30      3.980    -11.795     -4.022
 100  159     -9.998      9.237     -2.069
 243   55     11.152     -4.368     -6.091
 143  136     -7.583      8.223     -5.107
  -1   -2     11.710     -1.678     -4.530
 102  148    -10.303      4.794     -2.338
  -1  172      6.786     12.007     -4.937
 123  109      3.299      0.129      8.494
 163  151     -5.307     11.295     -1.058
 140  195      0.574     -8.530     -0.139
 141  132    -12.074     -7.838      0.752
 168  125     -8.871     -8.223      0.398
 147  121      3.301      6.567      6.051
 160  160      5.206      8.095     -0.154
 200  186     -3.525     -8.877     -1.650
  30  224      8.111     -2.462      1.320
 172  194     -6.834    -11.640     -0.355
 158  177     -2.594      0.995     -4.240
 170   -2      1.411    -11.900      2.385
  -1  164     -0.568     11.695      9.142
 171  153      1.096     11.131     -9.421
 186  169     -3.519      8.086      0.051
  52  101      0.073     -3.746     -8.573
  -1   -2      4.270    -11.773     -9.913
 202  131      5.425      0.550     -7.827
 164  123      8.281      7.780     -3.783
 198  158      4.245      7.122      6.287
 216  154      7.332     -7.819     -2.306
 130   39     10.847      8.829      2.400
 203  245     -8.887    -11.579      5.278
 165  193     -3.649      8.266      0.091
 205  144     -5.062     -1.724      5.550
 224  124      8.334     -0.323      0.966
 182  178    -11.275     -9.753     -4.336
 177  185    -11.971     -7.411     -1.558
 190  176     -1.972      5.732      1.882
  68  170      5.718      0.458     -7.906
 196  171     -4.135      2.349     -5.340
 122  179     -2.486     10.210     -8.603
 207  235      8.209    -10.460      6.647
 184  208      3.471     10.123      6.154
 187  204      7.389      7.639     -7.174
 213  157      1.248      5.108      7.806
  -1   -2      1.927      1.645     -0.151
 180   77     -5.195      4.667     -4.809
  49   -2     12.133    -10.674     -7.109
 208  190     -6.566     10.259     -2.023
 191  184     -6.419      0.250      2.195
  99  182      3.889      4.079      6.381
 199  181     -6.531     -4.026     -2.227
  23   59      1.103     -7.678     -9.128
 181  206     -5.036      6.591     -4.915
 157  207      0.418      7.230      2.380
 220   -2      9.937      5.906      6.335
 174  243      7.110    -10.188      1.717
 212  183     -6.431     -5.009      1.903
 215  247     -8.106     -5.890      5.205
 206  215     -7.220     -2.836      5.675
  41  134      2.029    -10.937      0.261
  24  239      6.429     -2.724     -2.923
  -1   -2     -8.243      9.489      1.982
  50  211      6.696     -5.113      1.142
 233  234     -5.540      0.453      4.388
  -1  218     -9.574      3.540     -9.891
 116  188     11.768      9.286     -5.998
 210   42      7.740     -3.732     -9.630
  92   97     -4.914    -10.306      3.702
  -1   -2      2.685      8.006     -5.104
 173  196     -3.387      4.576      4.000
 251  198      6.407     11.520     -5.393
 214  222    -11.405      9.424     -3.575
 217  205    -10.626     -7.397      3.834
  44   13      2.247     -9.857     -1.834
 223  225      5.494      0.960      3.375
  -1   -2     -3.118     -3.485      2.637
 227  216     -9.606     -3.373      6.412
  77   -2      5.290    -11.412      6.907
 226  219     -8.587      4.022     -4.262
  -1   -2     -6.501     -4.830      5.950
 166  202     10.505     -1.823     -4.574
  -1  161      7.859     11.942      0.293
 247  252      6.012     -7.810      0.338
  -1  120    -10.565      9.631      5.187
  -1   -2     11.126     -6.245     -0.565
  -1   -2      8.946      1.631      4.681
 229  199    -10.478     -0.809      2.691
  -1  226      9.422      9.137      2.107
 230   -2    -10.952     -9.388      3.229
 232  232    -11.442      0.830      6.663
 234  231    -12.423      7.575     -1.855
 169  233      0.118    -10.185     -6.884
  -1  112     -9.057      6.569      8.632
 237  250     10.535      2.162      9.130
  -1  230     -8.942      4.659     -8.331
 106   -2      7.485     -7.123      6.699
  -1  237      9.023      2.013     -9.700
 235  249    -12.941     -6.859     -2.715
  -1  236    -12.069     11.154      2.544
 238  197    -12.259     10.825     -0.362
 241  238    -13.146     -2.055     -4.194
 252   -2     -3.761     -1.830      8.389
  -1   -2     10.665     -8.327      2.596
 240  251     10.666      6.582      2.324
  29  200      5.054     -5.293     -3.115
  80   -2     10.251    -12.106     -3.449
  84   -2     11.891    -11.840     -0.277
 219   -2     12.169     -6.945      1.510
 149   -2      4.347    -11.699      4.660
 195  244     -9.134      9.259      1.537
 185  180     -5.450     -7.865      2.669
 244  118     -7.545    -10.423     -2.205
 197  220      9.508     -1.639      1.286
 204  149      8.583      0.915     -3.336
 249  253     10.529      8.001      5.441
 161  130      1.906    -11.171     -2.614
 225  248     -2.570      9.966      3.739
 256  254      0.853     -5.548      8.113
 258  255      8.414      8.005     -6.414
