190
  66    9     -2.045      2.620     -5.148
   2    2     -5.514     -1.713      3.151
   3  147      4.887    -11.913     -6.680
  77   80     -3.415      2.147      3.363
  19    0      3.540      0.398      2.996
  40   26     -6.799     -8.875      4.052
  63   71     -8.173    -11.452     -6.737
   5   43    -10.841     -4.274     -2.137
  21   25      1.557     -8.808     -3.797
  76    6     -7.697     -7.778      5.927
 120  162     -9.632      4.448      1.870
 189   22      4.433      0.976     -3.467
 123   18      6.567     -9.986      7.540
  15   67      1.604     -5.360      1.354
   1   31     -9.005     -0.819     -0.214
  99   46     -8.751      5.896      8.590
  69   40    -10.341     -1.127      0.902
  17   10      5.820     -6.693     -9.063
  36   20      2.411     -0.401     -6.148
  39   16      3.147      3.407      9.057
 172   21    -11.168      5.351     -6.666
  44   28     -7.932      3.216      8.204
  38   14      7.491     -5.286     -8.087
   7    7     -4.504     -3.837      4.043
   0   23      0.336     -5.998     -5.489
  22   38     -4.199    -10.564     -2.661
  48   19      9.052     -5.678     -0.042
  47   69     -5.234      9.836      6.295
  61   60     -0.965     -7.995     -0.116
  45   29    -11.369    -10.236     -1.900
  33   44     -0.807     10.266      6.307
  94   11     -2.704     -9.132     -1.663
  37   94      3.400     -0.256      4.103
 127   49     -2.454    -10.843      1.135
  68   88     -9.856     -2.423     -2.524
  86   91      6.521     -0.742      2.587
  46   37     -4.918     -3.106      9.377
  53  173     -8.433      1.470     -4.929
  11   84      6.016     -0.583     -1.146
  49   68     -7.094      6.960      3.751
   6   56    -10.522      1.597     -7.892
  88  111     -0.150     -1.062     -0.693
  82  117      1.589     -3.755      1.831
 110   54      4.272      3.999      2.167
  56   27     -6.705     -1.961     -8.878
  32  170    -10.285      6.642      5.367
 134  144      4.391     -3.438      1.696
  41  171    -11.896     -7.892     -7.401
  84   79      4.878      2.816     -4.150
  13   75     -2.296      7.889     -2.715
  43   51     -8.681      5.220     -0.233
 137   55     -6.019      6.950     -8.547
 102  155      2.923      6.179     -7.275
 111   50     -3.769      9.887      1.562
  57   12      1.538    -10.862     -6.391
  59   61    -10.601    -10.791      4.592
  31   17     -5.193    -10.948      3.531
  65   45      2.610      8.665     -6.117
 143   93      4.754     -8.005      5.810
 177   39     10.336      3.441      3.352
 163   35      6.411      4.223     -7.234
  24    5     -5.909     -4.911     -6.591
   8   13      8.743     -5.667     -7.983
  83  175    -10.900     -4.510      4.309
  34   59      7.879      6.153      0.700
  74  141     -9.844      4.092     -1.313
 121   74      3.495      8.776      7.184
   9   30     -4.482      7.695      7.361
  78   58     -3.043     -0.645      1.790
  54   52      8.489     -9.675     -5.328
 106  152     -1.884      2.081     -6.971
  30    3      9.505      2.107     -7.319
  -1   33      7.672     11.576     -8.319
 103   63      3.404     10.982     -1.791
 114  132     -1.622     -0.056     -1.367
  28  109      3.579     -2.671     -4.570
  89  107     -6.475      8.500     -3.136
  87   65     -3.783     -9.158      8.698
  25  131     -8.447      2.948     -3.237
  85   87      0.228     -3.079     -9.722
  51   34     -3.410     -3.493     -5.708
 119  110     -1.587      4.253     -2.231
  70  118     -1.449      5.266      9.980
  20    8     -6.302      0.867     -8.995
  35   41     -8.891     -2.032     -1.563
 160  128      9.841      4.944     -9.361
 116  108      3.916     -5.885     -1.427
 122    4     -4.944     -8.011      8.146
 154  179     -1.315      5.773      4.373
 140  177     -1.810      0.239     -1.452
 108  129      2.722    -11.504     -3.810
  52  172     -6.380     -6.515     -0.574
  10  169      3.187    -11.667     -7.320
 159   83     -2.401      4.037      5.982
  23   66      1.160      4.399      6.428
  62  120      9.997      7.141     -1.398
  -1   89      3.487     12.183     -7.664
 165   85     -3.695     10.497     -3.902
  12   -2     -0.936    -12.248     -8.064
 112   70      3.888     -8.934      9.004
 155  123     -9.838      8.326     -1.311
   4   97      3.435      5.874      6.385
  27  166      6.289    -11.477      3.057
  92  112      2.416     -2.856     -5.677
 185  186      3.789     10.257     -8.678
 105  103      6.709     -2.960     -4.235
 184   73     -2.664      9.287      6.111
  -1  113      1.218     11.827     -4.352
  -1  153      0.626      0.712      5.825
 133   36     11.590     -1.098     -6.524
  55   76     -6.009     -6.230      4.402
  -1   -2      1.832     -6.930     -9.989
  79   81    -10.658     -7.268      2.984
 130   92      8.836     -3.837     -2.583
  -1  130      0.623     -7.795      4.936
  42  105      7.285      4.743      4.178
 109  100      8.141      9.141      2.507
 149  101    -11.830      7.948     -6.547
  60   95     -2.819     -1.330     -9.817
 126   42     -4.610      7.242     -4.610
 107   57      3.672      5.782     -3.548
  75  121      3.116     -4.086      6.085
 117  116    -10.884     -0.563     -5.592
 100   -2      6.181    -11.757      1.094
  96  119     -4.990    -11.954     -6.562
  91  134    -11.740     -6.312     -4.685
  72   78     -7.167     -8.412     -5.348
  -1   -2    -10.342      6.182     -9.990
 180  137     -2.208      4.500     -6.364
 145  157    -10.929    -10.584      1.597
  -1   -2     10.411     -0.649     -9.520
  16  127      1.851      8.213      7.228
 182  135      2.706      2.088      7.155
 148  160     -5.775      7.385     -4.044
 144  154     -5.566      6.688     -5.748
 146   -2     -2.769     -9.180      8.519
 128   48     -3.245     -7.859      0.861
  14   -2      0.241    -11.761      7.059
  95  143     -1.132     -3.990      2.084
  -1  115      6.947     -0.300      9.884
 115  142      0.456      2.565      7.903
 152  122      0.658     -7.261      9.378
 113  104     -4.203     -2.658     -7.894
 187  188     -4.883     -2.010     -7.298
 179   53      0.193     -6.476     -5.465
  93   24     -9.917      2.059     -2.713
 164  180      4.481     10.564     -7.162
 132  146      4.908      6.642      5.261
 141  136    -10.966      8.684     -2.405
 190  151     -6.471     -7.860     -1.345
  80   64      3.688      4.438      4.696
 151  138      3.964     -2.397      4.375
 129  133      1.091      3.004      8.493
  98    1      5.370     -3.938     -3.437
  73  140     -3.452     -9.911      7.590
 142   32     -4.360      6.228      9.301
 104  159      3.888     -7.499      5.592
  26  139      7.904      0.702      2.757
 124  145     10.770     -7.064      0.831
 153  149      4.742    -10.094     -9.927
 158  126     -8.826     -8.275     -6.491
 101  158     -5.099     -6.630      6.318
  -1   -2     10.616      0.708      3.088
 139  165     11.448     -9.514     -6.606
 191  125      2.378     -5.608      6.477
  67  174     -8.420      0.555     -3.666
 162  164     -2.289      1.238      0.732
 157  161      5.827    -10.051      7.050
 170  163      8.396      4.550      0.752
 171   86      1.116      5.976     -1.752
  50   15      7.966     -3.971      2.845
  29   99      6.892      4.071     -1.577
  64   77      4.365    -10.675     -2.902
 136  148      1.247    -11.336     -5.088
 174  183      4.525     -3.565     -9.423
 125  124     -4.013     -3.867      4.370
 131  176     -7.050      2.881     -3.042
  71   47      1.759      0.397      1.955
 138   -2     -5.242    -12.402     -6.854
  18   98     -9.642      2.919      3.631
 181  184      8.511    -11.115      5.926
  58   -2     -4.455    -11.836      6.749
 183  185      6.347      0.860     -7.149
 168  181      6.885      8.772      4.818
 188  150     -7.063     -2.192      2.115
  90  114      0.698     -0.336     -5.420
 147  178      4.233     -8.837      9.195
 186  187     -4.325      2.016     -1.277
 193  189    -12.752      1.185     -3.759
 194  190    -12.226      2.253     -2.281
