214
  15   25      1.307     -2.013      3.079
  73   48     -7.003     -7.843      4.624
   1   11      1.430     -3.216      0.162
  26   32      1.499    -11.483     -2.267
   9   21     -7.387      5.113     -4.015
   5    2      5.324     -6.742      1.868
   8    5     -2.625     -6.622      1.918
 198   62     -0.707      7.256      0.997
  -1   -2      5.381      9.414     -1.869
  11    0     -5.226     -0.053     -0.933
   4    8      6.917     -2.717     -0.500
  37   26      2.521     -9.394     -2.382
  99   46      0.199      3.796     -9.159
  93  120     -0.422      7.659      6.196
  62   68     -7.515    -10.987     -5.498
  21   96     -0.204     -1.447      8.203
 140  184      0.027      2.697     -9.877
  20  101     -7.249     -2.848     -0.301
  16    4    -10.731      2.939     -4.896
  57   15     -8.745      7.100      2.798
   7   16     -6.328      7.108      2.863
  45   33     10.230     -9.032     -3.426
 101   49     -5.499     -0.744     -7.023
  -1   -2      4.374      7.860      4.057
  -1  185      6.536      0.420      2.710
 118  164      5.667     -8.980      0.098
  65    9     -3.639      2.389     -3.256
  10   51      4.770     -1.041     -1.833
 129  127     -0.085     11.265      9.325
  51   22      3.145      4.195     -5.416
  28   27      4.232    -11.489     -3.658
  74   54     -2.004    -10.510     -4.444
  34   52     -4.926      7.443      3.746
  29  130     -6.164      1.907      9.806
 210  159      1.581      9.588      7.458
  -1   -2      6.158      3.788      8.108
  -1   -2      8.572      2.196      4.754
   6   77      6.078     -5.721     -3.922
  -1   -2      7.289      8.289      6.424
  79  104      1.733     -1.420      1.599
  43   30    -10.743      5.173     -8.931
  75   24      1.558     -7.008      3.965
  14  168      1.790      9.101      8.946
  53   28      2.856     -8.040      9.340
  89   61      8.053     -5.424      2.600
 121   83     -7.310     -7.355     -1.602
  49   45     -3.738     -3.777      4.771
 195   -2     -0.299    -10.946     -3.585
  63   37     -3.092     -5.001      3.367
  87   97     -2.348      1.455     -1.184
  50  117      3.988      3.469     -4.355
  19   72      2.878      5.725     -7.417
  58   18     -8.626      9.256     -2.654
  42   17     -8.835     -7.398     -9.475
  17   44     -3.565    -10.929     -3.523
  66  105      3.923     -9.907      5.916
  52   39     -8.889      3.559     -6.950
 206  136      3.480      6.891     -7.587
 203   86     -4.233     -8.643     -8.036
  84   60     -9.521      3.302      0.863
  47  122      6.998     -0.977     -4.781
 215  186      0.749      8.771      7.882
  30   80      2.046     -7.250     -0.830
 119  175      5.793     -3.340      8.535
  -1   -2      9.193      5.887     -6.530
  -1   -2      6.524      6.920      2.713
 181  192      4.301      5.500      5.883
  12  112     -7.745      3.691      8.564
  83   56    -10.675     -2.146     -4.583
 146  118     -3.885      2.206      0.203
  59  123     -6.556     -0.584      0.839
  64    6     -5.569      1.094      9.243
 125   89      3.820      4.763      5.349
  38   76      2.790      4.800     -3.466
  13   41      3.056     -7.384     -4.867
  23   19     -9.952     -2.035     -4.266
 136    1     -9.546     -1.730     -8.888
  -1   -2      9.629      2.545      4.570
  60   20     -5.326      3.163      5.365
  92   78     -5.001    -11.240     -1.547
  44   75      4.668      1.661      0.822
  -1   23      9.297      2.523     -3.032
  82  154     -8.573     -5.609      2.561
 105  113     -7.245    -10.379     -8.311
 117  108     -0.129     -6.717     -7.854
  67   40      6.540    -11.457     -4.432
  88   98     -8.380     10.604     -5.400
  -1   -2      3.145      3.472     -3.981
  69   38      3.962     -9.327      6.649
  48   14      7.154     -0.474      9.261
  46   73     -0.004     -8.366     -3.244
  86  165      0.216      9.025      4.338
 138   35     -7.555      2.853     -7.847
   2   57      1.647     -5.829      2.216
  91  102     -0.672      0.746     -5.165
  -1   -2     11.159     -0.667      2.353
  -1   70     -5.264    -10.617      8.789
  -1   -2     10.651      8.615     -3.705
  -1   66      3.237     11.681      3.250
  -1   31    -10.838      4.302     -1.953
  90    3      2.435      2.612      8.955
  32  160     -0.109      8.021      4.130
   0   42     -9.753      2.285     -9.359
  -1   -2      6.059      4.294     -1.161
  -1   -2     10.284     -0.394     -2.965
  76  174     -8.376     -8.643     -9.275
  41   84      7.848     -7.862     -8.523
  -1   81      0.612     11.689      5.768
 123  138      2.102     -9.770     -0.793
 122   69     -0.957     10.274      1.187
 126  111     -2.930     10.790      2.591
  61  134     -8.602     -9.460      7.865
  72   91     -6.529      3.850      2.195
  85  161     -2.893      1.774     -4.372
 112  143     -6.418     -9.941      7.486
  94  202      4.328     -8.477      4.134
  40   53      5.412     -3.018      4.866
  -1   -2      6.801     -0.590     -7.943
  25   71     -6.137      5.687     -2.320
  68   59     -9.978     -5.116      1.464
 120  131     -1.529      0.508      1.443
  77   63     -3.074      3.753      6.727
 132  158      0.949      8.543      1.971
 116  100      3.123     -8.364      9.339
  96  116    -11.415      9.401     -3.920
 128  204      1.189     -7.284      1.865
  35   99      2.144     10.597     -2.562
  -1   88      1.741      2.141     -0.739
 124  135      9.715     -0.825     -5.931
  22  126     -2.535      5.025     -0.784
 167  180     -4.738     -4.218     -3.935
 107  119      1.740      4.996      3.456
 162  155     -1.774     -3.618      7.996
  78   94     -1.207     10.869      1.204
  55   55     -5.026      1.315      2.218
 170  171      8.745     -4.208     -8.593
 199  173      7.925     -7.497     -4.325
 103  142      1.155      9.045     -3.805
  80   47      9.285     -4.480      5.816
 115  182      7.008     -9.444      7.816
  -1   -2      8.800      7.778      3.096
 150  150    -10.874     -1.237     -2.506
 152  152     -6.499     -8.164      4.861
 175  209      5.928      0.791      6.848
 169   -2     -1.034      5.134     -2.102
 174  188     -7.029     -9.946     -9.192
 127  156     -2.378     -9.609      0.298
  -1   -2      7.203      9.691     -4.319
  56  200      7.842    -11.901     -4.419
  -1   -2     11.620      2.100     -0.498
 185  170      3.831      8.943      4.246
 144  187      1.009      4.228      9.390
 212   87     -1.679      1.865      8.277
  -1   -2      9.912      3.813     -4.631
 159  178      3.294     -6.176      1.925
 131  146     -1.756     -4.455     -8.957
 143  114     -7.301      8.666     -9.652
 139  139      6.275      0.649     -4.865
  -1   -2      8.072      5.483     -5.624
 172  172      6.123     10.968     -8.408
  -1   -2      4.274      2.595     -8.006
 214  124     -5.824     -5.741     -0.984
  -1   -2      7.146     -5.174     -1.396
 166  179     -7.739     -9.128      5.699
 165  207      5.802      8.422     -4.643
  -1   -2      4.446      6.821      5.501
 178  210      6.650      4.954     -2.907
  -1   -2     -7.971    -11.914     -2.440
 205  220    -10.965     -1.046     -6.618
 108  203     -0.578      5.162      8.324
  71  201    -11.284      4.885     -3.367
 142  205      6.603      8.722      6.332
 188  211     -8.117      0.774     -8.263
 204  145     -3.093    -10.671     -0.057
 219   90      4.719     -0.403      0.301
 209  193      5.406      2.691      6.117
 173  103      1.465     -4.885      4.951
 182   43     -2.440      6.284     -5.444
  -1   -2     -8.246    -12.050     -9.989
 176  157      3.286      1.869      2.496
  -1   -2     11.262     -4.329      3.125
 134  115    -11.677     10.337     -4.797
  -1   -2     -7.601      7.986      1.312
 149   -2    -10.674      1.236     -9.938
 160  189     -6.752     -4.886      9.553
 191  213    -12.178     -3.964     -2.763
 187   -2     -7.824    -12.464     -9.773
 194  216     -1.757     -3.618      2.782
  97   58      3.011    -10.107      4.797
 153   67      7.808      0.464      1.654
  36   -2     -8.151      4.101      4.611
 197  197      6.054      5.520      1.829
 193  215    -12.257      2.303      1.145
 110  106      7.980      2.071     -7.999
 201  219      3.383      2.671     -6.027
 196  217     -9.049     -6.063     -8.975
 200  218      5.093      0.436     -1.116
 130  148    -11.878    -11.521     -0.378
 161   -2     -2.014     -4.036     -9.080
 192  214     -7.297     -7.998     -1.611
 154  206      3.974      2.289     -6.973
 168  208    -11.059    -12.112     -7.633
 102  129     -6.810     10.041      5.986
 211  183     -8.620      0.619     -6.939
 179   92      3.559      8.958     -9.548
 145  137     -5.410    -10.796     -5.673
 190  212     -9.836      1.663      6.782
 155  162      5.957     -0.557      3.561
 171  176      4.694     -4.993      7.198
 208  166     -1.708      6.113     -3.498
 213  198     -3.038      5.365      2.829
 217   -2    -12.208     -8.650      0.429
 216  221    -12.641     -1.061     -0.199
 218  222    -12.772     -6.042     -3.676
