248
  48   41      8.176     -8.846      9.065
  17   29      8.755     -6.868      7.625
  67  143     11.296     10.854      2.658
  -1   -2     -9.943      3.999     -2.510
  11    1    -11.328     -2.216     -5.954
  93  120     -7.883     -2.893      1.521
  19   -2      5.292     -3.635      9.119
 182  201     -7.836    -10.159     -4.620
   3   22     -8.097     -4.615      7.335
  49   59      1.011     -1.604     -5.174
 180  183      9.086     -5.616     -1.503
  14   32      3.864      1.406     -6.119
  75  181     -0.257     -8.571     -0.269
  40  237      4.948     -7.909      9.050
  43    2     -5.426     -3.883      6.167
  12   14      1.575      5.374     -5.952
  15   56     -8.319     -3.312      1.149
  26   11     -9.588     -0.133      7.035
   5   13     -5.643     -6.143     -2.470
  38   34     -6.506     -8.065      3.147
  20   25      5.843      1.503      2.327
  53   16     -3.752     -0.100      4.886
  37   51     -5.941      0.138      7.578
  66   54      0.902      3.732      4.496
 130   42     -5.842      2.661      9.887
   8   27      7.196      1.889     -4.260
  30   38     -1.234     -7.663      3.342
  34   43      6.937      6.786     -4.722
 234   88      3.715     -5.673      9.287
   9   31     -5.392      9.770      4.344
  16   10     -2.803     -4.420     -2.833
 203   17      0.251     -0.809     -6.159
 233    5      1.668     -1.107     -1.197
  27   18    -10.474     -3.951      0.013
  41    3      0.844     -5.363     -5.424
 208  145      4.748     -8.568      2.322
  22   46     -5.183     -1.614      2.921
   0   67    -10.830      0.613     -4.098
 101   93      3.084      8.252     -5.000
 104   12      8.855      1.741     -2.041
  76   23     -7.668     -1.141      4.747
  91   73      3.104     -5.368     -3.248
 102   30     -4.604     -8.879     -3.753
   7   79     10.881     -2.986     -2.271
   1    4     -2.884     -2.703     -3.328
  10   80      7.184     -5.337      0.721
  28   45     -2.216      7.038      2.216
 241  141     -8.124     -5.166     -6.292
  50   39     -5.389      4.299     -7.104
  24  153      5.592      0.891     -8.321
  57   58      7.221      4.726      3.256
  98   82      6.743     -8.210     -8.911
  86   53     10.532      4.782     -1.045
 189  112      7.580      6.570     -8.451
 124   77    -10.076     -5.144     -0.443
  35   33      2.182     -2.738      0.251
  21   20     -0.020      1.716      8.749
  52   48     -2.746      9.735     -0.093
  46   55      0.848     -0.487      4.124
  74   74     -1.692      5.091      7.765
  58   26      2.241     -0.326      5.628
  64   84    -11.764     -7.799     -0.881
  72   78     -8.887     -7.444      0.363
  60   66     -2.125     10.958     -7.929
  88   85      0.501      7.072     -5.915
 171  116     -7.670     -2.414      0.580
  47   70     -6.951      5.978     -6.619
 121    8     -6.768      3.288      1.380
  31   36      4.983     -2.178     -8.385
   2   91     -4.543     -3.042      3.210
  68   65      6.445      0.553      4.159
  54   40      4.435     10.962     -5.121
  39  212      6.851     -3.842      7.102
  36  110     -6.792     -3.314      3.573
  77  104     -9.817     10.153     -1.729
 119   21      1.899      3.769     -6.884
  92  135      2.406    -10.373     -8.373
 177    6    -10.862      2.485     -0.371
  32   47     -8.007      3.093      7.033
 105  139      2.284      6.997      2.368
  55   75    -10.871    -11.771     -8.560
 112  240      8.460      9.011      8.871
  23  199      9.526      3.761     -3.597
 109   87    -10.528      4.894     -6.269
 176   92     -0.784      9.344     -7.645
 134   98    -11.128      0.045     -6.066
 103   64    -11.508     -5.048     -2.461
  44   44     -8.343    -10.937      6.591
  71  124      4.474     -7.392      2.865
 141  171     -6.844      8.044     -6.773
 162  147      3.724     -3.862      1.914
  81  108     -3.369     -5.855      0.776
  73  111      6.904      7.171      8.507
 226   52      2.715     -4.302      7.120
  96   71      8.188      2.383     -8.845
  82  134     -3.318      6.018     -1.859
  85  150     -4.704      7.661      3.608
  29  118     -3.872      2.935     -4.510
  25   57     -0.067     -9.423     -3.501
 168  198      5.148     -8.630     -3.670
  69   86     -7.984    -11.267      4.392
  84  125     -6.853     -5.719      1.929
 205  190     -2.831     -3.018     -1.788
 114  128      1.127     -6.842      1.265
 143   72     -0.594      2.459      8.988
  99  117      1.806     -6.616     -5.529
 106  106     -1.692     11.520     -7.983
 129  127    -10.030     11.047      3.085
  97   94      7.596      8.303      2.652
 108  109     -8.152    -10.582      4.976
 191   95     -0.851     -5.776      9.844
 184  193    -11.039      0.743      1.724
  42  166     -2.218      4.972     -4.466
 236  107      0.611      7.922      0.067
 132  187      7.869      0.127      5.629
  -1    9      0.115     -1.091      6.287
  65  103      5.443     11.163      6.871
 146  123      4.094     10.803     -2.918
  63   76     -8.421     -9.830      3.157
 152   96      1.013      6.225      5.619
  56  136     11.587     -8.592      1.897
  -1  204    -10.220      8.062      5.296
 161  180     -9.780      5.008     -5.392
 133  122      7.255      4.135      1.498
 128   37      4.802     11.398      0.642
 136  188      0.309     10.562      8.932
 140  154      0.932     10.745      5.483
  90   83      8.029     -2.532     -5.582
  87  172     -2.162    -11.280     -2.092
 164  131     -7.249      8.224      1.896
 115  148    -10.208     -1.591      2.542
  51  105     -6.919     -4.236     -5.008
  70  191      4.753      1.509     -1.504
 155   90     -3.328     -3.502      8.388
 126  114    -11.218      5.606     -3.148
   6   24      5.747     -6.577      8.880
  94  102     -4.791      2.104      7.320
 153  186     -6.003      3.248      3.730
 123  202     -8.511     -0.791      4.744
 147  144     -8.872      9.794     -6.928
  -1   -2     -3.546     -8.484     -9.948
  61   -2     -7.056     -4.257     -0.576
  45   49     -0.056     -7.553      2.538
 199  157     -4.892      0.567     -4.251
  33  155      2.510     -6.450      5.893
  83  126     -8.248     -7.887      1.536
   4  215     -7.418    -11.736      1.093
 139  159    -10.354     -7.336     -1.236
 142   -2      6.817     -4.170     -1.725
 135  203      1.253      8.727      6.374
 120  129     -4.190     11.530      4.340
 181  161     -1.780     11.674      1.872
 166  175     -5.545     -7.818     -2.798
  -1   89      1.427    -12.270     -7.348
 118  146      4.570      6.623     -0.639
 144  189     -3.219     -1.071      2.889
 201  179      6.031      5.152      8.144
 127   97      3.595     -7.669     -6.420
 206  177      1.777     11.563      5.731
 111  192     -7.112     11.499     -0.249
 148  164    -10.519    -10.131      4.653
 107  100    -10.975     10.197     -3.316
 117  142      6.884      7.764      5.180
 211  207     10.255      1.647     -3.193
 131  162     -4.390     10.983     -8.547
 125  158     -3.637     -5.095      0.081
 193  130     -7.307     -8.710     -9.215
 183  184      6.592      9.724     -4.847
 175  200      4.369     -1.778      6.431
 145  174    -12.087     10.557     -4.995
 138  241     -2.231    -10.669      6.071
  -1  151      9.233     -4.817     -9.979
 150  160    -11.590     -9.918     -6.404
 165  149     10.966      7.292      2.696
 160  113     -1.802      4.745      8.098
 113  223      4.633      0.565     -6.305
 157   -2     -9.554     -4.239      4.337
  13  217      0.049     -4.943     -4.784
 197  170     -5.366      2.211     -5.720
 207  244      1.422      3.906     -9.701
 170  167      5.219      5.486     -0.658
  -1   -2     -6.131      8.440     -9.972
 188  209     -8.238     -3.152     -3.474
 186   -2      0.085    -11.727      8.357
  78  238      1.617     -4.617     -1.137
  89  224     -8.940     -2.625      5.789
 163  121     -6.197      0.916      4.805
 110  119     -2.290     -7.250     -1.997
  -1  182     -9.999     11.686      0.924
 179  152     10.220      9.207      3.759
 158  206     -5.173     -0.390      1.402
  79   99      1.028      7.960      7.502
  -1  210     -7.897     11.959     -3.055
 238  194     -3.866      1.126      9.612
 185  176     -6.261      3.762     -7.153
 187  168     -9.883      3.878     -8.252
  95  169     -2.420     -7.706     -5.535
  62  101      2.432      3.864     -1.883
 202  242      4.188      8.406      0.188
  -1   -2     -0.366    -11.200     -3.122
  -1   19     -1.234      2.954      5.766
 198  226     10.146      1.200     -6.086
 190   68     -2.164     -2.552      9.504
 100  239     -4.376      7.898      4.061
  -1  197     -0.914      8.529      8.738
 178   62     -3.532      1.604      3.704
  -1   -2    -11.404      4.066     -4.906
 173  163     -1.738    -11.133     -9.103
 218   -2    -10.821     -2.471      4.316
 196  195      5.133     11.018     -7.928
 195  173     -3.900      9.621      1.619
 200   81     -2.320      8.722     -4.497
 204  243      7.810      1.389     -1.027
  -1   28      3.846      3.480     -0.983
  59  178     -1.895     -8.119      4.179
 154  185     11.431      8.851      1.331
 172   -2      7.792    -12.015     -2.906
 192  133      6.001      7.978      8.998
  -1   -2      2.390      3.663     -4.977
 210  211     11.832      4.395     -6.798
  -1  227     -5.527     11.602      0.098
 222  225    -12.418     -7.280     -1.071
 231   -2     11.605      5.456      2.655
 219  230    -10.399      0.344      5.556
  -1   -2     -3.988      3.051      0.260
  -1   -2     11.011      4.266      2.546
  -1   -2    -11.836    -10.308      5.311
 224  232     10.925    -10.502      6.919
 227  233    -12.886     -6.794     -4.399
 225   -2      6.881     -6.261     -8.152
 230  234    -12.020     -6.320      2.804
  -1   69      8.934     12.054      1.007
 228   -2     12.359    -11.293      1.019
 159  235     -4.277    -10.763     -3.008
 212   -2     11.947    -10.277      1.495
  -1   -2      5.571    -11.951      4.042
  -1   -2     -0.468     10.121     -6.611
  -1   -2    -11.384      4.268     -2.824
 169    7     -0.062     -8.984      9.295
  80  138     -6.359     -8.631     -5.825
  -1   -2      1.691      3.843     -9.724
 237  246     -3.238     -0.946      7.498
 137  115    -10.910     -2.700     -9.750
 239  247     -7.660    -10.027     -1.302
 229  245    -10.317     10.606      9.784
 235  156     -2.489     -7.756     -2.222
 240  248      4.584     11.148     -8.640
 243  249    -12.818     11.540     -1.338
