205
  48   29      6.300      1.099      9.053
  51   40     -0.772      6.536     -0.795
 173  141      9.619      0.978     -8.485
  19   10      2.591     -0.532     -4.131
  25   61     -3.615     -5.995      3.788
 110   51    -10.020     -2.577      0.812
  95   75     -7.306      0.603      3.115
  54   20      1.117     -6.032      0.235
 182  169     -8.140      9.947     -6.783
 180   35     -9.107     -3.785     -0.693
   7  180     -3.999    -11.839     -3.023
   2   16     -5.530     -2.799      5.398
  47   30     -6.684      6.990      0.205
  55   28     -9.887     -8.392     -2.886
 104   56     -8.576      5.183     -8.996
 106  128     -6.920      6.958      8.834
   1    1     -5.331     -5.409     -3.101
   4    9      4.076     -0.915     -3.874
  11   12    -10.827      5.675     -0.921
 138   93     -7.243      6.188      8.949
  41   44      4.648     11.675     -5.377
 170  131     -8.603     -8.628      4.200
  46   62      4.226    -11.314     -5.280
  73   54     -4.261      5.751     -8.579
   9    7     -9.581     -4.563      5.785
  -1   -2     10.655     -2.257     -3.638
   0    6    -12.124     -2.443     -6.318
  50   33      7.974      8.110     -6.071
  43   64     -4.277     -3.094     -8.277
  33    0      2.636     -4.141      6.073
  22   57     -7.651      1.595      5.698
  31   34     -2.461     -7.592     -3.309
  12   45    -11.319      3.510     -0.173
 157  165     -1.706      5.871      6.898
  28   43    -11.823     -7.609     -5.986
  24   25      9.050    -10.039     -7.535
 134    2    -11.176     -5.533     -1.706
  13   26     -9.154     -0.871      0.091
 103  113     -2.450      1.549      3.884
  93   83      4.361      3.099     -2.631
  61   48      7.997      5.835     -7.292
  -1   72     -9.501    -10.005      5.950
  10    5     -6.196      2.480      3.615
 121   19     -5.046      5.823      6.438
 145   68     -3.958      6.351      3.950
  -1   -2     -4.861     -1.605      4.018
  36   24    -10.635     -0.400      1.864
  63  116      6.171      9.246      2.464
   8   86     -1.403      1.979      6.934
  81  185     11.046    -11.334     -1.844
  58   14      2.390    -11.176      8.592
  70   92     -0.021     -6.056      7.928
 111   47     -0.389     -9.648      2.331
  91   98     -4.712      4.891     -4.803
  53   52      5.319     -1.960      2.770
  14   59      9.808     -4.766      1.523
  66   41     -2.253     -7.077     -3.238
  44   17     -3.050     -6.987      9.385
  56   46     -0.024     -2.224      7.513
 142  191     -6.595      5.531     -6.425
 149   76    -10.062      4.901      5.477
  62   15     -1.777     -8.685      1.775
  15  144     -0.855      8.670     -7.965
  71  183      2.315      0.031     -7.123
  94   55     -6.983     -2.983     -2.725
  39   18     -4.490      0.887      3.666
 117  118     -5.552      8.025     -9.044
 172  154      3.352     -9.171     -5.092
  59   32      1.038     -2.560      1.602
  77   70     -4.308      9.183     -8.350
 128   21    -10.083      6.880     -8.428
 176   89     -3.201    -11.659     -8.794
  -1   -2     -2.238      0.247     -1.159
  57   63     -2.985     -0.116     -7.940
  86   53     -4.150      7.650     -3.219
 136   22     -6.514     -1.498      2.628
  80  184      6.818     11.426     -4.429
   5  122     -7.137     -5.943     -2.006
  45   42     -7.917      3.330     -5.450
   3  159     -0.790    -11.109      2.628
  99   -2     -5.438      0.186      1.332
  38    4      2.389     -7.599      7.180
 122   99      3.047     11.544     -8.096
  88  187      1.989     -4.823     -4.827
 194   65     -8.594    -10.250      2.451
  65  124     -9.868     -3.702     -4.399
  21  167      4.163     -8.743     -3.918
 102   74     -3.258     -1.287     -3.594
  87   -2    -11.592     -4.129     -0.876
 105   49      1.444      4.481     -6.795
  -1   -2      6.808     10.467     -2.616
  92   73    -11.396     -8.614     -2.576
 164  195      0.557     -4.493      5.717
  29   27      6.764      3.892     -4.219
  79   81     -7.657      4.582      6.571
  64   85     -0.716     -4.271     -3.211
  20  120      1.106     11.154     -4.703
 177  132     -6.818     -6.406     -6.000
  97  105     -3.891      0.751      0.690
 131   84     -9.976     -3.059      3.450
  82   91     -1.986      1.092      1.451
  34  137     -9.618     -1.404      4.180
  17   90      0.451      8.137      7.777
  96  110     -1.351      8.772     -4.520
 174   67      5.779     -5.428     -6.461
 132   79     -4.406      9.980      3.952
 130  148     -7.731     -8.499      3.769
  75  176      5.387     -0.134     -2.608
  -1   -2     11.874     -0.874      0.363
 140  157     -3.624      5.576     -2.956
 125  114     -0.047      4.575     -5.053
   6   69     -6.811     -5.366      1.900
  84   77     -0.973      5.317      1.881
 181  106      4.016      6.067     -8.099
  67   78     -7.066     11.050      2.962
 127  189      9.997      5.182      5.969
 116  155      4.874      3.482      6.470
 175  100      2.810      2.821      0.168
 190  135    -10.761     -8.945      3.202
 141  119     -2.046      7.212     -5.331
  26  181     -9.530     -1.651      1.059
 112  164      3.503     -0.823      4.572
  68  166     -0.159     -5.017     -9.298
 119  111     -4.570      3.837      2.095
  16   38      3.086      4.034     -9.673
  -1   71     10.060     -0.437      0.411
 108  109     -6.987     -6.733      2.808
  49  182     -1.265     -0.091     -9.908
 107   31     -1.528    -10.728     -6.939
 161  153    -10.982    -10.354     -8.154
 100  117     -7.894      0.985      8.149
 171  136     -4.304     -9.240     -4.552
  90  133     -0.869     -8.426     -5.892
  78  129    -10.357      9.600     -9.290
 186    8      0.244     -3.469      3.219
 133  134     -5.881      0.603      8.839
  -1  142      5.153     -5.871     -3.769
  72  126      8.293     -6.534     -1.561
 123   36      4.021    -10.057      2.482
 193   37      0.884     -1.864      2.479
  98   97     -3.229     -4.423     -0.506
  37   -2     -6.356     -4.271     -4.748
 150  127     -5.700     -6.969     -1.704
 178  102     -2.641      8.411      9.575
  -1   -2      4.691     10.380      1.409
 168   82      6.691     -5.145     -8.485
 179  104    -11.472     -5.826     -3.918
  18  123    -11.017      2.214      1.227
  35   94      5.940     -6.059     -1.279
 152  138     -0.644      7.590      3.625
 126  112      1.070      1.492     -9.793
  32   13     -5.090      2.740     -0.513
 158  194      0.731      8.945     -4.078
 153   -2      1.753    -11.923      2.311
 185   -2     -8.487      0.456     -4.329
 129  146     -8.190      1.247      2.837
 199  108     -1.531     -9.315      2.435
 203  177      3.207      6.349     -9.711
  -1   -2      9.192      7.750     -4.336
 169  161     -9.147      2.087     -6.220
 212  160    -11.107     -8.985     -4.787
 162  149      6.530      0.340     -4.107
 114  101     -3.261     -4.766     -7.309
 143  147     -6.308     -3.816      9.492
 155  158     -1.320     11.106     -7.933
 124  188     -6.395      2.285      9.227
 165  163     -9.247      4.571     -8.642
 137  150     -5.429     -0.601      6.493
 135  115      9.096     -5.591     -8.573
  40   23     -4.989    -11.831     -7.445
  -1   60     -2.123      3.062     -7.272
 147  152      4.376      2.800     -5.963
  74   50      8.509      2.380      8.645
  69   95     -4.041      4.156     -9.188
 156   -2      8.891    -11.709      3.603
  -1   -2    -11.487      5.328     -8.429
 139  190      5.243      0.116      9.304
  83  162     -7.125     -7.415     -7.278
 146  193      9.100      4.107      2.248
 209  156     -3.604     -9.433     -3.176
  60   -2      0.808     -9.461     -6.191
  -1  173     -9.658     11.580      2.982
 118   -2     -6.184     -3.830      1.702
  -1   -2    -11.456      0.896     -2.166
 113  121      4.077      5.415      6.569
  89   66     -5.161    -10.298      1.619
 101  103      1.689     -9.225     -3.865
 144  192     -5.068      4.605      8.882
 159   -2      5.933    -11.993      1.332
 208  130     -2.087     -1.511     -7.963
  85  186      0.607      0.257      0.287
 115  140     -6.748     -7.380      0.216
 200  200     -8.132      9.798     -2.927
 198  199     -0.326     -3.374      4.485
 120  143      6.813      5.386      0.617
 148  151      2.767      3.703      6.397
 205   -2     -6.056      5.466      3.326
 184  197     -8.567      0.196      8.714
 167  196     -5.291     -4.017     -0.599
 197   -2      3.386     -9.231     -6.221
 183  139      2.793     10.153      5.268
 196  198     10.565      6.201      6.325
 210  201     -9.220    -12.404     -9.209
 211   -2    -11.812     -9.629      3.613
 213  202    -12.286     11.244     -2.795
