239
  32   21     -1.546     -4.679     -2.234
  57   91      3.916     -4.116      1.064
  38   54    -10.385      0.341     -3.809
   4    9    -10.962    -11.524     -8.115
 149    5     -9.971     -7.389     -0.633
   8  213     11.696     -8.035     -1.027
  14   86     -0.704      3.047     -9.083
  46   49     -0.584      1.363      1.084
  39   29     -4.709     -6.462     -2.146
  19   22    -11.042     -2.392     -5.644
 113    3     -3.825     -3.797      3.547
  52   52      2.261     -4.996     -4.611
  93   23      8.031     -0.925      3.371
  87   42      8.404     -8.643     -8.262
  15    8     -4.935      8.577      4.189
   3    4      8.559     -6.123     -1.490
  43   45     -2.359     -2.084      3.426
  37   48      2.179      6.484      7.365
  41  128      8.588     -2.353      4.963
  44   24      3.481     -2.264     -0.340
  21  215     -1.442     -2.964     -2.655
 141    7     -3.034      0.544      3.996
  53   33     -7.930     -8.595      1.744
  47   53      4.810     -8.201     -5.946
  28   70     -4.553     -4.646      6.347
   6  111     -3.964      1.176      7.546
  82  129     -1.131      9.977     -7.219
  51   36      7.276     -2.633     -7.537
   5   98     -6.192     -4.767     -0.326
 100   60     -3.912     -8.975     -3.265
  22    2     -9.695      3.335     -1.044
   1   56      8.602      5.098     -4.096
  20   61     -1.214      0.086      1.026
  50   95     -1.818    -11.590     -1.549
  55   -2      0.778    -11.510      9.975
 227   39      1.963     -0.986     -5.371
  30   15      6.200     -6.920      9.296
  13   85     -6.839     -3.113      0.916
  40   43     -9.051     -0.617      7.456
 155   88      6.474     -0.309     -0.585
 166  102      0.406      8.415     -6.835
  17   10      2.072     -2.297      6.502
 151   96     -0.585     -4.410      9.710
  65   37      4.617      7.262     -4.336
  86    1     -1.722      8.152      0.138
  33   26     -4.511      3.753     -6.377
  42   12      3.113      4.636     -5.223
  27   72     -7.846    -10.109     -3.701
  24   46     -4.515     -2.462      3.336
 169   51      2.957     11.576     -7.086
  80   50     -1.589     -7.349     -4.888
  48   97      4.159     -2.197      6.065
 179  150     -7.215     -5.011      7.597
  54   11      0.645     -6.966      9.687
  25   -2     -2.672      2.416     -3.974
   2   40      6.001      0.805     -5.489
 200   76      1.925      6.291     -5.188
  72   64      8.717     -7.696      0.388
  84   25     -6.086     -8.751      3.342
  18   34     -9.322      9.580     -1.345
  31   19     -1.658     -8.006     -1.595
 110  109     10.472      1.414     -8.266
 125   30     -1.466      5.539      2.560
  -1  182     -2.893     11.359      7.845
 121   87     -5.671      7.214     -9.079
 109   58     -0.356     -2.826      9.067
 161    0     -8.301     -3.143      6.132
  35   18     -5.114     -0.512      7.906
  83   -2     -3.010     -8.304     -9.166
  29   47     -0.042    -11.333     -2.841
 224  156      1.137      9.257      8.688
  -1  113     -0.701      4.153     -9.890
  67  134     10.628      8.535      1.169
  66   83     -9.513     -5.360     -0.020
  34   74     -3.042     -1.128      5.220
 150  127     -0.999      4.305     -3.760
 117  193    -11.227     -5.145     -1.957
 219  141     -6.297     -4.202     -4.427
  99   78      5.527      9.026     -2.338
 129  100      8.300      6.148      8.655
  98   16     -5.519     -8.884     -9.266
  60   89     -6.247      5.508     -5.942
 124  200     -1.867     -4.121      8.398
 234    6     -2.623      0.576      9.695
 101   57      1.913     -8.557      1.144
 170  118     -3.578     10.305      4.137
  11  112     -9.775     -2.171      2.812
  74   17      3.637      3.077     -6.166
 164  205      9.289      5.512     -7.830
 114  101     -7.925    -10.611      3.407
 122  221      9.895     -3.320      6.307
 193   59      3.052     -6.426     -4.839
 126   38      3.195     -5.384     -0.643
 134   35     -2.522     -6.503      1.195
  36  199     10.624     -1.359     -1.257
 104   69      8.098     -7.089      6.761
 103   55      2.080    -11.899     -4.874
  26  125     -8.348      9.164     -6.225
 102  121     -2.402      4.642     -1.218
  81   67    -10.562      2.023     -0.277
  64   80      2.220    -11.447     -6.673
  62   93      4.504      5.616      9.691
  75  104     -3.877    -10.960     -2.506
   7   73    -11.450     -7.857     -0.239
  -1   -2     -0.909     -9.280      2.958
 140  222     -6.601      2.152      1.648
 119   82      4.628     -5.999     -2.940
 218  168      2.256      2.066      4.622
 133   65     -4.325      1.816     -5.206
  79  114      1.838      1.149      8.478
  49  216      5.580      5.790      0.789
 127  162      1.452     -4.679     -3.991
 137  122     -9.931    -10.599      4.913
 160   77     -6.773      7.059      1.843
 175  226      3.187      2.593     -9.018
  78  144      9.664      2.126      3.934
 112   79    -10.099      4.493     -5.820
 184  192      8.392      8.151     -4.106
 148  149      6.481      9.832     -7.280
  70  218      0.585    -10.994     -3.578
  85   13     -0.709     10.505     -7.324
 105   66      5.992      4.185     -0.041
 186   81     -7.920     -4.949     -5.721
  63  178      5.562    -10.765      1.217
 199  188      0.429     -9.159      2.551
 106   62      6.180      8.561      1.221
  92  123     -7.596    -11.288      6.609
 180  147     -3.642      9.877     -7.792
 144  181      3.506     11.395     -0.872
  61   90      6.786      9.016      6.816
 231  167      7.821      0.146     -7.557
 142  140     -3.750      0.260     -3.760
 178   14      9.157     -0.280     -3.554
  97  108     10.182     -4.531     -5.076
 131  198     -7.182     -1.895      5.116
 132  137     -3.272     10.805      1.161
 156   44      7.597     10.298      5.391
  76   94      0.950     11.929     -9.857
 217  173      5.356      1.441     -0.196
 128  131      5.255     -9.641      1.801
  -1  155     -2.993     11.403     -9.897
  95  148     -9.157      6.228     -9.440
 111  117    -10.827      5.323     -2.874
 135  116    -10.552      9.827     -2.852
 139  153     -9.598     10.167      3.187
 107  207     -6.110      7.501     -6.055
  91   20     -7.158     -3.553      1.823
 115  152      2.195      4.540      5.549
 187   -2      6.767      2.964      0.002
  -1   71      8.150     11.715     -3.136
 181  227      9.182      5.509      5.300
 154  171      5.642      2.762     -4.274
  77  187     -9.275      4.640     -4.930
  -1   -2     10.896      0.505     -0.604
 205   32    -10.891      3.733     -5.846
  12  139      6.484     -8.985      8.231
 206  133     -1.394     -7.552     -1.371
 176  190     -5.459      3.240     -6.496
  -1  154      5.036     -6.055      2.024
 168  159     -6.468     10.355     -0.187
 174  165    -11.780     10.098     -4.493
 123  158     -0.989      7.947     -3.823
  -1   -2     -1.372     -9.420      4.307
  -1  164      8.334     10.391      6.498
 182  145      1.947      9.199      5.801
 163  161    -10.724     -3.076     -9.517
 136  110     -4.280      6.479      3.604
 159  105     -9.561      3.281     -7.704
  56   68     -1.418     -3.628     -1.252
 203  189     -7.332     11.331     -2.628
 191   -2      2.896      2.665     -8.948
 138  143    -12.168     -7.301     -2.657
  89  169    -11.466     -9.804     -5.712
 173  177     -0.293     -0.637     -9.827
  -1  138      8.698     -7.128     -7.397
 153   92     -7.574     -3.365     -3.045
 221   31      1.685      6.012      0.686
 188  172     -4.474     -1.483      1.866
  68  217     -7.276     -8.300     -8.358
  -1  195      5.775      9.779     -8.006
 183  166      2.844      9.984      5.975
 116  107     -0.136      1.580      5.919
 118  103     -7.428    -11.204      5.126
  -1   63     -1.952     -1.860     -9.961
 158  151     -7.357    -10.550     -1.021
  -1   -2     -9.694     -4.223     -1.992
  69  124     -5.790      0.005      5.091
 146  174     -9.040     -4.777      4.639
 207  176      0.046      7.723     -7.049
 162  119     -2.677     -5.736      0.545
  -1   -2      9.700     11.803     -7.241
 157  163      3.587      4.858      2.767
  -1   -2      8.340     -4.991     -9.824
 190  183      8.572      3.032      7.746
 189  120      2.393      7.138      6.504
 225  157     -0.856      9.960      2.053
 143  179     -8.066     -1.509      5.148
 228  185     -9.653     -7.704     -0.427
  -1   -2      9.487    -10.371      2.433
 208  126      5.822     -4.944      6.659
 130  115     -8.397     -7.936      0.522
 198  146      9.674      5.193      2.935
 145  197      1.002      1.763      8.782
  45   28      6.826     -9.616     -3.578
  71  204      2.878     -1.748     -4.291
 167   -2    -12.183     -6.756     -3.816
  88  219      9.432      1.222      2.578
  96  220      3.700      2.191     -1.117
 197  203     -3.925      6.694      4.115
 211  206    -10.346     -2.761      5.015
  90   -2     -0.702      3.623      7.922
  -1   -2      6.867     -0.025     -5.715
  10   99     -1.278    -10.637     -8.266
 204  229      4.688     -8.377      9.649
  -1   -2    -10.816     10.689      1.038
  -1   -2     -6.512      2.311     -0.356
 147   41      3.564     -7.013      7.127
  58  186      5.961      9.860     -4.517
  23   -2      9.007    -11.514      8.280
  73   -2      3.570     -9.628     -7.531
 171  225    -10.761     -0.266     -5.667
   9  214     -0.646      3.901      7.549
 120  132      2.622     -1.777      4.781
 165  224     11.732     -5.634     -8.830
 202   -2     -4.919     -8.087     -2.180
 223   -2      0.628     -9.309      0.269
 108  175     -7.599     -3.836      1.448
 226  230     -6.406     -6.400      2.151
 201   -2     -6.378     -4.055      3.906
 210   -2     12.319     -1.376     -5.719
 230   -2     -0.002      7.315      8.396
 220   -2     13.286     -5.796     -1.675
 232  180      2.990     -8.418      5.432
 235  231     12.215     -1.626     -2.774
 236  212    -10.805      0.121      2.008
 152  223     -4.755     10.298      0.067
 233   -2     11.066      6.885      8.532
 237  160      9.622     -1.310     -0.048
 192  228     -2.081     -1.746      7.692
