221
  11   21     -8.949     -1.686     -1.761
   0   18      1.245    -10.058      7.299
  40    4      2.733     -8.898     -8.758
  20   28     -3.501     -6.879      6.959
  24   55      7.054     -9.712      0.841
   3   24      8.871      3.737      5.079
 106   43    -10.331     -6.779      1.751
  15    6     -3.017    -10.624      5.463
  21   69      6.287     -3.598     -5.920
  32   26      0.644      0.864     -3.867
  92   47     11.296      0.388     -5.061
  61   30      1.511     -8.566     -9.654
 103  191     11.007     -2.607     -2.249
 200  122      5.023     -7.396      1.215
  19    0      0.568     -4.092      4.309
  42  101      5.835     -5.207      6.839
 108   87     -5.960     -8.973      2.735
 135  119      4.487     -2.175      5.621
  66   70     -6.541     -6.004     -1.630
   8    3      0.527      2.663     -8.757
  86   20     -2.888      3.275     -3.422
  -1    8      1.563      4.557      7.333
   7    2      3.507     -2.143     -1.746
  94  168     11.089     -4.734     -6.887
   4    9    -12.023      2.236     -2.868
  26  150      6.394    -10.836     -0.008
  13  172    -10.853     -9.720      3.308
  30  106      5.227     -3.190     -6.281
   1   66     -6.552     -3.741      9.476
 181   63     -1.404     -4.219     -6.274
  23   15     -2.322     -6.576     -0.693
  47  198     -0.967    -10.193      4.995
  52   76      5.397      3.974     -7.097
   9  187     10.230      2.392     -2.871
  48   27     -9.932     -0.620      0.740
  38   75     -7.199    -10.186      2.665
  51   56      4.773     10.852      0.339
  91   25    -11.133     -6.691     -9.044
  27   37     -9.988      7.601      5.455
  35   29     -6.097     -2.814     -8.331
  44    5     -0.281     -8.179      6.186
  63    1     -6.667      3.418     -9.550
  57   50     -0.990    -11.009      2.115
   5   13      5.806      3.971      1.092
  62   61      0.403      9.450      5.919
  53   53     -4.640      0.952      3.379
  60   40      6.874      6.067     -9.481
  96   80      1.266     -4.405      1.448
  33   51      5.247      6.527     -3.325
  45   10     -3.994     -1.202      3.837
  10   46      1.953     -9.517     -3.360
 149  144      2.678     -1.513      6.869
  67  105      8.177     -7.376     -5.511
  12  139      4.397     -9.248      4.009
  41   95     11.260      6.124     -7.716
  68  135      3.558      9.296     -9.511
  81   72     -8.907      4.785      3.601
  56   82     -4.406     -2.064     -6.529
 105   84     -0.213      2.162      0.377
  28   22     -8.730     -0.044     -0.070
  59   16      5.492     -7.893     -4.842
 137   58     -0.761     11.270      0.742
  14   71      4.455     -4.141     -8.732
 195  185     -0.855      0.640     -3.683
 130   19      2.467      7.250      9.393
  54   11      4.078      5.820      4.708
 208   73      3.421      0.178      7.008
  34  113     -0.107     -4.924      8.944
  31   85     11.045     -0.903     -5.378
  -1   32      7.587    -11.585     -4.308
  65  111     -2.320      4.908      4.828
 164  110     -9.694      4.010     -1.232
  58   42     -4.845    -10.831     -4.920
  83   54      1.850      0.098      2.304
  -1  107      8.522    -11.679     -5.154
  -1  140      8.319     11.322      5.743
   2   33      8.559      7.630      4.610
  72   -2      8.382      9.314      1.104
 133  131      5.230      3.262     -6.696
 120   17      1.369     -1.740      1.539
  88   98     10.694     -8.060     -6.449
 138  206     -1.125      7.408      0.224
 146   86     -4.497      8.186     -2.318
  43   31     -8.406      6.857      8.911
 126   77     -1.510     -9.693      8.689
  79   52     -0.534     -9.666      4.307
  95   23      5.637     -6.856      2.837
 114   12     -6.576     -7.759     -3.035
 107  132     11.412     -4.935     -6.923
  18   94     -0.740     -5.797      9.495
 122   90     -5.942      9.529     -1.340
 183  154    -10.533     -3.992     -2.954
 102  200      4.045      4.757     -0.525
  78   93      2.896      9.919      7.848
 152  145     -6.782    -11.057      2.539
  16   -2     -8.656      2.940     -3.175
 134  123     -0.942     -0.804      2.189
 190   91      8.559      1.265     -5.469
 104   62     -0.830      5.973     -9.111
  97  128      4.915     -1.121     -1.995
  77   74     -3.065      9.572      8.171
  17   79      4.570      6.781     -0.629
 175  146     -7.557     -7.304     -7.137
 188   44    -10.612      0.112     -6.669
  85   59      4.562      1.121      2.728
 119   49      8.341      5.086     -3.378
  99  133     -4.371     -0.423     -9.163
  75  104      6.902      5.352      4.511
  64  199      6.608    -11.787     -3.633
  29  175     -2.322      2.381      2.659
 151  165     -8.665      0.655     -4.075
  -1  126      5.951     11.232      4.805
  73   99     -3.629     -9.494     -0.200
  70  125    -10.904      8.614     -2.217
 169   88     -1.734      2.721     -0.265
 211   96     -6.399      0.031      2.075
  -1  173      2.953     11.579      1.902
  -1   -2      0.793    -11.891      4.136
  71  138     -7.315      3.086     -2.681
 207   89     -4.242     -6.537      0.056
  -1   35     -3.583     -8.785     -3.249
  98  153      0.292     -0.406     -9.811
  37   39      5.171    -11.028     -4.923
  82   78     -7.882     -6.478      4.967
 140  115     -2.772      6.074     -9.517
  -1  151     -5.865     -4.237      3.640
  -1  102    -10.425      3.648     -8.945
 100  149     -2.968      2.924     -5.523
 117  204      3.307    -11.538      5.421
 144   92      1.677      6.437      8.872
   6   41      8.819     -0.035      1.897
  -1   -2     10.107     -6.400      5.088
 163  186      5.306     -2.424      5.775
  76  156     -5.093     -1.825      8.883
  -1   -2     -9.934    -10.618     -3.882
 167  121      2.254     -4.023     -0.846
  -1  112     11.154      2.190     -2.597
 111  127    -11.171     -5.841     -6.177
  80   -2     -9.823     -2.187     -2.996
 148  147    -11.591      6.481     -6.952
 184   -2     -5.587     -9.574      6.340
  84  163     11.556      3.599     -4.381
 174  208     -3.502     -1.125      4.076
  90  114      7.276     -6.891      5.867
 176   45     -1.902      2.990     -0.308
 143  136     -1.790      4.233      2.066
 115  170      5.631    -10.409      8.015
 121  182     -3.168      8.194      9.847
 159  180      0.239      6.206     -7.439
  25  130      4.729     -8.720      7.275
 113  176      5.413    -11.658     -7.417
  -1   -2      7.494    -11.743      2.034
 145  162     10.301      3.186     -8.940
 109  201     -0.343     -7.745     -4.744
 157  174      8.589      7.030     -5.231
  87   57    -11.936      9.247     -6.920
 179  178     -0.798     -9.008     -6.924
 153  152      3.199     -5.060      8.137
 141  166      0.267      1.476     -9.889
  -1   60     -8.279     -9.870     -8.991
  -1   -2      5.524    -11.223     -2.729
 123   -2     -9.889      2.055     -2.947
 127  143      3.268      9.385     -1.494
  46  159      3.704      6.848      8.552
  -1  171     11.242     11.318      1.097
 180  169    -10.310     -3.524      3.562
 210  211     10.857     -0.228      3.244
 158  160     -5.833     -9.539     -9.517
 118  129     -6.235      9.190      4.547
 132  118    -11.686     -8.343      1.383
 203  210      0.553    -10.137     -5.551
 139   48      4.608     -9.983      3.842
  -1   68     -7.164     -7.427      3.001
 178  188     -5.646      8.058     -2.275
 189  209      3.609     -1.340     -7.969
 168  189      0.327     -1.677     -4.317
 201  116     -1.083      6.655      7.388
  49   38     -7.809      4.267      8.457
 197  124     -5.735     -9.259     -9.059
  -1   -2     10.691     -9.227      4.939
  -1  195     -9.017      5.926      2.001
 187   -2      5.986      4.881     -7.241
  -1   -2     -6.541      2.189     -7.235
  -1  100     -2.952      5.214     -4.059
  -1   -2    -10.947    -10.236     -0.370
 110   -2     -9.457      8.402     -0.890
  -1  134      3.748      4.471      5.512
 136  205     -9.078    -11.547      7.396
 204   -2      7.632    -11.648      6.197
 192  179     10.180      7.980     -8.666
  -1   -2      7.700     -2.889     -5.234
 165  181      3.131     -7.201     -9.646
 191  167     -4.259     -7.686      7.025
  -1   -2     -9.088      1.971     -7.841
 223  184     -1.523     -4.604     -6.438
  -1   -2    -10.530     -1.071      3.020
  -1   -2      6.751     -5.368     -1.398
 142   -2     12.140     -9.190     -7.006
  55  103      4.531      2.627     -3.599
 116  203      8.028     -0.192     -0.501
  93   83     -8.693     -6.691     -8.313
 171  207     -9.018    -10.322      3.762
 215  158     -6.883      8.537     -7.157
  39  197     11.754     11.009     -7.824
 173  192     -2.621      4.643     -9.087
 125   36     -0.624     -9.308     -5.234
 112  202     10.973     -9.687      4.758
 166   -2      7.583    -12.026      2.750
 216  157     -5.209     -0.116     -8.451
 160   67      2.470      4.946      3.709
 221  164     -4.207      4.194     -0.308
 219  215     12.588      5.832     -4.684
 101  217     12.185     -6.483     -2.723
 198   34     -2.775     -9.336      3.167
 220   97      8.035     -6.317      8.182
 209  148      4.309      2.330      5.543
 212  212     12.114      4.016     -8.693
 213  213     -0.982      4.691     -8.372
 214  214      2.375      8.595     -3.022
 218   -2      9.559     -9.445      6.713
 222  216    -12.471      1.323     -4.672
