212
   0   31     -5.809     -2.335      3.102
   2   15      3.387     -0.863      2.463
  36   13      9.946      1.657      3.438
   3    0     -9.139     -0.966     -0.338
   4   10    -10.954     -4.297     -2.009
  12   12     -4.961     -3.411      9.477
  14   24     -8.935     -2.064     -1.658
   1   47      5.823     -4.244     -4.204
   5   20     -4.712     -4.461      4.161
  50   23      9.025     -7.026     -0.627
  85   64      3.117      6.724      6.777
  46    5     -9.944      2.113     -2.784
  19   35    -11.415    -10.096     -1.440
  52  207      6.789    -11.284      7.691
  13    2    -10.525     -1.205      0.880
  15   18     -2.801     -9.799      7.799
  33   28      4.287     -4.585      1.322
  31   58      2.778      1.970      8.580
 182   53     -9.937      2.472      3.633
  21    9     -1.853      2.376     -5.992
  16   89      2.057     -9.068     -3.969
  94    6     -9.925     -1.622     -9.729
  35   36      6.186     -7.348     -9.584
  80   50      4.704    -11.957     -9.491
   9   11      0.822     -6.399     -5.629
  56   14      7.718      7.197      2.698
  24   91      3.436      2.866      4.073
  48    1     -6.630     -2.548     -8.636
  47   29     -4.322      9.194      0.956
  77   33     -1.326      8.771      5.849
  11   44     -6.757     -9.242      4.299
  29   54     -3.093     -3.800     -5.808
 186   94     -3.286    -10.474      7.773
 144   43      4.233      8.522      9.994
  51    7    -12.065     -8.113     -7.000
  20   34      1.634     -6.267      1.171
 147  128     -2.190    -11.223      1.358
 161  177     -5.441      6.605     -6.497
  44   30    -10.478      1.169     -7.706
  32   52      7.775     10.551     -7.847
  22   21      3.970      2.335      1.442
  60   67      4.073     -9.974      9.351
  30   37    -11.736      7.654     -6.566
  49   57      9.258    -10.210     -6.128
  18   26     -0.695     -8.383     -0.135
  39   42     -7.709     -8.061      6.179
  61   59      2.630      8.021     -7.091
  54   75      7.667     -0.919      2.214
  75  100     -3.301     -1.416      1.541
  37   62     -1.621      1.760     -7.715
 138   16      0.305     -0.270      5.309
  57   51     -5.723      9.382      6.020
  23   63     -3.812      1.452      2.912
  59   61      1.535     -0.740      1.424
   6   22      3.231     -1.437      3.622
  78   73    -10.593    -11.042      4.908
 116   27     -6.090      0.273     -9.034
  69  104     -8.874      5.002     -0.368
  53   32     -8.097    -11.785     -6.128
 134   98      3.383      5.249     -6.924
  89   72      7.248      4.490      0.251
 130   45      3.135      4.261      5.788
 206   78     -1.768      4.880      4.045
  38  129      1.475     -4.731      1.620
  63   66      9.636      4.843     -1.556
  62   65     -4.032    -10.526     -2.281
  87   81     -8.771     -8.571     -6.082
 101  103      0.674     -6.892     -5.545
  27   17     -5.745     -5.339     -6.303
 128   76      0.761      3.100      5.911
  98   25      3.670      4.792     -4.723
  91  124      5.101      2.056     -5.273
  34   40      6.777      3.734     -8.320
  40  171    -10.995      5.064     -6.715
 125  126      9.913      1.578     -8.549
  26   74      2.890     -0.815     -7.182
  86  112     -0.177     -1.898     -1.146
 126   71      1.357      6.454      6.713
  42   92    -10.413      6.421      5.297
  64   55     -2.560      7.162     -3.731
  17   56     -4.765      5.791      9.272
 109  118      9.246     10.818      7.080
  70   84     -7.359      6.395      3.488
  82   82    -10.910     -0.657     -5.461
  -1  108      2.809      9.380     -2.321
   8   87     -4.909      7.296      7.125
  -1   -2     10.945     -1.130     -3.727
  97   38      7.177     -3.385     -5.292
  71   88     -5.082    -11.510      3.735
  72   97      3.171      5.648     -8.457
  73   68     -8.916      5.698      8.481
 114  117     -3.169      8.396      5.786
  43  113    -10.018      8.346     -1.509
  25   19      1.950     -7.648     -9.869
 112  115     -6.645      8.373     -3.787
 131   86      3.666     -8.900      5.807
 113  110      0.944     10.901     -5.049
 175   85     -5.206     -7.158      6.591
 184  183     -9.954      4.144     -1.442
 124  141      6.980     11.622     -4.155
 132  102     -6.485     -7.861     -1.070
 123   48    -10.825     -7.359      3.267
 143   83     -8.348      1.397     -4.991
  58   41      4.671      0.251     -4.522
 115   77      6.962     -1.979      9.363
  67  142     -5.346     11.073      8.231
  95   39     -1.628     -0.746     -1.863
 141  125     -7.318     -2.679      2.086
 187  182      3.189     11.974     -4.392
 103   90     -2.825      3.354      5.516
  93  111     -7.013     -8.647     -5.006
 152  132      6.026     -1.606     -1.912
 142  107     -2.500     10.861      2.620
 119  154     -4.637      7.058     -5.499
 201   99     11.849     11.099      0.615
 104  176     10.160     -3.219      4.895
 117  148     -1.701      3.537     -3.002
  84  127    -12.280      2.317     -2.237
 122  168      4.287     -6.395     -1.923
  96  134      7.071      3.255      3.836
 105  116      6.363     -2.161      1.917
  28  145      2.121    -11.569     -6.105
  83  114     10.420     11.491     -5.771
  88  143     -3.895     10.085     -5.018
 110  121    -11.892     -6.357     -4.355
 146  158      0.702      1.965      8.057
 135   -2      2.350     -8.727      1.601
 158  150      2.457      0.898      6.610
  65   46     -2.496      4.950      9.990
 214   60     -7.045      2.829     -3.386
  -1   -2     -8.102      0.596     -2.201
 106  136     -1.979      4.534      9.936
  99  144     -3.607     -9.581      8.784
 160   93      4.121     -3.075     -5.546
 163  146      2.928     -5.233      5.801
 153  135      4.547     -9.458      6.092
 118  130      5.045    -10.932     -9.735
  66  163      9.062     -4.571     -3.474
 100  179     -4.437      1.480     -1.676
  76   -2     -2.687     -2.024     -9.981
 156  140    -11.030      8.747     -2.583
 137  166     -4.205     -4.529      4.392
 151  167     -4.851     -8.372      8.340
 133  101      3.772     -3.685      3.951
 176  123      0.883      4.763     -2.896
 139  155     -9.894     -2.431     -2.532
 111   -2      3.279    -11.761     -3.669
 155  138      2.983     -3.255     -6.508
 150   79      1.110     -0.688     -6.334
  41    3      7.712     -5.822      2.191
 171  137     -4.011     -3.149     -7.824
 164  172      6.796      0.396     -8.457
  -1  105      1.767    -10.713     -3.838
 157  156      3.862      9.686     -9.229
 154  106      0.085      1.560      7.466
 183  157      0.745     -7.854      9.506
 167  160      2.164     -6.722      6.364
 129  196     -5.751      6.474     -9.225
  81  131     -1.225     -4.765      1.996
 121  164    -10.970    -10.652      2.058
 170  161     -2.026      4.264     -7.329
 205   96     -6.353     -6.623     -0.430
  -1   95      1.040     12.080      0.184
 120  159     -1.824     -0.428     -1.953
 166  162     -4.673     -2.422     -7.270
 159    4      9.306     -6.273     -8.971
  90  119      6.705      2.946     -2.449
  -1  153      4.116     11.623      8.013
 145  139     -0.489      1.901      8.598
 136  120     -5.834      7.258     -4.779
  -1  169      4.434      9.879     -7.500
 107  170      0.533     -8.828      5.170
 149  209     -8.433      3.011     -3.431
 165  133     -6.114     -6.707      4.615
  10  206      4.928    -10.960     -3.195
 169  188      7.203      3.055      9.961
 173  210      4.458     -9.899      9.489
  55   69     12.018      5.330     -0.182
  -1  173      1.591    -11.570     -6.779
 180  165      5.200    -10.470     -8.326
 177   -2     -2.695     -7.977     -9.276
 185   -2      4.641      4.906      4.723
 168  152     -2.516      0.499      0.364
 179  213     10.659     -8.705      0.225
  -1  185      0.314     -8.044     -7.737
 189  214     11.239    -10.413      3.596
  -1   -2     -0.995    -12.347     -9.753
  -1   -2    -11.227      5.927     -3.808
  -1   -2     10.243      6.013      4.963
  -1   -2     -0.288    -11.932      3.504
 190   -2      6.723      6.998      6.903
 191   -2    -11.105     -8.158      5.140
 194  189      9.884     -8.521      7.816
 148  208     -0.195     11.586      3.537
 192  190    -12.587      7.092     -0.696
 140   70      8.024     -5.865     -9.021
  -1  181     -9.985     12.499     -9.679
 196  192    -11.126     -4.685      4.526
  -1  149     10.381     11.824      3.735
 174  211      5.930    -11.364      7.271
  -1  198    -12.140     -1.797     -5.091
 197  199    -12.006     -8.816      3.065
  -1  200     -0.784      9.706     -2.589
  -1  203    -10.192     -3.871     -0.322
  45   -2     11.956     -1.833     -7.816
 172    8     -8.051      2.963      8.110
  74   -2     -2.501     -9.211     -1.493
 162  147      3.360     11.549     -7.798
 208  215     -3.058     -8.196      0.968
 178  212      7.907      3.039      0.247
 181   -2     12.273    -10.190     -7.637
 210  216    -12.821      1.222     -3.630
