211
   0    2     -5.114     -2.706      5.406
  44   45     -8.018      3.266     -5.330
 127   53      5.802     -0.720      2.635
  64  107     -1.218    -10.807     -6.809
  26   13     -9.026     -0.781      0.131
  60   12    -11.178      3.548     -0.106
  49   89     -4.533     -9.684      1.747
   7  172      3.914     -8.818     -5.070
  22    5     -7.060     -5.830     -1.847
  32    9     -9.452     -4.548      5.680
  45   27     -4.921     -1.500      1.709
  21  193      1.270     -1.334      2.610
   9    6     -6.482     -5.061      1.985
 182  136     -6.197     -1.343      2.559
  20   28    -11.653     -7.621     -6.064
  25   38      3.021     -6.376      7.338
   6   77     -4.665      9.031     -8.506
  88    1     -5.234     -5.377     -2.909
  39   11    -10.698      5.742     -0.839
  23    4      4.269     -0.570     -3.931
  27   58      3.025    -10.615      8.703
  -1  145     -3.990      6.209      3.982
  69   37     -6.313     -4.384     -4.694
  43    0    -12.083     -2.472     -6.260
   1   10     -5.915      2.459      3.607
   5    7     -3.601    -11.349     -2.763
  53   21      4.784     -8.101     -3.806
 194   95     -7.001      0.708      3.035
  71   36    -10.471     -0.342      1.865
 101   19      2.800     -0.310     -4.280
 152   93      4.324      3.402     -2.876
  19    3     -0.048    -10.530      2.969
  -1   -2     11.269     -0.119     -4.442
  66   92    -11.221     -8.642     -2.600
  36   24      9.644     -9.177     -7.263
 121   33      3.112     -2.568      6.100
  12  101      2.305     -8.750     -3.869
 114   50      7.762      8.955     -6.750
 172  165     -9.355      4.519     -8.610
  47   49     -1.419     -0.255     -9.853
  -1   48      6.314      1.873      9.936
  61   15     -1.198      8.441     -8.099
  15   44     -2.924     -6.972      9.338
  33   54      1.611     -5.586      0.470
  10   46      4.784    -10.929     -5.204
  35   22     -7.479      1.651      5.591
  30   82     -1.694      1.062      1.355
  65  171     -4.060     -9.136     -4.460
  57   31     -2.176     -7.410     -3.176
 156    8     -1.263      2.410      6.906
  80  109     -3.031      0.155      7.095
  -1   14     10.351     -2.926      0.621
 110  132     -4.601      9.931      3.766
  56   62     -1.082     -8.260      1.979
  81   87    -11.528     -4.148     -0.877
 129  142     -6.715      5.409     -6.414
  55   83     -6.937     -7.507     -7.272
  13   25     -3.042     -5.733      3.976
 198  102     -3.354     -1.399     -3.563
  34   57     -3.151     -0.332     -7.911
   4   51     -0.839      6.605     -0.872
  50   40     -4.614    -11.840     -7.512
 178  144     -5.260      4.404      8.995
  76  173     10.324      1.684     -8.829
 146  204      8.264    -11.101      1.106
  52   61      8.239      6.549     -7.796
  -1   -2     10.341      1.455     -0.618
 104  134    -11.109     -5.552     -1.762
 138   18    -10.821      2.313      1.268
   2  119     -4.366      3.811      2.041
  92   55     -9.664     -8.442     -2.903
  48   47     -6.525      7.152      0.107
 118  181      4.063      6.065     -8.101
  67   66     -1.957     -6.902     -3.139
 204   69     -4.210      4.015     -9.157
  70   30     -1.296     -1.645     -2.786
  31  159      6.567    -10.531      1.612
  29  104     -8.681      5.128     -8.982
  73  140     -3.450      5.699     -3.256
  28   60      1.119     -9.582     -6.123
  82   67     -7.164     11.135      2.849
 141   90     -0.647     -8.528     -5.794
  38  103     -2.261      1.434      3.889
  58   29      7.065      4.282     -4.772
 109  141     -2.150      7.155     -5.514
 126   99     -5.116      0.269      1.362
  -1   39     -4.170      0.806      3.696
  96   96     -1.522      8.844     -4.769
   3   68     -0.091     -5.187     -9.158
 112  201     10.917      0.790     -8.314
  98  117     -5.820      7.902     -9.154
  68  127      9.533      6.501      5.526
  77   79     -7.654      4.654      6.541
 200   74      8.190      3.437      8.756
 197   97     -3.561      0.792      0.573
 108   88      2.413     -4.594     -4.876
 202  208     -2.229     -1.756     -7.906
  24   94     -7.030     -2.986     -2.664
  85   98     -2.876     -4.170     -0.581
  93  123      4.607     -8.699      2.765
  62  128    -10.237      6.825     -8.448
 128  176     -2.745    -11.762     -8.898
  14   63      5.689     10.285      1.867
 209   59      1.423     -2.113      1.740
  86  111      0.297     -9.131      2.668
 124   85      0.846      0.469      0.331
 155  143     -6.282     -3.897      9.394
  72  100     -7.882      0.896      7.930
 140   70      0.563     -5.410      8.067
  59  195      6.579    -11.620     -1.432
 176   86     -4.184      7.794     -3.498
 184   73     -4.447      5.593     -8.618
 113   72      8.932     -5.248     -1.946
 103  147      4.592      3.053     -6.111
  90   56      0.431     -1.037      7.442
 123   20      0.752     11.473     -4.878
 135   75      5.593      0.334     -2.891
 144  113      4.336      6.592      6.460
  42  106     -7.168      6.832      8.871
  63  161    -10.869    -10.290     -8.208
  -1  138     -7.482      6.056      8.948
 162  178     -2.927      8.248      9.614
 203  135      9.852     -4.835     -8.718
 179  121     -5.083      5.795      6.608
 125   -2     -9.356     -6.073      0.717
  87   84     -1.022      5.245      1.883
  79   71      2.379     -0.066     -7.053
 208  152     -0.849      7.576      3.542
 151  155     -1.746     10.883     -8.074
 111  115     -6.464     -7.013      0.472
 100  200     -8.382      9.917     -2.854
  -1   -2      6.312     11.415      2.205
  94   91     -4.696      4.840     -4.849
  46  130     -7.460     -8.257      3.790
 148  105      1.467      4.375     -6.827
  83  131     -9.823     -2.987      3.442
 160  164      1.074     -3.315      5.815
 195   16      3.109      3.758     -9.459
  89  198      0.152     -2.782      4.593
 132  114     -3.219     -5.005     -7.308
 130   32     -4.765      2.910     -0.667
 117  133     -5.933      0.368      8.781
 169  150     -5.538     -6.690     -1.432
 139  120      6.563      5.990     -0.140
 120  116      5.098      4.576      6.597
  -1  124     -6.506      2.088      9.144
 181  177     -6.576     -6.535     -5.876
  51   34     -9.414     -1.312      4.053
 142   65     -9.825     -3.741     -4.377
 154  148      3.223      5.031      6.374
 136  125      0.022      4.496     -5.238
 158  112      3.943      0.679      4.636
 134  110     -9.950     -2.537      0.830
  74   64     -0.491     -4.174     -3.296
 171  169     -9.261      2.016     -6.111
 173   -2     -0.654    -12.033      0.643
 177  137     -5.178     -0.649      6.455
  97   17      0.360      8.830      7.839
 163  153      2.503    -11.165      2.671
 131  203      3.155      6.106     -9.499
 164  170     -8.416     -8.462      4.186
  91  182     -8.402      9.839     -6.850
 166  205     -5.855      5.438      3.384
 161   78    -10.559      9.593     -9.393
 122  179    -11.326     -5.877     -3.954
 102   26     -9.422     -1.579      1.098
 115  129     -7.906      1.379      2.700
 193  108     -6.621     -6.399      2.887
  -1  149     -9.998      4.954      5.350
 167  126      0.963      1.226     -9.666
 180  184     -8.579      0.077      8.524
 149  167     -5.156     -3.829     -0.495
   8  185     -8.538      0.413     -4.157
 168  157     -1.857      5.871      6.902
 159   -2     -2.282      2.841     -7.287
 201   35      6.375     -5.101     -1.284
 116  202     10.167    -11.923     -5.772
 183   52     -9.456     -9.884      5.748
 157  180     -9.056     -3.768     -0.597
 105  118     -5.940     -3.551      1.728
 199  156      9.310     -9.684      3.637
 185  162      7.005      0.750     -4.542
  84  197      3.847     -9.117     -6.092
  -1   -2      8.994      9.917     -4.787
 133  186      0.711     -3.061      3.370
 170  160      5.504    -10.848      2.088
 153   -2      6.111     -4.524      6.674
 150  183      2.558     11.113      4.870
 174  190    -10.598     -8.822      3.098
 147  146      8.786      5.337      1.618
 190  207    -10.034      1.006      4.646
  -1   -2     10.205    -11.054      2.370
 143   -2      5.551     -5.307     -3.608
 196   -2     10.895      4.647      4.461
  78   43     -4.319     -3.309     -8.287
  17  192     -3.573     12.095     -8.054
  37   -2      3.899    -12.009      1.363
 107  122      2.641     11.595     -8.126
  95   80      6.261     11.685     -4.851
  99  199     -0.843     -8.849      2.720
  75  196     10.077      7.670      5.971
 205  168      7.143     -4.661     -8.235
 145  158      0.467      9.185     -4.250
 188  206      1.132    -11.505     -0.395
 207  210     -9.034    -12.328     -9.179
  41  194     -8.357     -9.967      2.465
 206  209     -3.297     -9.130     -2.949
 212  212    -10.900     -9.011     -4.803
 211  211    -11.648     -9.536      3.489
 213  213    -12.395     11.167     -2.794
 214  214    -12.414      0.806     -4.460
