253
 160  115      7.439      2.168     -0.080
  17    3      8.743     -6.458     -7.042
  83   50      2.098     -3.655      9.959
   1   38     -3.898     -5.380      6.494
  24   84     -0.669     -6.146      5.825
  15   12      1.074      0.430      1.411
   4    8      2.351     -1.068     -1.743
  12    5     -0.446      1.358     -3.717
  13   13      9.581      0.357     -4.245
  28   17      3.532      3.729     -2.744
 236   57      6.301     -4.496      5.544
   3   15     -9.878     -0.187      0.531
  27   21      1.893      6.678      7.874
  33   19     -7.736     -9.286      2.030
 133  107     -6.146      1.439      2.021
  25    1     -8.746      0.530     -0.219
  40   64      4.563      4.821     -5.918
   7    4    -10.458     -3.705     -3.569
 110  105    -10.344     -6.441      0.975
 198    2     10.288     -4.620     -2.398
  47   16      9.960     -0.358     -1.443
  75   32     -8.545     -5.437     -9.352
  19  170      0.748    -11.875      0.015
  56   29      0.270     -7.947      6.861
  22   26      3.807     -1.938     -6.347
  10  112      3.387     -9.875     -6.222
  48   40     -9.987      8.200      5.446
   6   87      6.345    -10.039     -6.725
  44   20      0.347      3.964     -8.611
  60   -2     10.274      4.878     -1.444
  21   98      5.346     -7.627      0.276
  43   11     -3.205     -5.861     -1.377
  67   55    -11.786     10.261     -7.487
   5   -2     -5.938     -2.968      3.235
 196   75     -3.494      3.628     -3.352
  53   90     -3.804      0.416      3.712
  36   24      9.992      1.809     -3.743
  58  197      9.343      4.833     -1.707
  31   56      5.022     -4.007      2.561
 195   10      8.507      3.318      2.977
  -1   59     -6.670     -7.751     -4.239
 188  176     -2.172     -2.900     -7.298
  73   54      6.301      7.224     -7.971
  61   45     -1.568     -4.561      9.188
  84   48    -12.172      7.029     -0.934
  37   23     -8.867      3.047     -3.540
  20   69      3.441     -7.797      3.529
  46   22      4.421      3.696      3.178
  55   33    -11.137    -10.742     -4.943
 149    7    -10.260      5.089     -9.582
 151    0     -4.279      2.574      3.525
  42   73      4.668    -10.933     -5.161
   0    6    -12.286      1.609     -5.380
  11  158      7.339      2.385     -4.208
  49   70    -11.128     -9.112      2.573
  -1   -2    -10.717     -5.752     -9.935
  68   76     11.053     -1.537     -4.838
   8  155     -0.165     -9.793      4.902
  16  111     -0.782     -3.628      8.681
  92   78     -9.523     -9.530      2.908
  74  148      2.792     10.081     -7.676
  90   67      3.079      0.031     -8.161
 147   31      6.318     -6.104     -6.110
 102  104      4.173     -4.907      0.965
  18   28     -6.748     -5.644     -2.457
  50   25     -2.672     -8.422      8.483
 112   47     -2.555     10.793      8.536
 214   53     -2.212      4.115      3.062
 124  165     -4.273     -8.866     -1.159
 123   86    -10.894     -5.374     -7.075
  -1  120     -1.018     -5.917     -9.759
  86   58     -2.067      6.421      5.547
 174   91     -4.026     -8.686     -4.532
 180   62     -3.470     -7.847      2.687
  14  101     -6.531     -7.998      2.236
  26  118     -6.941     -3.123      9.062
  71   96      3.874      0.061     -1.725
  52   41    -11.854      6.284      2.024
  87   60     -8.747      5.900      3.602
 171   18     -4.725     -0.926     -7.533
  98   79      1.742      2.278      2.432
  72    9     10.856     -9.111     -0.315
 237  110      1.254    -11.340      9.125
 145   27      0.667     -9.075     -4.486
  79   71     -8.134     -5.598      4.423
 179   51      4.725      8.331     -1.730
  41   95      7.923     -6.745      9.797
  69  166      8.846     -4.213      7.287
 163   14     -3.825     -8.982      5.200
  23   -2     11.696     -5.703      2.282
 144  234     -3.427    -11.603      3.728
 169  167      3.321      2.393      7.417
  82   -2      3.914    -12.035     -8.959
 106   72     -1.369     -6.902     -5.960
 139   34     -9.771      4.103     -1.447
 148  132      0.868      8.901     -8.830
  99   30    -11.986      2.408     -3.387
  96   63     10.375      7.341     -5.868
  88  228      5.533     10.509     -8.887
  62  226      3.727    -10.581     -3.918
 136  130     -0.591     -9.166     -6.879
  78   94     -0.496      4.027      0.703
 118   52     10.746     -1.538     -9.316
 197  153     11.263      5.291     -7.056
  -1   77      5.576      6.942      2.197
 134  119     -5.808     10.298     -0.755
  51  141     -0.665      8.122      8.034
  -1  201     -3.376      5.498     -3.089
 143  106      7.812     -1.170     -8.985
 132  136     -7.593      3.309     -2.904
  45   49      0.631     -2.410      1.085
 117   66      5.640     11.676     -9.129
 113  116      0.348     -0.572     -2.812
  81  126     -1.922    -10.677     -9.659
   9   74     11.522      4.163     -4.466
 125   92      5.390     -2.508      6.764
  29  143      9.050      8.180      6.037
 129  161     -5.927     -5.345      6.775
  89   83     -2.016     -9.339      1.474
  39   42     -9.097     -1.349     -2.144
 181  122     -3.141      7.379     -9.162
 114  208      2.467     10.577     -1.079
 226  114     -9.655    -10.817      7.137
 108   65     -5.937     10.478      4.856
 127  182      7.074      9.085      5.449
  -1  150      2.693     -2.926      7.917
  94  117      7.752     -7.253      7.134
  91   82     -8.418      7.526      9.065
 172   -2      5.374    -11.450      7.865
  93  186      0.376    -10.437      0.485
  38   43     11.343    -10.139     -7.551
  85   37      5.518    -10.398     -5.772
 243  162     -2.056      4.332      0.001
  63  123      9.976     -9.090      0.254
  66  149     -7.647     -6.386     -8.224
 135  142      9.783     -3.352     -6.683
  57   35     -9.881     -1.912     -3.512
 115  145     -0.825     -1.061     -4.628
 104   44      0.396     -2.016      3.894
 121  171      1.101     -2.952     -1.163
 153  102     -1.005      1.128      2.169
  32  179     -8.002      4.934      8.544
 175   80     -1.314      7.055     -8.428
  30  180      3.819      7.164      0.662
  -1   -2     -5.611    -11.704      4.119
 217  178      2.527      0.622      7.080
 101   93      4.512      0.686      5.824
 105  194     -9.989      2.218     -3.521
 137   68      2.801      7.641      4.457
 103  157     -7.564     -6.556      2.510
  95  129     12.015      8.238     -3.299
  70  227     -2.091      9.497     -9.242
  77  108     12.005      9.621     -6.403
 141  147     -4.571      8.973     -1.593
  64  134      1.861      5.630     -9.516
 184  146     -7.346     -9.999      1.933
 173  103    -10.988      8.707     -2.449
 138  173      6.754     -4.106      7.954
 152  159    -10.981    -10.031     -1.588
 159  135     -6.329     -8.381      6.083
 100  185     -4.797     -6.413      6.594
  34  133     -9.480      8.572     -1.090
 205   39     -3.336      0.541      3.984
  97  202      3.663     -6.438      6.899
 116  152     11.141    -10.438     -0.787
  54  156      4.507      9.160      5.520
 130  125      5.850     -9.146      6.938
 140  131      8.990     -6.429      5.710
 166  174      4.133      9.545      8.846
 178  188    -11.717     -8.039      0.559
 164  164     -0.666    -11.412      0.277
  -1   61      1.256     11.817      6.454
 244   -2      5.381     -9.330      1.095
 209  240      3.909     -2.408     -9.359
 177  187     -3.012      5.986     -9.017
 231  160     -1.821      1.032     -3.742
 170  236      4.262      4.845      5.908
 207  184    -10.201     -2.799      3.195
 109   97      4.780     -2.430     -5.871
 161  109      3.425     -7.047      3.574
 185  154     -1.194     -7.616      3.842
 111   88     -1.477      5.736     -8.020
 206   99    -10.336      0.825     -7.558
 158  169     -2.218      4.576     -0.016
 190  181     -1.860      5.944      2.686
 193  140     -4.996      1.417     -9.535
  -1  193     -0.957      9.181      1.378
 157  191     10.249     -7.214     -7.936
 208  124      3.802     -9.590     -9.363
  76  113      4.303      4.090     -5.648
 187  238      9.236     -6.390      4.468
 156  190    -12.159     10.288      0.400
  -1   -2     -2.788    -12.125     -4.151
 191  163     11.393     10.478     -8.612
 182  139     -7.251      9.520     -7.084
 192  172     -5.741      8.615     -1.836
 119   81     -5.441     -1.027      8.587
  -1   -2      9.654     -3.169     -4.859
 165  183     10.585      5.718     -3.014
 146  198     11.098     -1.731      3.048
 201  239      9.547      4.389     -7.592
  -1   -2      0.506      8.709      1.619
 202  207     11.162     -8.527      2.340
 186  204     -7.136    -12.167     -9.264
  -1  189      4.672      9.575      1.044
 122  231      3.670     -8.125      8.376
 128  232      5.344      0.648      6.012
 212   -2      3.948      7.215      5.972
 203  195    -11.610      7.264     -7.411
   2  177     -5.219    -10.896     -6.289
 176  192      2.178      8.664      9.114
  -1   -2      2.222     -9.117      7.585
 200  199     -4.648     -8.004      3.054
  -1   -2      9.560     -9.493     -1.488
  65  121     -1.658     -8.226      4.772
 250  151     -6.456      7.222     -3.945
  -1  175     -3.589      3.413     -5.658
  -1  138     -8.796      0.940     -4.697
  -1   -2     -8.404      6.827      1.821
  -1   -2     -1.756     -7.362     -8.359
 183  209      2.551      6.895     -6.859
  -1   -2     -4.522      5.458     -0.761
  -1   -2     -2.242     -3.197     -7.595
  -1   -2      5.187      5.747     -5.827
  -1   -2    -10.355     10.487     -2.870
  -1   -2     10.520      1.343      1.006
  -1   -2     10.595     -2.517     -0.036
  -1   -2      3.811      8.779     -1.205
 229  217    -11.025     -0.493      7.633
  -1   36     -8.284     -8.860     -9.907
 154   -2      3.040      9.779      9.498
  -1  218    -11.939     10.485      3.138
  -1  100      8.912     11.900      5.688
 235  224    -10.904      3.453     -3.111
 167   -2      9.080    -12.078     -2.481
 131  233     11.882    -12.064     -3.764
 189   -2     -5.423     -6.493      7.616
 239  244     -8.778      2.499     -6.262
 120  230     12.315     -7.392     -0.727
 107  229     -4.886     -5.771     -0.577
 238  243     -0.443      6.831     -6.490
 155  235      3.811     -6.825     -5.718
 233  242      5.693      2.676     -9.603
 150  203      4.430     -9.347     -0.824
 247  245      7.927      8.970     -3.285
 245   -2      3.307    -11.788      2.989
 230  241    -11.757     -6.649      6.324
 248  210      7.594      7.311     -1.971
 241  144     -1.619     -8.446     -6.549
  59  225      2.772      7.086     -7.277
 249   -2     13.735     -4.132     -2.678
 251  246     -9.091     -9.232      4.969
 252  247    -13.088     -7.471     -0.677
