259
   6    9     -9.829     -0.155     -3.295
  -1    1     -6.086    -10.983     -9.948
 173   43     -1.995     -2.986      5.840
   0    0     -0.618     -6.882     -9.709
   9   25     -2.743     -5.239      4.002
  44   30     10.990     -9.824     -1.498
  72  108      0.661     -4.943     -0.318
   1    2      2.060     -5.142      9.040
  24   22     -3.144     -7.299     -1.481
 215    8     -0.938      1.533     -3.105
   7   40      5.087     -5.387      6.733
  60   27     -5.672     -5.394      4.330
  32   19     -0.587      3.233      2.999
   4   24    -10.703     -2.771     -5.087
  14  102      4.010    -10.907     -5.567
  15   18     -4.456      6.755      3.983
  56  111      6.395     -6.942      2.024
  25    3      3.580      3.926      7.097
  29   57      2.772     -9.986      9.449
  23   14     -2.713     -9.426     -2.412
  17   26      1.239     -0.731      6.175
  42   15     -8.284     -1.410      7.981
 217    4      7.239     -9.300     -5.262
  40  197      0.832     -7.504     -9.380
  21  206      5.978     -2.524     -3.099
  26   12     -3.131     -6.029      6.484
  18   53     -5.826     -5.843      7.920
  20   -2      8.850     -1.406     -9.426
  66   20     -0.545     -7.186      9.884
  22  250      4.679     -5.187     -3.318
 202  162      7.721     -1.904      1.088
  12   42     -1.077     -3.909      4.173
 107   17      9.016     -0.576     -4.572
  45   29     -9.131     -4.733      0.975
  30   13      5.253      3.322     -4.352
  36   59      0.454     -5.589     -1.253
   8    5     -0.011     -7.335     -3.753
  62   38     -0.494      5.862      0.601
 210   32     -4.096    -12.067     -5.038
  65   55      0.234     -2.265      1.889
  41   69     -4.889     -5.852      0.088
  43  205      1.845    -10.661      0.237
  46   49      4.290     10.161     -6.698
 157   37      3.758      5.023     -4.291
 127  219      1.996     -9.732     -2.025
  75   82      8.042      4.288      1.670
 177   41      4.120     -0.489      5.065
   5  137     -5.084     -8.641     -7.938
  39   33      4.609     -1.641     -4.127
  81  192     11.621    -10.326     -7.276
  47  208      6.289     -4.676      1.000
  11   10     -5.385     -4.442     -3.505
 216  169     -0.169     -3.495     -8.762
 104   89      6.448      0.052      7.156
  31   67     -7.521     -4.967     -4.750
  51   46      0.636     -1.177      1.954
 115   61      9.184     -3.637      1.110
   3   35     -2.032     -8.344     -7.826
  95  135      6.507      5.657     -3.541
 200  124     10.449      7.959      3.785
  27   51      0.337     -9.136     -8.754
  59   21     -0.953     -0.461      9.726
  -1   -2     10.311    -11.257     -9.962
  89   80     -9.131     -3.169      3.245
 114  103     -7.354     -4.054      6.620
  85   23     -3.998     -5.635     -9.752
  55   83      7.269      6.171     -1.647
  84  132      0.582      9.246     -6.640
 150  183      5.409      0.739     -8.044
  86   74      2.353     -3.561      8.366
  77   66     -9.607      3.888     -5.102
  69   90      0.217      8.785     -6.459
 130  125      0.730      3.115     -2.798
  71  136    -10.475      3.167     -5.134
  88   60      3.115     10.090      3.545
  94  110     10.095      8.625     -2.586
  79  147      3.712    -11.763     -4.126
 205  223      5.061    -10.835      6.953
  99   56      5.663     -4.961      5.751
  90   92    -10.884     -8.167      0.754
  48  251      9.767    -11.733     -3.509
 140   72     11.941     -9.582     -6.430
  68  123     -9.313     -7.744      0.237
 116   31      1.966      7.215     -5.934
  49  252     11.456    -11.343     -0.238
 103  118      1.441      9.794     -9.343
 112  109     -8.604     -5.929      0.696
  57   77     -2.840     -0.270      7.858
  74   75      6.778      3.252      9.381
  -1   -2     -6.023     -3.139      7.676
  83   86      3.670      1.714      5.520
  80  122      5.789     -9.744     -6.663
  70  213     -5.079    -10.097      3.565
  91   79      7.197     11.073     -4.026
 131   58      0.705      6.711     -3.075
  61  121     -0.060     -8.792     -0.509
  -1   -2      7.661      2.025      9.807
  13   16      0.947    -11.783     -2.107
 100   93    -12.073      7.104      1.219
 252  195      3.726      4.510      6.398
 152  148    -10.061      9.307     -2.162
  33  141      1.122      0.249     -0.540
 134  152    -10.363      4.861     -2.411
 102   99     -9.057      8.862      3.369
  64   28     -3.233      2.914     -5.302
 113   76     -5.051      5.639     -7.795
 121  241      7.071     -6.430      6.636
  16   11      3.959     -1.923     -9.417
 136  105    -12.223      3.363     -4.899
  53   81      3.053      2.998      1.441
 169  129     -3.830      4.653      3.570
  34   45     -7.288     -9.794      2.151
 119   52     -2.232     -1.319      4.551
  82   94     -8.747      8.710     -0.798
  67  133      4.237     -0.040      8.070
 167  117      7.250      0.963      9.571
 231  211     11.454      9.564     -6.126
  97   50      3.848     -4.987     -2.714
  92   62    -11.026    -11.234     -7.316
 109    6     -7.054     -7.981     -7.312
 135   48    -10.351     -0.821     -5.022
  10   63      0.699     -3.872     -1.613
 120  185     -2.546     10.478     -8.669
 117  154      3.025      0.377      8.540
 192   95    -10.219      1.299     -0.016
  52  127     -1.001     -7.834      1.842
 108  131      7.435      1.559      1.434
 124   98      8.502      5.710      6.827
 122   -2     -9.218      2.372     -0.771
 125  114     -0.624     11.662     -7.616
 156  175     10.624      9.463      2.514
 178  143     -5.597      8.737     -0.106
 101  116      5.254     -6.788     -3.655
  -1   -2      1.509     12.062     -7.584
 221   70     -1.241      2.478     -0.380
 129  139     -2.579      9.227     -9.015
  98  112      5.754     -0.554     -0.061
  19   44     -5.693     -4.374      1.440
 141   97     -6.305      5.298      1.849
  96   78     11.432      3.625     -6.943
  93  156      0.291     -8.379     -0.313
 126  157    -12.131     -7.763      0.612
 161   68     -2.182      8.654      1.035
 151  150     -7.672      8.331     -5.237
  -1   -2     -2.790     -4.063     -2.424
 191   -2     11.072     -1.423     -6.420
 110   87    -10.850     -5.465     -1.103
 118  159      3.152      6.915      6.039
 154  145     -2.900      8.411      3.872
  87  254      4.148    -11.282      4.781
 147  101     11.903     -4.099     -2.617
 137  134     -2.572      8.538     -6.849
 106  140      1.600      6.494     -6.018
 132   47      1.739     -2.443     -8.674
 164  138     -3.065    -11.488     -1.662
 197   -2     10.651      5.572     -3.345
 146   91    -10.588     -3.747     -8.960
 138  199      0.272      7.577      2.315
 186  164     -2.815      1.099     -4.370
  38   -2      6.139      1.821     -5.300
 155  160      5.009      8.517     -0.232
 207  261      1.702    -11.116     -2.778
 139  107     -2.140     -0.453     -2.914
 168  155     -5.384     11.483     -1.068
  63  172      8.015      8.037     -3.864
 211  177     -3.779      8.532      0.102
  -1  226     10.042     -1.534     -4.701
 182  130    -12.041      2.845     -7.235
 160  158     -8.975     -8.137      0.309
  50  237     -0.089    -10.220     -7.085
  54  165      1.238    -11.513      2.458
 144  167      1.066     11.425     -9.434
 193  163     -6.897    -11.483     -0.446
 190  215     -3.437      4.857      3.971
 251  201      6.872     -9.621      1.790
 170  126      9.157      6.287      4.955
  -1  119      1.000      1.151     -7.837
 189  181    -11.995     -7.383     -1.700
  -1  115      1.926     11.701      8.507
 128  128     -1.100     -7.105      1.268
 162  191     -5.319      4.769     -4.924
 143  198     -5.162      6.701     -5.043
 179  180    -11.296     -9.750     -4.512
 123   71     -1.661    -12.049     -3.950
 198  187      3.370     10.471      6.158
 133  256     -5.587     -7.660      2.598
 204  168     -3.652      8.356      0.048
 195  188      7.209      7.897     -7.246
 158  146     -3.508      1.199     -6.884
 180  120      2.096      7.285      8.373
 172  182     -2.099      6.050      1.850
 187  194     -6.455      0.511      2.172
 171  142     -3.585     11.626     -9.757
  -1   39     -3.336     -8.577     10.068
  78   88     11.068      2.471     -3.365
 111  255     -9.189      9.439      1.464
 181  184     -4.298      2.466     -5.485
 174  258      9.130     -1.011      1.086
 184  173      4.099      7.497      6.283
  -1  196     -6.656     -3.926     -2.348
 185  161     -3.713     -8.748     -1.768
 259   -2      0.617      1.914      7.593
  58  171      5.114      0.814     -7.967
 153  176     -9.019    -11.439      5.241
 176  259      8.223      1.184     -3.430
 165  178     -5.158     -1.496      5.513
 166  204     -7.335     -2.662      5.650
 209  186      7.916     -9.742      6.671
 233  193     -6.649     10.391     -2.086
 105   84     -5.762     -8.059     -3.810
 208  212      7.372     -3.470     -9.837
 148   -2     11.806      9.875     -7.570
 188  202     -6.573     -4.831      1.820
 241  189      1.109      5.398      7.906
 194  217    -11.440      9.495     -3.759
 159  203     -8.230     -5.741      5.136
 232  174      6.970     -7.531     -2.444
 218  218    -10.736     -7.278      3.740
 196   -2    -11.166     10.187     -9.276
  76  253     11.907     -6.184      1.341
 222  200      9.744      6.474      6.331
  -1   -2     -3.620     -3.245      0.345
  -1   -2     -6.606     -4.683      5.687
 250  220      5.281      1.477      3.252
 212  179      8.004      0.264      0.651
 219  262     -2.650     10.253      3.800
 229  224     -8.662      4.088     -4.328
 230  222     -9.695     -3.290      6.221
  -1   -2      0.486     12.110     -7.405
 227  232    -10.513     -0.682      2.605
 213  234    -11.055     -9.324      3.027
  -1   -2     11.852     -6.204     -6.921
  -1  235    -11.493      0.920      6.601
 199  209     -5.574      0.696      4.358
 235  236    -12.459      7.631     -1.930
 237  243    -12.939     -6.824     -2.860
 201   -2     11.198     -5.327      4.798
 239  239     10.078      2.574      9.281
 258  245    -12.290     10.874     -0.434
  37   -2      7.869    -11.617      9.112
  -1  249     10.490      7.274      2.468
  -1  246    -13.164     -2.001     -4.258
  -1   -2     -9.002      4.821     -9.668
 220  149     10.667     -4.103     -6.264
 149  257     -7.608    -10.357     -2.387
  73  100     -7.646     -8.859      0.935
 223   -2     -6.950    -11.980      3.750
 248  228      5.655     -7.409      0.267
 214   65      3.189    -10.974      0.662
 183  260     10.442      8.722      5.555
 254   -2     -9.211      2.414     -6.818
 203  216      6.220     11.729     -5.356
 243  247     -3.928     -1.650      8.345
 238   -2     11.536     -7.407      5.820
 240   -2      9.983      9.521      8.501
 225   -2      0.594      1.960     -8.464
 255  263      0.490     -5.338      8.174
 253   -2     11.708      3.325      8.197
 256  264      8.189      8.218     -6.483
