239
  21   18      8.962     -1.355     -6.984
   2   15    -10.975      2.288     -3.522
  42   75      1.046     -8.345      0.063
  44  103      7.403     -5.472      5.298
  10   11     -8.654      3.639      3.496
  26   14      3.781     -5.437      0.198
   3    3     -7.380     -8.554     -9.012
 212   91     -3.408      8.091      7.194
  80   -2      9.405      0.535     -9.911
   0    0      9.147     -2.094      6.493
   1   24     11.121     -0.989     -7.629
  49   48     -9.482     -3.702     -2.070
  84   88     -9.013     -4.090     -4.028
  34    2     -7.145     -0.906      0.227
  45   92     -9.220     -5.580     -6.321
   6   33     -5.224     10.334     -7.549
  28  170      1.673    -10.816      7.924
  54   12     -2.657      7.415      3.971
  18   20      7.368     -3.798     -2.596
  55   45     -1.263    -10.751      9.583
   5   10      0.417     -8.292     -9.839
  15   42     -3.169     -4.504     -4.838
  89  115      7.720     -6.453     -9.847
  27   29     -9.931     -8.793     -0.817
  17    4      0.381    -11.733     -7.866
   4   30      3.492      5.819      0.935
  68   52     -5.828     -8.449     -3.524
 195  176      5.054      3.641     -5.062
 131   28     10.375      3.582      1.911
 171   27      3.549     -3.996     -3.144
  38   59      2.168      6.915      5.369
  59   71      7.323     -9.355     -0.967
  13    6      2.132     -7.763     -7.076
  25   99    -10.847     -5.431     -4.317
  64   39     -8.788     -6.485     -2.597
   7   46     -9.777     -2.290     -0.635
  46    8    -10.631     -0.825     -5.350
  41   60      3.657      7.008      0.082
  33   36     -5.116     -4.099      3.207
  72   57     10.505      1.586     -2.615
   8    9      2.642     -4.285      5.041
  63   -2     -6.050      6.631      8.240
  11  149     11.643      3.667     -6.956
 128   16     -5.240     -8.247      4.903
  20   19      1.946      5.687      2.870
 105  116     -5.766      3.603      2.547
  92   49      3.927      8.068      1.804
 134   51      4.963      2.964      2.397
  16   56      6.337      4.885      6.694
  58   69      6.795      2.533      9.683
  57   21     -0.078     -6.625      2.537
  69   43     -6.634      4.279      5.868
  31    7     -1.610    -11.023     -7.207
  70   23     -3.646     -5.700     -6.968
  86   44      0.905      1.439     -7.325
  14  105    -11.521      7.244      0.603
  -1   84      9.959     11.057     -1.886
   9   41     -0.382     -5.067      4.920
 107  201     -5.977      7.070      1.414
  75   58      2.638     -6.648     -2.599
 121  120      7.530    -11.302     -1.879
  97  124     -0.431      9.910     -9.275
  74   55     -5.812     -0.109     -1.263
 138  173     -7.132     -2.189      1.433
  19   68    -10.711     10.425     -1.700
  47   95     -5.256      8.056     -7.934
 215   76     -5.846      7.477     -8.428
  56   35      1.937      0.809      0.734
  30    1      5.791     -6.318      1.238
  73   70     10.560     -5.417      2.334
 149  130      1.779     -4.074     -3.398
 111   31      1.819     -8.054     -4.396
  -1   -2      3.393     -5.644      4.788
  66   38      7.932      0.506     -1.049
  62   82      4.446      6.266      5.436
 106   32      3.493     -8.741      2.944
 180   26     -9.537     -9.415     -8.368
 133   90     -2.180      2.476     -1.430
  -1   -2      9.989      1.071      0.930
 118  227     -6.523    -11.602      4.501
  -1   -2      0.325     -3.096      4.001
  -1   -2      7.446     -7.265     -2.007
  88   79      3.167     -6.775     -9.939
  12   89      8.204      4.136      4.550
  85   61      1.185      4.841      2.239
  37  112     -5.851      9.278      0.926
 172  169     11.332      6.924     -2.315
  29   50     -6.962     -1.540      5.264
 202  185     -9.063      8.899     -5.907
  23  164      5.733     -9.784     -2.208
 146  160     -1.066      2.131      6.144
 108  125      7.979     10.587     -4.338
  96  157      9.395      1.871     -3.836
  90  111     -3.737     -2.220      4.553
  71   81     -6.654     -5.794     -2.013
 135   -2     -1.277     -2.526      9.523
  24  204      2.556      4.397      6.985
  39  203    -11.951      2.044     -6.739
 152  229     -4.010      3.660      7.427
  32  172     -3.267     -2.728     -8.209
  65  110     -4.472     -1.316      8.675
 161   98      7.489      7.123     -5.548
 136  146      7.229     -4.863     -2.057
 156  106     -1.307     -4.238     -7.456
 122  143      7.213     -4.091     -9.686
 147  166     12.108     -7.696     -3.010
 126  186     -9.292     -7.009     -8.677
 205   64      3.096      8.768      5.885
 240  142     -7.704      5.623     -7.421
  83   62      0.306      3.215      3.873
  94   25      9.434    -10.357      5.126
  77   66     -4.498      8.888      5.255
  76  114      5.548      5.858     -7.913
 129   63     -0.359     10.821     -4.339
  60  225     -4.751     -2.765     -3.519
  -1   -2     10.039      6.389      5.776
 159  175     -8.560     -1.748     -3.975
 158  194     -8.165     -7.085     -4.364
 154  123      0.958      8.844     -4.889
  35  195     -5.245     -1.248      0.046
 220  108     -4.933      7.036      2.277
  -1   -2      0.506      7.214      3.974
 190  198      1.401     -8.729      1.230
 224  136     11.641      5.124     -6.382
 169   85     -4.315     -9.486     -4.001
  -1  183      6.746     11.210      4.326
  51   80      9.399      4.924      6.447
 176   87      8.662      4.904      5.998
  50   54     -4.837    -10.892     -8.340
  48  101     -6.352      2.771     -1.243
  79  117     -4.647      6.279     -3.349
 209  127      0.831      9.479     -9.002
 141  168      5.180      5.588     -8.194
  -1  129      5.896      8.646     -0.633
  78  178     -9.332    -10.865     -6.486
  87   83     -1.455     -5.142      4.713
 160  189     -6.211      6.142      7.809
 145  104      4.704     10.576     -2.325
 112  159     11.480      5.765      1.727
 132  184      4.233     -1.159      1.177
  36  224     -5.467    -10.177      9.748
 151  200      9.678      3.235      2.079
 164  100    -10.417      3.206      2.542
 226  182      3.422      3.070     -2.412
  -1  148     -3.188      2.297      7.370
 140  199    -10.756    -10.766     -5.767
  61  139      0.615     -9.661      8.703
 143  109      2.505      1.993     -1.024
  22  121      3.751     -0.542     -7.374
 102   22     -3.323      0.504     -6.374
  99  202     -4.646      4.142      1.586
 127  150      6.346      6.963      9.509
  -1  135     -3.391      0.252      0.022
 237   67      4.130      5.385     -1.593
 221  137      2.781      2.282     -1.263
  98  107     -2.046      3.348     -5.117
 188  163      1.932    -11.301      3.361
  -1  213      0.505      8.387      9.833
  -1   -2      0.789     11.731      3.132
 148  132      4.284     10.098     -6.656
 217   -2      3.418     -4.233      4.455
 182  158      1.220      6.625      3.365
 124  131    -11.866     -3.905      0.962
 181  215     -6.559      4.128     -8.891
 120   34      7.361      8.714      2.435
 114  226      9.770      6.438     -8.312
 162  153    -11.988      5.851     -6.765
  67  147     -2.869     -9.539      4.229
 125  118     -5.908     -4.238      4.233
 130  128      6.707     -9.285     -8.127
  40   65      1.822      8.107     -7.872
 236  193     -1.773      2.041      1.621
 201  145      6.904     11.595     -8.124
 225  192      6.060     -1.640      1.122
 183   74      0.700    -10.257      3.720
 200  155     -9.605    -10.405     -0.470
 166   73     10.380     10.199     -8.362
 194  190     -3.180      9.139     -7.686
 139  179      8.662     -1.881     -6.279
 137  181     -5.230      2.657      6.238
 189  165      9.016      6.182     -7.028
 103   -2      1.065    -11.892      4.386
 211   96      4.192    -10.380      2.289
 177  171     -7.406     -9.444      9.518
 179  151      1.430      1.285      0.198
 165  218     -8.494      5.186     -7.258
 100  167    -10.876      5.536     -5.138
 170  231     -9.549     -6.341      2.334
 187  197      8.217     -5.913     -9.124
 184  205      3.396      1.085      1.468
 123  196     11.121     -1.729     -2.029
 191  177     -7.366      0.338      1.698
 109  126      1.693     10.661     -5.125
 155  162      0.524     -4.142      6.214
 233    5     -0.702     -3.012     -1.868
 206   -2      2.445      4.009     -2.590
 229  141     -0.507      4.064      0.765
 193  102      6.405      7.930      5.187
 113  161     -5.517      5.204     -1.903
 238   -2      8.114    -11.473      8.610
 115  210     10.415     -8.653     -2.905
  52  219      1.803      8.502      5.437
 101  187    -11.666     -7.133      2.303
 178  206    -11.043      6.349     -9.050
  -1   94     -1.070      7.638     -6.540
  93   -2     -9.959      6.961     -7.598
 153  134      9.107     -2.567      2.400
  -1   -2      5.591    -12.095     -4.659
 168  230      6.262      9.129     -4.604
  -1   -2      5.034     -1.784     -0.366
 219  152     10.251      7.909     -3.202
 167  208     11.927     -9.754      0.253
  -1   -2     11.092     10.974      3.823
 174  232      0.745      4.165      7.592
 204   -2      3.300     -4.530      7.660
 142   37      2.780      3.742      9.193
 228  212    -10.918      9.833     -9.593
 185   13     -3.549      4.557      9.070
  -1   47     -3.584      4.391      3.656
 210  221    -10.694      1.572      3.077
 119  228     -3.725      4.478     -7.127
  81   17      0.909     -3.068      5.173
  43   86      9.240      1.044      6.141
 199  133     -1.589      0.826     -8.305
 196   -2      0.584    -12.492     -8.851
 239  144     -1.169      6.902      6.448
 223   -2     10.757     -7.643     -8.915
 198  234     -2.774     -9.956     -4.611
 197  233      1.622     10.686     -8.860
 203  113      6.949     -7.570     -1.260
 214   -2    -10.039    -12.500     -7.557
 207  209      5.863      6.541      9.315
 234  239     -2.629     -1.099     -6.343
 231  237      4.607     -8.114      9.561
 222  235     -2.665    -11.244     -1.977
 230  236      9.072     -9.495      9.272
 235  240     -4.155     -9.558     -2.780
 232  238     -2.470     -8.775      7.356
 241  241     -9.973      5.801     -2.034
