229
  72   33     -5.324     -6.638     -5.442
  27   42      5.744     -6.604      4.260
   4  106     -0.701    -11.495     -9.223
   2    9     -0.111     -3.855      5.018
  75   17      7.677     -1.558     -2.338
  17   82     -5.784     -7.621     -7.180
  93   12    -10.804     -8.884      3.018
  28   15     -9.686      6.176     -0.383
  10    5     -4.298    -10.227      2.621
 179  176     -9.489      4.330     -8.295
 104   80      2.003      3.144      9.285
  56   44      1.923     11.481     -7.903
  29   22      5.738    -10.599     -2.651
  62   34      2.859    -10.833     -3.484
  71   37      0.128    -10.591     -6.484
  13   64     -8.557     -0.998      1.326
 170   14     -4.155     -0.190      2.561
  50    8     -1.134      0.117      7.999
  -1  154      7.866     -5.942      5.596
  81   74     -9.039      5.414      4.881
  20   11     -7.029     11.393      2.141
 138   21      8.776      0.557     -1.161
 171  103     -8.252    -11.649     -9.081
  35   32      0.362      5.068      6.712
 174   31      3.779      2.971     -8.305
   6    3     -7.950      3.147     -4.440
  47   30     -2.301     -6.332      9.273
 105   68     -8.931     -9.123      5.610
   7   38      7.160     -6.755      2.849
  53   -2     -1.733     -0.651     -9.441
  14    4      4.313      1.349     -4.688
 103   23      2.508      4.357     -6.555
 122  116    -10.320     -8.476     -2.545
   5  151      5.832     -7.043      8.949
  86   47      7.631     -4.122     -2.685
  96   97     -8.848     10.368     -2.276
  51   43    -11.035     -4.020     -0.840
 128  124     -9.417     -3.639     -4.211
  77   10      3.688     -1.353      8.222
  16   16     -1.293      1.488      0.036
  91    1     -8.815      4.879     -8.677
 107   18      2.467     -9.062     -5.275
  33   54      0.488     -5.371     -8.243
 126   13     -0.309     -1.064     -2.962
 141   26     10.647     10.065     -9.298
  49   56      6.601     -6.062     -4.657
  90   87     -4.576      3.542     -8.845
  23    6      5.594      1.670     -3.766
  52    2     -2.890    -11.473     -7.986
 101  173     -1.622     -6.986     -1.682
  60   50     -9.337      0.171      1.967
  21   71     -4.962     11.162     -8.323
  34   35     -4.733     -3.194      2.400
  85   96     10.126      8.723     -7.104
  84  108      3.502     -5.963      4.295
  82   59     -0.024      7.046     -0.776
  55   75    -11.594    -11.379     -1.488
  32   41    -10.618     -5.397     -1.936
 108   29      0.432     -8.229     -5.078
  66   55     -1.919      7.405     -8.178
 215   49     -2.788     -8.177     -3.858
  98  118     -5.819     -3.856      9.057
  61   48     -7.131     -8.454      2.643
  -1   70      9.138     11.666     -8.765
  31   36     -4.120     -3.911     -8.258
  63   77      3.602      6.578      0.263
  95  139      6.920      2.973     -3.412
  67  122     -6.874     -2.633     -2.255
 191  129      5.964      0.458      7.822
 109   72     -6.057      2.248      5.353
 120   91     -6.501      7.309     -9.323
  74   53      2.701    -11.351     -1.956
  15   51     -8.505     -3.357     -0.318
  65   63      8.555    -10.792     -2.434
  70   28     -1.845      6.475     -4.017
  43  115     -3.778    -11.222      4.792
  -1   -2      7.139     -1.058      3.760
   1   90     -1.429     -6.455      2.272
  89    0      9.388      8.929      4.967
  37   69    -10.578      6.545     -8.309
  18   98      9.234     -0.816     -5.838
 134   99     -7.031      5.089      6.555
 106   46     -9.329      9.241     -6.873
  45   95     -6.508     -4.947     -1.119
 131  153     10.091      4.341     -6.184
 133   66     -0.357      1.533      4.245
  41  150    -10.332     -9.711     -8.314
  48  101      4.105     -8.489      1.051
  76   65     -9.511      2.991      1.435
  19   25    -11.708     -2.422     -5.923
  92  201      6.505    -11.933     -4.724
 140  111      7.963      5.204      0.977
 149   61      3.531      2.101      3.377
  64  188     -9.295     -2.097      1.091
   3  196     -2.968      1.040      1.093
  46  100      0.307     11.153      7.767
  94  102     -1.978      0.927      4.129
  99  135     -5.033      1.557      2.831
 121  114     -8.608     -5.246      0.984
  24  199     -8.032     -0.130      0.445
  80    7      4.286     -2.684      1.655
  88   60      3.260     -7.143      4.615
 143   84    -10.085      3.879      0.297
  -1   -2     -4.714      4.925     -8.387
  42   86     -1.064     -2.433     -0.853
 112   89     -1.529      8.781     -5.651
 124   -2      2.448      5.421      6.973
 132   88     -4.563      9.549      2.929
  57   67      7.317     -7.999     -4.638
  58   -2    -12.133     -7.310     -3.714
 223  216     -4.542     -4.884     -0.110
 189  190     -6.352      1.468      8.652
 102   20     -8.403      1.933      3.901
 129   52      9.483     -5.557      0.320
 139  125      1.166      4.399     -5.605
 177  138     -5.321      3.559      9.182
  30  179     -5.601     11.284      8.241
 127  162     -8.499     -8.298     -2.776
  44  147     -3.974      2.622      3.783
 209   73     -5.504     -0.224      8.377
 116   57    -10.519     -5.827     -4.026
 169   81     -3.385     -1.356     -3.263
  54  113      9.155     -2.278      2.582
 165  121      0.857      0.364     -8.963
  39  120      5.540      6.825     -7.793
  40   93      0.518      1.574      1.256
 163  145     -2.543     -2.416     -7.427
  -1   -2     -5.020     -4.568     -4.375
 180   62     -1.748     -8.531     -1.415
   0  128     -4.051      4.722     -4.739
 118  149      6.134     10.170      6.793
 145  170      7.294      8.898     -3.642
 110   58     -8.629     -4.161      5.354
 212  141     -8.895     -2.402      3.492
  -1   -2     -5.883      8.102     -4.964
  -1   -2     -0.375     -5.757     -2.749
  -1   -2      4.404      5.413     -2.842
 137   85     -7.629      6.194      8.905
  -1   -2     11.957     11.414      0.569
  83  200     -4.473      5.531      7.626
 125  140     -7.441     -7.523      4.138
  11  197      3.283     -0.217      4.027
 155   -2     11.298    -11.494     -3.949
 117  130      0.755     -3.101     -3.223
  -1  131     -9.338      1.880     -5.407
  -1  159      4.904     11.357      5.537
  -1  157      0.087      5.251      2.329
  -1   79      9.724     11.394      2.104
 183  119     -1.915      6.810     -5.900
 146  205      5.113      5.519      6.505
 161  178     10.546     -9.446      0.704
 148   27      2.388     -6.025      4.186
 176  210     -2.539      2.131     -6.954
 181  105      6.528      5.102     -6.207
 166  163      0.332     10.040     -4.785
 222  112      3.220     -0.021     -6.466
 152  132    -11.907     -8.953     -6.285
  26   39     -2.846     -0.484      1.563
 200  169     -3.479     -0.925     -7.543
  38  136      9.197     -1.526     -7.611
  -1  107      8.521     11.197     -2.251
 119  204      2.678      0.896      5.070
 136  110     -4.259      5.276      3.896
 159  174      3.355     -8.324      1.355
  87  146     -2.670      3.788      1.928
 123  155     -3.416     -0.271      6.490
 114  203      4.210    -11.429      3.607
 218  144      2.807      2.266      1.003
 135  168     -9.745     -8.102      2.688
 130  152     11.668      0.923     -3.636
 173  164     -0.228     -5.321     -2.381
 206  161      4.657     -2.652     -4.667
 202  143     10.929      0.321      3.491
  78  127     -4.391     -3.043      6.541
 157  208     -2.577      4.082     -1.332
  -1   -2     11.057     -2.470      1.794
 186  137     -6.752      4.915     -5.940
 153  182     -8.058     -0.574      3.803
 208  160      8.121     -3.254      3.321
  12  198     -6.058    -11.626      6.268
 187  156    -11.164      9.467     -9.645
  69   -2     -7.688      2.358     -9.976
  -1  109      5.060     -7.476      0.084
  73   92      9.488     -9.045      1.618
 156  126     -7.911      5.440      8.822
 167  165     -1.728     -9.544     -0.340
 151  207     -8.035     -0.061      7.740
 158  177     -3.012      9.731     -8.403
  -1   -2     -5.362      4.621    -10.009
 162  117     -2.702     -1.721      5.541
 164  180      5.649      7.962      4.368
 188  175     -4.253     -2.405      0.026
  -1   83     -2.658     -5.589     -7.200
 216  172     -9.934     -8.873     -4.738
 185   -2    -12.078      4.932     -5.922
 201  192     -3.704      8.332     -4.258
  -1  171      8.410      2.745      9.544
  25  181     -1.079      5.798      7.080
 190  193     -0.389      7.444      3.607
 192  212     -8.554     -8.008     -2.309
 205  123     -2.313    -11.182      4.755
 195   78     11.920     -9.887     -3.529
 213  194     -8.280      0.443     -3.238
  -1   -2    -11.781      5.192     -3.077
 111  104     -3.023      5.581      4.512
 210  218    -12.177      0.876     -4.125
  22   -2     -5.661      8.217     -8.881
 115  167     -4.604     -4.365      3.279
 168  189     -4.941     -4.895      1.532
 211  184      6.199     -9.274      8.841
 142   40    -10.777     -7.387     -6.119
 204  213      5.281     -5.685     -3.755
 203   -2      5.234    -12.571     -9.000
 193   -2      6.124    -12.506     -8.996
 147  206     -9.431      2.437      7.374
 178  134     10.701     -9.050     -0.477
 160   -2      1.927    -12.189     -2.730
 144   -2     -6.050     -6.880      4.008
 100  202      5.975     -7.457     -5.286
 197  166      3.317      3.208      5.900
 172  209     -3.089      7.226      9.728
 184  211     10.163      9.184      5.845
 214   -2      7.111    -11.528      9.876
 221  215     -7.178      0.903      7.137
 220  214    -11.564      2.029      3.803
 224   -2      2.046    -11.725      7.261
 226   -2     -6.051      2.277      2.321
 225  217    -12.520     10.700     -2.637
 227   -2    -10.005    -12.562     -8.792
