253
  31   52    -12.258      1.670     -5.505
   0    3     -3.972     -5.116      6.433
  25  209     -5.257    -10.941     -6.697
  14   11     -9.881     -0.103      0.491
   7    6      2.150     -0.888     -1.783
  12   33     -5.964     -2.749      3.152
  39   27      5.990     -9.774     -6.987
   6   17    -10.454     -3.653     -3.674
  19   57     -0.344     -9.452      4.821
  22  114     11.313      4.421     -4.299
   3   25      3.095     -9.694     -6.454
 141   53      7.122      2.562     -4.082
 113    7     -0.633      1.436     -3.753
  48    8      9.322      0.563     -4.134
 148   74     -6.640     -7.840      2.147
  53    5      1.019      0.795      1.382
  61   58     -0.904     -3.406      8.633
  26    1      8.421     -6.177     -7.182
  58   64     -6.790     -5.585     -2.603
  90   22      0.493    -11.650     -0.160
 133   46      3.235     -7.441      3.446
  70   30      5.054     -7.313      0.171
 116   24      3.574     -1.717     -6.417
  32   89     11.410     -5.035      2.204
  15    4     -0.748     -5.806      5.766
  36   15     -8.758      0.635     -0.250
  33   75     -7.013     -3.014      8.996
  38   12      1.933      7.025      7.938
  65    9      3.366      3.926     -2.669
  44  116      9.061      8.951      6.222
  51  143      3.797      7.572      0.835
  66   38      4.912     -3.520      2.510
  54  141     -8.051      5.049      8.562
  23   13     -7.832     -9.151      1.918
 130  161     -9.496      8.603     -1.127
  41   -2      1.672     -8.802      5.175
  30   36      9.765      2.044     -3.603
  20   45     -8.908      3.073     -3.622
 107  130     10.961     -9.798     -7.831
  28  119     -9.123     -1.278     -2.186
  52   16      4.414      4.968     -5.795
   1   86      7.612     -6.334      9.880
  37   51      4.347    -10.791     -5.415
  24   31     -3.355     -5.746     -1.507
  21   28      0.318      4.196     -8.639
 117  110      0.518     -2.073      1.010
  77   47      4.370      4.122      3.233
  72   20      9.791      0.044     -1.375
  60   26    -10.002      8.303      5.441
  55   54    -11.182     -9.013      2.448
  35   65     -2.873     -8.221      8.452
 142  106     -0.616      8.376      8.119
  69   77    -11.851      6.328      1.975
  85   35     -3.773      0.692      3.707
  -1  165      4.602      9.770      5.644
  68   48    -11.125    -10.762     -5.125
  62   23      0.111     -7.602      6.799
  91  136     -9.899     -1.857     -3.605
 144   37      9.173      5.282     -1.555
 248  249      2.661      7.231     -7.119
  98   29     10.094      5.369     -1.285
  17   43     -1.715     -4.356      9.140
  67   99      3.442    -10.508     -4.140
  83  133      9.558     -8.667      0.080
 139  154      1.871      5.886     -9.443
 197  214     -1.780     -7.906      4.631
 143  134     -7.661     -6.205     -8.396
  94   32    -11.739     10.456     -7.590
 216   56     10.755     -1.304     -4.769
  16   87      8.576     -3.889      7.325
  81  151     -2.149      9.716     -9.138
 100   76      3.691      0.263     -1.731
  92   81     10.428     -8.694     -0.488
  34   42      6.196      7.426     -7.770
 247   60      2.671     10.209     -7.416
   9   21     -8.517     -5.207     -9.521
 109  189      4.128      4.239     -5.544
 204  152     11.847      9.844     -6.109
 124  101     -0.571      4.343      0.748
  73   84     -8.185     -5.442      4.336
 103   -2     -2.620    -11.972     -2.307
  -1  113     -2.078    -10.372     -9.916
  40   92      3.634    -11.676     -9.308
  82    2      1.918     -3.415      9.938
  84   44    -12.175      7.052     -0.984
  50  131      5.169    -10.202     -6.021
 106   71     -2.040      6.667      5.658
  97   78     -8.732      6.092      3.597
  79   98      5.407     10.654     -8.631
 236  118     -2.198     -9.069      1.360
  99   61      3.000      0.280     -8.239
  64  127     -8.435      7.643      9.089
 112   59     -9.604     -9.410      2.768
 177  129      0.150    -10.177      0.352
  42  126      7.418     -6.908      7.189
 129  150     11.886      8.648     -3.073
  46   97     10.190      7.554     -5.620
  10  163      3.511     -6.051      6.822
  88   80      1.702      2.639      2.444
  47   96    -11.987      2.451     -3.487
 111  160     -4.884     -6.189      6.552
  76  146      4.488      1.147      5.857
 138   63      4.005     -4.490      0.905
   2  149     -7.634     -6.410      2.308
  11  138      0.354     -1.662      3.818
  78  147    -10.009      2.257     -3.611
  45   93     -1.555     -6.759     -6.157
 173  239     -4.996     -5.643     -0.694
  59  123     -5.902     10.691      4.904
   8  178      4.522     -2.212     -5.970
 121   18    -10.358     -6.377      0.836
 213  181     -1.549      5.922     -7.999
  96   66     -2.496     11.006      8.596
 123  112      0.150     -0.448     -2.852
  89  121      2.492     10.951     -0.793
  93  137     -1.012     -0.946     -4.737
 136  164     10.702    -10.062     -0.982
 155  111      5.534     11.822     -8.852
 146  102     10.657     -1.165     -9.309
  18  196     -5.486     -0.873      8.538
 165  238     11.905     -6.932     -0.876
 193  139      0.895     -2.773     -1.248
 239  205      3.374     -7.764      8.396
 132   69    -10.854     -5.279     -7.221
 203   68     -4.381     -8.775     -1.325
 161  115      5.312     -2.068      6.768
 105   -2     -6.042    -11.560      2.100
  63  124      7.096      9.755      5.602
  75  206      5.330      1.148      6.049
 160  117     -6.006     -5.167      6.695
 250  166      5.525     -8.811      7.051
  95  235     11.464    -11.878     -3.983
 149  109     -7.651      3.352     -2.968
 108   14     -6.109      1.683      2.011
 125  105     -5.805     10.436     -0.681
 135  135      9.505     -3.088     -6.699
 140  100     -0.779     -8.984     -7.086
 159  148      2.853      8.086      4.568
 150  157      6.528     -3.760      7.966
  87   94     -9.793      4.129     -1.491
  57  167      8.692     -5.987      5.673
 134  153     -4.598      9.118     -1.506
 126   -2      2.641     -2.569      8.251
 119  108      7.710     -0.867     -9.000
 120   90     -3.579    -11.272      3.649
 189   83      0.455     -8.997     -4.677
 192  199     10.929     -1.202      3.132
  43   62      6.009     -5.883     -6.256
  -1   95      0.771      9.075     -8.636
  86   49    -10.227      5.341     -9.681
 211  243      4.104     -9.125     -1.178
  13   50     -4.244      2.841      3.556
 171  158    -10.994    -10.001     -1.786
 110  140     -1.015      1.453      2.161
 210  230      3.119     10.201      9.515
 199  241      3.529     -6.638     -5.907
 145  191    -12.145     10.313      0.361
 104  187      9.930     -6.867     -8.099
 205  183     -2.293      4.845      0.017
 163  159     -6.456     -8.188      6.027
 172    0      7.321      2.578     -0.038
  -1  179      3.244     -6.665      3.510
 162   -2     -4.470      5.667     -0.076
  -1   88     -3.962     -8.725      5.121
 174  170     -0.871    -11.187      0.130
 158  198     10.405      6.099     -2.847
 224  168      4.194     10.002      8.864
  56  234      8.708    -11.893     -2.730
  80   -2     -3.576      5.561     -3.770
 196   91      3.283      2.744      7.472
 252  176      4.226      5.268      5.943
 221   79     -4.759     -0.704     -7.705
   4  128      4.991    -11.041      8.008
 175  156    -11.008      8.737     -2.506
 223   72     -4.101     -8.665     -4.761
  29  142     -1.393      7.232     -8.361
  -1  210      2.261      9.072      9.148
 198  174     -3.058      6.224     -9.052
 201  169    -11.727     -7.984      0.414
  -1   85      4.649      8.658     -1.543
  74   73     -3.597     -7.594      2.594
 151  120     -3.193      7.606     -9.143
 194  194     -7.305      9.706     -7.118
 218  220      2.426      6.986     -6.753
 182  155     -7.450     -9.833      1.842
 186  180     -1.315     -7.285      3.775
 156  203     -7.149    -12.081     -9.503
  49  190      8.962     -5.853      4.348
 176   41     -2.285     -2.659     -7.533
 114  236     -5.541     -6.308      7.538
 147  184     -1.886      6.230      2.784
 170  193     11.334     10.783     -8.135
 187  195     -5.771      8.716     -1.799
 168  185     -4.924      1.714     -9.730
 128   -2      2.689      9.302     -8.986
 166   39      8.425      3.868      3.267
 184   34     -3.613      3.671     -3.391
 153  103     11.096      5.497     -6.884
 185   19      9.940     -4.337     -2.513
  -1   -2     -5.919    -11.785      3.833
 206  212     -4.747     -7.783      2.971
  -1  200      9.410      4.604     -7.447
 127  202     10.752     -7.938      2.136
 137  208    -11.600      7.408     -7.494
  -1   -2    -10.510     10.836     -4.349
 131  162     -3.304      0.826      3.996
 195  182    -10.271      0.981     -7.817
 154  177    -10.194     -2.681      3.120
  71  188      3.507     -9.185     -9.383
   5  173      3.837     -2.109     -9.492
  -1   -2      1.713      8.742      9.934
  -1   -2      4.062    -12.189     -3.389
 102  207      3.977      7.634      5.993
 255   -2     -8.872      6.999      1.838
 188   67     -2.190      4.427      3.128
  -1   -2      1.146     11.063      9.099
  -1   -2     11.450     -7.353     -1.231
 190  145      2.498      0.984      7.008
 167   -2      9.186     -2.893     -6.741
  -1   -2     -1.883     -2.857     -4.685
 228   -2     -9.250      1.026     -0.769
  -1   -2      3.060     -9.042     -9.122
  -1   -2     -7.366     -7.520      1.385
  -1   -2      8.917      9.188     -7.119
  -1   -2     11.396     -2.030     -5.454
  -1   -2     10.986      5.091      3.366
 260  122     -9.766    -10.697      7.134
 232   -2      7.683     -8.746      7.375
 256   -2     11.899     -2.532      3.602
  -1  228    -11.036     -0.403      7.573
 233  246    -11.815     -6.556      6.255
 179  175     -1.988      1.098     -3.803
  -1   -2     11.676      1.347      9.495
 200  242      5.713      2.985     -9.573
  -1   -2     13.764     -0.398     -2.338
 243  233    -10.935      3.529     -3.073
 180   10      6.135     -4.097      5.530
 122   82      0.929    -11.080      9.213
 183  240     -0.566      6.924     -6.401
 157  237     -8.790      2.608     -6.393
 249   -2      0.067     -9.895      6.754
 246  248     -1.777     -8.287     -6.779
 181   -2     11.632     -2.856     -8.590
 217  132     -2.128      4.605      0.015
 251  172      5.050     -8.995      0.815
 226  245      2.987    -11.382      2.873
  -1   -2      9.208      9.424     -6.970
 220  244      7.792      9.330     -3.012
 245  247      7.467      7.719     -1.756
 253  250     13.381     -3.697     -2.649
 258  215     -6.528      7.271     -3.973
 261  251     -9.196     -9.092      4.896
 262  252    -13.068     -7.424     -0.825
