232
  66   49     -8.169     -3.260      6.204
  44   50     -1.532      7.833      0.198
  30   54     -9.621      3.198     -1.007
  10   27     -3.675     -3.975      3.623
  15   31      8.883     -6.580     -1.464
   4    3     -9.885     -7.418     -0.514
  83   47     -2.390      0.442      9.709
  21    2     -2.928      0.301      4.072
  14   18     -4.854      8.324      4.162
   3    1    -10.974    -11.480     -8.007
  41   -2      2.521     -2.629      6.549
  53   34      0.950     -7.307      9.651
  46   25      3.418      4.462     -5.079
 120  109     -0.521     10.310     -7.203
 132  135      9.550     -0.783     -3.429
  36  107      6.409     -7.576      9.314
  80   63     -5.466     -8.835     -9.094
  87   20      3.996      2.922     -6.029
  67   58     -4.945     -0.659      7.960
  60   52     -1.461     -8.086     -1.457
 146   51     -7.015     -3.703      1.880
   0   41     -1.278     -4.772     -2.104
   9   17    -10.987     -2.437     -5.571
  12   37      8.474     -1.476      3.583
  19   76      3.883     -2.554     -0.146
  58   57     -5.969     -8.913      3.394
  45    5     -4.329      3.645     -6.224
  -1   78     -0.983     -8.719     -9.931
 203   68      7.208     -9.856     -3.571
   8   79     -4.501     -6.555     -2.068
  62    9     -1.328      5.224      2.626
 176   99      1.903      5.608      0.809
 154   85    -10.823      3.662     -5.750
  22   30     -7.850     -8.749      1.790
  59   69     -9.230      9.460     -1.271
  93  134     -2.328     -6.669      1.274
  27  100      7.756     -2.792     -7.347
  43   59      4.905      7.044     -4.205
  92   62      3.529     -5.602     -0.529
  35   21      2.326     -1.054     -5.192
  55   60      6.429      0.641     -5.355
 216  171      3.756     -7.538      7.114
  13  216      8.807     -8.804     -8.109
  38    0     -8.942     -0.727      7.531
 136  155      7.833      9.754      5.329
  16   39     -2.176     -2.311      3.537
  48  217     -4.370     -2.653      3.426
  69   71      0.068    -11.373     -2.745
  17   73      2.398      6.155      7.328
   7  185     -0.431      1.012      1.210
  50   14     -1.393     -7.314     -4.738
  49   84      3.167     11.373     -7.016
  11   35      2.583     -4.974     -4.441
  23   36      5.112     -8.334     -5.850
   2   29    -10.299      0.279     -3.745
  96   13      2.274    -11.834     -4.757
  31   42      8.938      4.740     -3.979
  84   91      2.077     -8.924      1.094
  65  207      0.025     -2.915      8.968
  91  102      3.340     -6.435     -4.692
  29   53     -3.758     -9.018     -3.154
  32   24     -1.030     -0.230      1.147
 125  105      6.454      7.970      1.314
 183  118     -1.701     -2.078     -9.795
  57   89      9.068     -8.211      0.336
 108   -2     -4.110      1.722     -5.086
 121   87      6.283      3.652      0.083
  99   92    -10.508      1.925     -0.247
 168   83     -1.127     -3.780     -1.123
  95    8      8.364     -7.767      6.672
  24   95     -4.361     -4.821      6.380
 149   64      8.422     11.286     -3.054
  47   11     -7.832    -10.123     -3.518
 103   77    -11.377     -7.886     -0.102
  74    7     -2.891     -1.363      5.310
  -1  189      3.903      1.779      7.117
  56  119      2.199      6.115     -5.050
 113  136     -6.697      6.815      1.849
  78   56      5.801      8.640     -2.223
 116   28    -10.021      4.407     -5.731
 100  103      2.434    -11.319     -6.528
 122   19     -7.870     -4.928     -5.592
 106   74      4.949     -6.171     -2.868
  73   97     -9.393     -5.424      0.075
  -1   -2      7.472      4.853      9.948
  37   32     -6.673     -3.275      0.991
   6  215     -0.474      2.782     -8.896
  64   45     -5.579      6.980     -8.895
  39  140      6.835     -0.712     -0.391
  81  139     -6.112      5.404     -5.813
 129   61      7.037      8.570      6.804
   1  158      4.256     -4.446      1.210
 175  106     -7.446     -3.425     -2.953
 101   75      4.828      5.286      9.655
 137  124      1.025     11.618     -9.769
  33   12     -1.716    -11.673     -1.440
  42    6     -0.226     -4.482      9.625
  51   16      4.578     -2.683      6.169
  28   88     -6.011     -4.897     -0.271
 212  170     -1.135    -10.525     -8.167
  79   -2      8.788      5.745      8.601
  89  108     -7.806    -10.788      3.453
  40  111      0.634      8.234     -6.690
 182  228     -7.254    -11.338      5.158
 102  117     -3.781    -11.014     -2.393
 167  169     -9.495      3.159     -7.587
  -1   -2     -1.780      2.268      0.461
 181   38      0.064      1.289      5.979
 133  116     10.623     -4.981     -4.976
  61  218     10.931      1.153     -8.150
 166  114     -4.205      6.237      3.603
  25   22     -3.801      0.980      7.589
  86   96     -9.678     -2.302      2.865
  71  166     -0.525      3.831     -9.679
 109   67      2.203      1.005      8.450
 200  231     -8.293     -8.039      0.568
 143   86    -10.473      9.751     -2.757
 142   55    -10.753      5.260     -2.814
  85  141     -3.469     10.041      4.101
 189  122     -2.469     -5.896      0.649
 194  181      2.599      6.796      6.494
  98  129     -2.225      4.342     -1.093
 112  150     -9.809    -10.706      4.959
 126  121     -7.420    -11.372      6.612
 186   66     -5.703     -0.181      5.143
  97  172     -8.245      9.041     -6.074
 199  198      6.129     -5.618      6.679
  75  127     -0.752      4.163     -3.615
  18   98      9.015     -3.007      5.143
  26  101     -0.944      9.788     -7.095
  -1   -2     -9.567     10.562      1.154
 139  143      5.410    -10.122      1.576
 222  128      3.033     -2.120      4.939
 156  125     -1.189     -7.641     -1.236
  72   46     10.967      7.777      1.187
  -1  112    -11.390     -6.688      3.263
  -1   -2     -6.551     -4.197      6.101
 135  153     -3.114     10.501      1.142
 174   82      9.114     -7.387     -7.246
 155   40      6.632     -9.538      8.081
 131  182     -3.516      0.185     -3.648
  77    4     -6.200     -4.216     -4.293
  -1   -2     -7.244      2.219      7.815
 171  177    -12.149     -7.300     -2.546
 115  201     10.193      1.548      4.087
 164   15      2.138      8.880      5.869
 201   90     10.071      4.529      2.977
 127  151     -3.491      9.660     -7.636
 141   65     -9.125      6.027     -9.312
 118  224      6.747      9.592     -7.141
  52  194     -7.034     -5.112      7.701
 184  192     -7.292    -10.665     -0.940
 147  154      2.426      4.161      5.544
 144  142     -9.515      9.986      3.215
 158  147      5.300     -6.521      2.013
 140  196     -2.952     11.084     -9.769
  70  178      1.285      8.988      8.652
 195  230     -0.681      9.620      2.094
 161   26     -0.734      7.779     -3.714
 159   43     -6.341     10.124     -0.175
 237  188      9.989     -1.917      0.330
 165  156    -10.688     -3.160     -9.446
 111   72      1.767     -4.667     -3.811
 191  130      3.846      4.405      2.833
 163  167      8.554      9.840      6.458
 160  197    -11.725     10.008     -4.385
 180  168      3.044      9.648      6.028
 130  163      8.270     -0.060     -7.401
 107  115      2.499      1.716      4.784
 172  160    -11.439     -9.789     -5.552
  -1   -2     -3.591     -8.108     -3.500
 151  165      6.003      2.554     -4.136
 177  211     -4.314     -1.717      1.951
 138  157      5.666      1.006     -0.020
 187  159     -8.934     -4.899      4.719
 226  137     -7.448     -3.961      1.499
 188  131      0.261      7.528     -6.884
 173  174     -0.019     -0.896     -9.673
 123   81      5.771    -11.238      1.025
 196  183     -7.968     -1.661      5.209
 232  176      3.126     -8.830      5.347
 128  138      3.722     10.994     -0.760
  63  193     -2.778     11.165      7.744
 193  229      9.080      2.583      7.680
  -1  146      0.662     -9.388     -0.071
 197  195     -9.573     -7.747     -0.322
 217   93      6.281      9.566     -4.503
 152  226     -9.181      4.563     -4.828
 124  104      0.451     -9.492      2.539
 169  227     -7.227     11.201     -2.547
 157  175     -5.294      3.135     -6.359
  -1   -2      8.052     -0.184      0.959
 117  223      8.740      7.799     -3.986
  76  219    -11.173     -5.186     -1.818
  -1   -2     -0.752     -9.632      3.540
 179  202      6.009      9.509     -7.874
  -1  186     -2.265    -12.219     -4.803
 202  120      1.311      1.598      8.760
 134  191     -7.078     -2.073      5.214
  94  199     10.957     -2.044     -1.078
  82  179     -1.550     -4.270      8.388
  -1   -2      5.671    -10.546      8.178
  -1  205      1.063      9.187     -5.784
 208  113     -3.839      6.446      4.001
 204  126      3.348     -1.811     -4.170
  88  220      9.611      5.283     -7.659
 209  209    -10.253     -2.828      5.168
 145  206     -5.975      7.402     -5.857
  -1  203    -10.865      7.502      0.843
  -1   -2     10.105    -10.950      6.001
  -1   -2      4.376      2.351      0.318
  -1   -2     11.218      6.460      4.610
 234  212    -10.761      0.012      2.089
   5  214     12.188     -8.575     -0.925
 221  234     -0.430      3.615      7.553
  20   23     -1.141     -3.059     -2.518
 110  222      5.859      5.231      0.882
 178   -2     -7.298     -8.246     -7.768
 119   33      0.706    -10.979     -3.461
 206  208      9.898      0.613      2.691
 207  232      4.039      1.849     -0.968
  90  221     10.300     -4.062      6.408
 105  162     -6.574      1.916      1.717
 235  237     -4.568     10.010      0.059
 223   -2     12.271     -5.877     -8.598
 220  233    -10.696     -0.335     -5.574
 114  145      3.506      2.353     -8.860
 150  225      9.664      5.008      5.287
 238   -2     -1.818     -1.932      7.786
 213   10      4.918     -8.988      9.773
 227  235     -6.300     -6.556      2.217
 233  236     12.629     -2.321     -2.728
