241
  40    7     -7.590      0.234      0.593
  28   -2      3.139      4.636     -6.325
  11    4     -3.681     -9.236      2.835
 148   19     -7.742      3.216     -4.070
  23    0     -2.093     -5.927      9.320
  77   48      4.997      2.176     -4.702
 118   -2      9.421     -1.442     -9.793
   0    6      6.785     -4.672      4.717
  34   29      8.124     -4.530      3.346
   5   23      8.829     -3.056      5.866
  10  185     -1.939      0.116      1.556
   8   54     -8.741      4.844     -8.509
 136  105     -3.662      4.804     -4.605
  50   21     -4.883     -6.490     -5.284
  92   52      0.697     -5.214     -7.891
   6   25     -0.331     -5.204      2.453
  18   13     -5.791    -11.138      6.024
  33   53    -10.486     -7.226     -6.105
  15   12     -6.260     -4.517     -0.907
  14   10      6.771     -5.376      8.922
  22   11     -3.116      2.865      3.945
  13   26      0.998     -2.905      5.420
  12   36      4.265      1.213      4.268
  30   91     -1.014      1.266      4.296
  26    9      0.533    -10.330     -6.441
   7  161     -5.405      2.637      5.375
  27   42     -9.212      6.420     -0.212
  17  201      2.951      4.966      9.030
  58    2     -1.749     -0.628     -9.258
  53   22      6.638     -8.993     -2.575
  61   51      5.674      6.495     -2.531
 164  135      6.317      7.529     -7.638
 205   41      0.629      7.378     -0.552
   9    8      6.882    -10.890     -4.353
  97   34    -11.891     -7.135     -3.778
  63   65     -6.786     11.515      1.847
  59   50      8.567     -2.315     -2.050
  43  207      9.741      2.923     -1.275
  48  139     -3.295      0.404      2.586
  89   57     -2.573     -2.452     -7.215
  41   32    -10.528     -8.570      2.898
  32  120     -8.999     -1.842      1.187
  57   31      0.144     -0.628     -2.928
 117   61     -2.034      1.520      0.993
 180   -2      6.311     -5.784      0.650
  95   15      9.928      1.104      2.726
 100  140      1.501      2.095      1.336
  96   16     -0.359      0.342      8.181
  29    5      5.317     -1.259      2.093
  47   14     -8.746     -8.773      5.520
   1   95      3.327     -9.717     -3.115
  82   49      8.519      0.235     -1.813
 149  142     -3.282    -10.361      4.661
  70   59     -4.054      5.508      7.857
  87  137     -1.812     -1.098      5.702
  62   99     -1.813      3.971      1.921
  46   46     -5.498     11.112      8.358
  94  103     -5.573     -6.286      4.122
  42   38    -11.130      2.111      3.710
 105   55     -1.916      7.169     -8.040
  68   74      0.179     -4.861     -1.954
  74   28     -5.390     -7.501     -7.132
  19    3      4.816      0.661      8.168
  56   66    -10.585      6.483     -8.210
  79   78    -10.415     -5.243     -1.972
  64  113      0.877      0.227     -8.676
  66   24      2.837     -8.555     -4.924
 101   73     -8.262     -3.101     -0.215
  88  214      5.529     -1.607     -4.492
  84   62     -8.304     -4.868      1.073
  75   63     -0.300      2.024     -0.140
 185   43      8.157     -6.559     -4.385
  83   58     -5.211     10.847     -8.317
  44   64      5.345     -6.925      1.276
 158   47     -8.838      0.469      2.043
  98   56     -8.489      5.683      4.801
   2   39      4.577     -4.535      4.830
 133  124      0.384     -4.469     -2.105
  67   37      7.508     -4.637     -4.414
  25   81     -4.185      2.018      2.841
 113  145      7.355      6.148     -6.030
  -1   -2     10.449    -11.320      0.783
  37   60     -6.717     -7.862      2.729
  80   79     -5.751      7.998     -8.780
  31  100      7.347      5.156     -9.678
 137  203     -1.673    -10.061      4.633
 106   84     10.143      0.788     -5.529
  85  133      6.242    -10.221      0.815
   4  119     -1.125     -7.293     -0.973
 151   -2      4.280     -5.678      4.956
  54  132     -4.058     -2.379      2.505
 128  111     -7.108     -7.116      4.150
 156  106    -12.005      5.089     -2.922
 104   71      5.734      8.416      6.709
 102   20     -2.304      5.543      4.830
 127   93     -9.461      9.045     -6.785
 188  183    -11.965      4.897     -5.781
 111  156     -7.562      6.035      8.849
  38   18     10.416     -2.945      0.952
 204   27    -10.819     -3.878     -0.836
 123   72      1.215     -2.483     -3.062
 116  114     -1.031     -5.943     -1.241
 124  129     -8.747     10.565     -2.018
 154   87      0.584      1.940      4.448
 192  176     -7.702      0.077      7.486
 207  144     -2.431    -10.998      4.837
  73  109      1.173      6.533      6.596
  55   69     -2.401     -5.583     -7.162
  49   68      9.538     -8.817     -2.360
 130  112      9.975     -0.190     -7.282
 119  126      0.767     -7.838     -4.801
  21   88     -8.157     -0.693      1.436
  71   97      4.098      8.002      0.377
 135   96     -0.379     -1.617     -0.935
 103   83     -6.545      7.156     -9.257
 203  195     -9.238     -3.489     -4.136
 125   89     -4.545      3.460     -8.619
  35   40      6.217      2.710     -3.498
 236   75     -8.924      3.366      1.543
 161   70     -3.471      5.332      4.180
 155  231      1.788      4.585     -5.578
  91   17    -10.236     -5.694     -4.045
 209  235     -5.202     -0.186      8.286
 152   -2      2.017    -11.893     -0.339
 138  122     -1.260      8.769     -5.755
 110  128     -8.030    -11.293     -9.012
 170  180     -2.512      2.054     -6.730
 129   82      0.858      5.545      2.617
 167  138     -6.590      4.867     -5.624
 141  110      2.099     11.545     -7.683
 145    1      4.197      3.046     -7.866
  72   33     -3.969     -3.949     -8.216
 126  127     -4.174      9.495      2.651
  24   76     -3.853     -3.472      3.389
 172   94     11.623     -6.606      0.169
 187   35     -3.467     -0.932     -7.354
  51  160     -5.556     -4.470     -4.089
  20  117     -4.473      8.356     -0.684
 120  101      3.188      8.068      6.904
  -1  181      9.302     11.252      4.297
 108  174      3.320     -4.441      3.511
 139  165     -5.123      3.417      9.191
 160  170     -9.443     -7.780      2.582
 202   77    -11.240    -11.086     -1.373
  36  151      5.343     -9.634      4.030
 206  118     -6.094      1.455      8.438
  93  123      6.667     -6.452     -4.980
 140  159     -3.859     -2.580      6.414
 107  136      6.300     -4.217     -3.484
 132   85      7.862      2.134      4.007
 147  154     -6.740     -2.378     -2.119
 121  108      5.753    -11.875     -9.340
 142  158     -3.330      8.541     -4.342
 150   30     -5.584     -3.671      8.973
 212   45      4.405      3.749      3.633
 175  162      8.743      7.441      0.079
  78  188     -4.330     -4.017     -1.550
 173  104      7.760    -10.875      7.568
  90  116      4.690     -3.279     -9.651
 122   92      4.601     -6.818      1.590
 214  175      8.927      0.014      3.625
  99  131     10.414     -6.634      2.115
 230  130     11.912      0.923      1.780
 194  196     11.343      3.838      3.213
  39  148     -6.616      5.324      6.612
 143  149     11.258     10.842     -7.718
 171  155      0.672     10.391     -4.849
 177  147     -7.579      2.507     -9.823
 157  102      3.595      0.228     -6.213
 195  189      2.483    -10.889     -2.223
 183  205      3.462     -4.758      4.718
  86  121      6.904     -7.938      8.924
 179  167      3.693      3.264      1.354
  65   67     -2.345    -11.183     -8.077
  -1   -2      6.601    -11.824     -9.542
  69  184     -2.756      6.971      9.756
 165  186     -3.824     -1.707      0.197
 241  236     -5.237      2.754      2.287
  -1  166     -9.423      4.324     -8.139
 178  169     -0.925     -8.138      0.100
  -1  125     -8.312     -3.898      5.280
 238  157      3.593     -9.802     -1.610
 159  134      8.215     10.188     -4.632
 153  191     11.993     -9.600     -3.704
 176   -2      2.111      9.290     -9.853
 199  200      4.744      5.767     -7.801
  -1  208      9.772     11.539      5.280
 181  150     -8.527     -2.094      3.531
  60  209     -7.677      2.474      3.713
 217  153      4.052      5.878      5.976
 200  179    -11.248      9.429     -9.646
 191  168     -9.568      4.099      0.426
 163  177     11.443     -7.007      1.265
 222  163     11.723    -10.611      0.507
 114  146     -8.113     -8.060     -2.653
 196  182    -10.159     -9.406     -8.328
 146  221      7.712    -10.142      9.850
  81  229     -2.345     -7.658     -3.554
 166  164     -3.219      9.399     -8.404
 210  197     -9.103     11.703      4.051
  -1  143      7.549      4.166     -3.269
 112  107    -12.008      0.952     -3.983
 184  192     -9.610     -8.717     -4.676
 174  178      0.243      7.588      3.816
 201  233     -4.640      4.782     -8.241
  -1   -2     11.447      3.254      0.914
 168  217     -8.058      0.633     -2.969
 189  206     -7.840      5.300      8.719
 224  190      6.972     12.203     -7.121
 198  204     -0.313      6.013      7.097
 213  187    -10.014     -8.320     -2.530
 134  115     -1.099      6.881     -4.246
 234  171     -3.239     -1.108     -3.042
 216  213    -11.529     -2.346     -5.843
 115  193      3.615      2.591      5.235
 218  211     11.269      5.857     -6.684
 208  234     -6.745      1.103      6.919
 220   -2     -9.247      1.943     -5.259
 197  141      6.134     10.594      3.827
  -1  223     -9.853    -12.194     -8.492
  -1   -2      0.297    -10.846      0.998
 227  222    -13.518    -10.674     -3.335
 225  219    -11.532     -9.466      7.459
 229  218     10.483     10.570      8.839
  -1  216    -11.666     -8.666     -6.276
  -1   -2      8.514    -12.234     -2.575
 226  220     -5.320      4.654     -9.869
 223  225    -11.050    -11.900      3.494
  -1   44      0.543     11.854      7.639
  45  210     -0.032    -11.115     -9.318
 162   98     -9.119      2.478      7.058
 131  230    -12.412     10.536     -2.525
 193  198     -1.608      6.797     -5.868
  76  228     -1.594      4.657     -1.564
 190  232      4.672      2.500      3.021
 237  202     -7.461     -0.159      3.736
 215  212     -8.197     -7.772     -2.144
 240   -2    -12.263     -0.731     -1.135
 239  194     -4.396     -4.016      1.821
 242   -2    -12.570     -5.488      1.005
 243  237    -10.916     11.400      1.439
