241
   9   20     11.118     -2.776      2.568
  10    6     -5.574     -0.388     -1.380
   1    0    -10.094     -1.999     -4.606
 166    3     -8.855     -5.766      2.503
   6   88      2.523    -10.075     -2.810
   2   16      5.075     -7.996      1.584
   3    1     -2.946     -7.086      1.680
  11   47      0.888     -2.974      3.217
  19    9      1.045     -4.135     -0.085
   8   74     -9.678      2.023     -9.755
 107   46      9.271     -5.883      6.075
  39  209    -12.291     -3.904     -2.958
   7   21     -7.529      4.974     -4.422
 117   45      3.127      3.304      5.767
 142   58      5.047     -4.224      5.281
  -1   -2     -6.343      0.967      6.266
   5    2     -9.462     -2.002     -9.218
  -1  128      2.540      0.606      3.079
  48  126      2.746     -9.060      9.292
  -1   -2     -2.595     -4.287      1.129
  20  102     -7.614     -3.111     -0.572
  40   22      6.769      6.050      5.850
  27  172      2.071      3.689     -3.304
 105   43      1.904     -8.114     -1.227
  47   28      6.546     -4.263      0.059
  18   17     -2.698      0.836     -1.488
  14   11    -10.648      4.946     -9.250
 102   12      4.802      7.514     -2.376
  43  115     -8.946      3.641     -7.319
  26  114     11.866      7.824     -5.260
 143   77      2.455      2.463     -3.730
  33    7     -6.570      6.854      2.685
  44   18      2.990     -8.124     -5.369
  66   25      4.005      0.253      1.537
  56   42     -8.888      7.063      2.455
   4   65      1.422     -7.748      3.571
  24  224      4.228    -11.973     -4.314
  89   51     -1.721     10.599      1.944
  -1   57     12.065      1.338     -0.208
  70   -2      6.770     -1.989      9.959
  53    4      8.252      3.688     -6.795
  28   30     -4.189     -9.037     -8.443
  21    5     -5.675      2.575      5.155
 153  189      0.310      7.836      2.283
  45   85      7.915     -8.843     -8.935
  15   82      7.820     -7.070      2.771
  54   50      3.810    -10.095      6.421
  42   41      2.471      2.995     -5.370
  35   81      1.420     -6.676      1.789
  37   40    -10.813      3.074     -5.146
  59   15     -3.464     -5.487      3.109
  49  182      6.024      4.793      2.218
 114   39      1.009      4.062      4.180
  95   34     -3.440      2.921      6.817
  68   80      1.403    -11.858     -2.812
  57   38     -3.638    -11.084     -3.924
  -1   66      6.323     11.163      3.935
  46   92      5.650      1.968      8.342
 144  168     -2.012     -4.151      7.887
  55   68     -8.742      9.168     -3.134
  67  142      1.204     -2.507      1.709
 115   96      6.140     -2.396     -7.926
 112   27      2.107    -10.517     -1.190
   0  161      4.277     -2.190     -1.453
  36   19     -8.708     -7.901     -9.561
  90   69     -9.720      3.172      0.613
  29   86      4.000      9.725      4.253
  -1    8     -8.240     -9.162     -9.389
  69  116     -3.203      1.268     -4.751
  32   14     10.502    -10.531     -3.438
  -1   -2     -3.902     -4.204      5.798
  84   78      6.511     -2.394     -4.457
 149   73      1.275     -5.687      4.701
 124  117     -1.282     10.208      5.306
  64   55     -6.914     -0.776      0.455
  12  144      9.829     -2.415     -2.668
  63  108     -1.131      0.092     -5.264
 168   32      6.459     -6.352     -6.576
  71  103     -8.743     -9.536      7.983
  30   10      6.046     -6.737     -4.090
  65   70     -5.266      7.027      3.792
 140  171      5.641     -0.807     -4.656
  97   75    -10.968      4.357     -2.314
 108   23     -0.726      7.142      6.877
 131  147     -2.309      5.896     -2.968
  -1   89      8.562      5.394      2.333
  87  193     -5.125    -11.273     -1.778
  76   72     -7.502     -7.441     -1.881
 193   84      3.637      3.936      6.129
  72  138     -8.304     10.759     -5.814
  62   44      1.002      1.230     -0.125
  73  228      2.268      4.454     -7.608
  31   87     -2.076    -10.781     -5.020
 147  174     -5.660     -0.838     -7.604
 116  139     11.996     10.365     -6.721
 178   97      5.441     -4.585      9.187
  -1   29     -8.975     -6.475     -9.048
  25  131     -4.240      1.696     -0.205
  52  107      5.500      2.296     -1.009
  81   99     -6.337      5.491     -2.805
 120  136      7.150     -0.107     -8.276
 103  127     -0.242     -7.158     -8.609
  83   83      3.584      6.095      3.796
 121   52    -12.303     -9.416     -5.536
 111  105      2.617      9.938      2.299
 176  191      4.490     -6.061      7.424
 172   79     -2.528     -5.587      3.703
  79   61     -7.419    -11.314     -5.638
 214   33     11.740      8.396     -7.716
  -1   -2     -4.878      0.972      4.860
 128  118     -7.198      9.424      5.938
  82  124      3.298     10.806      7.969
  75   64      4.168     -1.690      0.756
 137  120     -6.108     -6.018     -1.256
  -1  119      5.800     11.342      3.861
 146   -2     -5.329    -11.159     -5.979
 188  125     12.078     10.555      1.421
 122   76     -4.450     11.279      7.335
 183   -2     -7.950     -9.309      5.803
 100  113     -1.492      9.954      1.917
 113  149      5.649    -10.225     -0.475
  23  104      9.232     -2.791     -5.853
  86   53      1.467      9.009     -3.478
  85  122      3.017     -9.371      9.262
 152  159     11.950     -4.484     -1.542
 104  109     -2.852      6.123     -5.338
  80  164     -1.921      1.084      8.583
 234   63      2.670      1.463     -5.793
  77  134      7.629      5.886      2.187
 109   35      7.454     -1.177      2.218
 130  121      3.293      2.256     -4.192
 177  207     -2.537     -9.983      0.094
  -1  170     11.567     11.108     -8.068
 123   94     -7.658      2.876     -8.297
 157   26    -11.088     -1.186     -2.774
  -1   -2     -7.018      1.829      6.406
  -1   98      6.734      5.419      3.163
 133   67     -6.778      3.680      1.824
  99  100     -0.033     10.791      9.570
 136  141     -1.391      7.019      1.807
 129  162     -3.468     10.706      3.372
  -1   -2      4.517     -0.932     -0.543
  88   91     -2.038     -0.435      1.305
 151   93     -0.565      7.552      4.872
  98  229    -10.795     -2.115     -4.887
 150  140    -10.268     -5.235      1.381
 228  181     -8.170      0.718     -8.721
 203  160      5.525      3.630      1.676
  74  165     -7.263     -8.037      4.642
 154   62      5.509     -2.088      4.193
 127   95     -0.171     -8.944     -3.766
 180  129     -6.752     -8.386      4.851
  13  111      2.834    -10.844      4.479
  93  213     -0.321      3.452     -9.121
 170  180      5.950      9.813     -8.432
 125  155     -5.411    -10.789      8.744
 174  132      9.386      0.511      4.305
 162  153     10.624      3.802     -8.796
 132  156    -11.443      9.627     -4.138
 199  166     -8.353      3.978      3.988
 161  137      5.542     11.689     -8.771
  78  163    -11.955    -11.330     -0.306
 184  133     -0.771      4.380      8.828
  17  223     -0.408     -2.359      8.490
  58  208      9.106      1.592     -4.920
 171  204    -11.645     10.510     -5.097
 192  101      3.475      1.036     -7.970
  16  190      3.744    -10.659      5.683
 145   90      0.521     11.047      5.809
 106   -2      2.096      1.609      9.695
 158  158      1.623     11.796     -9.660
 191  150     -0.907     10.387     -8.910
 139  178      9.934      6.604     -4.801
 173  145     -3.248    -10.904     -0.272
  -1  196     11.418     -6.383      1.885
 164  112     11.238     -0.268     -0.766
  92  110      4.187      9.114      1.200
 169  175      2.972      5.454     -8.116
 165   -2     -1.930     -4.807     -9.686
 197  232     -6.866    -10.484     -9.351
 189   71      6.059     -1.205      3.314
 134  154      3.764      5.211      5.502
 160   31      6.920    -10.261      7.757
 233  239      0.636    -11.298     -1.995
 187  188     -6.410    -11.940     -2.139
  -1  177      8.507     11.474      3.552
 217  206      5.965      2.984     -2.902
  -1   -2     -3.358      1.878      0.004
 135  151      7.179      3.354     -5.963
  -1  135     -0.595      2.069     -4.719
 155  157     -0.182      8.531      4.923
 138  130     -4.992     -4.472     -4.445
 196  198     -7.271     11.601      3.132
 207  202    -11.388      5.053     -3.554
 201  173      4.870      6.324      8.326
 141  106     -3.054      4.597     -0.572
 227  237      4.125     -9.427      3.779
 212  187      8.273      0.290      4.787
 194  152      8.529     -5.852     -8.738
 232  203    -11.024     -1.094     -6.862
 190   56     -7.003     -4.910      9.445
 156  169      6.525      7.736     -4.252
  41  184     -7.965      3.599      8.500
 167  205     -7.073    -10.853     -8.448
 119   -2     -7.365      8.774    -10.032
 206  186     -3.469      4.794      2.961
  -1   -2      5.938      6.554      4.719
 211  234    -11.689      5.123      4.051
 163   54     11.304     -2.183     -7.914
 213  212    -13.806      8.589     -1.827
 101  215     -8.652      7.630      9.472
  -1  214     11.564      5.846      7.562
 186  179      0.673      8.194      8.333
 216   -2    -10.900     10.511      5.419
  -1  143      6.939     12.245     -4.958
  -1   -2     10.949      3.148      4.215
 198  218      3.053      7.354      3.769
  -1   -2     12.667     -8.857     -3.006
  -1   -2      0.316    -11.544      9.269
  -1   -2      2.570     12.040      4.008
  -1   -2     11.479      8.584      1.724
  -1   -2     11.539      6.917     -1.154
  61  227      8.631      0.457     -3.110
 148   36      1.469      8.925      7.615
  51  226    -10.036      1.604      6.623
 175   -2     -0.418    -11.173     -4.083
 159  211      1.725      8.485      9.116
 222  235      0.989     -8.051      1.468
 110   49     -6.582    -10.132      7.485
  50  225      0.445      8.032     -4.070
 118  200      8.047     -8.595     -4.254
 226   -2      5.087      6.544     -4.989
 225   -2      5.419     -0.789      7.430
 200  194      3.087     -7.149      1.510
 202  185      4.798      0.989      6.607
 210  233     12.284     -1.075      0.649
 229  238    -12.859     -6.011     -3.771
 231  183     -7.467     -8.055     -1.869
 223  236    -12.466      2.275      1.066
 179  230     -8.699      0.732     -7.273
 235  240    -12.861     -0.974     -0.341
