222
  11    6      4.049     -2.672     -1.961
   0   11      3.914      4.247      4.316
  74   48     -8.770     -7.208     -7.793
   1   25      3.295     -9.808     -8.097
  71   35      6.004     -6.541      7.055
  72   19     -3.318     -7.564      7.166
  42   73     -9.698      4.006     -1.194
  58   59    -10.002     -0.791      0.822
  24   85     11.732     -1.547     -6.235
   2    4      1.454     -2.765      1.542
  -1    8     -6.598     -0.125     -9.975
  44   14     -4.104     -1.969      3.875
  33   74    -10.033      7.318      5.451
  36   51      5.350     -9.880      7.320
   6   26      1.337      3.492      7.015
  28   40    -11.348     -7.084     -8.576
 102    7     -4.668    -10.784     -4.182
   8   20     -8.907     -1.816     -1.639
  60  119     -2.659      2.703     -5.690
  37  167     -2.633    -11.491      5.589
  54   93      0.625     -5.101      4.487
  18   50      4.306      9.224     -0.671
  66   90     -5.711     -9.492      2.962
   9  187     -8.772     -0.291     -0.082
  26   62      5.908     -3.777     -6.502
  20   55     -6.120     -3.494     -7.765
  89   46      0.165     -5.570      9.064
   5   21     -0.944     -4.788     -5.888
  13   44      0.170     -8.073     -4.285
  10   54    -10.471      3.015     -8.631
  25   37      1.155      0.574     -4.218
 145   57     11.666     -8.799     -6.305
  85   28      2.316      9.794      1.052
  34   13     -0.057      8.349      5.618
  65   47     -0.638    -11.215      5.133
  80   22      1.373      5.346      8.698
  93    2      1.751    -11.133      7.528
  46   27      8.669      1.553      4.561
  40   65    -11.953      8.854     -6.706
 124   24      1.842     -0.986      2.189
   3   34      0.618      2.058     -9.051
  17   32     -7.032     -7.824      3.322
 161  100     -4.003     -8.332      7.265
   7    5     -2.624      3.128     -3.668
  29   72      8.420      5.630      4.102
  27   81     -6.476     -6.167     -1.273
  50  132     -2.530      4.141      4.453
  38   30      4.793     -4.914     -8.600
 203   88      4.135      3.596     -1.173
  -1   -2     -0.426     12.037     -9.984
  30   43     -0.382     -6.411      9.651
  64   76     -1.219     10.275     -0.146
 113    9     -3.338     -8.869     -2.691
  45  115     -4.053     11.030      6.934
  15   84      1.886     -9.479     -8.908
  98   94     -3.300     -9.839      0.230
 134   18      8.936     -1.635      1.391
  84  142     -6.548     -0.637      2.101
 157   89      4.579      5.523     -1.513
  91   77      2.921     11.014     -3.013
  88   98     -4.994     -2.198      9.010
  78   53      5.126    -11.121      4.003
 136  106      7.682     -7.995      6.009
   4   78     -0.161      1.262      0.157
 112  134    -10.372     -6.932      2.118
  53   60      2.628     -9.793     -2.998
  69    3     -4.858      0.177      3.301
 101  113      5.900     -8.156      2.957
 131  195      2.115      6.037      9.232
  43   10      5.741      3.527     -7.982
 169   82     -6.437      8.572      4.358
  52  151     11.534      0.993     -3.323
  21   15     -6.527     -7.784     -2.498
  -1   -2     -3.536    -10.068      5.055
  79  136      7.952      9.327      5.299
 164  105     -1.852      3.388      1.737
  55   95     -7.801     -6.872      5.228
  31   75     11.556     -3.579     -2.911
  35    0     -6.639      2.642     -9.314
 106  120      3.688      3.185      5.159
 160  103     -5.908      6.966     -4.349
  22   52      4.581     -0.169      2.510
 146   79     -4.183      3.579     -0.487
  -1   61     11.448      8.373      2.929
 114   83     -0.243    -10.705      4.544
 158   -2     -5.877     -4.823      3.853
  49   17     -8.265    -10.373     -8.322
  68   69     -6.393     -4.030      9.682
  76   67     -8.457      6.557      8.831
 191   42     10.627      1.325     -3.633
 115   58     -1.245      6.546     -0.407
 105   -2     -0.132     -9.190      6.416
 139   97     -0.950     -1.732      2.173
 195  147     11.422      5.900      1.596
  51   71     -9.885      2.032     -2.860
 190  164     10.412      9.334      1.211
 200  159      2.666     -2.619      6.760
  75    1    -10.717     -0.139     -6.304
 156  140     -1.658      1.938     -0.469
 167   99     -4.454     -7.967      8.256
  77   33     -1.384      5.923      7.079
  82  128      2.385      8.281      7.525
 119  131      5.408     -1.691     -2.358
 149   91    -11.319     -6.015     -5.747
  83   31    -12.061      2.201     -2.653
  70   49      6.828      3.581      4.041
 144   -2     10.516      7.455     -9.960
  47  112     -3.412      9.008      7.964
  73   68      7.841      7.702      0.498
  -1   -2      9.160      4.173     -7.168
  -1  108      9.925     11.015      0.927
 135  121     -6.065      9.189     -1.734
 142   12      3.875     -1.945     -8.162
  81   86      3.355     11.570     -6.078
 129  123      5.383      9.072      4.068
  87  143      2.765     -4.538     -0.840
 159  153     11.940      2.622     -5.280
 122  107      4.371     -3.630      5.512
 104  125     -5.196     -0.719     -7.997
  41  110     -9.051      4.249      3.594
  39  149      1.563     -5.369      1.550
 111  118     -7.212      2.999     -2.655
 143   96    -11.526      6.142     -6.750
 194  148     -3.451      7.609      9.720
  61  102      5.399     -8.663      1.270
 152   64    -10.606     -4.089     -2.689
 103  152     -4.173     -2.525     -6.143
 163  111     -8.635      1.779     -5.241
  12  114      6.080    -11.594     -4.333
 116  104     -6.967    -10.685      3.005
 109  122      3.096      8.243     -2.629
 127   38      3.393     -0.958      6.790
 155  169     -5.650      7.815     -2.631
 166   41      0.563      5.830     -8.235
 147  177     10.847     -2.234      2.531
  62   39     -1.908     -6.958     -0.450
 138  101      2.060     -1.743     -3.042
 137  137    -10.894      8.607     -2.194
 100   16     -0.964    -10.357      8.867
  96   -2     -0.539    -11.870      2.420
  -1  176      3.700     -6.034      8.625
 123  130     -3.935     -6.909      0.323
  23  189      7.008     -4.177     -6.167
 151  135      0.081     -8.840     -7.554
 141  196     11.858     -5.516     -7.314
  97  191     -5.673    -10.399     -8.881
 150   -2     -2.536      5.457     -9.887
 110  141     -9.141      5.502      1.979
 118  171     -3.616     -1.921      4.065
  -1   -2      6.451    -11.706     -2.179
  16  188     -7.785      3.972      8.399
 184   63      4.716      9.145      6.481
 178  157      3.402     -6.132      8.387
  19   87     -0.589      5.419     -9.683
  95  163     -5.541    -10.101     -8.414
 117   66     -2.477      1.530      2.445
 128  124      5.619      2.826     -7.523
  32  160      7.857    -10.893      1.058
 121  194      4.283      1.024      5.296
 165  146      0.215     -1.189     -9.629
 183  168     -1.824      2.219     -0.520
 171   23      5.047      2.143     -4.320
 132  181     -9.522      8.359     -0.978
 185  173    -11.706     -8.481      1.761
 209   80      8.286     -1.280     -0.880
 177  183      6.353     -8.378     -4.653
 148  182     -6.561    -11.627      2.838
  48  190      7.309    -11.741      0.436
  -1  165     -1.073     -5.191     -6.058
 204  155      5.198     -3.968      5.650
 193  178     -2.408      4.010     -9.324
  -1  170      8.869      6.284     -6.308
 189   -2      0.180      0.701     -9.947
 180  166     -8.805    -10.720      4.197
 125   36     -7.486     -7.663     -6.600
 170   -2      6.549    -11.614      7.795
  -1  174     -8.554      2.904     -2.989
  -1   -2      0.197    -12.434     -9.118
  -1   -2      2.643      0.931     -9.793
  -1  154     -3.559    -10.363      3.989
 215  150      2.431      7.768     -4.106
  -1   -2      6.009      5.858     -7.242
  92  145    -11.189    -10.491     -3.294
  63   45     11.919     -0.296     -5.971
  57  185      9.096     -7.957     -5.480
 181  180     -0.417     -5.579     -9.381
 179  139      0.905     -1.960     -4.427
  -1  144     -9.813     -2.294     -2.807
  -1   -2     10.793     -7.611      5.179
  -1   -2      9.897      5.384      0.375
  -1   -2     -0.051      5.394      3.283
  86   56      5.898      2.589      0.522
  -1   -2     11.314     -9.683     -5.421
 197  200     -4.515      7.866     -2.730
  -1  162     -0.755      0.104     -9.926
  -1   -2      9.407     -3.690     -2.019
  -1  156     -5.231    -10.194      6.463
  59   -2      9.174      0.736     -6.555
 120   70     -8.582      0.568     -3.950
 168  116      4.837    -10.360      4.141
  -1  117     -2.916      0.610     -9.962
 196  179     -4.404     -1.173     -8.662
 176   -2      8.611    -12.169     -3.652
 212   -2     -2.466    -10.123      3.368
 126   -2     -0.114     -9.688     -4.689
 108  193      2.276      3.652      3.279
 174  198     -2.731      5.041     -4.463
 130   -2     12.197     -5.735     -7.339
 210  202     -6.669      8.104     -7.330
 173   -2      3.341      5.434      8.272
 175   -2     10.554      2.465     -9.853
 153  197    -10.430     -3.842      3.767
 172   -2    -10.762    -10.039      3.683
 187  199     -0.262     -9.713     -6.335
 208  201      3.455     -8.032     -9.061
  99  192     -0.393      0.438     -3.902
 201   -2      7.611    -12.260     -3.003
 211   -2     11.839    -11.433      4.792
 213   -2     12.360      3.307     -9.858
 214  203     -0.726      4.167     -8.799
 216  204    -12.556      1.234     -4.358
 217  205     13.141     -7.303     -2.958
