217
  50   10     -2.914     11.138      7.750
  95  107     -3.330     -6.498      9.700
  31   35      4.553     -9.216     -1.332
  53   39      2.663     -1.131     -3.288
  55   62      3.722     -7.508     -4.058
 138  166      0.204     -3.770     -9.702
 149   15     -6.173     -0.129      1.804
 174  178     -6.013     -3.516     -4.698
  11   20      4.121     -1.871     -3.241
  85   73     -9.962     -2.663      0.744
  23   21     -7.196     -6.099     -2.573
   2    0     -6.972      3.593     -5.603
 109  188      6.364     -7.818     -9.161
   4    8     -9.725     -4.432      6.317
  30  158     -2.130      9.498     -7.348
  -1   33    -12.118      0.903     -4.585
  12   52     -5.295     -5.082     -3.606
  65  128     -3.738      4.774     -1.703
  29   25      2.356      4.688     -6.223
 112  132    -10.965     -0.610      1.951
   5   13     -5.887     -1.936      2.037
  92  123     -9.572     -1.886      1.037
   1   14     -2.662     -9.916     -6.776
 180   60      9.964      4.619      4.684
 108   19     -1.230     -4.926      2.880
 101  139     -5.329      7.108      8.544
 104  186     -0.220     -3.722      2.239
  52    1     -3.348      0.402      6.168
  24    6    -11.557      3.364     -0.407
  42    4     -1.273     -0.503      7.403
 100   23     -7.551     -5.550     -6.082
  15   75     -5.671     -6.790      3.139
   9   77      7.024     -2.534      7.010
  43   22      5.936      1.352     -1.443
  13   46      0.335    -10.365      5.755
  37   83      1.911    -12.055     -5.261
  45   34     -8.957     -3.764     -0.873
  17    2     -2.203     -8.387      6.999
  56   16     -5.113     -9.274     -4.615
  77  192     -4.212      5.517      5.905
   8    3     -6.825      2.467      3.863
  62   40     -4.889     11.176      0.827
  71   55      1.436      9.242     -7.004
  19   29     -6.993      6.064      0.661
 114   47      8.577      0.911     -3.962
 111  110     -6.262     -2.774     -2.815
   3   27     -0.338     -8.431     -6.591
  94   31      7.670     -2.106     -6.438
 106    7     -9.561    -10.363      6.220
  32   44      1.583    -10.594     -3.955
  51   17     -9.152      6.937     -8.113
  60   67      2.451      2.662     -9.944
 168  117     -5.643      6.433      8.785
  35   36    -11.591     -3.941     -0.740
 115  112     -0.027      7.769     -3.305
  63   89     -3.844      8.310     -8.206
  25   41     -4.554    -10.089      1.031
 118  138      9.375      1.327     -2.963
  26   53     -3.249     -7.879     -3.434
 103   94     -9.256     -1.210      0.040
  91   92      3.419      8.906     -3.807
 129  169     -9.121     -9.245      4.402
 113   51     -2.287     -0.528     -3.181
 102   45      2.894     -7.037      2.415
  88  121     -3.512      6.656     -1.856
  99   66     -9.763      4.592      6.086
  21  118     -3.550     -1.960     -7.918
  90   61      7.528     -4.634     -6.446
  76   32     10.877      8.074     -2.557
  70   74      8.249      1.395     -1.518
  22   49     10.123     -8.439     -6.789
 121   24      2.911      0.719      6.522
  44  114     -2.639      4.592     -8.739
 105   50     -0.753    -10.593     -3.600
  61   86     -7.968     -6.383      1.556
 205   72     -6.524    -11.380     -6.865
  68   12      3.475      0.349      0.640
  75  204    -11.961     -8.278     -2.306
   6   90     -7.350     -2.008      2.879
 124  153     -6.434      5.232      3.319
  27   63     -8.104      0.225      3.609
 126  205      3.068      0.402     -7.087
  33  200      7.873    -11.345      4.259
  39   93     -2.152      1.916      4.187
  47   87     -7.106      4.121      6.744
  59   42     -2.891     -3.371     -7.021
  -1   59      3.975     11.983     -4.941
  10   11    -11.196     -5.304     -1.407
 110   78     -6.356     10.120     -6.224
 120   64      4.996      1.886     -4.801
  58  120     -2.877      9.556      4.776
  38  102      0.802     -5.142     -4.420
  97  159     -9.620    -11.357      2.518
  78   95     -1.578      0.971     -7.723
  74  149     -0.956      6.913     -4.242
 200  145      7.394      8.391      3.552
  67   96      7.624      7.264      0.218
 132   -2      9.879     -6.885      4.235
  66   54    -11.855     -5.461     -3.634
 141  101     -9.746     -3.381     -4.323
 140  176      6.556     10.413      6.652
   0   56      7.208     -9.251      9.368
   7  133     -2.274      1.210      2.210
  41  174      4.450     -2.808      6.145
  16  119     -2.917      6.502      4.048
  79   71     -4.807      1.608      9.096
  20  116     -1.266     -1.461     -1.923
  -1   -2     11.037    -10.542      2.500
 117  156      0.527     -0.430      0.579
 184   79      5.066      5.716     -7.594
  96  108      0.531      5.108      2.232
 122  143      3.988     -0.861      5.610
  69  105      5.763     -1.936     -0.809
  98   91      1.502     -8.943     -6.552
 137  154      0.593      4.519     -3.992
 198  155     -4.197      4.934     -4.222
 147   -2    -10.032     -1.698      4.623
  82  126    -10.966      5.320     -1.196
 172  207    -11.215     -9.320      3.691
 135  147     -1.149     -4.257     -2.551
  84   84     -7.764      1.350      6.344
  14   85    -10.593     -7.951     -2.555
  36   98     -6.580     -2.956      5.542
 146  100     -1.591     -7.369     -6.041
 171   69      1.001     -2.212      6.699
 131  151      5.467    -11.265      0.153
 127  109     -5.869      1.993      0.162
  93   58      8.659      4.276      4.629
 123  173     -3.102     -7.333     -3.276
  -1   -2     11.000      9.846      3.224
  87  160    -12.085     -2.252     -6.392
 199   88      5.265      9.432      9.632
 162   65     -4.256     -5.053     -0.166
 133   82    -11.437    -10.372     -7.836
  40  201     -3.402      5.218      8.346
 167  161     -0.428      8.387      9.249
  72   99      7.392      9.043     -4.317
  -1   -2     10.562      9.256      1.489
  34   18     -0.503     -7.338     -0.402
 139  131     -0.841     -0.195     -7.845
 145   68     -7.766      5.274     -8.721
 154  163     -6.339     10.376      3.320
 153  124     -5.504      5.904     -6.117
 176  179      6.652     -0.738     -1.675
 166    5      5.629     10.395     -7.744
  48  202     -9.703     -6.621      0.387
  -1  180      1.126     11.612     -7.039
 161   81     -3.213    -11.286      1.103
  89   26    -10.323     -3.293      3.608
  -1  164     -4.295     10.982      9.789
 119  165     -7.636     -8.626     -0.833
  81  175     -5.086      3.046      9.392
  57   43     -4.779      3.704      2.525
 107  144      2.657      7.229     -3.158
 116  103    -11.447      1.854      1.270
 144  111     -5.084      1.198      3.918
  -1  146     -8.916      0.736      3.472
  -1  189      9.747     10.510      1.121
 193    9      3.455     -7.167     -6.866
 165   70     -8.470      4.663     -8.503
 152  183      1.497      6.813      3.977
  -1   -2      8.876     -3.671     -2.110
 202  104      9.387      1.860      2.833
 175  194     -5.400     -4.426     -0.768
 179  208    -11.834     -8.553     -4.566
  46  140      1.063     -9.907     -4.739
  54  167     -7.770      0.704     -4.758
 125  152     -4.358    -10.837      1.374
 169  181      0.939     11.009      1.228
  73  203     -5.060    -10.736     -8.134
 128   38      3.350      1.114      8.537
 195  210      4.038      5.623      6.057
 163  142    -10.682     11.397     -8.843
  -1  134     -1.883     -5.237      4.112
  64  171    -11.161      5.113     -9.279
 189  182     -8.225      2.418     -6.522
 196  125      5.129     -6.250     -9.085
 181   76      0.940      4.122      7.360
 158  127     -6.247     -7.637     -2.677
 170   30     -7.186      1.484      8.834
 130  196    -11.531     11.277     -2.679
 155  190      4.564      9.794     -4.619
 204  213     -5.694     -0.223      6.782
  -1  193     10.893     -8.421      0.217
 201  211      6.989      9.788      9.185
 142  137     -6.098     -3.602      7.794
  -1   -2     -4.590     12.015     -8.875
  -1   -2     10.873     10.868      3.241
 182   48     -1.794     -6.076      7.247
  28  150      7.633     -9.774      0.826
 173  162     -8.548     -9.419      3.846
  -1   -2      6.227     11.723      0.655
 143  197     -0.012      4.959      6.910
  -1   -2     -6.435     10.448      6.834
  -1   -2    -11.811      5.535     -6.029
 183   57     -6.571      9.002     -2.937
 192  209      0.106     -3.945      1.277
 178  191     10.156      8.119     -7.066
  -1   -2      9.369      4.065     -1.450
  -1   -2      9.645     10.291      4.626
  86  113      8.802     10.361     -4.950
  18  106     -7.943     -6.624     -7.278
 134   28     -7.122     -4.528      1.575
 208  177     -1.657     -8.532      4.855
 160  206     11.219     -1.298      3.718
 164  184      4.032      5.661      8.250
 156  172      0.086      0.773     -9.860
 157  168      1.232     -7.056      4.164
 136  170      0.556      5.808     -0.106
  83   -2     12.516      7.644     -0.551
 197   -2      6.495    -12.531     -8.740
 209   -2    -12.405     -7.380     -5.552
 203  212     -5.836     -3.154      9.804
 194  148     -0.779      4.006     -6.824
 206   -2     -8.239     -7.937      2.634
 210   37     -2.806      6.230     -7.984
 211  214    -10.021    -12.460     -9.247
