247
  99  221      1.098      0.695     -2.817
  42   77      1.805     -2.402      2.606
  -1   -2      1.154      0.320     -6.484
  15   29     -1.468     -6.224     -2.933
  19   12    -11.616      1.292     -3.826
  13    7      7.281     -8.444     -3.693
  24    8      8.877     -0.060      5.293
   5    3     -2.533     -7.094      3.288
   7  114      6.508    -10.838     -9.037
  29   38      7.135      5.757      8.002
  87   31     -3.887      3.826      5.592
  33   23      1.137      1.245      8.520
  11   22    -10.195      2.461      3.605
   3  100     -1.231    -10.380     -8.743
  10    1     -7.096      3.607     -3.263
 135    4      1.079      2.498      4.801
  41   19     -8.082      7.157      0.166
 194  126      5.599      6.979      5.569
  18   32     -1.707     -0.334     -8.874
 233  141     -4.549      3.462      9.167
  23   45      7.848      5.615     -2.259
  25   46     -2.872     -0.174     -2.465
  50   11      0.057      1.745      1.399
   6   18     -4.054     -5.928     -5.034
 164   55     -2.671      9.553     -1.374
  65  109     11.703      8.357     -1.715
 157  102      1.224     -2.657     -1.486
 209  122     11.341     -4.337     -2.085
   0   63      7.752     -8.939      5.295
  -1   17      4.777      5.874     -5.735
  72   73     -7.707      1.321      2.206
  12   84     -3.989     -2.579     -0.949
  -1   74      1.335    -11.159     -4.520
  75   83     -7.713     -3.957      1.228
  79   89      9.285     -4.526     -9.333
  22    0     -3.414     -0.665     -6.956
  17   33      5.004      9.520      8.782
  20  143     10.049      0.715      4.130
  49  107     -7.002    -10.682     -3.695
 160  101      2.733      3.398      4.874
  68   48     -5.434     10.371     -8.146
 142  116      6.386     -2.140      6.121
   4  211      4.242     -7.088     -2.340
  63   26     -0.003      2.949      0.731
 171   40     10.459      2.118     -0.710
  43    9      2.431      8.649      0.243
  38   27      3.233     -0.419      6.096
 251  169      8.923     -5.146     -8.502
 111  108     -8.357     -1.174      1.381
  82   75      7.582     -3.379      1.672
  96   41     -2.747    -11.252      8.102
  53  125      2.212    -11.127      4.563
   9   14     -0.532     -7.615      4.711
  32   25     -5.449    -10.064      5.600
  28   57      6.746     -0.973      5.608
  35   28      7.074      9.524     -1.913
  26   86     -1.187      3.785      4.363
  64   49     -5.729      7.722     -8.555
   8    6      0.145     -4.572      0.005
 141  234     -4.336      4.789     -7.624
  40   67     -5.115     -4.063     -3.795
  86    5      6.377      5.033      4.786
 110   13      9.795     -2.961     -3.877
  84   51     -4.650     -7.032     -7.043
  48  228      0.210      4.819      1.946
  61   24      7.510      2.324      2.943
  37   15     -7.792     -2.415     -0.042
  31   56      5.363     -1.674      4.135
  93   47      6.723     -9.903      1.869
 139  233     11.173      8.596      2.745
  60   10    -10.051     -7.805      2.692
  16   34     -6.554      1.269      0.939
  57   91     -4.847     10.926      8.584
  74   61      6.644      4.472     -4.214
 200  185      5.289      3.840     -6.878
  71   78      5.364     -6.248     -1.197
  36   37     -1.394      1.958      2.666
  73   79    -11.438     -6.630     -3.997
 169  195    -11.318      5.153     -2.594
  78   68     -8.284      2.824      6.557
  14  113      1.033     -4.637     -7.198
  52   85     -5.964      3.991      3.697
  66   52      7.198     -5.832      4.940
 186   21      7.445      3.210     -9.388
  90  139      2.176     -0.803     -2.728
  59   54     -2.257     -1.374      3.566
  83  110     -5.652      1.985      6.426
 112  105      1.118      7.636     -9.198
  62   58     -4.727     -4.898      4.317
  69   81      1.887      3.724     -0.420
 218  135     -7.138      6.500      4.786
 124   90     -6.418      7.023     -9.007
  92  155      1.335     -6.672     -4.251
 132  115     11.779    -10.718      2.113
 172   35     -2.290      3.308      2.958
 102   62      6.212      8.077      4.263
 115  222     -7.680    -10.431     -8.986
  -1   -2     -1.700    -11.148      2.083
 152   70     -0.437      6.004      5.460
 146  136     -6.511     -6.158      4.205
 137   43     10.783     -0.562     -9.035
 113  145     -9.460     -7.782     -2.462
  51  197     -4.327      3.551     -8.104
 196  154      2.993     12.149     -7.062
  44  196     -9.589    -11.267     -8.571
  81   69     -1.477     -8.890      4.657
 116   95      9.050      6.770     -8.437
 114  179     -7.176      5.926      8.670
 104   60    -11.969     10.302     -2.244
 159   80      7.234      1.173     -4.161
 147  156     -2.705      5.289     -4.196
 120   20     -7.431     -7.404     -2.445
 153  144      6.633      6.455      3.809
 189  203     -7.451      1.201     -2.260
  88  131     -9.485      8.770     -6.501
 117  111      2.996     10.422      6.521
  95   88    -10.009     -4.801     -2.028
 129  127     -7.565      4.385      1.750
  67   93     -3.646     -3.753     -8.145
 119   72     -9.679     -5.257     -4.035
  91   66      0.603      8.137     -4.232
 127   87      1.746    -10.195      3.912
  55   30     -5.774     -3.438     -0.535
 100  161      3.567     -7.763     -1.416
  97  119     -2.417     -8.511      4.525
 105  128      2.205    -10.747     -3.429
 140  151     -7.248      2.940     -9.472
 106  118     -6.110      1.027      3.627
 154  180     -0.248     -7.938      6.042
  58  158      7.898     -3.761     -4.380
 101  216      8.050      9.476     -7.270
  70  129      1.938     -7.532      0.071
 144  146      3.325      5.496     -5.363
 131  193     11.907      4.563     -4.583
 107  104      0.030     -3.515     -0.506
 122   97      9.189      8.868     -5.660
 151  147     -8.912     -3.003     -4.039
  94   94    -10.441      6.479     -7.971
  34   42     -2.587     -0.387      2.709
  76  149      3.658      3.781      1.660
 143  120      3.553     -8.284      0.336
 118  148     -2.345      9.099     -4.477
 103  175     -2.758     -1.251      6.258
 243   99      0.793     -4.991      0.956
   1  121      6.596     -9.887     -9.793
  30  124      8.451     -6.173      1.001
 155  182     -3.348      4.057      2.311
 163  207      8.454     -1.942      0.954
  -1  133      5.422     11.533      0.597
  47  137     10.398      4.831     -0.703
  27  112     -6.379     -1.682     -1.808
 109   98     -8.161     11.173     -1.502
 125  150      0.681      6.166     -2.098
  89   96     -5.094     -3.034      8.837
 149   50     -8.400     -7.948      5.341
 206  238     -0.746      7.112     -5.592
  46  117     -2.588     -2.227     -6.810
 136  181     11.757      3.301     -6.338
  56  206      1.432     -2.338     -1.667
  -1   -2      2.834    -11.363     -1.224
 242  205      1.315     -9.907     -9.603
  21   59     -5.547      6.030      6.765
 148  214     10.136      0.349     -8.363
  98  157     -9.933     -6.732     -6.132
 128  130     -2.859      9.736      2.107
 162  160      1.842     11.465     -4.727
  -1  132     -1.670      6.977     -7.543
 133  192    -11.259      9.434     -9.628
 134  152     -7.738     -1.300      3.587
 173  103     11.055      2.411     -9.663
  -1   -2    -11.576      4.964     -5.995
 222  159      9.116      7.537     -2.492
 174  164     -0.011      0.611      6.098
 166  235    -12.326      1.092     -6.724
 168  174      6.856     -3.419      1.980
 145  168      4.330      1.138     -5.757
 150  165     -0.384      9.005     -5.722
 187   44     -5.389      1.837      8.010
 192  198    -11.379    -10.541     -5.350
  -1   36      8.737     -1.259      8.710
 182  170     -7.419      5.271      8.420
  85    2      8.290     -5.382     -2.499
 175  202      1.742      7.206      7.056
 190  166      9.621     -8.519     -2.202
  54  187     -2.383      2.182     -6.170
 179  208    -11.151     -1.943     -5.593
 170  138     -6.863      0.682      6.975
   2  210      1.215      0.448     -1.061
 121  153      8.330     -0.717     -3.056
 236  162     -3.002      5.715      8.379
 185  201    -11.572      2.206      2.484
 177  171     -9.149      4.453     -7.791
 203  172      9.363     -1.065     -3.836
 167  163     -9.810     -8.648     -8.386
  -1   -2     -8.353      4.814      1.286
 201  237      5.612     -1.624      5.560
 205  218     -7.610     -7.069     -1.957
 207  106     -1.710     -4.871      9.420
 184  186     -1.691      6.896      9.789
 165  212      5.699      6.108      2.374
 252  183     -8.972     -8.272     -4.558
 197  177      6.299      7.208     -6.797
 188  217     10.208      7.699      4.182
  -1   -2     -2.707      0.058      0.473
 191  189     -8.891     -7.043      2.329
 204  213    -10.388     -3.415     -0.716
  -1   -2     -4.699      0.286      6.463
  -1   -2     -5.631      4.806     -4.780
 202   -2     -7.715    -11.068      9.906
  -1   -2      4.337      4.224     -9.729
  -1   -2      5.578     -1.292     -9.451
  -1  204     -5.920     11.966      1.553
 156  184      2.054      8.587      4.322
 213  224     -3.293     -2.010      2.268
  -1   -2      6.793     -9.972     -6.156
 212  225    -11.386      0.635      2.917
 130  134      9.029      9.440      4.364
  39  232      8.600     -7.506      7.943
 217  173     -5.963     -6.558      2.944
 221  227    -11.232     -8.739      7.321
 219   64     12.294     -6.691      0.454
 248   -2    -12.831      6.827      0.311
 220  229    -13.180     -9.905     -2.942
 216   -2    -12.064     -8.628      2.391
  -1   -2     10.182    -12.302     -9.077
 158   -2      7.882    -12.286     -3.420
 226  240    -12.108     -0.174     -1.658
  -1   -2     11.646    -11.644      0.612
 195  226      3.361     -7.124     -4.245
 237  241     -1.886     -5.313     -7.179
 241  243     -7.693     -3.182      5.204
 231   53      1.239     -9.572     -6.516
 239  242    -12.274     -5.005      0.988
 240  167      2.803      6.772      3.226
 246  191     -1.233      1.283      6.871
 178  194     -3.378      8.961     -8.239
 244  244     -3.325     -2.139      0.908
 198  236    -10.413    -11.869     -0.801
 245  245      4.061      3.972     -9.775
 223  239    -11.290     12.162     -3.905
 228   -2    -12.417     -2.087     -5.340
 176  190      2.592      8.893     -8.650
 126  188     -6.032      5.037     -4.846
 249  247    -12.467      5.313     -6.906
 250  219      7.955     -4.946      8.976
 247  246    -10.872     11.236      1.530
 234  215      4.387     -2.393     -8.649
