222
  42   14      5.021     -7.760      3.906
  41   50    -10.745     -5.468     -1.904
  54   11      0.344     -5.416     -8.471
  56   49      5.974     -6.855     -4.785
  69   66    -10.551      6.601     -8.365
   9   15     -0.817     -4.390      4.753
  21   41      8.172     -0.890     -1.128
  10    7      2.914     -2.485      8.233
 146  174     -3.156      3.750      1.934
   8   55     -1.631      0.050      7.842
 117   22     -3.287     -2.027      5.508
  34   12      2.551    -11.503     -3.721
  74   44     -9.346      5.273      4.960
  16   37     -1.905      1.231      0.151
  24   19      4.857      4.836     -2.960
  60   10      2.537     -8.021      4.222
  62    6     -2.162     -9.260     -1.716
   3   51     -8.038      3.136     -4.680
  31   88      3.552      3.038     -8.583
  43   45    -11.166     -4.085     -0.865
  18   62      2.187     -9.309     -5.490
   5    2     -4.736    -10.859      2.465
  -1   57     -1.706     -0.623     -9.554
  32   63     -0.126      4.306      6.801
  33   38     -5.620     -6.688     -5.542
  80   61      1.412      2.097      9.468
 183   17     -5.941     -4.577     -4.382
  51   34     -8.657     -3.493     -0.393
  67  185      6.762     -8.828     -4.798
  -1  120     11.767     -5.367     -6.250
 109   67      4.223     -8.491     -0.047
  75   42    -11.838    -11.545     -1.535
 164   87     -0.640     -5.798     -2.573
  14   54     -4.685     -0.526      2.555
 103    0     -8.414    -11.845     -9.085
  49    8     -3.083     -8.473     -4.017
  22  181      5.120    -11.588     -2.730
 113  114      8.600     -4.356      2.439
  36   43     -4.202     -3.839     -8.286
   7   29      3.649     -3.491      1.368
  47   30      7.004     -5.178     -3.010
  30   25     -2.438     -6.550      9.259
  17   83      7.160     -2.599     -2.727
 108   18      2.783     -6.799      3.904
   0   27      9.528      7.470      5.504
  40   -2    -10.972     -7.491     -6.046
  95    3     -6.654     -5.195     -1.284
  71   58     -4.740     11.384     -8.306
 130  115      0.453     -3.432     -3.293
  83   20     -2.817     -5.527     -7.230
  12   23    -10.995     -9.065      3.109
   2   52     -3.268    -11.622     -7.864
  37   33     -0.155    -10.713     -6.518
   6   31      5.251      1.070     -3.886
  46   48     -9.189      9.380     -6.903
  48   78     -7.416     -8.826      2.597
  58   26     -8.838     -4.297      5.409
  50   53     -9.640      0.014      1.942
  70   16      8.577     11.019     -8.432
  73    4     -5.675     -0.179      8.456
 102  118     -2.544      0.804      3.860
  68   39     -9.054     -9.329      5.676
 197   40      2.655     -0.978      3.859
  96   86      9.360      7.469     -6.667
 167   98     -5.088     -4.904      3.184
   4   36      3.912      0.879     -4.626
  35   56     -5.160     -3.682      2.323
  77  200      3.338      5.740      0.186
  55   46     -1.862      7.604     -8.222
 101  103      3.237     -9.448      0.899
  87   47     -4.559      3.623     -8.956
 129   94      5.326     -1.271      7.702
  59   21     -0.360      6.893     -0.864
 161  159      4.119     -3.225     -4.767
  13  199     -0.584     -1.279     -2.956
  91  141     -6.421      7.432     -9.333
  45   73      5.788     11.893     -6.237
 145  206     -2.505     -2.342     -7.558
  93   92     -0.082      1.334      1.229
  84   76    -10.390      3.769      0.201
 100  125      0.238     10.677      7.830
 148   70      6.604     -3.013      3.582
 205   80      4.677      3.615      6.345
  81   96     -3.433     -1.456     -3.388
 159  189      4.607      9.897      5.856
 116    5    -10.527     -8.555     -2.574
  97   79     -8.842     10.258     -2.432
 200  129     -4.719      5.587      7.338
  38   69      6.481     -8.101      2.488
 147   35     -4.500      2.525      3.726
  98  109      8.617     -1.793     -5.997
 177  161     -2.818      9.980     -8.375
  72  123     -6.459      2.050      5.366
  39  122     -3.377     -0.786      1.614
  66  173     -0.912      1.384      4.123
  92  119      8.791    -10.545      1.206
  -1  190      8.391     11.078      3.831
  -1  166     11.419    -11.162     -3.276
  52   65      8.866     -7.122     -0.181
  61  147      2.964      1.153      3.188
 174  150      2.488     -9.245      1.196
  64   90     -8.799     -1.167      1.269
  11  104     -7.139     11.333      2.260
 112  203      2.972     -0.113     -6.611
  27  138      1.660     -6.763      3.824
  -1   71     -5.504      8.396     -8.822
 120  192      5.081      6.489     -7.882
   1   68     -8.828      4.925     -8.765
  25   74    -11.813     -2.467     -6.007
 128  148     -4.270      4.711     -4.810
 151  124      5.229     -8.005      8.935
 106  202     -1.155    -11.666     -9.149
 143  112     10.618     -2.008      3.579
 125  172      0.812      4.354     -5.585
  89  144     -1.638      8.811     -5.517
 135   84     -5.553      1.307      2.858
 136  186      8.717     -2.314     -7.793
 185   95     -5.576      7.739     -0.299
 199   24     -8.308     -0.324      0.361
 144  117      2.270      1.719      0.775
 138  140     -5.407      3.706      9.145
  20   75     -8.835      1.649      3.980
  99   28     -7.254      4.965      6.534
 142   13     -4.657     -2.362      1.881
  28  187     -2.293      6.254     -3.896
 133    1      3.766      5.506     -8.566
  57  178    -10.730     -5.883     -4.115
 152  137     11.080     -0.494     -3.307
  -1   -2     10.447     -4.613      1.737
  -1  135      5.137     11.037      5.439
 118  162     -5.961     -3.932      9.126
  85   32     -7.613      6.326      8.913
  86  156     -1.481     -2.908     -0.781
  88   64     -4.713      9.624      3.110
 114   97     -8.800     -5.468      0.920
 140   89     -7.662     -7.766      4.136
  -1  101     -4.720      5.036     -8.501
 124   82     -9.532     -3.708     -4.255
 155  155     -3.873     -0.455      6.451
 111  110      7.445      3.835      1.468
 173  154     -2.013     -7.595     -1.967
  -1   -2     11.368      9.684     -3.655
  44  121      1.913     11.498     -8.007
 132  136    -12.071     -9.114     -6.306
 210   93     -2.527      2.237     -7.065
 192  167     -3.891      8.225     -4.139
 110   81     -4.716      5.294      3.736
 119  133     -2.062      6.867     -5.896
 166  208      2.832      1.563      5.909
 105  201      6.007      4.509     -6.255
  -1   -2     -3.885      5.749      1.221
 215  116     -7.415      0.823      7.267
 154  151      7.216     -7.696      5.335
 182   85     -8.412     -0.791      3.861
  76  160      1.480     -6.280      2.941
 163  183      0.201      9.839     -4.702
 137  126     -6.807      4.998     -6.098
 170  111      6.828      8.180     -2.907
 149  113      5.910      8.807      6.806
 156  130    -11.075      9.499     -9.604
 216  217     -4.806     -5.357     -0.389
  29   91      0.197     -8.408     -5.256
 180  210      5.311      6.258      4.574
  26   72      9.996      9.051     -9.034
  -1   99     -4.734     -4.840     -2.124
 153  194      9.324      3.390     -5.822
  -1   -2     -2.421    -11.768      6.917
 209  134     -3.211      7.444      9.707
  23    9      2.150      4.252     -6.664
 168  175     -9.945     -8.296      2.777
 176  171     -9.509      4.359     -8.397
 139  139      6.566      2.283     -3.405
  -1  128     12.135     -7.873     -4.557
 131  168     -9.374      1.875     -5.580
  -1   -2     -5.667     -7.414     -2.151
 162  149     -8.763     -8.366     -2.756
  79   -2      9.907      9.731      2.648
 193  177     -0.681      7.423      3.592
 175  158     -4.489     -2.809     -0.085
  -1  170    -12.123      4.984     -5.978
  15  132     -9.969      6.031     -0.513
 150  131    -10.452     -9.881     -8.302
 121  164      0.849      0.498     -9.148
 171  153      7.868      1.117      8.685
 181  182     -1.464      5.754      7.045
  -1   -2     -1.646    -11.455      6.183
  65  198     -9.859      2.784      1.386
 157  165     -0.329      5.151      2.171
 207  214     -8.233     -0.107      7.949
 202  108      5.499     -8.004     -5.481
 134  169     10.027    -10.573     -0.786
 188  184     -9.469     -2.253      1.051
 115   -2     -4.143    -11.771      4.905
  -1  195      3.140      0.102      2.449
 172   59    -10.156     -8.946     -4.758
 194  193     -8.410      0.417     -3.530
 122  191     -6.939     -2.750     -2.298
 204  213      2.081     -0.118      4.984
  63   -2      7.873    -11.992     -2.513
  -1   -2    -11.846      5.220     -3.176
  -1   -2     11.539     -1.534     -4.111
  82   77     -6.049     -7.654     -7.190
  90  100     -2.167     -7.235      2.162
 196  212     -3.540      0.797      1.172
 190  143     -6.471      1.546      8.784
 179  209     -5.584     11.413      8.165
 141  205     -9.125     -2.574      3.470
 178  152      9.886    -11.027      0.374
 107   -2      8.391      9.768     -1.337
 127   60     -4.734     -3.288      6.629
 208  215     -3.161      3.747     -1.183
 160  180      7.567     -5.206      3.089
 126  204     -7.905      5.561      8.861
 165  188     -2.246    -10.414     -0.640
 189  211     -5.299     -5.437      1.306
 184  179      5.676    -10.133      8.749
 213  157      4.604     -6.485     -3.708
 206   -2     -9.592      2.436      7.587
 211  216     10.545      7.678      6.186
 217  218    -12.550     10.811     -2.696
 169  176     -3.435     -0.849     -7.613
 218  219    -12.240      0.833     -4.271
