248
 114   34      5.693     -4.300      6.772
   2   14      0.917     -9.348      7.131
   3    1      3.132     -1.785     -1.694
   4  112     10.663     -1.894     -1.890
  14   16      0.520     -3.408      4.176
  75    0     -4.497      1.484      3.421
  45   38     -3.928     -0.672      3.786
  54   35      1.277    -11.526      1.004
  77   79    -12.001      2.278     -3.029
   1   64    -10.499     -3.899     -3.158
 111  229      7.561     -6.965     -5.646
   5   67      0.558    -11.197      5.202
  27   51      4.353     -7.948      7.172
 175   12      5.795     -3.213     -5.838
   9   15      8.944      5.219      5.398
  35   57      0.700     10.228      6.103
  13    2     10.035     -7.544     -6.575
  24   23     -3.281    -10.060      5.385
  20    7     10.571     -0.479     -4.909
  21   48      0.466      3.079     -8.646
 180  200     -4.432     -7.289      6.923
  19    9     -1.186     -9.525      4.886
  -1   29     -6.671     -3.540      9.343
  29   65      5.752    -10.295     -0.295
  44   21      0.289      1.033     -3.739
  17   28     -7.371     -9.871      2.464
  32    4      6.489     -8.973      0.697
  22   33      8.711      1.081      2.280
  -1   97      0.378      0.153     -9.982
  55   24      6.707      6.474     -8.927
  33   32      5.140      4.265     -6.625
  43  144      3.973      5.561     -0.086
  66   43    -10.935     -9.516      3.063
  69   47     -0.962     -9.030     -5.655
  40   36     -6.056     -2.307     -8.737
  39   37     -2.613     -6.332     -0.914
 128   -2      1.806      4.608     -9.950
 104   73      9.959      3.161     -2.439
  60    5     -8.651     -6.298     -8.668
  74   50     -6.600     -5.886     -1.894
  31   63    -11.892      6.130      2.186
  28   93      4.083     -8.502      3.890
  59   26      4.754     -2.786     -6.228
  61   53      5.068      7.090     -2.768
 101  132     10.872     -4.404     -6.768
  38  134     -1.320    -11.945     -8.466
  73  142     10.867      0.867     -4.524
  46   -2     -1.859      8.677     -9.888
  12  149      1.268     -1.029      1.499
 145   20     -0.398     -7.504      6.056
  85   82      1.834      0.826      2.362
 136  158     -9.913      2.104     -3.108
  50   17     -9.900     -0.489      0.678
  65   49     -9.971      7.797      5.456
  67   25     -7.957     -6.196      4.780
  34   13     -1.001     -5.384      9.385
  63   22      0.349      2.021     -9.930
   8  126      4.533      1.997      2.911
 120   39     -1.316    -10.443      1.901
  42   76    -12.384      1.400     -4.894
  98   56     -4.962    -10.843     -5.423
 130    6     -3.629     -6.397      6.787
  89  217     10.199     -8.261      5.748
  37  118      4.198      2.982     -3.238
  79   75     -6.611     -7.749     -3.421
  71   92     -8.838      5.151      3.602
  70  140     -9.834     -2.107     -3.162
  92   86      1.168      8.173     -9.704
 166   68      4.929     -7.554     -5.074
  41   83     -4.532     -1.723     -6.835
 144  107    -11.897      9.566     -7.106
  49   54      5.958    -11.506     -4.140
  91   88     -1.000      6.334     -8.779
  51   46     -8.721      2.966     -3.273
 182   85     11.016      6.531     -7.031
   6   84     -5.187     -1.561      8.784
  23  119      4.577     -0.731     -1.837
 119    3      2.391     -8.253     -9.253
  -1   -2      1.305    -11.686      6.816
 108  151     11.078     -3.035     -9.454
  18   70     -2.254      2.954      2.796
  36  111     -1.887     -9.259      8.623
  80   96    -12.178      6.965     -0.770
  78  150      8.200     -2.349     -9.072
 118  148     -8.710      0.728     -4.259
 158  104     -0.739     -8.977      4.143
 153   90     -6.953    -10.688      2.339
  82   44     -2.216      5.417      5.079
  87  102     -8.395      7.069      8.961
 106   98     -6.117      9.623      4.643
  90  127     -9.260    -11.306      7.303
  11   30    -10.320     -6.672      1.504
  84  103      8.754     10.461      1.468
 191  168      3.425     10.252     -0.776
  64   74      1.512     -9.364     -3.665
  16   87    -10.988     -6.403     -9.338
  30  123    -11.186    -10.663     -4.210
 163   -2     12.304      3.152     -5.346
  93  137      4.591      7.672     -0.062
 110   95     -5.877      9.771     -1.114
 103  122      4.580    -10.635     -5.343
 132  183      9.433    -11.013      6.688
 133  116     11.761     11.501     -7.248
  97  124      8.099      5.783     -2.868
 121   99      4.761     -6.562      1.150
  95   94     -2.867      9.966      8.299
 140  160      3.251     11.077      8.068
 100  105    -11.075     -5.706     -6.481
  58   81     -0.277      2.774      0.500
 117   60      5.450     -5.950      2.754
  -1   61     12.064      9.217      1.688
  53    8      4.201      6.913      4.996
 189  154     10.392     -8.571      4.705
 125  117     -0.960     -0.163      2.180
  62  133      4.930      3.537     -6.263
  68   71      3.295      9.574     -8.796
 137  141     -4.505      8.431     -2.039
  -1  170      6.893    -11.082      2.435
  10   31     -0.317     -4.495      8.861
 134  232      4.319      3.172      5.690
  94  202     -0.925      7.130      7.653
 113  120     11.505     -8.540     -7.275
 138  128     -4.298      0.100     -9.524
 131  193     -6.309      0.488      2.071
 152   52     -3.173      3.079     -5.505
 214  166      2.679      8.079      9.465
  88  109      6.941      6.579      4.819
  76   72     -3.079      3.382     -3.344
  -1   -2      9.159      9.104      2.170
  -1   -2     10.695     -5.778     -2.449
  83   66      6.963     -6.107      5.722
 141  136      7.840      0.570     -0.298
  48   -2      1.693      5.264      7.517
  72   55     -7.396      3.153     -2.716
  25  152      4.228     -9.213      3.790
  81  197      3.417     -0.901     -7.996
  52   27     -8.729      0.131     -0.141
  26   42     -6.673      3.963     -9.768
  57  196      8.170      1.643     -4.941
 236   62      4.250     -3.592     -8.880
  -1  139    -10.398      4.106     -9.200
 107  185     -9.182    -10.038      3.415
 116  231     11.766    -10.991      0.936
   7   45     -8.983     -1.594     -1.901
 135  129      2.657     -0.794      6.943
 170  147      5.352     -1.405      5.870
 148  155      7.618     -5.556      8.039
  -1  162      2.581      5.847      3.967
 225  121     -2.911      6.498     -9.343
 171  135      4.529     -1.220      5.701
 149  153     -1.054      7.987      0.609
  56   77     -3.835     -9.275     -0.510
 183  167     11.269      4.283     -3.868
 165  157    -10.923      8.633     -2.273
 143  169      3.041     -4.347      8.041
 124  180     -0.060     -1.484     -4.349
  -1   40     -5.900     -8.958     -9.942
 139  189    -10.263     -3.289      3.498
  96   -2     -6.185      7.103     -3.981
 221  156      1.855      7.182      8.955
 161   -2    -10.535      0.316     -6.946
 173  235     -4.457     -6.285     -0.141
 129   41     10.556     -4.217     -6.709
  -1   -2     -6.819     -8.780     -1.554
 190  161      3.870      7.731      8.698
  -1   -2     -0.651     -3.711      0.472
 174  184     -7.589     -7.029     -7.499
  -1   -2      7.318    -11.027     -1.441
 146  163    -11.687     -8.250      1.116
 156  101      4.880    -10.997     -8.037
 196  177      4.951     -9.629      8.193
  -1  130     -9.728      4.022     -1.294
 157  138     -9.457      8.461     -0.993
 198  238     -7.013      8.841     -7.059
 126  176     -5.831     -9.169      6.261
 186  171    -11.612      6.725     -7.098
 177   -2     -7.283     -7.135      2.844
  15   80     -0.695     -7.480     -5.112
 160  187     -1.973      3.513     -0.205
 176  145     -2.764      5.074     -9.020
  -1  218     11.101     -7.801     -9.841
 178  181     -5.660      8.233     -2.086
 167  172     -1.788      4.801      2.285
 142  131      5.714      4.934      1.469
 203  239     12.218     -2.499     -5.378
 151   -2     -5.639     -6.055      7.088
  -1   -2     -4.011     -8.982      1.679
  -1   -2      0.150     12.214     -3.345
 235  173     10.060      3.561     -8.407
 127   58     -7.850      4.485      8.509
 123  106     -5.822     -8.680     -9.470
 194  237     -5.181      0.342     -8.787
  -1   89      8.394      7.617     -4.502
 185  125     -2.998      8.624      9.973
   0   -2     -0.600     -7.322     -8.717
  -1   -2     11.192      2.998      0.855
 233   -2     -1.801     -4.157     -6.865
 105  174      0.027      6.424     -7.048
 150   -2      2.769    -10.771      4.891
  -1   -2     -8.494     -9.443     -7.361
 192   -2     -1.149      5.025     -8.167
 162  206      3.409      0.929      7.151
  -1  188     -5.867     -3.782      3.552
 179  236      0.160     -9.824     -5.957
  -1   -2      7.019    -10.962     -1.097
  -1   -2      9.447      8.208     -8.224
 229   69     -3.724     -8.772     -3.561
  -1   -2      3.135      6.449     -8.115
 147  164     -3.444     -0.584      4.045
  -1   -2     -1.141     -8.501     -7.386
 210  198      5.529      1.459     -9.831
 208  199      9.902      8.322     -7.894
 172  219     -1.173      0.769     -3.635
  -1   -2     11.948      8.424     -5.311
 207  240     10.914      1.195      3.690
  -1  195     -0.579     -7.140     -9.833
 216  207      8.942     -8.441      7.536
 212  205    -10.487     -0.905      2.614
  -1   -2     11.531     -6.199     -4.067
  -1   -2     11.137      4.348     -4.073
  -1   -2    -11.151    -10.069      1.268
  -1   -2     -8.423      6.319      1.957
  -1   -2      0.349     -3.894     -3.876
 102  201      7.056    -10.765      6.306
 218  209     -9.098      2.108     -7.938
  -1   -2      6.410     -4.443     -2.256
  -1   -2     10.903     -1.479      6.023
 201  216      2.381      9.197     -2.333
 222  223    -12.006     10.368      3.187
  -1   -2      2.739      2.145     -9.221
  -1   18      5.153     12.053      0.940
 223  241     -4.254      4.610     -0.223
  -1   -2    -11.731     -1.833      2.236
  -1   -2     10.656      7.434     -5.413
  -1  222    -13.213     -3.148     -2.881
  -1   -2     -6.617      2.515     -7.556
 112  230     -2.995     -8.830      3.024
 187   -2      1.118     -1.108     -2.751
 169  212     -3.120      5.321     -3.880
 232  186      1.889     -3.666     -0.918
 164  233     12.416      6.605     -4.203
 228   -2     12.661    -10.945      0.354
 231  179     -1.817      3.253     -0.146
 168  234    -12.226     10.222      0.504
 220   -2      8.998     -8.672      6.874
 227   -2     12.302     -5.594     -3.465
 237  242    -11.563     -7.016      6.590
 238   -2     -8.666     -9.797      5.281
