212
   6    4     -5.449     -6.078      4.354
   9    0     -9.186     -2.119     -2.292
  21    1      2.291     -7.661     -7.274
   8    9     -6.801     -3.904      2.942
   5    2     -0.733     -3.020      3.858
  31   37     -3.499      2.759      9.633
 173   21      6.706      1.626      2.734
   0   27      2.861     -4.363      0.777
  10   29     -9.676     -1.244     -0.941
  74   36      8.187      8.938     -4.698
   4   71      0.722      1.872     -6.226
  15    3    -11.391      6.766     -7.138
  29    7      2.946     -1.287      2.326
 171   -2     -5.227     -1.576     -9.951
  41   32      6.727    -10.643      0.338
  44   18     -3.123      2.584      2.363
  17   25      5.768     -1.642     -8.063
  20   19      3.370     -1.963     -1.017
   1   24      3.921      2.262     -7.552
  97   74     -0.931      6.881     -1.241
  12   14      3.501    -10.052     -5.913
 156   90     -8.529      3.179     -4.452
  28   33      9.289     -0.581     -2.551
  23  125     -4.734    -11.766     -1.065
  33   13    -11.227     -1.304      0.632
  18   58      4.054     -7.655     -0.118
  39  103     -6.041     -4.144     -8.514
 102   96      8.943    -10.199     -3.557
  34   46     -4.355     10.102      4.208
   2   11     -9.293    -10.949     -8.972
  30   26     -0.071      0.661      9.621
 165  173     -1.655     -0.417      7.221
  43   10     11.210     -5.116      0.057
 110   82     10.097      6.263     -1.755
  61   44     -5.970      4.685      8.860
  49  145      4.289     -3.774      8.955
  19   23    -10.185      0.052     -7.636
  22  166     -5.353     -4.198      9.661
  40   38      7.339      8.226      9.233
  59   -2    -10.159      2.319     -3.333
  62   22     -4.041      3.317      9.874
 164   41      4.236      5.539      1.081
  26    8      3.494     -4.690      8.190
  32   92     -0.210     -9.427     -0.750
  24   35     -1.447      1.370     -9.101
  51  179    -12.364     -8.579     -6.045
  27   85    -11.612     -9.550     -0.323
 148   39      9.502     -6.834     -0.984
  82   76     -6.213      6.132      6.284
 200   56      6.741      0.253     -4.945
  46   16      1.622     -8.627      0.315
  57  161      8.744     -3.850      2.870
  -1  116     -2.157     -4.750     -6.992
  50   62      1.177      6.408      7.126
  47   28    -11.350     -4.246     -1.933
  25   31    -10.997      1.384      3.743
  52   -2     -8.608      2.314      7.713
 145  117      8.849     11.064     -4.626
  -1   70     -9.120     -5.385     -9.929
 116  172      5.713     -4.505     -9.144
  69  101    -10.086     -2.373     -2.938
  92   94     -1.029     -1.143      5.891
  54   65      6.362     10.628      8.257
 134  147     -6.807      9.403      8.511
  63   66      9.181      7.081     -5.021
  87   63      0.100      9.220      7.596
 177   12      2.529     -0.049      4.259
 104  122      7.099     -6.342      7.492
 127   79      4.427      6.935      2.048
 194  111     -0.245     -3.957     -2.927
 105  138     -9.587      4.503     -0.942
  36   40      2.382      1.578      5.721
 113  146     -3.359    -10.824      8.997
  35  119     -7.136      2.817     -4.796
  72   61      0.402      8.144      0.355
  81   95     -9.801     -3.396     -8.909
  96   54     10.294      7.721      1.666
 100   89     -4.212      1.458      3.744
  38   51     -6.488     -6.895     -0.430
  68  190      2.364      5.992     -8.847
 152  115     -7.541     11.405     -1.868
  11  160     -5.138     -6.487     -6.069
 117   68      0.179      1.872      5.164
  71   43      6.027     -6.052     -0.235
 193   48     -2.975      5.755     -6.907
 123  104      3.054    -11.482     -4.827
  60   57      6.532     -1.070      2.957
  78   97     -8.129     -7.317     -8.630
  70  123      1.571      5.575     -3.999
  64   91      7.362      6.339     -5.528
 115  128     -1.871      1.849     -5.904
  75   52      3.775      4.733      9.315
  45   87      2.177     -8.176     -7.090
  90   78      6.228    -11.791     -5.280
  98   64     -4.798      0.274     -3.334
  80  114     -8.130      4.891      2.562
  99  140    -11.196    -10.763      3.224
 109  124    -11.535      4.153     -8.630
 143  127      5.837      8.652     -5.429
  14   59     -5.571     -8.436      7.137
  13  169      0.033    -11.620      5.906
  -1   -2     10.200     11.845     -5.401
 149   88      5.477      7.464     -0.958
  -1   80      9.340     11.311     -1.592
  89  144     -2.764     -9.177      0.950
 140   99     -6.641     10.994      0.561
   7   17     -2.726      5.188      4.516
  16  129      1.090     -7.384      0.697
 107  165     -7.895     -8.735      6.902
  58   75      2.449    -11.122      1.364
  73  184      8.727     -4.735     -9.054
  83  139      3.227      7.394     -9.579
  65   60     11.883      9.878      1.398
 101   84     -4.000      8.256      0.889
 125   55     -8.133      1.200     -5.774
 108  120     -0.439     10.753      6.092
  93  109     -6.399     -9.245     -4.502
 151   53      6.389      0.256     -1.737
  66  159    -12.267     -6.290     -3.674
 112  152      4.441     10.116      5.034
  67  110     -8.217     -3.871      1.936
 132   98      7.287     -5.370     -7.575
  -1   69     -2.175     11.862      3.427
  -1   20      3.538      1.139      9.978
  -1  106      2.726     -4.807      2.084
 122  112      6.425     -3.760     -4.712
 136  143     -4.140      9.705     -8.292
 167  177     -0.401     -0.929      6.518
 111  208      7.745      6.087      4.285
  48  148      0.068      8.745     -6.216
 141   73      1.392    -10.018      6.716
 126  142     -3.275     -1.723     -1.023
 203  164     -6.623     -7.854     -0.705
 124  121      0.578     -9.527      9.886
 121  102     -4.255     -3.391      0.744
  84   83     -6.754    -10.270      4.906
  37   45     -5.812      7.244     -0.979
 106  135      3.764      3.139     -9.615
 150  132      3.510      7.292     -7.028
 163   -2     11.072    -11.960     -9.789
 144   34      7.990      7.703      1.007
 103  154     -7.139      8.110      4.991
 130   81    -10.924     -0.847     -5.467
  79  131     10.010     -6.331     -6.781
 128  185      2.193     -8.613      4.975
  -1  133      0.674     11.621      0.961
 154  157     -8.326      0.665     -4.547
 120  141     -7.005      8.240     -6.161
  76  183     -8.417     -9.393     -5.263
  53  107     -1.801     -1.943     -4.115
 133  178      8.620     -9.367      3.392
 139  196      7.061     -2.966      9.233
 147  163     -1.561     -6.842      1.555
  77   30      4.239     -2.409      9.186
 129  126      6.071      0.020     -8.537
 146  156     -4.752     -9.319      8.732
 159   -2      4.369     -4.793     -9.794
  95  187     11.122      5.881      3.355
 161  105      5.295     -7.655     -4.499
  86   77     -2.053     -9.472     -1.754
 119   72     -5.013     -0.481      1.554
  85  130     -4.571      6.210      4.489
 118  151    -11.331      9.084     -3.349
 153    5    -10.459      4.116     -7.373
 169  210      5.737      2.275      5.259
 162  209     -3.298     -4.571     -8.482
 160  149     -3.893     -3.658     -8.103
  88  118     -6.602     -7.841      5.138
 170  153     -1.518      7.529      2.260
  56  181     -2.777      8.937      6.414
 168  186     -7.958     -6.516     -9.531
 174  191    -11.123     -9.877     -9.038
 181  137      1.958     -2.363      4.877
 114   67     -3.660    -10.440     -1.829
 155  175      7.283     -1.139     -1.823
 178  136     -1.500      7.378     -0.091
  -1   50      2.014     -1.912      6.931
   3  189     -2.696    -11.535      8.047
 199  171    -10.387      4.308     -2.047
 137  174      3.082     -7.253      2.571
 166  100      1.916      8.779      1.062
 172  134     -1.585     -2.316     -4.027
  -1   -2     10.766     11.928     -0.881
  -1   -2     12.433     -2.766     -2.942
  -1   -2     -1.671      6.913     -5.664
  -1  197     -5.184      6.101     -9.360
  -1   -2      1.192      9.205     -4.055
  -1   -2     11.191      9.243     -3.948
 188   -2     10.999     -3.130      9.679
  -1   49     10.897     -7.608      4.650
  42   -2     11.946    -12.022     -2.322
 185   -2     10.984      5.343      6.787
  -1   -2    -12.629      2.625     -2.333
  -1  202     10.310      1.743      7.919
  -1  150      7.652     12.094     -2.584
  -1   -2     10.964      9.892      8.420
 190  205    -11.170      5.988     -1.800
  -1   -2    -10.972      8.678    -10.098
  -1   -2     13.315      1.178     -0.745
  -1   -2     10.779      3.520      2.865
  94   47      7.150     -5.337     -0.103
 179  170      0.810     -3.902     -0.093
 196   -2      2.173     -2.258     -9.829
 158  192     -5.896      7.052     -7.412
 195  204    -10.732      3.123      1.589
 198   86     -4.636      6.670     -8.475
 197  211     -0.346     -0.425      4.017
 201   -2    -13.039      1.448     -3.506
 205  201    -13.039      7.400     -0.997
 202  212     13.003     -8.190     -3.228
 204  213     -9.540      5.243      8.114
 187   -2    -11.920     -5.004      5.125
