218
   9   12      7.351     -9.577      9.324
   4    6     -4.737      0.980      3.681
  10    5     -5.881     -2.860      5.407
   6   60     -3.167     -6.958      9.452
 105   92     -6.635      7.057      8.783
 107   28     -3.119     -1.143     -3.565
  63  114    -12.347      0.839     -4.530
   1  130     -2.437     -9.070      1.606
  35    2     -5.398     -5.398     -3.269
  15   26      2.453     -0.706     -3.969
  11   14     -1.805    -10.616     -6.888
  29   10      1.777     -8.752      7.039
   5    0     -6.423      2.499      3.646
  75   11      5.564     -6.907     -1.375
  30    1     -5.486     -1.712      1.782
   2   23      2.126     -5.645      6.021
   3    8      8.461    -10.795     -7.802
   7    4      3.945     -1.190     -3.784
  94   31     -8.444      5.228     -8.982
  53   21      0.670     -6.420      0.023
  25  100      4.800     -3.165      2.803
  78   79      2.323      2.391      6.442
  13  155     -6.806      6.817      0.305
 121   84      8.414     -6.271     -8.817
  28    7      4.489      2.799     -2.433
 191  187      9.533     -1.374     -7.724
  82  147      6.696      3.592     -3.616
  90   24     -5.363    -11.770     -7.309
  38   17     -7.774      3.404     -5.540
  23   39    -10.921      5.608     -0.996
 142  203     12.120    -11.524     -6.215
  31   22    -12.147     -2.405     -6.362
  40   18      8.293      7.021     -5.348
  54   16     -6.790     -1.635      2.651
  47   78    -10.768     -0.448      1.868
  80   62     -3.845      6.469      3.938
  73   57      9.881     -2.212      1.376
  24   25     10.020     -4.224     -2.733
  51   36     -9.135     -3.795     -0.750
  32   35     -4.153     -6.220      3.606
 128  144    -11.587     -5.759     -3.877
  41   42    -11.631     -4.097     -0.866
 126   83      8.998      0.308     -8.128
  43   37     -9.676     -4.557      5.894
 129   32      4.785     -6.352     -3.906
  99    9     -2.769      0.123     -7.982
  86   91      9.293     -6.450      2.291
  22   77     -7.770      1.547      5.825
  36   29     -1.479     -1.632     -2.554
 141   34      3.057      9.173      5.296
  17   99    -11.557     -8.564     -2.551
  69   63     -9.608     -1.709      1.038
  55   46    -11.431      3.485     -0.240
  98   15      7.583      9.066      3.226
 146  148     -5.765      0.849      8.914
  76   54     -3.900      9.310     -8.165
  56   44    -10.075      4.843      5.615
  20   68     -5.769    -10.882      1.518
  44   51     -9.913      6.924     -8.392
  37   64    -10.092     -8.317     -2.863
  68   49    -11.221     -5.498     -1.655
  61   47      2.857      2.276      0.264
 158  153     -1.527    -11.627      2.321
  74   74     -2.704     -7.722     -3.401
  42   70     -4.151      0.725      0.824
 104   33      1.094     -9.631     -3.843
  52  146      3.797      4.336      6.574
 108  121     11.732     -3.030      1.243
  70   48     -4.710      3.857      2.162
  21   58     -1.468      1.548      6.990
  81   86    -11.979     -7.575     -5.905
  77  174      5.134     11.190     -5.163
  79   59     -4.950      5.815      6.294
  39   30      1.505      4.585     -6.721
  34  170     -0.179     -3.867      3.104
  93   76     -8.826    -10.518      2.445
  97  107     -2.509     -7.199     -3.306
  67   19      7.938      5.113     -6.653
   0   43     -9.245     -0.950      0.059
 219  105     -7.849      9.661     -2.977
  71   73      1.247      1.775     -9.881
  49   50     -0.614      6.440     -0.680
  18  171     -4.201     -2.856     -8.238
 171   -2    -10.407      0.867      4.841
 110   56    -10.066     -2.605      0.784
  14    3     -9.556    -10.107      6.006
  46  157      0.529     -9.346     -6.359
  16  206     -0.477     -3.285      7.555
  64   66     -4.026      5.904     -8.502
 179   94     -7.765     10.030     -6.699
  84  165     -2.198      1.132      1.578
  48   65     -3.652    -11.507     -8.688
  26   38      6.674      8.193      3.028
  95   96     -5.241      8.133     -8.901
  87   93     -1.079     -8.269     -5.966
 192   -2     -3.599     -4.632     -0.829
  85   40      3.755      9.152      7.845
 132   89      0.713     -2.938      1.488
 117  120     -0.037      4.636     -4.843
 155  156     -7.000     -7.712     -0.047
  33  136      6.273     -5.557     -8.653
 106   52     -1.057    -10.107      2.010
 116  135     -1.883      7.233     -5.115
  83  106     -0.817      5.372      1.901
 111  123     -4.149      9.981      4.142
 109  124      1.522     10.775     -4.523
  45  113      7.221      4.742      1.276
  72   41      3.555     -9.293     -3.965
 130   55     -3.815      4.262     -9.111
 112  101     -7.606      4.504      6.588
 160  119     -3.275     -4.485     -7.291
  65   45     -7.562      0.510      3.213
 125  117     -2.203     -9.729      2.145
 157   71     -0.449      8.870     -7.793
  58  129      4.653      2.413      6.317
 183   13      3.915      3.373      9.222
  60  195      0.545     -2.337      2.391
 209   87      7.517     11.027     -3.984
 119   82     -7.843      1.097      8.286
 114  128     -4.682      4.934     -4.721
 144   20     -5.358      2.581     -0.366
 124  134      4.085      6.071     -8.049
 147   85      4.273      2.610     -5.779
 151  160     -6.351     -4.118     -4.778
  27   75     -2.544      1.672      3.911
 136  108     -1.907     -1.239     -7.981
  -1  173      4.923     11.594     -1.305
  89  125    -12.153     11.296     -2.772
 113  127     -8.768     -8.776      4.231
 140  169      3.033     -2.258      4.499
  -1   -2    -11.256      2.141      0.782
   8  188      6.364      0.354      8.356
 101  103     -7.339     -7.038      2.747
 100   -2     -0.903     -4.324     -3.106
  59  145      3.191      4.332     -9.855
  -1  159      9.474      2.928      2.779
 120   88     -6.901     -2.960     -2.792
 102  109     -6.941     10.948      3.074
  66  111     -1.129      8.648     -4.257
 123  150      7.652     -7.745     -1.164
 216  190     -8.507      0.331      8.870
 122   98     -7.107     -5.634      1.808
  19  140     -0.587     -6.654      7.798
 138   97      5.190     -7.598      5.918
 161  168      6.207      0.090     -3.646
 148  141    -11.095    -10.396     -8.114
  -1   -2     -1.510      0.105     -6.584
 139  104     -3.868     -9.668     -3.375
  62   72      3.648    -11.615     -5.333
  -1   -2     -0.123     -4.792     -9.021
 143  102     -9.780     -1.483      4.224
  12   -2      1.748    -11.644      8.487
 115  208     -7.206     -6.028     -2.158
  88  154    -10.102     -3.118      3.470
 135  126      3.526     11.422     -8.054
 208  151      1.615     -4.986     -4.776
 177  172     -1.916      3.293     -7.217
 165  210     -6.961      6.295      8.935
 178  149     -1.460      5.829      6.904
 170  131     -4.379     11.643      7.877
 159  152     -0.326      7.548      3.685
 118  161     -4.531     -9.303     -4.583
 133  122    -10.906     -9.044      3.303
 172  211      8.236      8.710     -9.437
 149  183     -5.613     -0.521      6.540
 167  166      9.285      5.315     -3.878
 169  116      2.794     -9.458     -5.069
 137   95    -11.295     -8.925     -4.764
 153  162     -5.857     -7.200     -1.956
 164  180    -10.135      9.592     -9.170
 173  158     -0.848     11.296     -7.768
 162  164     -2.273      8.522      9.515
  50  207     -8.426      1.133      2.970
 163  115     -9.116      4.615     -8.645
  57  184      5.192     -5.979     -6.517
 156  209     -7.972     -8.729      3.765
 152  185     -2.642     12.344     -7.754
 186  143     -9.571     11.502      2.855
 134  139     -9.887     -3.647     -4.403
 180  181     -6.433      5.652     -6.412
  -1  182      2.918     -9.290     -6.308
 201  179      2.604     12.170     -5.213
 189   53      5.266     -0.549     -2.284
 166  178     -3.750      5.457     -2.730
  -1   -2     -1.471     -3.951     -0.490
  96  176      0.584      7.276      7.708
 150   81     -7.031     -6.280     -6.015
  -1   -2     -3.447      0.269      6.598
  -1   -2      0.911      0.084     -2.980
 193  175     -6.553     11.152      2.264
 176  189     -8.984      2.172     -6.257
 190  191    -11.930      5.339     -6.251
  -1   -2     -8.792      0.482     -0.823
 174  133     -6.286     -3.727      9.557
  -1   -2     -4.596      4.889      7.097
 195  194    -12.447      5.575     -3.540
  -1  163     -5.406     -4.136     -0.817
 200  213    -11.938     -9.707      3.667
 127  198     11.024      9.954      4.326
 198   -2     11.780      1.891      5.196
 204  215     10.909      8.410      8.402
 206  216     12.451     -3.457     -0.864
 145  196      8.942      1.263      8.766
  -1   -2      9.867     -4.749      9.904
  -1   -2     12.373      3.855     -0.047
 168   -2     -4.385    -12.245     -3.263
 154  197     -7.377     -7.254     -7.287
  91   80      3.419    -11.307      2.173
 205   -2     10.504      3.858      6.382
 188  193      2.328      0.142     -7.194
 131  167     -4.069      7.486     -2.927
 215  137      1.067      8.658     -3.885
 211  138     -6.214      2.488      9.287
 214  201      0.032     -5.580      5.561
 182  212      3.383      6.592     -9.890
 210  217      5.038     -0.449      8.451
 203  214     11.079      4.722      6.700
 220  218     -9.406    -12.453     -9.223
