239
  19   16     -4.347      6.210      3.916
  35   27      4.587     -2.527     -9.138
   7   11      0.510     -7.420     -3.390
  14   15     -9.695     -0.318     -3.137
 136   91      0.581      8.494     -6.325
  86   85     -8.964     -3.484      3.387
  21   65     -0.392      2.547      3.117
  26    8      2.873     -5.447      8.823
  84   45      6.533     -9.927     -6.314
  85   74      1.093     -5.958     -0.956
  25    7      3.919      3.067      7.030
  75    2     -5.448     -5.831      4.455
  63   19     -2.704     -6.497      6.507
  23   52      2.011     11.082      8.421
  50   54     -0.125     -7.280     -9.285
   6   18     -2.419     -5.737      4.110
  12   10     -2.660     -7.626     -1.244
  32   25      0.129      7.540     -9.793
  22   73      5.402     -1.884     -3.787
   0   40     -8.890     -4.928      1.159
 102  117    -10.253      4.729     -2.270
 196  169      2.510     -9.949     -1.642
  88    0     -9.491      3.722     -4.876
  77  201     11.686    -10.903     -1.648
 148  221     -2.767    -11.708     -1.383
  17   20      0.677     -2.966      2.143
  40   32     -2.317     -9.635     -2.132
  -1   -2     -1.658     -1.888      6.925
 112   75     -4.497     -6.231      0.224
  13   29    -10.628     -2.897     -4.907
   1    6     -0.698     -4.539      4.352
  29   14      9.892     -1.050     -4.297
  80  168      3.107     -3.857      8.172
   3   -2     -0.463      1.216     -2.861
  31    3     -5.103     -4.566     -3.221
  16   47     -0.416     11.258     -7.585
   2   -2     12.021     -1.958     -6.103
 171   72      8.657     -0.943      1.111
  43   69     -7.402     -5.027     -4.445
  56   55      3.359      9.256      3.542
  20   64     -2.764     -8.826      9.892
  87   82     -1.692     -3.601      5.994
  68   33     -8.075     -1.646      8.126
 203   49      7.889     -7.836      6.762
  39   35     -0.172      5.174      0.748
 168  120    -11.248     -9.757     -4.153
 128   53    -10.384      3.003     -4.911
  61   89    -10.700     -8.295      1.043
  65  102      1.598     -1.461      6.237
  74    5    -12.157      3.210     -4.700
 109  195     -4.883      5.233     -7.422
  47   17      4.742     -1.252      5.179
  81   34     -8.620      8.455     -0.658
  90   98     -6.146     -3.568      5.746
  24   97      7.284     -0.492      7.160
  66  185      7.636     10.538     -4.053
  95   63     -7.422     -9.180      1.066
 115  114     -8.941      8.472      3.419
  30   60     -2.532     -0.710      7.942
  58   24     -2.867      2.662     -5.014
 101  176    -11.037    -11.159     -7.056
  76  213     -5.410     -6.145      8.018
  -1   -2      2.041     -6.285     -9.935
 113  125     -3.690     -6.022     -9.378
 126   42     -8.766     -8.308      0.512
  44   61      7.678     10.743      4.780
  51   81     -0.961      1.851     -0.147
  53   48      3.569     -0.120      8.437
 156  223      8.544      7.534     -3.726
 125  171      7.934      0.320      1.612
 152   70     11.630     -4.640     -5.922
  42   59     -5.971    -10.948     -9.529
  34   44      7.445      2.536      9.289
 134  166     -3.747      4.096      3.593
 131  158     -8.278     -6.145      0.901
 107   43    -10.752     -5.584     -0.844
  60   77      4.619      9.766     -6.672
  94   51      7.159     11.115     -0.331
  49  108      1.201      2.719     -2.557
 133  159     -6.993     -7.919     -6.941
  38   12     -5.381     -4.783      1.598
  55   87     -1.400    -12.056     -3.624
 119  136      9.584     -2.025     -9.075
 169   38     -5.055      4.550     -4.582
  59  122     -9.943      9.170     -1.980
  72   99     10.624      7.713     -2.499
 117    1     -6.203      4.778      1.857
  96  182     11.070      8.188      2.283
  64  163      1.315    -11.975     -1.867
  62   62      4.006      0.890      5.485
 121   95      3.378      2.101      1.633
  79    4     -1.709     -8.408     -7.396
 122  101      0.936      8.926     -6.534
 149   -2      4.249    -11.832     -3.906
 161   76     -4.939     -8.623     -7.530
  73  127      5.910     -6.507      6.776
  57    9      5.853      2.924     -4.119
  91  129     -0.500     -0.805      9.724
  10   80      3.446      6.214      6.051
  69  160      1.272     -5.424     -0.051
 150   58      1.495      0.639     -7.491
   5   39      4.255      4.652     -4.087
  71   26      0.674     11.747     -8.695
  82  116      6.399     -1.481      0.232
  -1   -2      6.433      3.103     -9.992
   9  137     -7.082     -4.347      6.754
  99  150     -3.933    -11.944     -4.747
 158  225      1.379      4.815      7.734
 166   96      0.359     -3.994     -8.380
 155  222     -4.965     -1.961      5.597
  41  128      2.364     -2.968     -8.325
 195   56     -4.732    -10.573      3.765
  89  214     -3.494     -4.590     -8.686
  98  216     12.022      3.062     -6.678
 124   36      4.615    -10.920     -5.214
 120  132      8.937      4.756      6.894
 116  147      5.398      7.669     -0.092
  27  123      1.328     -4.242     -1.313
 145  200     -7.497      8.119     -4.978
 114   94     -1.907      8.041      1.004
 106   84      1.135      6.329     -2.907
  -1   86     -0.523     11.444      9.064
 142  100     -5.232     11.110     -1.060
 129  162     -2.746      7.850      3.784
 165  109      1.580      9.204     -9.276
  48   -2      3.361    -11.105      9.399
 137  133     -9.106     -7.900      0.493
  45  106      8.536      2.974      1.766
 135  219     -3.968      2.233     -5.192
 187   66     -2.963     -6.435     -9.750
 139   31     -2.273      8.225     -6.644
  -1  111      9.381      3.542     -9.981
 160  130    -10.262     -0.990     -4.822
 100   41      4.601     -5.272     -2.314
 226   50     -7.484    -10.498     -2.028
 132  124     -1.692     -0.726     -2.647
 212  134      0.836     -9.353     -8.319
 202  173      7.696     -8.104     -2.174
 123  209     -6.769    -11.803     -0.259
 118  218     -3.163      0.862     -6.564
  -1  118     -9.120      2.101     -0.700
  70   78      0.486     -9.123     -0.144
 104  217     -7.063    -10.187      2.277
 232   28      8.128     -3.990     -9.409
  54  174    -10.138      1.074      0.013
 170   30     -2.418      8.649     -8.797
 229   22    -11.228      9.696     -9.008
  15  210     11.797      1.620     -3.139
  83   67     10.871      6.555      3.576
 153  126      5.955     -7.026     -3.278
  18  110      0.160     -7.593      9.750
  93   93      9.949     -4.746      1.585
 130  121      9.572      5.105      4.865
 200  190    -10.513     -7.508      3.904
 140  135     -3.600     10.970     -9.581
 173  170      4.383      6.737      6.287
 167  143     -2.407      9.934     -8.530
 111   83      1.045     11.683     -5.818
  -1   -2      4.622    -11.957     -9.649
 176  152     -1.853      5.412      1.905
  11  154    -10.581     -3.966     -8.757
 151  156      1.123     10.842     -9.423
 143  141      4.902     -0.437      7.938
 181  144     -6.287     -5.191      1.984
 103  205      4.048      3.631      6.358
 208  178      2.265    -11.186      0.291
 184  175     -6.405     -4.131     -2.121
 108  140      2.008      6.157     -5.794
 185  227      7.565      7.385     -7.108
 179  179     -6.392      0.033      2.304
 141  220      2.322      6.681      8.263
 186  139     -0.599     -7.607      1.487
 159  177     -5.384      8.281     -0.094
 164  186      0.867     -8.699      0.031
  -1  138      8.001     11.435      0.190
 234  119    -10.410     -1.001      2.449
   4   57      2.368      6.868     -5.747
 213   37      5.433     -5.431     -2.901
  46   79      8.039     -9.700     -5.058
 177  189      0.545      6.892      2.373
  -1  161     -3.371      9.619     -9.948
  -1   -2      1.031      1.379     -8.166
  -1  148      6.964     11.763     -4.933
 189  228     12.024      8.988     -6.000
 175  226      6.585     11.315     -5.420
  37  107     -5.310     -8.085      2.747
 194  192     -3.343      4.292      3.956
 138  197     -4.894      6.486     -4.783
 227  157      8.950      0.636     -3.232
 180  146     -3.334     -9.015     -1.529
 199  172    -11.947     -7.441     -1.411
 210   -2      6.803      1.429     -5.457
 163  184     -6.482     10.127     -1.967
  -1   -2     10.975     -2.107     -4.420
 192  188     -2.376      0.889     -4.127
 174  207     -7.120     -3.002      5.797
 197  229      6.008      0.193     -7.933
 147   71      6.983      5.182     -3.367
 188   21      7.095     -5.577      1.393
 191  203      3.562      9.766      6.159
 205  230     -8.512      3.956     -4.199
  -1   -2    -11.364      9.333     -3.494
 146   46      8.517     -2.997      1.523
 215   92      9.904     -2.268      1.544
  28   -2      6.534     -6.154      5.953
 238  187      5.713      0.423      3.429
 230  235     -3.432      7.842      0.042
  -1   -2     10.459    -11.280     -4.557
 162  208     11.215      4.756     -3.154
  -1   -2      9.785      5.449      3.134
  67  151      8.110      0.291      9.298
 157  224      1.560     -0.328     -0.279
 105   90     -0.496     -8.299      2.026
  92  104      1.026     -1.925      2.194
  36  212      7.696      5.294     -1.488
 193  145      6.873     -2.932     -2.757
 110   88      7.125     -7.997      2.270
  97  215     -8.749    -11.719      5.310
 217  232     12.604     -5.381     -2.326
 204  149      2.123    -11.243     -2.471
 172   -2      8.496    -11.193      6.594
 214  231      5.718      0.279     -7.723
 235  165      7.341    -10.774      1.624
 225  155     -5.599     -8.075     -3.464
 236  238      6.374     -8.197      0.483
 233  237     -2.489      9.672      3.677
 219   68      1.386     -7.877     -8.937
 222  115      0.336    -10.156     -6.683
  33  211      3.659    -11.646      0.515
 228  234     -7.973     -6.050      5.260
 221  233     -5.930     -5.130      2.412
 201  193      2.917      7.826     -5.087
  -1  236     -3.520      7.999      0.088
 237  239     -8.923      4.469     -8.175
 239   -2     -3.597     -1.959      8.479
 240  103      1.221     -5.757      8.053
 183  180     -5.510      0.220      4.467
 241  202     -3.292     -4.445      4.047
 242  240      8.640      7.794     -6.354
