223
  15   33      3.311     -1.491     -2.858
   4    4      4.802     -2.340     -2.807
  38   86     -9.426    -10.476      6.349
   6   21      9.774     -2.559     -2.027
  40   31      7.798     -4.355      6.792
  14    6      1.604      5.148      0.359
  23    3      3.234      4.459     -5.797
  36   41     -5.802     -2.077      2.257
 101  111      3.545      2.967     -9.823
  19    2     -5.254     -9.155     -4.508
  10   42     -1.520     -5.442      2.885
 199    8     -2.936     -9.357     -6.591
  22   94      1.302      2.090      7.199
   3   10     -6.334      3.599     -5.485
  18   16     -6.154     -0.342      2.037
  50   12    -11.477      3.239     -0.454
  98   61      8.970      5.525      4.465
  37   28     -7.023     -6.058     -2.693
  58  135     -2.106      6.195      4.166
   1   77     -1.949     10.586      7.663
  45   25      4.275    -10.073     -1.005
  83   26     -6.822      2.295      4.054
  78  148     -7.259      5.189     -8.458
  95   43     -8.273     -6.733      1.471
  46   19     -5.554    -10.533      0.891
 144   80     -4.215     10.242      1.233
  79  200      9.947      1.802      5.289
 114  150     -1.052     -2.172      7.836
  16   24    -11.860      0.909     -4.536
  86   95     -2.209     -5.829      4.048
  56    1      4.155      3.505      8.538
 108  152     -2.308     -2.733     -6.718
   7   34      7.620     -3.730     -5.173
  82  126      6.080      1.203     -4.075
  60   32     -6.224     -7.047      3.019
  42   40     -8.203      0.017      3.878
  88   20     -3.881      1.876      9.099
 104  153     -4.579    -10.437     -3.694
  73   45     -8.638      6.822     -7.854
 106   36      8.663    -10.779     -6.281
  74   81     -2.900     -1.484     -7.618
  54   55     -9.391      4.355      6.340
  21   59      9.694     -1.290     -0.513
  30   17      7.455      0.083     -0.813
  52   75     -8.166     -6.207     -7.156
  49    0     -9.532     -4.362      6.586
  85   66     -1.512    -10.865     -3.351
  51   47     -3.498      4.156     -1.162
  -1   -2      8.731     11.059      8.367
 100   50     -1.878      1.068      2.666
  61   57     -2.292     -7.165      6.793
  39  101     -9.956     -1.842      4.899
  32  156     -2.852      0.314      6.068
 102   79     -0.915      9.420     -6.795
 111   69      6.277      7.535      9.718
  17   56      2.904     -7.380     -6.919
  99  100      0.885     -3.134     -9.624
  33   51      4.130     -0.843      0.814
  41   53      8.909     -2.676     -2.632
 152   97     -4.356     -5.179      0.028
  68  159     -4.272    -11.767      0.713
  26   90      6.449    -10.955      8.232
  25   49    -11.431     -3.862     -0.614
  -1   -2      8.273     -8.279     -0.807
 202   23     -4.604      3.402      2.747
 157  116      1.725      4.493      2.584
 143   89      1.849     -9.099      1.933
 135   18      9.013      7.486     -3.845
 194   91      9.358      4.559      0.935
  55   15      3.791      6.125     -2.697
  62   52     -7.055    -11.047     -6.487
  76   60     -2.407     -9.744      4.352
 118  120      6.701     10.418     -6.420
  72   13    -11.660      5.516     -7.039
   8   65    -10.717     -7.718     -2.352
  29  146     -8.535     -8.382      2.685
  75    7     -9.055     -1.396      0.095
  -1   -2     11.873    -11.620     -1.197
  53  109     -1.470      1.788      4.458
 206   48     -0.542      1.355     -7.448
  24  145     -5.741      8.436     -2.862
  27   93     -7.011      5.508      0.855
 137   98      4.225     -4.178      5.152
 122   22     -5.426      9.997     -5.852
 115  144      1.395     11.176      8.934
   2  189      1.005     -0.846      0.865
 119  106     -2.862      8.199     -7.695
  35  139      4.640      3.389      6.440
  43  122     -3.090      5.962     -1.265
  44   58     -3.341     -7.830     -3.275
  69  173     -8.659     -3.767     -0.880
 140  179     -5.642     -2.676     -2.695
  71   67      6.128     -0.697      9.377
 132  105     10.198     10.910     -2.811
  -1   -2     -5.750     -3.023      5.662
  90   92      4.683      7.445     -3.379
  28   68      9.099      3.491     -9.293
  70   29      0.671    -10.965     -3.842
 166  206     -4.498      0.384      1.651
 124   82     -8.168      3.293      9.405
  13   27     -0.825     -7.661     -0.502
 123   73     -3.205     -7.274     -3.079
  63   54      6.821     -2.877      0.141
  97   30     -4.951     -4.812     -3.587
  11  132     -8.630     -9.837      3.921
  -1   -2     -5.249      1.184      2.361
  80  117    -11.573    -10.286     -7.590
 142   84     -3.729     11.313     -9.568
 210   74     -4.150      3.173      9.337
  87   46     -1.553     -0.297     -2.764
 121   96      7.084      9.352     -7.582
  84  165      3.951      0.232     -6.803
  12   37     -9.710     -2.719      0.773
 127  118    -11.118     11.138     -2.467
  77  158      0.823     -5.076     -4.131
 116  133     -6.412      4.922      3.391
 151  123     -9.001      0.454      3.790
 161   14     -0.555     -7.653     -6.533
  -1   -2     -0.732     11.685      0.905
  31   76     -0.899     -4.162     -2.198
 155  142      1.021      3.781      6.731
 117  107     10.563      8.781     -4.448
 134  104      0.819      7.016     -2.742
 158  187     -1.981      9.009      5.107
 159  191      2.740      9.125     -6.457
 105  202      1.064    -11.965     -5.030
 174   83     -6.528      1.613      9.092
 113  167     -3.157     -6.052      9.867
 139  180    -10.910     -0.741      2.056
 133   63     -4.726      6.289      8.638
 107   72    -11.448      1.661      1.339
  20   39     -5.670    -10.195     -7.631
  91    9     -2.859     -9.331      6.537
 205  143      5.996      5.102     -7.247
  93   87     -5.917      1.566      0.466
 163  121      3.815     -2.506      5.067
  57  138     -9.508     -3.234     -4.199
 190  174     -6.296     -7.697     -2.902
   0  185     -0.369     -4.508      2.295
   5  137      6.911     -6.162     -5.543
 110  183     -2.234     11.382     -1.627
  34   64      0.320     -9.879     -4.512
 109   99     -1.620     -6.686     -5.928
 125  136      0.143      0.317     -7.599
 167   38    -12.050     -8.098     -2.056
  64  154      1.152     11.271     -2.264
 162   88     -9.128     -9.514      4.535
  94  149      0.986     -8.394     -6.518
 126   11    -12.201      5.893     -3.553
  92  171     -4.791      5.886     -5.798
 131  203      0.479     -4.778      6.994
 150  163     10.944     -0.379      3.223
  65  128     -7.637     -5.124     -5.957
 211  155      2.818      9.875     -0.083
 213  215     -5.178     -4.495     -0.672
 183  127    -10.872      5.080     -1.251
 186  181      2.285      9.693      1.717
 188  210      2.412     11.536     -6.544
 182  209     -5.358     -0.164      6.993
  -1  103    -12.154     10.855     -4.227
 180   71    -10.213     11.113     -8.437
  -1  108      3.315      7.637     -9.815
  -1  141     -8.663     10.449      2.243
 120  113     -5.931      9.860      3.448
 193   35      1.121      1.101     -9.553
  -1  151     -3.964     10.711     -9.887
 147  184     -5.406    -11.304      1.124
  48  178     -6.634      3.778      6.881
 141  193     -7.622      2.495     -6.441
 136  182      7.947     -2.054     -0.538
 185  130      1.652     10.224     -2.260
  47   78     -3.555      5.145      5.686
 103  131    -12.076      0.429     -6.719
 130  192      5.265     10.287     -4.592
 176  157    -11.038     -5.191     -1.284
 165  102      4.902     -6.220     -9.139
 138  170    -10.851      4.909     -9.108
 128  172     -1.869      6.210     -7.576
 189  160      8.052      8.094      7.041
 168  176      8.050      7.492      9.469
 129  161     -8.643      9.191     -8.270
  96  196    -10.288     -3.434      3.734
 178  147      0.926      8.082      9.032
 192   -2     12.052      6.916     -6.064
 170  207     -9.342     -2.023      1.077
 173  164     -7.207      0.776     -4.785
 146  169      5.894      8.137     -4.262
  -1  177     -1.742     11.693      5.632
 214  194      9.365      4.683     -8.611
 184  129     -1.715      4.622     -8.361
 200  211     -7.261     -4.760      1.593
  -1  140    -11.941     -2.196     -6.539
 175  124     -3.685      4.768     -3.798
 204  212      3.461     -7.827     -4.023
 169  119     -7.988      4.581     -8.280
 208   85      1.314      4.142     -3.464
 195  125     -4.456      6.871      8.348
  -1  197    -10.377      0.591      4.517
  -1   -2     10.848      6.922      5.553
 196  198     -5.773     -3.445      8.084
 177  208     -0.253      6.425     -3.702
 148  175     -7.407     -2.225      3.008
 201   -2     13.103      5.486     -1.926
  81  201     10.390     -8.866      5.583
  59   -2      6.448    -11.971      2.510
 149  188      2.550     -1.253      6.416
 160  114     -7.814     -9.016     -1.140
 187  168      2.933      5.838      4.215
   9   70     -7.469      1.139      6.719
 172  162      0.180     -9.635      3.943
 179  134     -5.530     -3.169     -4.497
 164  205     -9.645     -6.775      0.345
 191  166      5.970     10.742      9.249
  66  112     -0.803     -1.452     -1.477
 171   62      3.123     -0.328      8.537
 212  214      5.706     -8.150     -9.340
 203   -2     11.419      1.772      5.222
 216  216    -11.241     -9.460      3.944
 215    5     -2.333      5.154      8.064
 209  213     -3.430     10.592      9.533
 217  217      0.105     -4.462      1.262
 156  204     -5.252     -2.842      9.849
 207  115      0.156      4.260     -6.434
