226
  23   29     -5.020      1.444      9.260
  11  115      9.471    -11.816     -8.191
  93    7      5.777     -4.322      2.330
  52   83     -7.128    -11.316      5.429
   7    4     -8.025     -5.214      2.679
 192   80     -2.321      2.930     -3.591
  19    0     -6.265     -4.774      9.596
   2   11      5.733      1.215     -2.738
  49   40      9.402     -1.459      5.011
   6    8      2.153     -1.148      0.631
  31   21      7.701      0.385     -1.692
  42   18     -3.061     -2.833      5.456
  27   27    -10.558      2.721     -4.397
 130  232      9.096      1.631      8.249
  46    3      8.553     -2.039      1.934
  16   25      3.274     -8.620      5.495
 144  106      4.488      6.922     -5.520
  21    9     -2.024     -5.663      2.397
  -1   -2      6.202      3.361     -3.083
  13   44    -10.486     -1.276     -1.991
  18   28      4.156     -8.396      6.540
   5   -2      4.919    -11.741     -9.912
   9    5     -9.681     -2.095     -3.609
  33   10     -9.453      1.807      7.069
  81   47     -8.349     -9.283      7.616
   1   82     -8.072    -11.485     -9.911
   3   12     -4.320      2.194      2.924
 120   79      4.195      7.252     -3.835
  25   34    -11.908     -4.063     -2.422
  45   50      2.551     -7.963     -1.455
  28   63      0.192      0.547      7.712
  92  177      6.121     -0.354      3.957
  56   17      3.364     -1.009     -9.621
  39   35      9.819     -6.292     -3.343
  38   48     -1.627      2.977     -0.597
  32   67      3.232      7.177      1.988
 171   13      4.163    -10.507     -2.464
  65   57     -0.176    -10.487     -2.534
  12   15     -1.293     -2.492      8.365
  80   31     -5.775      7.755      3.219
  91   32     -9.096     -6.447     -9.456
 101   33      7.875      2.847      7.940
  37   36     -5.606      2.184      9.748
  20   49    -10.941      5.661     -8.330
 127   19      6.140     -3.876     -3.548
  69  103      7.474    -10.084     -3.157
  36   62      0.250     -7.189     -2.253
  43   93     -5.865     -0.169      1.614
  51  228    -12.168     -1.188      0.081
  67   58     -6.543     -2.273      0.202
  29    6     -6.505     -7.416      4.579
  55   55     -8.240      9.578     -1.665
  73   24      2.020     10.396      8.251
  48   51     -7.265      3.884      8.607
  14    1     -8.653     -7.651     -9.210
 115  118     -5.643    -10.200     -5.125
 121  123      7.495     -6.222     -7.668
  44   37     -0.906      8.514      9.576
 217   53     -0.543      2.540      1.619
  88   16     -1.921    -10.115     -3.422
 134   -2      8.613      4.062      0.731
   0   14      4.130     -7.667      7.220
  35  163      4.745      5.449     -6.323
  66   72     -4.199      8.440      3.669
  -1   88      7.395     11.659      4.007
  94   59     -4.818    -11.281     -1.197
   8  141     -7.047      5.545     -3.163
  84   68     -0.021     11.747     -0.186
  40   26     -3.501    -10.669     -2.828
 102   -2      2.484     10.584      1.577
  41   39     -8.377      7.254      3.455
 122  230     -2.210      0.495     -9.418
  89  136     -1.460      6.015     -1.237
  17   66      2.021     -4.197      2.896
  15   92     -7.016     -7.922     -1.196
  -1   -2      8.158      3.414     -7.058
 118  156     -4.430     -7.918     -7.149
  62   64      0.123      2.072     -4.929
 103   75     -1.122     -2.211      3.437
  61  128     -1.637     -6.365     -9.632
 201   85     -5.621      6.211     -1.364
  83   87     -9.113      3.630      1.366
 150   65     -9.929      2.820     -8.680
  59   73     -7.613      4.665      4.987
 152  132     -6.126     -9.543      7.441
 107   61     11.790     -9.727      1.472
  47  102      5.929      4.650     -0.575
  22  191      2.845      1.050      1.265
 146   43     -8.778      3.375     -6.196
 172  125      4.495      9.915     -6.356
 131   94     -7.396      2.833     -6.955
  57   89      6.903      2.607      2.230
 128  110     -1.612      6.798     -5.805
  82   99     -8.384     10.488     -4.477
 106  162      0.806     -9.866     -0.790
  64   60     10.657      7.069     -2.483
  -1   -2      1.971     11.059      6.949
   4   78      4.028      8.594     -6.877
  99  101      6.603    -10.532      5.835
 108  134      3.978      8.555      9.439
  60   98      6.405     -0.865      7.173
  90  168     -9.705     -1.192     -8.348
 119  144     -2.887    -10.241      0.349
 109   30      1.149      9.352      2.543
  86  139      5.884      2.361     -1.238
 203  210     10.935     -0.593      0.786
 147   97      5.133      7.852      4.597
 137  117      7.004      7.588      7.955
  10   86      7.992    -10.642      0.921
  68  153     -0.529      6.717     -4.473
  95   95     10.909     10.600     -6.539
  71  160     -7.200      8.499     -8.817
 166   52      2.152      0.179      2.848
 148  143      4.655      4.435      1.095
  74   22     -7.753    -10.421     -5.278
  76  149     -9.429     -4.827      1.628
  97   45      6.262    -10.016     -3.164
 169  127    -10.494      4.271     -1.770
  79   76      2.186     -8.300     -0.001
 126  231     -2.115      6.725      2.486
 110  135     -5.252     -0.550     -5.902
  72   77     -9.243    -11.365     -8.976
 162  105      7.498      3.996     -5.189
 145  137      1.151      3.814     -5.517
  98   41      1.230      4.664     -9.273
 141  130      3.206      4.850      7.512
 136  119      1.518      8.121      9.183
 143   90    -10.908      2.039     -9.471
 154  158     -6.014     -7.688      4.836
 164  111     -2.412     -3.950      3.964
  96  209     -0.006      6.850      7.204
 191  116      5.386      5.450     -7.021
 125   84      5.870     -6.545      1.169
  -1  109     -6.843     11.443      9.654
 129   -2      1.287    -11.726      5.033
 114   96      0.848      8.261     -0.650
  75    2     11.284      3.800      2.269
 153  148      6.986      9.677      2.569
 123  113    -11.274      8.998     -3.468
 117  181      7.133     -7.816      8.025
 157  169     -4.283     -3.673     -2.991
 218   -2     -2.320      5.533      6.608
  30  165      9.215      6.250      4.982
 138  159     -2.102     -8.852      0.728
  63  184      1.399     10.379      3.079
 113  229      2.554      3.587      8.658
 156  176      6.539     -9.196     -8.704
 116  107      3.281     -6.163      9.701
 183  131      7.117      8.626     -1.028
 111  204     -5.915     11.324      5.670
  34  142     -6.976     -7.211     -1.133
 202  121      7.945      2.135     -5.357
 187  126    -11.995     -8.889      0.371
 124  157      1.503      6.079      7.978
  58   71     -4.568      0.660     -0.016
  26   23      0.352     -0.551     -9.596
  54   54      1.579    -10.705     -1.310
 179  166     -8.083      8.133      9.076
 175   38      0.892      3.515     -9.616
 140   74    -10.463     -2.214     -3.999
 220  140     -1.597     10.979      0.851
 180   91      0.476      9.014      4.652
 194  108     -3.112      3.486     -2.396
  -1  122     -7.554     -9.467     -8.152
 151  186     11.780      0.080      0.175
 184   -2    -11.037      4.649     -2.977
 133  198     -1.191      3.702      7.923
 176  172    -11.646      9.878     -4.433
  24   56      2.354     -5.569      0.115
  -1  188      5.613     10.327      5.926
  -1   -2      1.158     10.155      6.703
 158  175    -11.817      2.427      1.283
  85  193     -7.363     -8.802      5.576
 165  189     -1.804     -3.422     -7.606
 185  179      1.770     -3.169      5.109
 132  233      0.358     11.304     -0.101
 177  161      6.897      4.358      5.779
 186  190     11.599      8.410     -4.014
  77  150     -9.268     -5.267     -8.885
 198  202      7.608     -5.414     -3.864
 188  129      9.804     10.035     -5.205
 104  114      7.486      3.608      1.452
 174  146    -10.919     -1.016     -6.131
 195  207      7.992      9.331     -2.602
 223  195     -1.602     -3.924      4.612
 190   20     -5.305     -6.148     -9.569
 161  151      5.055     -2.875      6.539
 100  183      5.732      6.014     -7.624
 193  200     -5.029    -10.262      8.828
 189  206    -11.133    -11.491     -7.995
  70   46      1.665     -5.551      4.939
 182   -2     -7.363     -8.922     -9.011
  -1   -2      6.172      6.414      2.535
  -1   -2      2.560     11.676     -2.894
 167  192      9.225     -0.816     -8.463
 178   70      3.124     -5.975     -3.755
 163  201     -8.064      0.936     -7.475
 206  147     11.024     -3.382      0.957
 105   69     -4.632      4.493      5.739
 199  199      3.750      5.053      9.019
 200  214     -8.475      0.651     -6.091
  87   -2      5.384      6.231     -4.607
  -1   -2     -6.391    -12.044     -2.230
  -1   -2     -2.307     -3.798     -2.518
  -1  164    -10.155      5.030      5.498
  -1   -2     10.706     -2.237      3.509
  -1   -2     -0.461     -5.835     -3.619
  -1   -2     10.928     -6.986      9.811
 142  234     -5.994      4.354      2.894
 211  221    -12.619     -6.104     -3.553
 112  152      5.487      8.829      5.667
 212   -2    -11.732    -11.961     -0.571
  -1  224     11.142     -5.610      5.037
  -1   -2     12.416    -12.633    -10.108
 173  236     -5.328     -5.137     -0.373
 139   -2      4.510      5.801     -4.572
 221  167     10.776      3.452     -5.740
 216  237      3.118      3.929     -1.877
 227  238    -12.541     -8.991     -5.108
 219  138     11.355      3.998     -3.057
 224  185     -3.176      3.458      0.911
 168  235     10.064      6.850      5.088
 225  219    -13.594      8.040     -1.481
 213   -2     10.744     -2.652      9.484
 229  239    -13.333      1.863     -3.787
 226  223    -11.647    -10.766      4.205
