256
  25    9     -9.703     -7.502     -0.265
   2    8     -0.969     -7.284     -4.430
  37   11     -0.537     -3.278     -2.209
   0    0    -10.884     -2.539     -5.421
   1    4    -10.132      0.147     -3.596
 146   34     10.337     -1.829     -3.161
  27   83     -9.478      2.924     -0.935
  50   -2      5.957    -11.555      7.751
  42   18      8.870     -9.163      6.439
  44   52     -5.354     -8.742     -8.724
   6    6      0.516     -4.645      9.436
  18  122     -2.701     -0.209      4.223
 166  219      4.171     -8.639      7.072
   5  168      1.566     -8.096      9.559
  17  155     -3.432     -9.121     -2.921
  54   33      6.888      9.077     -4.182
  47  207      6.868     -8.943      9.286
   8   26     -4.702      7.812      4.104
  58   27     -4.066     -6.764     -1.890
  61   40     -1.813     -2.799      3.762
  15   36     -3.964     -5.195      6.419
  73   92      6.987    -10.681      7.747
  11   20     -0.634     -0.901      1.391
   7   14      3.068     -1.219     -4.835
  29   12     -8.720     -0.948      7.688
 215  103     -7.180     -8.140     -8.008
  39   15     -0.565     -8.818     -9.561
  81   10     -6.343     -3.616      1.134
 107  242      3.007      0.991      4.856
  49   44      9.628      4.021     -3.751
  32    1      2.708    -11.758     -4.538
  -1   -2      5.446    -10.141      9.942
  16    7     -5.943     -4.270     -4.042
  26   43     -1.060      4.577      2.755
  13   17      0.464      0.662      6.055
  12   46      4.032      4.097     -4.819
  80   37     -5.645     -5.182     -0.159
  41   50      3.567     10.964     -6.874
  14   19     -3.369     -4.360      3.756
 108   51      9.826     -9.287      0.183
 157  100     -6.737     -4.024      2.015
 211   63     -8.080     -8.291      0.667
  34  215     -3.964      3.414     -5.912
  23   38     -9.872      4.235     -5.532
  -1  125      2.526     11.743      3.580
  35   39     -1.475    -11.854     -1.217
 102   91     -9.494     -2.576      2.984
  28   59     -5.715     -9.267      3.465
 168   30      4.947     -5.161      1.472
 170   64     -0.103      0.296      1.468
  83  109     -5.396      6.520     -8.535
 137  150      6.304      0.110      0.298
  43   67      0.322    -11.482     -2.545
  46   23      5.765     -8.623     -5.655
  56   62     -1.900      0.164      9.719
  71   74      6.323      7.846     -2.012
  -1   -2      7.638      7.615      7.651
  24   54     -1.168      7.190      0.321
 130  128      4.702     -3.196      0.223
  -1   -2     -6.935    -11.540      7.043
  38   77    -11.623      9.831     -4.173
  55  159      5.471      4.628      9.566
 164    2     -2.627     -8.276     -8.622
  99  112    -10.895     11.145     -9.823
  91  107     11.648      6.195      1.201
  48   85     -0.147      9.937     -6.980
  92   90     10.954      3.209      3.072
 128   58     -0.736     -7.852     -0.942
 175  248      4.425     -9.579     -7.335
  19   99     -9.138     -5.567      0.272
 169   28     -0.829    -10.394     -7.825
  64   75     -6.090     -4.591      4.079
  45  241     -4.604     -0.967      8.081
  40    5      9.555     -7.596     -1.420
  79   60     -7.786    -10.172     -3.153
  86   35     -7.681     -9.075      1.908
  63   86    -10.994    -11.392     -7.791
  68   98     -0.537     -4.123     -0.858
  53   57      8.725     -3.166     -6.977
  90   93      4.207     -1.963     -3.793
 116   61      3.924     -2.918      5.261
  88   70     -1.035     -8.278     -1.159
 127   68    -10.612      5.131     -2.682
 174  208      4.142      1.809     -8.594
  74  119      5.464      6.594     -3.966
  -1  137     -6.051     -8.109     -4.496
  33  134     -9.052      9.214     -1.103
 109   53      2.874      3.360      5.557
 121  244     -1.204     -2.541     -9.470
 234   97      9.670     -9.206     -7.827
  62  132      2.310      4.767      1.018
 151  124      0.290      1.331     -1.085
 114  104      4.215     -6.104     -0.280
  72   81      8.001    -10.423     -3.568
  52    3      3.252     -4.980     -4.077
  60   21     -0.719     -4.997     -1.835
  -1   66      4.579      1.103     -0.664
 106  180      2.780      5.466      7.250
  69   78      0.989    -10.982     -3.259
  78  148      0.728      7.171     -6.568
  67  133      0.544     -1.405     -9.347
 133   89      1.169     11.001     -9.606
 103   65     -3.477      0.577      7.676
  87  195    -11.172     -6.860      3.422
  -1   82      7.173      6.547      9.985
  93  212      9.390     -2.656      4.037
 144  102     -6.550      6.317      1.846
  22   22      7.286      0.275     -5.085
  51   24      2.910    -11.107     -6.226
  10   41      5.427     -3.791      6.345
 145  163      5.836     -7.496      1.976
 141   55      1.008     -9.768      0.015
  95   31    -11.223     -7.960      0.183
  21   95     -5.529     -0.586      5.290
 160  110     -6.078     -6.895      2.332
 152   25     -7.102      1.916      7.518
  77  141      2.429     -4.686     -3.463
 119   56      3.945     -6.503     -4.367
  76  139     -7.898     -3.509      6.342
  94  158      4.352      3.459      2.994
   9  181    -10.398      1.717     -0.196
 104  116    -10.696      3.495     -5.545
 123  176     -3.568    -11.144     -2.165
  66   69      9.859     -4.388      5.435
 105   80    -10.643     -3.344     -9.302
 101  149     -4.061      5.725      3.601
  30   16      7.583     -1.589      0.067
  97  120     -7.759     -4.914     -5.327
  31   13      0.676    -10.131      2.505
  98  127     -7.548    -11.161      3.563
 132   84      1.091     -9.467     -2.596
 172  188     -6.088      9.661     -0.148
   4  106     -0.251      3.846     -3.329
 150   94    -12.373      3.670     -5.274
 173  247      8.322      4.113      9.739
 216   71     10.233      4.737     -7.452
 140  121      8.978     10.419     -2.887
 126  118     -9.352      9.620      3.264
 191  172     11.588     -3.455     -0.785
  89  105     -1.918     -7.020      1.454
 124  143    -10.325      9.600     -2.553
  84  197      2.890      0.687      8.302
 197  167     -6.846     -2.411      5.323
 136   88      1.088      7.882     -6.408
  82  108      5.598     -6.564     -2.713
 177  175     -4.961      2.923     -6.066
 135  154     -8.045      8.795     -5.792
 115  196     10.668     -3.231      0.627
  -1  164     -4.414     -8.306     -2.204
  57  123      2.501      8.236      5.953
  -1   -2      6.917      4.104     -2.011
 113  243     -1.878      3.730     -0.849
  -1  162      2.423     -9.634      0.969
 122  166     10.388     10.776     -6.721
 167  186      6.732     -6.961      6.732
  70  142     -0.236      7.440     -3.529
  59   87     -0.551      9.438     -6.847
 171  170      5.757    -11.137      1.126
 180  136      9.593     10.602      4.255
 243  199     -7.025     10.930     -2.370
 111  147     -5.832      5.197     -5.445
  75   47      4.716      2.580     -5.774
  -1   49      3.423     -3.408      6.608
 139  178      4.160     10.183     -0.576
 233  258     11.839      0.577     -7.857
 138   79     -2.820     11.659     -9.078
 149  157     -9.066      5.631     -9.034
 202   42     -6.638     -5.333      7.737
 117  126      1.897      1.238      8.701
 120  184     -3.263      9.510      4.033
 112  129      8.275      8.645      5.212
 134  171     -7.158     -4.225      1.642
 100  222      6.869      2.551      0.319
 242  161     -0.339      8.939      2.179
 162  169    -11.391     -9.766     -5.217
 198   73      4.757      1.204      7.126
 118   45     -8.706     -5.160      4.853
 208  113     -5.691      7.162     -5.622
 161  246     -9.380      2.910     -7.343
 143  165     -3.184      9.259     -7.352
  -1  145     -0.590    -10.354      3.680
 176  249      6.741      2.126     -3.882
  -1   -2     -2.249    -12.191     -5.577
 125  201    -12.098     -7.310     -2.273
 183  191      9.198     -0.465     -7.120
 203   96     -1.927      2.095     -3.658
 158  115      3.433     -9.649      5.137
 154  111     -3.043      0.010     -3.414
 131   48      6.994      6.778      1.482
 142  182     -9.553    -10.933      5.055
 188  131      3.431      8.956      6.155
 189  174      6.433      8.960     -7.637
 185  160     -3.066     11.395      4.041
 184  153     -7.760     -1.982      5.352
 205   -2    -10.671      7.352      0.934
 181  185     -2.033     -6.253      0.847
 178  179     -7.163    -10.915     -0.790
 129  140     10.001     -8.014     -6.957
  -1  192      2.896     11.796      6.212
 192  198     -9.601     -4.413      0.659
 236  146    -11.059     -5.265     -1.603
 156   -2     -6.535      1.440      1.861
 194  189      3.001      6.080      6.482
 201  114     -9.378     -7.851     -0.120
  -1  200      0.495      6.513      8.186
  20   32     -2.585     -1.896      5.441
 179  151     -4.192      1.895     -7.571
 193  238     -3.685      5.939      4.020
 165  152     -5.683      1.609      4.078
 200  254      8.954      8.733      6.426
 182  217     -0.153      3.207     -9.258
 195  252     -0.880     -4.595      8.335
  -1  144     11.289     11.918     -8.136
  -1  204     -4.404     -3.390     -9.723
 163  229      1.548      8.429      8.554
 230  138      6.322     12.140     -4.020
 159  245      3.853      1.872     -8.499
 148  209     11.543     -5.918     -4.762
  -1   -2     11.114     10.056      1.480
  -1   -2     -0.847     12.417     -6.294
 214  228    -10.063     -2.973      5.498
 209   76     10.827     -0.637      3.002
 147  224     -2.777      9.909      1.114
  -1   -2     -8.983      9.985      5.046
 210  230     -8.980      4.381     -4.565
  -1   -2     -0.378     -3.169      0.316
 220  226    -10.673     -0.209      2.264
 218  205     -4.247      9.466      0.020
  -1   -2     -3.389      7.463     -3.322
 217  211     -3.978     -2.195      2.160
  -1  233    -12.931     -6.743     -3.412
  -1  194      9.822     -5.357     -9.263
  -1   -2     13.184     -9.746     -0.736
 226  214    -10.569     -0.492     -5.397
  -1  236      9.801      4.931      8.500
 227  235    -12.078      3.261     -7.690
 247   -2     13.468     -3.719     -2.665
 238  218      7.747      1.325      0.419
  -1  225     -5.715     12.245     -1.155
  -1   -2     10.246     11.790      2.879
  -1  239    -11.949      1.215      1.250
  -1   -2      2.252    -11.705      9.631
  96   72      2.740      5.758     -4.781
 223  256      0.007      2.233     -8.536
 204  255     11.288      0.315      4.377
 187  250     -2.570     10.774      7.533
 196  190     -2.849     10.447     -9.496
 244  259      7.246      9.120     -6.902
 199  253     -7.183     -3.567     -2.769
 237  203      9.411      7.084     -3.737
 232  130     -3.682      1.520     -4.876
 246  216     -4.356      9.598      0.165
 224  257    -12.625      7.866     -2.234
 248  260     -0.066      3.110      7.477
 190  251     -0.984    -10.385      4.434
 250  261    -12.427     11.098     -0.729
