201
   8    6      4.076    -10.899     -7.343
   1   11      6.249     -8.264      7.294
   3    9      4.724     -3.338     -2.511
  80   24      8.331     -1.296      3.791
   2   85     -6.720     -1.101     -9.408
  16   21      1.539     -4.090      1.493
  45    3      7.925     -4.910     -6.873
   6   12     -5.171     -0.801      3.223
  37   32      0.864     -8.460     -3.890
  40    0      3.695      2.262      3.683
   0   10     -4.280     -2.938      3.994
  43   42     -5.923     -5.559      4.127
  21   76     -0.290    -11.311      8.997
  68   47     -4.090     -8.579      8.477
  81   73      6.745     -4.535     -7.112
   4    7     -0.306     -5.433     -5.565
  11   50      0.997      2.088      6.507
  95   39      6.679      1.331      3.339
  26   46    -11.382      5.733     -6.594
  28   35    -10.146     -0.980      0.873
  10   41      3.552      1.433      4.671
  39   16     -1.399     -7.472     -0.208
  83  184    -10.516      2.253     -8.218
  18   -2      6.155    -11.469      7.372
  32   15      5.945      4.913     -5.692
  59   20      1.617      7.746     -0.337
 122  108      1.747     -2.402      2.036
  88   64      0.781     -9.875     -6.889
  24    8      9.021     -3.712      0.665
  60   25     -6.416     -6.354     -0.870
   9    2     -8.865     -0.579     -0.116
  23   78      0.932      3.917      8.373
  38   57     -3.927      8.314      7.670
  62   40     -1.812      9.003     -1.405
  50   93     -3.695     -9.129      7.490
 115   82     -7.112      2.913     -2.799
  29   33      3.859      7.363     -2.098
  70   45      7.294      5.778     -0.440
  65   22     -1.305    -11.080     -9.236
 173   72     11.994     -0.466     -4.550
  30    4    -11.637     -7.529     -7.986
  35   79     -9.743      4.031     -1.212
  14  100     -8.881     -1.943     -1.546
  86   91      3.706      5.480      9.631
  17    1      4.524     -1.814      2.130
  41   31     -6.892     -8.361      3.693
 135   97     -8.498      0.555     -3.688
 144   69      2.522    -10.630     -8.074
 175   29      5.293     -5.841     -8.674
 102    5     -1.860      4.975      6.548
  33  133      3.566     10.915     -7.558
  72   23      8.808      8.480      0.978
  66  104      8.133     -9.477      5.998
  63   68     -7.725     -7.353      5.588
  57   52      4.121      6.697      5.546
  67  110     -7.348     -8.054     -5.930
  -1   56     10.491     10.671     -1.564
  99   34    -10.137      6.968      5.411
  77   48     -6.718    -11.365      3.420
  19   55     -9.311      3.562      3.615
  22   38     -8.227    -10.960     -7.558
 105  187     10.889      3.324      1.505
 113  106    -12.131      2.203     -2.417
 184  105      0.188     -2.155     -9.564
  46  128      5.686      1.479     -5.601
  85   -2      1.788      0.113     -4.992
  53   -2     -9.872      2.029     -2.731
  12  140     -3.095     -8.414      7.434
  93   65     -8.576      6.204      8.714
  58   84     10.854      5.892      3.175
 106   98     -3.892      6.888      9.602
 111   -2    -10.815     -0.388     -5.903
  48   44    -11.307    -10.387     -2.575
  56  109    -10.486     -7.113      2.570
  79   58     -7.818      3.584      8.310
  52   27      7.434     -9.004     -4.752
 118   63    -10.907      8.628     -2.252
 107   62     -5.421    -10.211      3.253
  73   -2     -6.231     -4.393      9.950
 132   80     -3.413    -11.133      3.936
 198  144     -4.363     -1.943     -8.193
 131  129     -1.962     10.585      6.489
   5   92     -3.215    -11.549     -8.968
  74   70      0.733      1.250     -9.694
  92   43      4.759      6.367      3.112
 151   89     -6.748      7.750      4.055
  75   67      4.222     -2.738     -8.640
 110  188      4.259      2.149     -2.227
 154  134     -1.616      0.930     -0.845
   7   59      0.023     -7.213      9.863
 188   75     -6.060     -4.261     -7.097
  96   99     -1.024     -2.900      2.156
 149  114     -3.560     -7.395      0.628
 120   87     -0.450     -5.880     -5.614
  54   95     -2.920      3.127      3.930
 114   30      2.681      9.682     -4.567
 155  180      7.552      6.929      4.724
 133  125      9.057      3.004     -5.725
  55  118      3.983      8.277      7.184
  64  103      1.612      4.475      8.913
  94  112      9.291      5.530     -7.884
  27   66      5.989      0.927     -0.259
  61   36     -2.318      2.916     -4.258
  89   19      1.941    -11.097     -4.275
 202  138      4.018     -8.988     -8.412
 145  149     -5.452    -11.496     -7.911
  44  174     -2.244      2.405     -6.166
 109   18     -8.545      1.596     -5.007
  34  150     -3.056     10.902      2.405
  49   94    -10.731     -4.211     -2.379
 134   49      0.627     -6.457      4.674
 119  146    -11.533     -6.197     -5.190
 108   61      6.061     -2.390     -3.119
  -1   -2     -3.064     -2.986     -0.887
  78  183     -3.002     -9.008     -2.079
 123  142    -10.660    -10.425      4.134
  97  154      4.449     11.415     -6.288
 124  120      5.817    -10.285      1.224
 150  116     -1.418      5.368     -1.281
  25   88     -2.745      0.431      2.114
  13   -2    -11.887      8.383     -6.331
 152  111     -5.266    -11.098     -7.536
 179  173      6.146     -9.855      3.005
 104   53      0.980      5.256     -9.470
  91  107      6.133      2.930     -9.322
  42   54     -6.513      1.701     -9.062
 136  131      4.683      4.050     -2.764
  47  145      3.288     -2.505      6.461
 126  135     -5.117     -7.477      7.875
 168  163     -5.690      7.554     -3.257
  87  185      0.175      0.099     -4.483
 162  148     -0.416      3.435     -9.603
 121  139      2.646     10.797      7.975
 160  151      0.578    -10.112     -4.143
 101   83     -2.917     -0.387     -9.798
  31  127     -0.674      7.024      5.121
  69  172      3.516    -10.207     -2.760
  90  153      3.637     -7.540      8.669
 100   77     -5.734      6.834     -4.938
 153  169      3.958     -7.429      8.899
  -1   -2      2.221     -6.568      3.796
 161   -2      9.331      6.861      1.113
 130  101     -2.461      4.765     -5.276
  71  130     11.104      0.046     -4.862
  20  141     -9.823     -2.377     -2.621
  -1   -2     11.102     -6.395     -0.924
 166  156      4.172     -0.700      4.900
 195  123      5.015     -6.032      5.670
 141  102      3.373     -5.211     -1.013
 178  158     -4.965     -5.830      6.004
 148  137     -4.217      2.783     -0.822
 182  165      7.552     11.068      4.662
 165  143     -2.095    -11.213      3.625
 140  136      8.560     -2.647     -1.597
 142  147     -9.357      4.958      1.940
 167   51     -6.252      8.796     -2.369
  -1   13      0.038    -10.520      6.790
 163  195      2.578     -4.117      6.623
 176  122     -3.225    -11.407      4.218
 129  113      3.074      3.751      7.774
 116   81     -4.448    -10.628     -3.280
 171   86    -11.779     -8.632      2.232
  98  175     -6.783     -1.469      2.131
 137   26      8.194      3.065      3.430
 191  132      2.822     -2.213     -3.626
 197  199     -2.141      3.174     -9.823
  -1   -2      5.676     -8.309      6.692
 158  193     -4.613     10.407      6.653
 169  124      2.605      6.887     -5.580
 177  166     -0.798     -0.886     -9.942
 190   28     -4.922     -2.691      9.219
 172  196     -0.300     -6.609     -8.565
 181  177     -8.484      2.891     -3.036
  -1   -2     10.849     -8.476     -0.133
  76  171      5.432      9.113      5.936
  -1   -2     11.654     -4.751     -2.682
 127   71      1.746      6.268      6.992
  15   -2      5.335    -11.856      4.384
 189  197     -0.136      0.091     -0.203
 125  189     -6.482     -7.788     -1.858
  36  164     -8.831     -7.788     -7.102
 143   -2      3.048      6.928     -4.151
 201  160     -4.555      7.514     -3.598
 147  152     -1.789      1.211     -0.910
 157  192      8.149    -12.303     -8.779
 112  161      1.672     -2.372     -4.853
 138  190     -2.862    -10.332      0.739
 192  117      4.176     -5.602      5.496
  84   96      6.049      2.235     -8.835
 117   -2     12.347      1.400     -6.380
 146  162     -4.811    -11.011      6.603
 170  119     -3.294     11.277     -2.524
 156  191      9.810     -0.017     -7.832
 103  186     -2.025      2.295      1.255
 180  155     -5.046     -1.439     -7.293
 193   -2      7.286    -12.300     -3.698
 196  198     -8.552    -11.281      4.656
 199  200      2.013      2.003      2.635
 203  181     -6.361      7.539     -7.817
 200   74      0.492    -10.586     -5.585
 204  201    -12.659      1.176     -4.023
