250
 124   41      2.216     -2.928      6.403
  17   22      2.478     -0.367     -6.852
  -1   42      4.546     -6.231      8.343
   3    4     -4.226      5.105      3.777
   1    9     -9.461     -0.655     -2.809
  31   13    -10.520     -3.161     -4.514
 126  182     10.368      2.704      4.507
 241   -2     -5.654     -5.982      2.861
  77   37      2.602     -5.092     -0.717
 105   50    -10.317     -8.601      1.620
 110    2     -0.097      1.163      3.351
 117   43      0.451      0.543     -2.394
  25   14      1.616     -7.758     -2.633
  48   27     -6.546     -4.963      7.015
  14   72     -1.757     -6.847      4.291
  84   -2      9.417      0.343      1.793
  16  134     -1.818     -7.518      6.590
 182   44     -1.687     -8.379     -0.776
 220  118     -4.660     -8.607     -6.681
 128   58      9.535      6.496     -3.675
   4   85      6.086     -2.846      5.406
  37   67      3.084    -11.641     -1.859
  46   33     -3.564    -11.813     -3.961
  40   40     -1.045     -8.545     -6.504
  11   23      4.465      1.371      6.924
  18   96      3.137      6.217     -5.519
  24    1     -8.423     -5.363      1.544
  39   47      3.446     10.883      2.009
 212  141      8.334     -8.811      6.265
 222   49      8.208      0.544     -4.818
  19  225     -1.096     -4.908      6.303
  34    0     -2.130      2.184     -4.472
  45   64     -5.733    -10.933     -8.634
  21   20      0.903     -8.117     -8.378
 157   79      1.762     -9.974      0.657
  30   25      0.193      6.312     -9.296
  64    5      5.243      3.936     -3.829
 149   -2      9.481    -10.872      6.987
   0  135      1.637     11.169     -6.036
 123   17      7.956      8.480      4.222
 112   36     -8.604      5.978      8.634
  55   26     -8.679     -8.242      0.972
 138   84      1.589      8.336     -6.483
  87   90      1.938      5.545     -2.640
  49   28     -4.759     -5.665      1.924
  27   39      0.386      3.742      1.000
  75  116      1.657     -8.513      9.363
   2  125     -6.069      3.730      1.886
  88  124     11.602      5.918     -2.494
  50  215      1.414     -4.969     -7.566
 130    7     -2.862     -5.397     -7.901
  73   15    -11.923      6.742      1.549
   6    6    -10.230      2.700     -4.461
 102   60      6.176     -1.414      7.715
 108  132    -10.585     -5.840     -0.300
 148  117      1.041      5.507      2.436
  23   68     -8.664     -4.140      3.683
  26  115     -7.166    -10.881     -1.331
 178  138      7.423     -4.010     -9.587
 168   51     -6.572    -11.046      2.566
  61  155      3.763      7.565      3.511
  97   34     -3.036     11.066     -9.899
  95   59      0.608     -9.355      2.462
  -1  127      7.887     -7.073     -9.949
 202    8    -10.009      0.662      0.159
 143  146     -9.742      8.933     -1.628
  32   71     -4.998     -6.750      4.701
  57   66    -12.071      2.915     -4.298
  79   62     -8.417      7.950     -0.398
  91   78      4.573     -4.614      7.789
 111  214      9.690     -5.099     -8.568
 120   70    -11.059    -11.006     -6.479
  29  136      7.927      4.098     -3.194
   5   52      8.514      9.489     -4.277
  93   89      8.503      3.502     -1.286
  56  111     -9.278      3.431     -4.426
  70   57     -2.998     -0.278     -9.219
  35  140      1.227      9.697     -9.540
 218  102      4.622     -1.205      8.227
 150  169     -4.757     -9.002      3.041
  51  106     -6.891     -7.798     -6.142
  86   21      8.798     -7.664      2.234
  81   35      3.715    -10.608     -0.989
  89    3      2.090      9.760      8.277
 151   16    -11.383      8.850     -8.465
  78   30      0.075     -5.872      4.665
  -1   91     -2.962     -2.751      8.694
  59   69      2.436     -1.561      0.192
  69  161      2.363     -6.811     -0.376
 114   98     -3.643      2.958      3.616
 152  108      7.765     -3.443      0.790
  -1   56    -10.273      9.150      5.354
 215   38     -3.048     -6.811     -8.583
  53  104      1.537     -4.437      2.630
 209  122      8.949     -1.708      7.158
   7  207      5.909    -11.098     -4.468
  15  178      7.848      9.132     -0.609
  58  193     10.104     -5.301      2.461
 118  103      2.496      2.601     -9.311
  20   -2      1.452      8.054     -9.223
 162   -2      8.563    -10.341      2.614
   9  110     -4.529     -4.893     -2.667
 100  154     -0.813     -1.363     -2.134
  36   53      7.027     -6.171     -2.089
 196  149     -8.871      3.749     -7.583
  -1  107      3.107     11.602      5.382
 200  121     -5.699     -4.406      6.011
 219   12      2.556     -8.680     -8.004
  38  226     -3.921    -11.654      3.966
 104   63     -6.974     -9.885      1.397
 203   75     -7.156      7.749     -4.524
  68  152     -0.021     10.497     -7.689
  96   95      1.783     -3.461      2.681
 113  231     -4.535      4.528     -6.722
  54  147      5.880     -3.770     -8.505
  42   74      3.583     -3.997     -7.620
 119   54     -1.677      7.703     -6.344
   8  131      3.308     -7.452     -9.010
  62   94     -2.112      7.602     -8.411
  82   92      0.865     10.766     -8.876
  12   83     -1.946     -1.608      8.148
 129   46     -4.611     -2.965      5.914
  85   32      2.103      1.907     -2.152
  -1   -2      3.976     11.591     -0.184
 137   65     -5.244     -8.201     -2.749
  92   99      4.740     -0.788      5.471
 115  120     -8.949      1.582     -0.539
 140   61      9.130     -9.404     -1.810
 145  130     -2.494     11.637     -8.635
 159  150     10.406     -0.604     -2.865
 229   -2     11.923      5.623      1.779
  47  227      5.217      8.993     -6.783
  99   80    -10.060      4.480     -1.986
 156  112      3.954    -10.305     -9.530
  65  151      6.203     -6.083     -1.489
 133   88    -10.292     -1.566      2.701
 154   87    -11.703     -8.257      1.446
 207  166     -4.442      6.094     -4.308
 139  142     -8.782      7.675      3.509
 198  171     -2.528     -9.642     -0.990
 107  139      6.388     11.253     -0.361
 144  157      7.451     -7.729     -2.519
 101  167     -1.443    -10.165     -1.509
 131   73      0.358     -1.589      9.745
  60  229     11.513     -7.285      2.621
  83   93     -4.857      1.521     -9.470
 225  186      2.531     -6.489      0.501
 204   19     -1.533     -3.147      5.147
 146   10    -10.105     -1.313     -4.413
 171  234     11.711     -2.116     -3.734
 127   76      2.725     -6.672      7.753
 158  100     -9.798      2.414     -9.102
 169   55     -8.177      3.744     -3.674
 132  232     -0.430     10.422      8.770
 172  187     -6.185      9.620     -1.799
 155  160     -1.431      4.103      2.013
 153  168     -2.071      8.916     -8.320
 103  145      7.218     -0.937     -7.280
  -1   -2     -3.707     -7.077      0.572
  66  144     -2.258     -7.307     -8.929
  -1   -2      1.897     -9.906     -1.306
  -1  183      5.891      5.660     -9.630
  -1  199    -12.165     10.583     -0.030
 174  203      6.116      5.953      0.053
 187  114     -2.509      6.731      3.576
  52  105     -8.331     -8.724      0.959
  -1  164     -2.455      0.221     -5.853
 210   18      6.895      1.743     -9.548
  -1  170     11.044     -3.291     -8.377
  90  204      1.873     -9.797     -7.351
 191   86     -2.780     -5.512      4.281
  33  153      8.113    -10.444     -5.577
  76  202     -4.554      4.184     -4.079
  22  198      6.995     -2.505     -3.183
 170   82      2.052     10.840     -7.856
  41  101      3.972      4.668      6.033
 147  201     -0.773    -12.153     -2.835
 165  137     -4.965     10.400     -1.084
 177  236      2.766      5.484     -5.454
 186  200     -6.241     -0.921      2.572
 122  179      8.751      9.406     -0.207
 125  196      0.474     -8.695      1.953
 230  129      6.732     -1.672      3.705
 136  148     -6.721     -3.729      6.112
 175  235      2.173     -9.517      0.776
 228  177     -5.015      7.388     -0.065
 109  173    -10.616     -4.413     -8.295
 181  176     -3.547      9.729     -9.326
  80  213      5.458    -12.000     -3.428
 192  126    -11.156     -9.800     -3.397
 167  197      1.190     -5.085      8.210
  -1  211      9.627     11.820     -9.463
  -1  162     -5.932     11.664     -0.331
 166   97     -3.296      8.362     -9.584
  74  128     -7.670     -2.128      8.361
 179   -2     11.541     -4.777      2.441
  -1  163      7.604     10.960     -4.497
  -1   81     10.095      0.144     -9.135
 141  133    -11.869     -7.587     -0.808
 189  185      1.846      3.597      7.460
 205  165      7.323     10.518     -5.698
  44  159     -8.929      8.362      1.745
  28  181      7.073      2.127     -3.836
 180  217      8.590     -3.990     -2.157
 206  191     -3.314      1.782     -4.643
 185  190      7.789    -10.016      0.831
 135  184     -7.806     -4.615     -9.714
  -1   -2      4.424     11.367      7.867
 195  210     -3.226      3.139      3.953
  -1   -2    -10.697      0.356      1.551
  63   29    -12.077      2.252     -6.615
 184   31     -7.671     -6.654      1.343
 160   -2     -9.183     -3.806      7.432
  -1   -2     10.448      1.909     -3.879
 163  189      4.861      5.072      6.259
 173  180     -7.511     11.507     -7.664
 194  143      1.789      0.241     -7.407
  -1   -2      7.476      6.291     -2.466
 201  238      2.749      5.425      7.984
 193  158    -11.206      9.080     -3.145
 199  206      9.530      7.001     -6.227
 208  239     -6.751      5.540     -9.371
 214   -2     11.489     -0.212     -2.960
 226  243      9.159     -2.214      2.635
  -1   -2     -1.766      6.925     -1.435
 213  240     11.533      3.794      1.698
  43  156      9.766    -10.576     -4.772
  13  113      7.554     -9.117      6.877
  98   45     -7.177     -5.179     -3.830
 134  233      8.799      1.066      9.144
 142  109      1.268      7.959     -6.208
 221   24      3.968      0.234      2.147
  94  208     -1.581     -9.418      9.686
 161  209     -2.964      6.778      0.053
  71  230      9.775      2.829      6.841
 236   -2     12.238      3.256     -3.364
 183  237     -0.470      0.583      0.280
 227  244     -5.911     -4.598     -1.650
 233  246      3.710      7.158     -5.025
 235  248      4.549      1.783      6.317
 243  195     -2.200      8.507      3.414
 188  205     -5.364     -0.739      4.686
 237  123     -4.535     -6.761      8.159
 232  245    -10.070     -8.013      4.276
 223  241      7.689     10.894     -5.396
 231   -2     -1.470      0.460     -3.380
 234  247      3.863      8.313      6.172
 224  242      9.846     -0.981      8.864
 121  175      6.908     -0.821     -7.208
 242  249     -7.472     -6.718      5.543
