209
  39   48      6.426      3.729     -1.919
  25   68     -1.057     -1.911      8.597
 159    6      9.651     -5.047     -3.235
  11    9      2.535      0.036      0.803
  23   69    -11.034      5.895     -8.057
  20   24     -2.753     -2.344      5.843
  64    8      6.158      2.301     -3.258
  28   49     -9.268      1.891      7.213
   8   12     -9.567     -2.117     -3.312
  -1   76      6.849      4.803     -2.956
   4  182     -5.438     -5.673     -9.239
   7    3     -7.766     -4.991      2.748
  29   54      3.601     -0.278     -9.237
  33   60      9.302    -11.510     -7.218
  -1   -2      8.129      5.858     -5.156
   0    2     -1.748     -5.166      2.658
  48   -2      0.758      8.388      9.817
  46    0     -6.047     -4.694      9.630
  27   29     -3.982      2.712      3.277
  70   39     -8.780     -7.184     -9.261
  13    7    -10.309     -1.283     -1.754
  74   98     -9.803     -0.927     -8.134
  68   25     -9.217     -5.989     -9.514
  -1   -2      7.394      4.154      1.502
  22   62     -8.166      7.359      3.764
   9   11      4.696    -11.330     -9.032
  58   55      6.561      6.393     -1.259
  37   61     -4.733      1.657      9.305
  14   15    -11.784     -4.107     -2.280
 191   42      1.587    -10.305     -0.930
  10   65     -6.270     -7.179      4.547
  47   99      7.271     -5.574     -7.186
 117  142     -8.059      1.020     -7.061
  -1   -2      2.987     -4.726      0.654
 131  110    -10.370     -2.253     -3.752
   5   13     -6.850      5.806     -2.744
  38   52      2.585     -7.230     -0.975
  34   10     -0.154    -10.252     -2.087
  45   63     -4.264      1.035      0.494
 173  144     -7.522     -8.424     -8.994
  57   44     -3.504    -10.573     -2.537
  56    5    -10.472      2.631     -4.165
  54   38     -7.966      9.834     -1.190
  31   23      8.833     -0.315      1.441
 100   67      3.960      8.368      1.379
  77  116     -7.333      2.812     -6.502
  16   17      8.094      1.893     -2.380
  84   78     -6.210     -1.958      0.456
  65   27     -3.828      9.022      3.636
  72   20      6.466      1.093      3.495
  -1  138      3.426      2.348      1.048
  69  173      9.593    -11.411     -3.265
  82  107     -8.311     10.537     -3.977
  73  119      2.831      4.753      7.945
  86   72     -5.779     -9.953     -4.889
 169   36      2.159     -3.390      3.167
 130   31    -11.603      9.692     -4.205
 190   28      1.878     10.201      1.751
  60   66      7.316     -9.188     -2.557
   2   18      4.205     -7.590      6.904
  96  106      5.993     10.601      5.691
 201    4      0.475      2.748     -4.808
   6   81     -1.247      3.885     -0.339
  21   33      0.526     -0.047     -9.013
  55  122      1.715      5.176     -9.328
 111  161     -5.100     -4.817     -0.128
 123   35      4.151     -6.767      7.650
  92   57     -4.761    -11.338     -1.074
 163   14     -8.908      3.835      1.615
  52  121      9.492      0.236      4.536
 129  207      3.775      4.872     -2.544
  67   74     -0.740      9.443      9.355
  43   79     -4.272      5.269      5.842
   3   -2      3.106     -5.202     -3.200
  62   64     -7.891    -10.179     -5.206
 121  158      0.036      7.100     -4.946
  63   32     -0.836     -1.455      3.775
 112  146     -0.118     -5.445     -5.636
  85  174      1.286      3.989     -9.482
  88   56     -5.535      0.094      2.018
 101  148    -11.027      2.446     -9.240
  91  114      6.006     -5.352      1.659
  -1   -2      7.976      5.267      0.752
 162   45     -8.238     -9.188      7.476
 110   95     -9.327    -10.963     -9.152
 126   51     -0.940      4.696      7.772
  79   90     -6.898     -7.898     -1.033
 108   80     -5.719      4.665      3.222
  51  113     -7.020    -11.110      5.357
  78  153     -5.151     -0.418     -5.340
 142  101      0.354     -6.578     -1.779
  40  118      3.347     -7.867      5.910
 118  105     -0.901      6.592     -1.506
 103   96     -5.486      8.141      3.402
 158   83      6.767     -9.739      6.115
  -1   -2      5.729      7.185     -4.848
  44   19     -5.307      2.359      9.757
 196   53     -6.838     -7.145     -0.930
  -1   -2     11.392      6.109      2.376
  -1   -2      9.029      6.067      0.305
 164  140     -4.075     -3.358     -2.561
  26  117      1.674      9.021     -1.479
  -1   -2    -10.696      3.019     -1.792
 155    1     -9.424     -4.872     -8.754
  95  137    -11.174      8.844     -3.233
  -1   -2     11.346      9.426     -2.113
 157   58     -1.222      7.120     -5.952
  75  169     -6.000     -9.338      7.405
  80  102      0.372      1.606      7.493
  -1   -2      9.502      8.365      5.205
 147  165      1.831      7.106      7.272
 166  154    -10.922     -0.983     -6.015
  32  162      4.100     -9.983     -1.940
  94  129     -7.159      8.424     -8.340
  66   75     -1.917     -9.951     -2.988
  17  109      0.847     -9.391     -0.451
 146  136     -1.606      7.533      2.270
  -1   -2      7.606     10.891     -0.704
  -1   -2      4.860      8.618     -3.917
 165  212     -1.362     -3.157      2.406
  76   92     -7.345      4.933      5.295
 135  209     -0.850     11.209     -0.085
 167  180      5.189     -1.849      6.188
 156  150      6.304     -8.795     -7.828
  -1   77     -1.765     -3.111     -6.871
 120   91      1.463    -11.172      5.052
 140  125      0.343      7.781      6.614
 132  168     -2.107     -3.427      4.358
 141  211     11.402      5.752     -5.416
 109  157     -1.977     -8.464      0.920
  24  111      5.990     -3.126      2.474
  -1  166     10.489      9.140     -6.532
 151  112    -11.593      2.527      1.354
  30   93      1.690      8.950      8.521
 134  124      7.154     -6.964      8.242
  93   85      2.260     -7.590      0.413
  -1   -2      5.135      8.475     -5.459
  61  204    -11.881     -9.032      0.249
  89  128     -2.825    -10.028      0.513
 144  108     -2.070      0.752     -8.738
 170   30     -7.020      4.000      8.602
 106   22      1.762     -4.818      5.386
 128  170      2.605      1.360      2.797
  -1   87      3.366     -4.937      9.886
  -1   -2      6.367      7.964     -7.393
  -1   -2      7.983      9.672      4.504
  -1   -2      8.730      5.610     -7.479
  -1  164      5.047     11.519     -5.760
  50  203    -10.910      4.558     -2.788
 195  123     -4.556     -7.603     -6.834
 105   97      6.689      0.358      6.549
  -1  163      9.474      0.969     -8.476
 172  183     -7.862      8.333      8.966
 115  143      7.330      6.200      5.284
 148  198      8.404      3.859     -5.564
 177  187     -6.074      6.864     -9.708
 168  194    -11.158    -11.187     -8.182
 207  151      5.317      5.807      0.186
 174  172    -10.318      4.278     -1.598
  -1   -2     11.970      6.383     -2.841
 171   84     -5.791     -7.430      4.801
 193   59      8.006     -9.189      1.558
  -1   37      2.140     11.097      7.863
 182  167      1.708      4.487     -5.836
 179  160     -3.351      5.130     -9.471
 122  149      3.681      6.141      6.852
 113  195     -0.060      3.692      1.618
  53  191     -8.427      0.651     -5.751
  -1   -2      8.603     11.640     -2.436
 205  181      1.047      9.848      3.768
  -1   -2     11.984      2.441     -0.343
 138  192      7.477     -4.511     -3.568
 125  206      6.978      8.154      5.143
  -1   -2     -2.249     -3.422     -0.946
 184  176      1.887     -2.289      5.162
 107   -2     -7.215     -8.576      5.655
 136  210     -2.055      3.583     -3.182
  -1   -2      5.335      7.082     -6.470
 161   -2    -11.151      5.444      3.073
  97  193     -5.306      6.580     -0.941
 206  188      0.987      6.597     -4.002
  99   86      4.271      9.615      9.079
 202  104     -8.737      3.250     -5.704
 186  214     -2.794      4.155      1.257
  -1   -2      5.754      9.579      4.266
 181  213     -0.792    -11.512     -9.491
  -1   -2     11.824      1.529     -3.964
 211   -2      4.521     -5.706      5.588
  98   71     -1.675     -5.961     -8.997
  12   -2      3.117     -4.561      9.883
 124   70      6.052      7.859     -4.631
  18  202    -12.001     -1.231      0.210
   1   43      8.158      4.669      7.411
 198   40     -9.170     -4.663      1.710
 187   -2      3.916    -12.453     -7.076
  36  190     -4.938    -10.075      8.840
  71  205     -1.944      6.494      6.527
  49   -2     11.808    -11.243     -1.256
 137  177      3.793     -3.398      2.833
 197   -2      3.396     -9.558     -9.963
 133  208     -7.708     -9.025     -8.156
 153  186      4.083      6.208      8.313
 199  215      6.813     -2.517     -6.093
 189   -2     -9.199    -12.435     -8.135
 209  216      9.295      3.483      7.793
 185   21      6.149     -9.288     -2.560
 203   41      6.173     -3.016     -3.284
 210  217    -11.543    -10.778      4.028
 214  218    -12.550     -6.140     -3.525
