220
  45   12      6.669     -5.846     -2.364
   7    6     -6.869     -1.256     -2.777
  59   80     -8.947     -3.891     -1.558
   3    1     -8.298     -8.637      4.734
  27   16      0.553    -10.393      2.550
  31    5      1.047      3.389      1.530
   2   25     -8.779     -9.828      6.066
  50   29     -7.968     -4.738      9.311
  12   20     -4.175     -8.641      0.879
  10    3    -11.758     -0.853     -3.703
  34  135      3.477     -3.465      0.292
  -1   -2      0.081     -1.874     -5.222
  29   24      1.709     10.615      8.224
  39   47    -12.257    -10.043     -5.848
  14    9     -0.499     -7.037     -1.042
  40    2      7.019     -5.927      5.214
 153   79     -3.683     -6.302      1.571
  -1   -2      4.330      2.197      1.422
  52  108      2.427    -10.794     -6.935
  76   46     -2.028      2.717     -8.938
  -1   -2      4.593     -1.122      4.461
  -1  178      1.765     10.525     -1.771
   6  129     -0.665      5.034     -5.613
  -1   -2      4.051     -1.674      1.647
  49   82      0.457      1.850      3.917
  -1   -2     11.923      6.496     -1.695
  -1   -2      7.421     -0.378     -5.447
  62   23     -7.133      6.337      2.036
  33   43     -0.906      5.651      8.829
  30   57      2.585      0.754     -6.897
 105   97     -0.011     -0.467     -5.130
 218  153    -11.155     -1.212     -7.857
  73   17     -1.202      1.709      6.574
 121   18      0.654     -3.368     -8.151
  -1   -2      9.978      0.544     -5.066
 109   49     -0.124      4.570     -0.519
  58   36     -6.647      0.257      0.339
  15   59      0.393     -8.436      4.049
  92  122     -8.212     -8.309     -2.963
  -1   -2      7.455      5.562      1.339
  79    4      3.785     -8.205      6.386
  97  198     -6.903      1.036      4.269
 183   41    -10.360      2.874     -0.256
  95   60     -4.170     -0.926     -2.288
  -1   -2      8.314     -9.329     -1.027
  68  112      2.689     11.119     -7.364
  17    8     -9.061      7.253      1.221
  61  117     -8.318     -7.737     -3.014
  -1   -2      8.407     -4.991     -9.612
  81   19    -11.021      3.750     -5.994
 158   34      5.916    -10.583     -6.797
  13   77     -1.659     -1.673      1.578
 108  109     -5.781    -11.584     -2.765
   8  102     -4.130    -11.945     -5.592
  83  149     -2.523    -12.060     -7.157
  21   30      5.206     -9.692      1.085
 133  123      0.684      8.477      5.114
  -1   -2      4.920     -3.307     -7.762
  20   32     -0.022     -3.067      5.151
  24   76    -11.351      4.725     -2.891
  42   53      0.360     -9.585      0.622
  -1   75     -0.836     10.583      5.914
  -1   -2     -3.648      0.492     -1.685
  -1   -2      7.953     11.068      5.542
  -1   37      8.881      5.504     -9.488
 190  207     -4.156      5.965     -4.733
  -1   -2     10.336      2.697     -6.441
  16   63     -5.655     -5.660      3.692
  46   86     -0.966    -10.853     -5.735
 132   11     -0.617      0.311     -2.629
  36   64     -0.550      7.143      6.538
  -1   33      3.578      2.295      1.313
  -1   -2      8.321     10.396      4.365
  18   10      3.853     -7.821     -8.216
 147  111      2.164     -6.019      1.918
  11   44      3.450     -5.063     -3.750
  -1   -2      0.431     -0.738     -2.931
  37   -2     -2.754     -1.302      9.814
  -1   -2     12.166     -4.992     -4.203
  67   -2     -7.866      4.973     -5.689
  41   38     -8.730      9.110     -4.607
  -1   14      2.840      0.305      7.575
  -1   -2      9.529      3.978      6.343
  19   99      6.318     -6.867      3.597
  32   72      9.221    -10.740      6.632
 220  215      4.234     -6.885     -8.900
  -1   -2      3.633     -0.668      4.563
 127   96     -3.870     -3.057      0.538
  -1   -2      5.305     11.835     -5.500
 112   45     -7.668     11.503     -6.979
  48  115     -9.958     -6.177      2.320
  35  151    -10.685     -1.812     -5.853
  75  107     -7.488      3.469      0.509
  94  121     -8.259      7.421      5.747
  -1   -2      4.980     -1.506      1.828
   5  170      3.879     -6.783      5.578
  77   -2      0.962     10.377     -9.967
  -1   -2     10.998     -6.661     -1.351
 157   22     -9.061      0.905     -8.615
 110   15      9.367      3.277     -7.515
  -1   -2     -3.434     -5.882      9.066
 166   -2     -5.065      0.635     -4.997
 118  168      8.622     -5.981      3.956
  91   -2      3.446     -5.461     10.000
 143  110     -2.756      6.800      4.619
 212   81      3.360     -2.278      2.117
 103  105     -3.904     -7.344      2.830
 148  113      3.984      1.407     -5.210
  38  143     -8.812     -8.068     -9.751
  90   40    -11.621      5.749     -4.162
  84   67      2.518     -6.163     -0.504
  60  101     -2.398      9.570      4.175
 136  147     -7.763     -9.080      4.868
 213   52     -9.138      4.025     -8.584
 130  157      3.983      8.923     -1.583
  47  195     -3.003     -2.019     -5.696
  -1   -2      0.794      6.420      3.105
  -1   -2      8.940     11.397     -9.440
 128   66      0.063      0.597     -8.020
 135   28     -7.290    -10.749      7.487
 102  174     -8.201     10.802      2.977
 173   26     -4.471     -0.211     -5.953
 116    7     -1.966      5.658     -3.829
  -1   -2      9.123     -7.770     -1.347
 154   51     -4.811     10.288      5.551
 114   71    -11.294     -1.931     -6.019
 191   88      4.467     -6.360      4.825
  -1   -2      7.299      3.293      8.324
 138  137     -8.036      3.112     -9.803
 129  160      1.334      6.624      7.290
 134  201      7.515      6.429      4.732
 123  119    -11.363     -5.517      1.082
  78  181      3.641     -2.757     -2.341
  -1   68      9.795    -10.114     -8.268
  -1   -2     10.048     -8.156     -0.632
 140   50     -1.967      9.448     -7.740
 142   90     -4.954     -6.984      2.334
  -1   -2     11.053     -3.613     -8.387
 115  199     -6.393     -0.916     -9.521
 211   73      7.744     -2.168      0.098
  -1   -2     10.116     10.516     -0.779
 156  104     -3.348    -11.323     -0.795
  -1   -2      6.188     10.388      7.970
 194  208      4.923      5.191      7.831
  51  114      0.801     -1.199     -3.684
  72  131     -4.679      3.274      0.116
 196  187     -6.686      0.646      9.520
  70  197      1.566      1.839     -1.263
  63   87      1.619     -4.158      3.245
  -1   -2      4.271      6.461      3.401
 152  203      6.069      7.960     -8.123
  -1   -2      4.091      8.025      3.076
 185   39      7.587      6.855     -5.961
 171  118     -6.187      5.909      3.871
  -1   -2      4.509      6.678      3.565
 125  103     -4.773      3.379      3.607
 182  140      5.908    -10.763     -4.203
  74  139      1.183     -0.471      7.379
 168  206      6.420     10.493     -4.359
  -1   -2     10.100      9.855     -2.258
 177   70      0.451     -2.974     -6.549
 119  128      4.874     -6.759     -3.446
 126  133      2.595      1.604     -3.948
  -1   -2     10.166      5.986     -1.425
  -1  177      6.462     -1.496      0.101
  -1   -2      4.784      9.727      7.225
 159  156      5.440      6.878     -3.517
 139  150    -11.350     11.382     -5.744
 113  146      7.822     -8.807     -5.215
 197   -2     -1.171     -5.322      9.804
 151  161     -6.085    -11.373      8.564
  -1   -2      9.115     -2.215      5.267
 122  192      7.152     -4.189     -9.279
 187   69     -5.266      9.632      8.301
 161  204      6.414     -5.166     -5.411
 111  175     -5.983     -5.169     -6.328
 178  148      2.501     -3.881      8.758
 209  145      5.248      6.025     -7.922
 160   -2     -0.673     -5.858      3.399
 203  210     -8.957      3.515      2.716
 204  144    -11.276     10.474     -4.848
  -1   -2      7.442      2.861      1.767
 149  186      4.075     -3.236     -6.736
 188  183      3.496     -9.732      8.376
 208   62     -1.165      6.491      7.026
  -1   -2     -5.975    -11.872      2.170
  -1   -2     11.771      0.081     -5.927
  -1   -2      8.385      9.580      1.142
 180   -2     -3.959      3.839      0.846
 117  138      1.423    -11.124     -2.486
  53  196     -1.197      8.835      6.844
 137  182      7.874    -11.401     -9.602
  -1   -2     11.973     -9.401      0.506
  -1   -2      2.895      9.871     -7.747
 124  200      8.600      8.732      4.840
 193   -2     -7.235      5.152     -6.841
  98  185     -7.251     -6.812     -2.460
  -1  193     -3.503      4.841      8.784
   1  194     11.203     -9.814      3.032
  54   -2     -1.022    -12.320     -6.262
  43  125      2.499     -5.440      1.044
  85   89     -2.953     -5.908      7.534
 107   -2     -4.658      0.712      7.208
 199   93      1.716      9.338     -5.261
 200   -2      2.380      6.868      5.262
 141  202      1.138      0.778     -9.362
 131   92      8.749      8.726      2.200
 207  212     -0.719     -5.712      1.796
 167  127     -2.770      0.495     -4.055
 169  184      1.110      0.686      6.009
 181  180     -8.644      3.520      8.560
 189  142      0.165      3.517      3.238
 192  165     -8.227     -1.362     -0.842
  66  134      0.681     -0.709      7.509
 206  211     -4.262      5.752     -0.896
 164  205      0.881      6.381      9.091
 201  209    -12.293    -10.759     -0.220
 214  152      0.191    -10.799      0.353
 216  214    -10.737      1.435      6.036
 215  213    -12.919     -3.627     -3.716
