244
   2   37    -10.917      0.657     -4.154
 185   44     -3.155     -2.692     -3.453
   6   69     -4.684     -2.916      3.115
   4    8     -8.255     -4.557      7.278
  16  146     -7.323    -11.631      1.055
  10   18     -5.805     -6.104     -2.520
  40  135      5.594     -6.103      9.013
  49   43     10.405     -2.465     -2.380
  11   25      6.811      2.234     -4.399
  89   29     -5.495      9.996      4.353
  26   45      6.881     -4.890      0.759
  25    4    -11.385     -2.192     -6.011
  20   15      1.267      5.490     -6.101
 125  177     -0.188     -5.033     -4.919
  18   11      3.442      1.476     -6.242
  47   16     -8.461     -3.230      1.111
  24   30     -3.033     -4.404     -2.939
  21    1      8.507     -6.248      7.775
  41   -2    -10.154      4.095     -1.216
 154    6      5.148     -3.010      9.067
  28   20      5.425      1.924      2.111
 170   56     -0.394      1.796      8.780
   9   36     -5.302     -1.467      2.841
 175   82      9.158      4.374     -3.684
 166   49      5.163      0.995     -8.458
  68   98     -0.140     -9.447     -3.593
  54   17     -9.688     -0.049      6.934
  17   33    -10.575     -3.917     -0.055
  33   46     -2.374      7.322      2.141
   3   97     -4.096      3.030     -4.646
  19   26     -1.311     -7.393      3.297
  37   68      4.555     -2.160     -8.529
  30   78     -8.126      3.226      6.983
 101  144      2.455     -6.046      5.980
  48   27      6.596      7.094     -4.854
 113   55      1.840     -2.529      0.067
  15   73     -6.870     -3.188      3.529
  12   22     -6.099      0.254      7.504
 103   19     -6.554     -7.950      3.116
   7   72      6.623     -3.228      7.107
  32   13      4.826     -7.508      9.204
  42   34      0.609     -5.488     -5.566
  67  112     -2.453      5.091     -4.602
  14   14     -5.578     -3.760      6.128
  38   87     -8.473    -10.882      6.579
  52  142     -0.130     -7.249      2.510
  45   58      0.546     -0.291      4.005
  60   66     -7.093      6.069     -6.747
  43    0      7.998     -8.319      9.227
  70    9      0.660     -1.625     -5.333
  34   48     -5.560      4.402     -7.241
   0  131     -7.023     -4.271     -5.117
  96   57     -2.955     10.048     -0.140
 159   21     -3.885      0.072      4.825
  51   71      4.144     11.157     -5.249
  36   80    -10.846    -11.823     -8.636
  69  120     11.196     -7.937      1.819
  44   50      6.759      5.214      3.134
  62   60      1.882     -0.029      5.551
  50  214     -1.978     -7.857      4.123
  78   63     -2.329     11.159     -8.081
  23  141     -7.218     -4.177     -0.616
 102  197      2.171      4.159     -2.036
 109  118     -8.489     -9.691      3.103
  79   61    -11.816     -7.802     -0.999
  -1  116      5.148     11.576      6.875
  58   23      0.635      4.029      4.456
  -1    2     10.889     11.557      2.668
  77   70      6.002      1.045      4.001
  83  100     -8.074    -11.136      4.355
 189  132      4.424      1.826     -1.657
 111   88      4.347     -6.970      3.079
  -1   62     -8.975     -7.364      0.344
 105   92      6.419      7.519      8.568
  87   59     -1.913      5.301      7.817
  71   12     -0.375     -8.471     -0.298
 104   40     -7.751     -1.009      4.675
  76   74     -9.921     10.258     -1.793
  65  184      1.324     -4.512     -1.233
  59  191      0.783      8.243      7.504
 118  239     -6.356     -8.740     -5.984
  75   91     -3.511     -5.757      0.703
  94   95     -3.508      6.265     -1.977
  90  145     -8.291     -7.768      1.521
 146  101     -6.925     -5.606      1.888
 140   96     -4.796      7.882      3.606
 193   52     10.146      5.641     -1.163
  57  128     -2.198    -11.235     -2.210
  63   64      0.211      7.204     -6.069
 117  185     -9.058     -2.532      5.710
 155  127      7.617     -2.191     -5.677
  99   41      2.823     -5.284     -3.311
 121   76      2.244    -10.577     -8.460
   8    5     -8.028     -2.783      1.469
   5  136     -4.955      2.275      7.283
 153  196     -2.537     -7.791     -5.648
 205   94      7.744      2.523     -8.953
  82  108      7.203      8.898      2.569
  95   51      6.488     -8.183     -9.021
 110  105      1.605     -6.703     -5.650
 201  203     -4.464      8.126      4.062
 202   38      2.751      8.428     -5.244
 147   42     -4.720     -8.882     -3.850
  22   86    -11.559     -5.044     -2.561
 106   39      8.493      2.301     -2.188
 136   79      2.024      7.401      2.267
 108  106     -1.896     11.729     -8.122
  85  161    -11.067     10.266     -3.393
 131  109     -8.279    -10.472      4.942
  91   83    -10.621      4.965     -6.338
 162  187     -2.434     -7.217     -2.110
 197  159     -7.240     11.725     -0.257
 143   81      7.923      9.414      8.901
  93  175      4.196      0.633     -6.425
 114  103      0.989     -6.561      1.277
 129  130    -10.288     -1.490      2.492
  -1   -2      0.803     -0.900      6.213
 133  162      6.451      8.179      5.117
 135  154      4.286      7.079     -0.764
  86   75      1.539      3.893     -7.031
  -1  150     -4.325     11.761      4.388
  81   67     -6.805      3.507      1.345
  56   -2      8.282    -11.511     -2.264
 183  138     -8.587     -0.659      4.674
 195   54    -10.205     -5.118     -0.653
 116  165     -3.810     -4.999     -0.003
 144  134    -11.301      5.652     -3.200
  92  157      3.411     -7.610     -6.505
  -1  124      4.526     11.938      0.513
 112  107    -10.121     11.216      3.067
  35   24     -6.047      2.752      9.872
 158  164     -4.542     11.207     -8.700
 178  114      7.459      0.752      5.470
 226  123      6.857      4.682      1.352
 137   85    -11.207      0.100     -6.134
 200  149      1.012      9.019      6.324
 184  125      0.124     10.813      8.977
 194  242    -10.951     -2.641     -9.780
 119  170     -2.310    -10.335      6.083
  -1  147    -10.422     -7.342     -1.343
 151  126      0.712     11.044      5.422
 120   89     -6.991      8.157     -6.917
 148  148      6.476     -3.843     -1.784
 160  104     -0.918      2.570      9.023
  31  155     -3.379     -0.898      2.782
 167  169    -12.154     10.646     -5.090
  72  117      3.826     11.125     -3.043
 145  139     -8.978      9.921     -7.070
 132  160    -10.621    -10.056      4.594
  13   -2      5.388    -11.846      0.510
  98  172    -11.610     -9.946     -6.535
  -1   -2     -0.243    -11.243     -4.255
 107  119      0.765      6.521      5.619
  88  137     -6.045      3.424      3.694
 163  215     11.040      9.694      1.344
 169  133     -3.594     -3.430      8.376
  -1   -2      2.041      3.848     -1.220
 168  176     -9.644     -4.146      4.269
 215  190     -5.288     -0.187      1.319
 139  233     -4.340    -10.739     -3.087
 164  174     -2.044      4.935      8.151
 128  122     -9.886      5.071     -5.459
 100   90      3.461     -3.471      1.850
 149  186     -6.268      1.096      4.730
 126  129     -7.358      8.443      1.911
 157  173     10.485      8.001      2.622
 156  152     -5.655     -7.789     -2.847
  -1   -2     -1.505      3.288      0.318
  55   99      4.892     -8.503     -3.690
  53  238     -0.192     -8.392      9.171
 173  180      4.921      5.950     -0.780
  84   65     -7.829     -2.300      0.501
  74  216      7.648    -11.360     -3.081
 203  207     -1.788    -11.275     -9.190
 198   -2    -11.832      8.399     -2.904
 123  168      4.075     -1.190      6.401
 150   84     -1.045      9.519     -7.814
 165   77    -10.921      2.563     -0.397
  -1  205     -3.638      1.805      3.591
 176  189      9.758      9.825      3.753
  80   10      8.615     -5.214     -1.637
  -1  151     -1.978     12.001      1.836
 115    7     -7.819    -10.192     -4.815
 174  167      6.235      9.992     -4.993
 196  111    -11.080      0.839      1.678
 186  194     -6.416      3.857     -7.275
  66  183      0.067    -11.241      8.234
 179  195     -9.959      3.988     -8.341
 177  182     -8.369     -3.130     -3.562
 216   53      7.221      6.732     -8.577
 142  202     -2.489     -2.548      9.512
   1  110     -1.133     -5.639      9.841
  73  217      5.586      8.301      8.970
 219  166     -7.300     -8.804     -9.326
  -1   -2    -11.358      4.160     -6.356
 229  210     -4.079      9.898      1.577
 141  209      4.847     11.245     -8.052
 171  178     -5.569      2.272     -5.815
 138  201      9.738      1.652     -6.192
 209  143     -5.114      0.612     -4.343
 191  211     -2.587      8.871     -4.615
 152  156      5.515      5.544      8.250
 122  198      3.910      8.893      0.077
 222   31     -0.115     -0.832     -6.307
 224  212      7.454      1.881     -1.209
  -1  102     -3.108     -2.943     -1.913
  -1  158      1.547     11.865      5.690
 181  179      1.160      4.123     -9.725
 134   35      4.619     -8.170      2.537
  -1   -2     -6.493     12.116     -4.815
  -1  219     11.426      4.902     -6.871
 206  163      9.876      2.253     -3.299
 204  234     11.691     -9.492      1.417
  -1   -2     11.017      4.769     -3.685
  -1   -2     -3.454    -11.850      4.643
  -1   -2      4.019      3.819     -1.301
  -1   -2     -7.295     11.887      1.060
  -1   -2     -5.932      3.373     -6.288
 207  208    -10.914     -2.423      4.174
  -1  223    -10.514      0.399      5.390
  -1   -2     -9.220     11.602      5.578
  -1   -2    -12.254      4.162     -4.899
  -1  221    -12.440     -7.287     -1.194
 211   -2    -10.257     -7.478      0.170
  -1  227     10.635     -9.941      6.934
 161  229      6.577     -6.173     -8.280
  39   93      2.564     -3.755      7.116
 212  228    -12.878     -6.814     -4.506
  46  232     12.228    -10.427      0.933
 218  244    -10.434     10.699      9.803
  -1  230    -12.076     -6.278      2.621
 221  222     11.074      6.224      2.560
  -1   -2     12.412     -6.817     -6.949
  27   32      1.348     -0.933     -1.351
 213   28      3.565     -5.164      9.209
 227  245     -2.624     -7.732     -2.331
 225  113      0.380      8.275     -0.067
 187  241     -3.458     -0.813      7.449
 231  193     -4.107      1.220      9.576
 199  243     -7.704     -9.940     -1.334
 228  246      4.318     11.414     -8.756
 230   47     -8.154     -5.231     -6.405
 214   -2     11.130      4.799      8.586
 232  247    -12.879     11.593     -1.418
