240
  33  194     -0.720     -6.956     -8.971
  17    9    -10.485     -3.854     -3.258
  88    1      0.753     -8.994      7.057
   5    2      2.941     -1.606     -1.689
  31    3     10.487     -1.522     -1.750
  49   11      0.370    -10.839      5.145
  25   75     -5.240     -1.428      8.733
  86  143     -9.009     -1.529     -1.920
  22   57      4.511      2.432      2.982
 101   14      8.974      5.956      5.546
  13  118     -0.427     -4.280      8.822
 112   91    -10.321     -6.617      1.370
   7   48      1.234     -0.667      1.483
   4   16      9.712     -7.278     -6.672
  19    4      0.493     -3.062      4.106
   0  177     -0.859     -7.329     -5.307
  -1   95    -10.918     -6.247     -9.500
  15   25     -7.458     -9.720      2.358
   3   80     -2.231      3.243      2.870
  20   21     -1.301     -9.196      4.831
 230   18     10.330     -0.267     -4.707
  24   19      0.435      3.295     -8.617
  27   27      8.661      1.639      2.466
  98   76      4.405     -0.534     -1.789
  47   17     -3.416     -9.785      5.344
  45  134      4.038     -8.844      3.728
  26  137     -6.663      4.253     -9.841
  21   12      4.172     -7.568      7.120
  62   41      3.919     -8.146      3.824
  11   23      5.422    -10.040     -0.443
  34   96    -11.172    -10.683     -4.392
  80   40    -11.880      6.165      2.153
 146   26      6.206     -8.619      0.604
  23   30      5.001      4.406     -6.415
  90   55     -1.137     -5.179      9.337
 153   15      0.843     10.628      6.190
  36   81     -2.080     -9.045      8.589
  12   63      4.032      3.162     -3.084
  75   45     -1.470    -11.622     -8.790
   9   35     -2.760     -6.213     -1.017
 116   34     -6.027     -2.041     -8.946
  61   69     -4.588     -1.539     -7.000
  43   59    -12.362      1.447     -5.010
 135   31      3.935      5.963      0.111
  37   24      0.107      1.114     -3.707
  50    6     -3.896     -0.404      3.762
 124   47     -1.910      8.878     -9.712
  44   -2     11.285     -5.472     -2.395
  41  132      1.749      5.625      7.626
  78   71      5.633    -11.365     -4.395
  16   52     -9.889     -0.418      0.643
  46   73     -8.754      2.984     -3.325
  10  136     -8.726      0.230     -0.149
 130  111      4.271      7.476      5.116
 201    7      1.055    -11.245      0.879
  60   29      6.606      6.653     -8.664
 231  151     -3.946     -9.167     -0.666
  29  138      7.969      1.833     -4.722
  83  108     -0.320      3.084      0.546
  84   42      4.516     -2.580     -6.231
  32   38     -8.625     -6.091     -8.840
  66   43      4.981      7.387     -2.510
  77  114      4.776      3.670     -6.080
  54   56      0.393      2.302     -9.956
  53   94      1.295     -9.298     -3.853
  55   53     -9.969      7.896      5.455
  72   32    -10.980     -9.414      2.942
  64   54     -7.997     -6.050      4.691
 196  115      3.166      9.700     -8.544
  74   33     -1.117     -8.884     -5.872
 118   66     -9.844     -2.062     -3.246
  68   65     -8.810      5.336      3.603
 104  133     -7.444      3.190     -2.754
 141   46     10.649      1.103     -4.296
  28   39     -6.633     -5.825     -2.030
  48    5     -4.429      1.750      3.442
  73  127     -3.180      3.448     -3.316
  95    8    -11.996      2.304     -3.115
  82   83      8.107     -2.059     -9.027
  87   64     -6.625     -7.749     -3.619
  40   82    -12.174      6.977     -0.807
  69  135      3.330     -0.676     -8.012
  91   87     -2.173      5.670      5.201
  79  130      6.800     -5.704      5.658
 121   92      8.933     11.060      1.623
 111   50      1.819      1.190      2.385
  18   -2     -8.295     -9.369     -9.397
  35   88     -8.394      7.180      8.986
 227  126      6.976      7.193      4.975
 195   62      9.910     -7.799      5.766
  51   90     -9.355    -11.182      7.262
  39   72     -1.083      6.512     -8.657
  -1   67      1.104      8.360     -9.464
 191   98      4.610      8.132      0.220
 122  120     -0.852      7.374      7.760
  81  105     -2.778     10.168      8.356
 129  158     -6.249      7.132     -3.949
 132  103      7.976      6.148     -2.616
  94   60     -5.023    -10.852     -5.671
  38   -2      9.603     -5.203      7.153
  59  107    -11.029     -5.629     -6.629
 103   44     10.604     -4.143     -6.721
  -1  223      6.773    -10.298      6.508
 171  100      4.277    -10.437     -5.557
   8   37      9.813      3.564     -2.238
  -1  197     -0.082      6.540     -6.903
  57   89     -6.064      9.836      4.702
 117  141     -9.268     -9.910      3.317
  52   79     10.998     -2.657     -9.406
  97   -2      2.944      8.464     -9.911
 106   99     -5.852      9.898     -1.013
  92   10      7.249     -6.753     -5.741
  42  236     -3.108     -8.584      2.931
 147  121     11.192     -8.213     -7.432
 110    0      5.623     -3.854      6.741
  -1   -2      8.224      7.966     -4.766
 107  142     11.315    -10.492      0.768
 120  109      5.349     -5.481      2.706
 102   84     -8.731      0.778     -4.359
 178   77      2.237     -7.930     -9.508
  63   58     -1.487    -10.164      1.796
  14  104      4.629     -6.149      1.118
  67   -2      8.700      9.713      5.165
 145  190     -5.855     -8.383     -9.684
 139  155     -0.255     -1.384     -4.412
 155  113     -0.969      0.156      2.184
 125  174     -5.951     -8.970      6.228
 164  189     -7.881      4.602      8.513
 108   36      1.819      4.864     -9.827
 152  162     10.294     -3.963     -6.662
 193   61     -3.694     -6.152      6.721
  93  123     -6.269      0.722      2.060
 123  101      9.089    -10.517      6.807
 200  102     11.779     11.767     -6.965
 127  119      4.324      3.582      5.757
 137  144      2.634     -0.437      6.975
 181   51     -9.926      2.133     -3.193
 100  116     -4.516      8.560     -1.916
 198  122     -4.243      0.373     -9.704
 209  157    -10.242     -3.170      3.414
  -1  106      3.431     11.669      8.194
 151  131      7.743      0.961     -0.225
  99  183      5.679      5.423      1.651
 126  154      2.943     -3.993      8.004
 113   70    -11.862      9.734     -7.194
   1   49     -0.467     -7.172      5.955
 160  168    -11.690     -8.199      0.979
 197  208     -3.416     -0.297      4.021
 173  146      7.405     -5.182      8.001
 183  150     -1.022      8.280      0.795
  65  198      2.591    -10.372      5.280
 158  185     -5.707     -5.877      7.006
 185  124     -3.274      3.159     -5.527
 167   86     -7.044    -10.511      2.241
  -1   -2     -7.049     -3.458      7.453
  76   -2     -6.241     -8.483      2.422
  56  169      4.616    -10.651     -8.342
  58  172     -9.456      8.484     -1.003
 140   85     -0.843     -8.637      4.069
  30   -2      0.944     -3.424      1.203
 175  178     -2.032      3.782     -0.121
 105  160    -10.486      0.432     -7.102
 159  201      3.394      1.309      7.218
 194   97     12.133      3.410     -5.082
 138  240     12.318      7.009     -3.983
 150  153    -10.937      8.649     -2.311
 241   68      4.645     -7.383     -5.237
 156  182     -1.800      5.087      2.390
 176  243    -12.188     10.233      0.483
 128  238     -3.204      5.369     -3.833
 238  145      5.360     -0.891      5.903
  89  149      4.538     -0.741      5.723
 187  212     -1.330      0.839     -3.639
 188  161     -4.562     -6.156     -0.235
 190  166     -7.601     -6.880     -7.681
 119   13      5.539     -3.034     -5.797
 144  179     -2.832      5.296     -9.006
 161  176     -7.347     -6.989      2.759
 166  181     -5.673      8.325     -2.011
 133  203     -0.034     -9.651     -6.165
 162   20     -4.532     -7.068      6.782
 165   -2    -10.317      4.331     -9.066
  70   74     10.871      6.731     -6.686
 163  152     11.100      4.630     -3.625
  -1   -2      1.048    -11.317      6.830
  -1  193     -2.935      8.818      9.944
 184  175    -11.618      6.854     -7.171
  71  237      0.927     -0.969     -2.740
 154   -2     11.728      4.651     -7.766
 235  112     10.109     -8.031      4.666
 182  164      3.946      8.177      8.753
 220   93      3.509     10.701     -0.443
 199  200     -1.235      5.203     -8.104
  -1   -2     -5.577     -3.564      5.283
 157  191     -5.145      0.596     -8.947
  -1   -2      3.794      6.481     -2.199
 170  170      4.618     -9.249      8.254
  -1   -2      5.184    -10.620      2.246
 142  173     -7.076      9.002     -7.041
  -1   -2     -8.627      6.342      3.657
 179   -2    -10.955    -10.131     -1.022
 109  227      2.401      9.532     -1.955
  -1   -2     11.061      3.455      1.130
   6  184     11.950     -2.235     -5.289
 206   -2     -4.330     -8.698      3.283
  -1   -2      2.842      6.500     -7.456
  -1   -2      6.461    -10.527      1.499
 208  214     10.949      1.933      3.882
 210  211      9.757      8.504     -7.534
 114   -2     -9.718      4.026     -1.290
 222  210      5.578      1.759     -9.758
  -1   -2      7.217    -10.978     -7.992
 212  217    -10.471     -0.814      2.405
  -1   -2      5.051     -3.697      8.111
  -1  125      2.781      8.540      9.507
  -1   -2     11.703      8.745     -3.994
  -1  216      8.613     -8.083      7.433
  -1   -2     11.045    -10.788      0.860
  -1  224     -9.100      2.177     -7.988
  -1   -2     12.693     -4.151     -1.949
 219  244      8.700     -8.313      6.953
 239  159      1.950      7.571      9.041
 225  228    -11.986     10.394      3.180
 223  231     -4.282      4.820     -0.165
  -1   -2     10.536     -3.347      2.764
 192  148     -2.974      6.691     -9.232
 228   -2    -10.839      3.232     -3.206
 226  245     12.135     -4.884     -3.261
 143  241     12.209    -10.480      0.185
 149  206     -3.808     -8.744     -3.866
 177   -2     12.435    -11.662     -0.255
 202  242     -1.864      3.523     -0.106
 136  239      1.698     -3.488     -0.961
  96  196     -1.837     -3.618     -6.799
 232   -2      5.835      9.970     -9.744
 236  188      9.935      3.761     -8.177
 234  139      4.157     -3.303     -8.990
 242  246    -11.607     -6.927      6.508
 244  247     -8.773     -9.654      5.207
 245   -2    -13.122     -7.609     -0.328
