245
   9    7    -10.471     -3.358     -4.204
  19   76      2.466     -0.519     -6.954
  24   20      2.685     -4.081      6.538
  76   72      9.189     -0.138     -4.692
  40    4      8.140      6.772      3.821
 183   31      8.348      7.672     -0.896
  75   63     -4.468     -8.580     -5.954
  31    1      0.088      0.114      3.516
  17   68    -12.133      2.022     -6.151
  57  129      7.112     -2.299      7.537
  65   90    -11.876      6.574      1.713
   3   21     -9.315     -0.901     -2.567
 136  114     -6.030      2.946      1.937
   8    3      3.230     -1.095     -6.450
  14   10     -1.211     -4.120      5.417
 107   87      5.619      8.417     -7.029
  12   16     -9.939      0.356      0.280
  55  156     -7.961      3.590     -3.366
  42   15     -8.349     -8.546      1.340
  20  152      7.948      1.562     -3.858
  36    5     -4.355     -3.757      6.092
  78   45    -10.136      8.829      5.400
 142   36     -1.772      8.233     -8.252
  29   70      0.226      5.462     -8.969
  50    9      7.095     -4.026      5.531
 115   30     -0.654     -9.965      9.491
   2   37      0.646     -6.915      4.905
  71  102      2.727      1.284     -1.927
  79   55      3.650      5.733     -5.488
  61   41      5.799     -7.039      7.975
  11   14      2.063      8.750      8.181
   6  100      9.186      8.728     -4.637
 110  119     -0.165     -1.880     -1.771
  28   11     -4.301     -6.373      2.176
  63    8     -4.094     -5.184     -2.209
  56   50    -11.489     -8.531      1.822
  45  142     10.130     -1.695      1.905
  16   44      0.700      2.636      1.158
  48  101      2.279     10.262     -8.172
  92   46     10.923     11.120     -4.822
  30   94     -1.573      1.868     -4.131
 233  212      3.291      5.002     -5.343
  37  115     -3.062     10.161     -9.874
 128  130      8.817     -5.046      1.251
 242  169     -5.558     -4.986     -1.295
 176   81      3.196    -10.834     -9.508
  41    0      3.609      9.638      1.597
 166   -2      8.820    -11.252      6.963
   0   48    -11.484      8.275     -8.077
  83  225      2.508     -8.174     -2.061
 153   99     -2.395     10.876     -8.758
  23   83      6.828     -4.708     -7.989
  80   38      0.967     -2.245      9.803
  44   39     -8.100     -5.735      1.836
  33   25    -10.137      2.503     -4.129
  67   19    -12.025      2.717     -3.992
 100   67      5.968      3.418     -3.783
 174  140      1.360      4.439      2.467
  38   22     -7.023     -5.311     -3.363
  70   57      8.153     -3.111     -2.819
  15   88      8.297     -6.958     -1.432
  49  143     -6.159     -5.454      7.213
  22   53     -9.133      3.256     -4.098
  -1   -2     11.244     -5.312      2.378
 117   27     -3.909     -7.269      8.274
 164  131      6.784      9.891     -0.831
  59   86     -5.545    -10.954     -7.939
  47   95     -2.768     -1.256     -8.564
  25  127     -0.981     -9.010     -0.323
  64   80      2.881    -10.832      1.250
  27  151     -4.185      4.267      3.680
  58  193      2.495      4.935     -2.530
 236   74      9.826     -4.950     -1.672
  72   49      1.866      7.219     -9.235
  60   54      1.704     -8.742     -7.654
  81   59     -0.526     -8.645     -5.815
  46   23     -3.242    -11.801     -3.362
 103   65     -4.323     -9.781      3.271
  32  120     -8.837      3.270     -7.131
  66  118    -10.042     -8.876      2.049
  73   62     -8.367      5.626      8.620
  -1   -2      5.508     10.138      3.238
 137  172      8.631     -8.461     -1.955
  -1   43    -11.439     11.576     -8.162
  86   26     10.216      5.722     -3.764
   5   78     -6.811     -7.741     -5.523
  43   40     -2.403     -6.369      4.418
  51  132     -9.942      4.322     -1.783
  89   69     10.040     -9.472      2.782
 135  116     -7.254     -7.067      1.662
  -1  160     11.130     10.808     -1.979
 132  105     -9.626      8.788     -1.408
 114   75      2.873     -9.330      8.946
   4  125      3.067     -2.573      0.491
  91   73     -3.641      2.102      3.653
  74  128      5.650     -5.350      7.519
   1   64      3.487     -9.267     -7.273
  77  166      4.694    -11.261     -0.476
 173    6      2.749    -10.173     -6.696
 116  124     10.170      0.747     -9.447
 178  180      2.032      7.922     -6.600
 160  163    -10.014     -1.537     -4.098
 102   29      2.673      1.668     -8.845
 192  213    -11.808     -7.720     -0.354
  94   13     -6.620    -10.470      1.647
 226  241     11.393     -7.196      3.149
  99    2     -2.487     -3.342      8.868
  96  109      7.475     -6.889     -0.847
 144  150      4.482     -4.736     -7.085
  10   12      4.017      6.281      3.430
 134   79     -8.730      7.074      3.558
  -1   24      3.335    -10.371      1.369
 206  167      5.128      3.646      6.208
 199   17     -5.878     -0.131      8.285
 106   92      9.238      7.883     -0.556
  90   85     -8.468     -4.635      3.923
 127   61      9.357    -10.947     -4.997
  26  113     -1.536     -2.290      8.323
  -1  136      1.558    -10.314      2.772
 182  177      1.102      0.020     -2.109
 152   28     -6.436     -4.273      6.327
  68   56     -6.927    -11.251     -0.853
 113   52     -4.627     -7.467      4.892
 205  205     -1.685     -7.975     -8.249
  13   32      9.033      2.163     -1.229
  93  165     -1.243      7.387     -6.240
  53  106     11.069    -11.394     -4.296
  21  203     -8.308      7.574     -0.251
 163  112      3.054     10.305      5.057
 150  173     -4.783      6.739     -0.050
 133  148     -3.421      8.874     -9.202
 229  185     11.522     -1.668     -2.686
 138  147     -5.853     11.180     -0.414
 145  230     -4.177      3.986     -3.753
 190  162     -7.756     -5.238     -9.247
  -1   58     -1.978      7.872      6.179
 154  199      1.739      7.591     -6.281
 111   51    -11.085    -10.897     -5.996
 105  141     -2.562     -7.403     -7.924
 181   -2     -1.230     -7.796      4.447
 212  137      2.008     -0.860      7.708
  87   89      9.031     -8.078     -9.188
  -1   -2     -2.768      5.913      1.524
 162  168     -9.968      1.818     -8.597
  88  135    -10.230     -1.991      2.869
 130   97    -10.480     -6.045      0.136
 151  121     -6.129     -1.623      2.784
 140  222      1.997     -6.041      8.292
 175   -2      0.266      9.957     -7.976
 121  158     -4.100      5.858     -4.021
 172   -2      9.736    -11.030      6.523
 189  186     -8.938      1.436     -5.536
 104  157     -1.907    -10.172     -0.582
  34  122     10.860     -5.971     -7.890
 125  182     -5.345     -6.642      2.572
 235   -2      9.450     10.143     -9.887
 124  198     -2.605     -5.385     -9.670
 101   66      6.925    -11.321     -3.860
 219  200     -7.092     -7.252      5.737
  35   33     -1.068      5.908      0.949
 197  171    -11.127      8.928     -2.872
 200  134      2.127      2.647      7.315
 109  153     -1.899      6.923     -8.181
   7  110     10.072     -4.051      2.502
 126  161      2.533     10.962      9.171
  54  174     -7.993     -9.101      1.291
 241   47     -0.094     -0.398      0.584
 141  176      1.307      8.848     -9.750
 193  179     10.147      6.452     -6.316
 118  191     -4.864      0.612     -8.769
 131   60      7.555     -3.272      3.943
 149  201      8.345     -5.079     -9.037
 177  123      3.823     -7.421      7.530
 148   91      7.207      0.731     -9.263
 122  155     -1.207      3.099      2.072
 108   -2      8.234     10.288     -5.609
 112   -2      0.993     10.048     -9.115
 239  159      4.357     -1.149      2.224
  62  187      2.346     -4.670      3.031
  84   42     -1.128     -8.354      6.643
 194  175     -0.644     -5.929      6.498
  -1   -2      6.218     -2.114     -0.041
  82  117      8.627      3.296     -3.190
 159   71    -11.083     -9.862     -2.802
  -1   -2     -1.535     -5.834     -1.462
  18  223     -6.175    -11.754      2.793
 168   34     10.694     -0.999     -8.860
 210  138     -5.376     -5.066      6.217
 158  170     -8.868      1.197     -0.428
 230   -2      6.617      4.669      0.033
 171  181     -1.924     -0.248     -5.379
 156  139    -10.684     -4.754     -7.921
 169  184     -8.865      7.841      1.834
 179  209     -2.748      6.163      0.066
  98  226     10.202    -10.553     -1.466
 170  190     10.131     11.486     -8.468
 157  149      4.258      3.380      6.017
 185  196     -7.477     10.764     -7.409
 180  234     -0.745    -10.678     -1.036
 201  237      4.023      7.231      6.104
 187  235      4.875     11.488     -7.487
 237   -2      8.817    -11.667      1.035
 143   77     -6.000      9.260     -1.729
 191  178      1.370     -9.608      2.303
  -1  217     -3.129     -7.783      0.795
 213  194     -3.201      2.263      3.959
 209  189      9.494      8.155     -2.048
 139  146      3.548     -5.833     -0.309
 198  202     -2.820      1.486     -4.273
  39   82     -4.938     -8.382     -2.212
  95  192     -7.406     -2.477      8.612
 155  108     -3.225      7.505     -9.338
 204   98    -12.137     10.462      0.141
 208  216      5.827      4.603     -9.527
  -1  195     -0.868      0.171     -3.273
 129  229      3.889    -12.039     -1.341
 167  208      3.378     -7.541      0.016
 147  231     -6.919      7.522     -4.270
  -1   -2      2.768     10.528     -0.822
  -1   -2     10.326      4.383      2.206
 214  183      8.083     -1.740     -7.130
  -1  210     10.065      1.345      3.538
  -1   -2    -11.807     10.799      1.695
 225   35      2.228     -5.668     -6.941
  -1   -2      1.853      4.619     -1.060
 218  240      4.806      0.403      6.233
 120   -2     -2.250     -5.904     -7.570
  52  224      4.807      0.095      6.877
 217  154      5.374     -2.108      8.092
 123  228      4.983    -11.274     -8.684
 231  204     -2.330      5.864      3.402
  85   -2     12.291      4.625     -2.615
 228  206      4.288     -8.377     -8.273
  97  219     -4.791      9.931     -1.225
 232   -2     12.101     -4.281     -7.795
 216  239     10.967      0.801      4.074
 165  232      3.492     -7.390      0.890
 188  236     -2.047      7.647      3.192
 243  244     -5.252     -1.462      4.852
 215  238     -1.955     -5.725      3.365
 234   -2      6.412    -12.243     -2.987
 227  242     -4.224      4.098     -6.281
 119  227     -0.449      9.654      8.544
 238  243      9.764     -0.045      9.087
 244  245     -9.741     -8.409      4.490
