197
   9   98      5.043     -3.640     -2.901
  20  171      1.347      6.842     -1.034
  29   17      5.560     -6.270     -8.827
  -1   36      2.094     -0.138     -5.540
 164  158     -8.836     -8.035     -6.804
  65   99     -8.656      6.046      8.658
  75   24     -5.996     -4.601     -6.830
  28   46     -4.912     -2.892      9.295
   7    0      0.013     -5.722     -5.491
  12    2     -5.337     -1.268      3.185
   6    3      4.480    -11.414     -7.000
  10    7     -4.387     -3.395      4.045
   1  134      4.461     -2.637      1.931
  21   15      1.576     -4.733      1.433
  14   93     -9.907      2.046     -2.710
  52   80      3.893      5.549      5.119
  54   20     -6.423      1.275     -8.984
  22   12     -1.127    -11.687     -8.663
  80  176     -3.279    -11.642      4.056
  41   37      3.487      0.568      4.398
  11  123      6.399     -9.119      7.402
  -1   33     -0.423     11.355      6.614
  24   50      8.141     -2.671      3.321
  64   57      1.126    -10.372     -6.630
   2    1     -8.930     -0.705     -0.156
  94    5    -10.772     -4.245     -2.249
 134  114     -1.616      0.436     -1.089
  37  121      3.823     10.259      7.482
  26   26      8.048      1.866      3.119
  15  163      6.174      4.558     -6.459
  32   21      1.211     -8.635     -3.800
  46  172    -11.293      5.538     -6.514
  72  175     12.207     -1.161     -5.263
   4   41    -11.771     -7.722     -7.689
 181  137     -6.195      7.250     -8.159
  31   40     -6.841     -8.621      3.869
   0   19      3.611      1.299      3.344
  45   29      7.084      4.906     -1.007
  58   44     -7.866      3.398      8.257
  59   -2      0.195     -7.598      9.978
  17  109      8.458     10.554      2.304
   5  159     -2.129      4.501      6.271
 146   91    -11.639     -6.265     -4.930
  38   63     -8.205    -11.214     -7.151
 172   64      3.950    -10.419     -2.805
  84  177     10.596      4.656      3.278
  44   45    -11.337    -10.317     -2.230
  40   13     -2.072      8.420     -2.058
  73   38      7.129     -4.911     -7.557
 125   30      9.271      2.527     -6.497
  16   61     -1.173     -7.735     -0.150
  13   14      0.133    -11.155      6.958
  34   32    -10.208      6.801      5.398
  56   62     10.231      8.854     -1.435
   8   48      9.046     -4.719      0.312
  25   52     -6.396     -6.438     -0.708
 186  162     -2.147      1.763      0.997
  89   49     -6.918      7.352      3.911
 117  104      4.038     -6.557      5.530
 177   25     -8.464      2.936     -3.145
 109   79    -10.566     -7.194      2.775
  42   55     -5.969     -5.908      4.268
  93   73     -3.562     -9.519      7.578
  95   77     -3.158      2.631      3.654
  71   23      1.445      5.314      6.722
 119  165     -3.496     10.859     -3.200
  23   34      8.324      7.288      0.880
  62   31     -5.297    -10.578      3.389
  90   51     -3.612     -3.277     -5.732
 173   27      6.222    -10.685      3.038
  39   86      6.609      0.261      2.982
 131   84      4.767      3.403     -3.444
  33  107      3.730      6.548     -2.819
  74  136      0.881    -10.982     -5.358
 184    6    -10.540      1.905     -8.058
  47   87     -3.932     -8.873      8.574
  88   78     -2.887     -0.111      1.948
 108   82      1.668     -3.085      1.953
  50  150      0.814      1.392      6.203
  30   65      2.623      9.138     -5.363
  68   76     -7.705     -7.573      5.760
  18   53     -8.488      1.527     -4.931
 110   72     -7.263     -8.239     -5.629
  67  174      4.377     -3.138     -9.001
 197   88     -0.140     -0.487     -0.435
  -1  125     -3.876     -3.404      4.245
  27   54      7.967     -9.331     -4.967
  57    9     -4.201      7.992      7.522
  85   56     -6.731     -1.544     -9.142
  98  142     -4.127      6.552      9.492
  51   89     -6.365      8.630     -2.737
  66   11      6.011      0.156     -0.696
 120  100      5.997    -11.038      1.160
  78  115      0.695      3.233      8.158
 160  126     -4.584      7.380     -4.086
  -1  102      2.768      6.523     -6.468
 116  119     -1.505      4.788     -1.734
  99   95     -1.076     -3.453      2.125
 139   16      2.234      9.458      7.612
  36   66     -2.175      2.775     -4.660
  -1  117    -10.852     -0.482     -5.736
  82  131     -7.081      2.877     -2.921
   3    8      8.337     -5.294     -7.426
 144  113     -4.298     -2.312     -8.016
 103  129      1.352      3.727      8.720
 118    4      3.680      7.040      6.779
 200   71      1.890      1.187      2.294
  63  141    -10.933      8.650     -2.312
  97   67     -8.458      0.557     -3.657
 188  189      4.301      1.536     -2.811
 152  140     -1.799      0.722     -1.161
 100   -2     -8.892     -1.994     -1.456
 143   -2     -1.958    -11.783      3.749
  -1  146     -2.934     -8.797      8.157
  60  139     10.865     -9.117     -6.115
 149  138     -5.348    -11.970     -7.387
  55   18     -9.468      3.234      3.608
  19  108      2.335    -11.315     -4.013
 121   83    -10.771     -4.377      4.172
 156  151      4.081     -1.541      4.652
 147  120     -9.489      4.700      1.904
 145   75      3.212     -3.296      6.268
 187  169     10.658      2.056      1.389
 193   47     -4.910     10.120      6.528
 141   68     -9.839     -2.406     -2.557
  79   74     -9.787      4.058     -1.256
 104  181      8.340    -10.287      5.954
 111   96     -5.131    -11.539     -7.059
  35   69    -10.238     -1.066      0.890
 114  128     -3.396     -7.628      0.754
 158  101     -5.021     -6.235      6.164
 123  143      4.881     -7.028      5.722
 132   28      3.205     -2.426     -4.039
 136  130      8.690     -3.264     -2.060
 102  116      3.652     -5.550     -1.190
  49   -2      0.639     -7.115      4.782
 150  111     -3.402     10.373      1.984
 163  148     -5.729      7.459     -3.632
  87  179     -0.128     -6.188     -5.521
 135  122     -5.026     -7.748      8.018
 133  185      3.692     10.586     -8.100
 154  164      4.469     10.992     -6.784
  91   39      3.420      4.414      9.337
 105   85      0.201     -2.620     -9.604
 198   -2     -8.440    -11.553      4.898
  43  110      4.509      5.140      2.646
 171  132      5.141      7.875      5.590
 162   58     -4.621    -11.445      6.674
  -1  155     -9.733      8.314     -1.209
  83   60     -2.878     -0.863     -9.781
  -1  153      4.609     -9.584    -10.063
  96  135      6.228      1.913     -9.559
 196  192     -0.183     -7.055     -8.225
 183   94     -2.870     -9.085     -1.850
  81   22     -4.320    -10.609     -2.969
 167  149    -11.887      8.145     -6.610
 128  183      6.026      1.156     -6.344
 153  112      3.780     -8.230      8.721
 157  124     10.836     -5.914      1.201
 142   59    -10.645    -10.598      4.372
 165  168      7.221      9.914      4.744
  86  178    -11.835     -8.700      2.457
 174  106     -2.065      2.274     -6.505
 130  133     11.345     -0.515     -5.654
 113  182      2.891      2.911      7.444
  -1   -2      3.096      6.355     -4.927
 175  188     -6.923     -1.851      2.179
 195  191      2.485     -4.866      6.485
  -1   -2      9.179     10.735      6.810
  -1  157      5.753     -9.194      6.790
  -1   -2      9.774      5.213     -6.417
  77   -2     -5.620      6.740     -5.582
  -1   -2      5.006      5.613      9.295
  -1   -2      9.188      5.538      4.934
  -1   -2      9.533    -10.035      4.310
  76   -2      0.039    -11.739      9.075
  69   10      2.849    -11.165     -7.687
  48  173     -6.608    -11.698      3.660
 129  184     -2.318      9.924      6.305
  92   -2     -3.074    -12.186     -8.389
 180   42      7.404      5.811      4.461
 138   -2      4.335     -9.436     -8.258
  61  105      6.386     -2.691     -3.634
 185   90      0.440     -0.109     -4.910
 151  161      0.799    -10.264     -3.987
 127  154     -0.985      6.363      4.868
 169  147      4.096     -8.130      9.012
 101  180     -2.331      4.622     -5.791
 137  186     -4.263      2.398     -1.031
 122   -2     -3.086    -11.921      4.351
 189  190     -6.469     -7.845     -1.588
 161   92      2.044     -2.602     -5.220
 190  127     -2.653    -10.586      0.954
 191   -2     10.126     -0.329     -8.680
 155  187     -4.980     -1.686     -7.314
 201  193    -12.707      1.172     -3.883
 106  194    -12.182      2.214     -2.356
