214
  21    1     -5.951     -6.798      4.493
  52   56    -11.605     -4.166     -2.079
  31  173      2.294     -2.152      3.557
   0    7     -7.395     -4.616      2.819
  12  166     -9.264    -11.896     -8.216
  15   22    -11.177      6.234     -7.678
  11   12      3.153      1.924      1.048
  81   71      4.236      4.378      0.469
   7   -2      6.350     -3.003     -9.901
  14   27      3.158     -4.038     -2.382
  82   34     -6.902    -10.795      5.186
   8    2     -5.644     -5.058     -8.887
  42   33      4.230     -6.277      7.755
  26   46     -3.827      1.581      1.234
  77   16      8.597      3.936     -3.303
  59   31      7.195      5.745     -3.029
  20    3     -0.149     -9.925     -1.492
  16   38    -11.775     -9.220      0.100
  39  160     -9.952     -0.549     -7.899
  50  144     -7.908     -8.377     -8.240
  34   20     -9.406     -2.129     -2.893
  29    6      8.133     -6.314     -9.541
  55   85     10.108    -10.941      4.094
   3    0     -1.358     -4.402      3.075
  63   55     -3.537    -10.475     -2.192
  32    5    -10.054     -1.280     -1.422
  10  183      9.104    -11.108     -5.813
  78  198     -4.847      2.669      9.781
   5   17      2.692     -3.471      1.327
  35   37      3.400     -6.738      6.708
   4   54    -11.697     -1.275      0.391
  -1    4      3.030     11.654      0.780
  46   83      4.159     -5.277      8.383
  30   53     -8.947     -6.503     -9.444
   9   36     -3.497      3.583      3.773
  18   25     -9.387     -5.315     -9.650
  99   98      3.022     -8.453     -8.976
  65   48      3.257     -2.537      9.964
  13   18      4.289    -10.803     -7.772
  71   92    -10.994      8.663     -2.888
  19   42      1.589     -9.706     -0.409
  24   28      9.476     -9.837     -2.377
  41  195     11.142    -10.186     -0.752
  -1   -2      8.249      7.189     -9.963
  49   57      7.184     -7.766     -1.631
  36   14     -6.516      6.267     -2.089
  87   82      8.228     -7.126      2.067
 118   -2      9.457     -3.306     -3.063
  48   13     -9.005      2.032      7.413
  58   -2      0.679      0.647     -8.039
  91   77     -1.949     -9.732     -2.416
 106   68      6.935     -4.795     -6.342
  69   19     -0.705     -1.025      8.981
  53   44      2.659     -6.148     -0.278
 184   76    -10.346      2.499     -3.822
  28   21     -2.326     -1.604      6.397
  80  158      6.257     -1.338      2.617
  68   79     -5.743     -1.447      0.857
  86   41     -7.811      7.578      4.218
  44   74      1.839     -3.762      5.971
 100   35     -6.944     -8.339      5.354
  -1   -2      8.198      6.576      0.160
  88   29     -7.499     10.264     -0.498
  -1   24      0.653      3.310      7.300
  76   59     -8.102     -9.856     -5.150
  92   52      1.792      4.738     -9.298
  -1   -2     11.398      4.448      2.989
   2  164    -10.248     -2.307     -3.398
  84   69     -3.727      6.520      6.028
 137  141      0.925     -8.664      0.017
  67   45     -4.764     -7.149     -6.413
  96   26     -0.439     -0.263      4.270
 138   -2     -3.373    -11.536      9.123
 159   81      7.339     -3.231     -3.012
 103   58     -4.718    -11.464     -0.986
  90   78     -8.124     10.737     -3.201
  -1   -2      7.467     11.045     -6.612
 150  123      0.850      7.779     -5.658
  64   32      6.689      3.780     -4.020
   1   23     -6.931      5.372      5.709
  79   62      2.072     -0.878      5.340
 124   40     -1.796     -5.451     -8.156
  25   15     -3.263      9.998      3.608
  40    8    -10.190      3.512     -7.948
 139  135      6.212     -3.694      2.230
 107  104     -4.824      7.136     -0.194
  -1   -2      7.665      6.998     -3.770
 143  102     -7.248      2.770     -5.838
 121  201     -5.298      5.196      3.710
  37  120      2.378      5.998     -9.467
  -1   -2      6.345      9.724     -6.412
 130   11    -11.213      3.074     -8.979
 101   47     -0.668      5.340     -0.005
  -1   -2      8.702      8.113     -0.181
  85  199     -6.676     -7.048     -0.676
  17  103     -5.054      8.795      3.713
  23  194      3.841      0.739     -8.712
 116   64     -8.072      1.106     -6.542
 167  122      2.481      5.582     -6.357
 145  133      2.950     -8.959     -8.751
  66   63      4.038     -9.145     -1.199
 142  124      0.673      5.492      1.554
  56   61     -2.770     -9.711      0.719
 193   80      9.666      3.028      3.616
  89   73     -8.794     -4.390      1.799
  70  119     -4.779     -4.302      0.217
 164  142     -5.975      6.933     -8.901
  -1   60      3.279      3.308      2.600
 111  100     -0.552      6.282      7.681
 102  111      1.738    -10.288      5.016
  -1  134      4.580     11.236      8.569
 141  117      2.413     -6.534      1.053
  -1   -2     -0.464      7.563     -2.019
 175   70      3.388      6.619      6.876
 125  108     -1.381      8.059      6.383
 179  132     10.837     -7.401     -8.617
  57   93     -6.630      4.226      8.689
  75   84      7.000      3.517      2.751
 120   91      3.623    -12.049     -6.096
 161  154      6.859     -1.368     -5.768
  98   39     -5.743     -4.536      9.667
  51  150     -9.556     -4.313     -8.717
 155  179    -11.172    -10.718     -8.503
 108  116     -3.770     -2.821     -1.943
 114  121      5.919     -8.307     -6.530
   6   -2      5.952      7.262      9.884
  -1  165      7.056     10.165     -6.598
  61  105     -4.835     -9.796      8.823
 154  151     -8.086     -9.033      7.237
 146  107      2.851     10.395     -2.697
  -1   -2      9.612      9.439     -0.028
 135  143      2.430      8.800      6.184
 153  118     -5.005     -0.178     -4.523
  -1   -2      8.497      7.525      6.744
 126  180     -0.168     -4.860     -4.608
 136   95      0.946      3.792     -4.610
 105  126     -5.458     -7.023      4.750
 134  115     -6.762     -7.872     -0.840
 123  149     -8.645      3.229     -5.304
 199  136      9.101      6.649     -5.750
 174  162      0.903    -11.482      7.135
 110  139     -7.095      8.358     -7.547
 129  167     -1.545     -3.061     -5.684
 117  163      4.640      6.259     -3.684
 163   87     -0.801      8.875      1.906
 189   96     -1.810     -7.865      1.191
 166  170    -11.515      9.433     -3.860
 112   99     -1.672      4.667     -2.490
  60  138      9.291      2.247      0.383
 185  208      6.221     -1.783     -2.769
 176  101     -0.490     10.846      9.101
  72   51      0.511     -5.598     -1.116
 192  110     -4.288      2.015      9.409
  95  200    -10.051      4.335     -1.263
  -1  109     -2.333      5.346      1.645
  -1   -2      7.617     10.955      4.863
  -1   -2      7.930      8.946      4.633
 104  112     -4.303      9.706     -9.710
 144  203     -0.966     -2.192      3.047
 115  153     -7.501      8.684      8.802
 165  125     -5.825     -9.015      7.336
 177  175     -2.342      5.153     -1.226
 182   89     -5.044      0.549      2.661
 131  182     -0.981     -2.449      5.614
  -1  147      2.041     10.320      7.469
 168  157     -1.937      1.142     -7.685
 197  137     -8.374      0.650     -5.288
 191  129     -7.733     -7.691     -9.093
  83  185     -6.718    -12.007     -8.339
  -1  177      2.020     11.275      2.555
 127  202      1.772     -4.099      3.876
 152  204    -10.915     -0.935     -5.738
 157  169      5.395     -0.336      5.793
 180  113     -6.005     -9.648     -4.644
 173  128      3.930     -1.991      3.110
 198  159      7.127      2.303      5.640
 122  131     -9.441    -10.374     -9.478
 181  187      1.876      7.421     -4.875
  -1  145      4.610      8.165      7.274
 169  168      6.941     -8.537      6.528
 160   -2     -3.181      5.343     -8.679
 170  174      7.157     -5.582      8.664
  -1   -2     11.701     -8.091     -0.599
  -1   -2     -4.001    -12.333     -9.781
 202   75     -2.955     -5.496     -9.344
  -1  106      6.250      7.980     -1.030
  -1   -2     -4.795     -1.073     -9.436
  -1   -2      9.879      3.846     -8.583
  -1   -2      9.061      8.909     -4.903
  -1   -2      6.113      9.474     -5.057
  -1   -2      7.058     10.524     -4.407
 178  206     -2.010      5.942     -6.947
  -1   -2     10.686      4.965      3.607
  -1   -2    -10.829      5.618      1.595
  -1   -2     11.118     -1.424      3.189
 132  148      0.965      9.272      5.640
 172  205      6.054     -8.114     -1.654
  45  196      9.472      6.375      7.107
 171  152      7.456      9.253     -1.883
  54  146     -1.684     -2.579      4.944
 140   -2     -3.519     -4.479     -9.095
  74  197      1.022      9.840      9.036
 190   49      9.722      9.097     -6.739
 201   -2     -1.776     -2.684     -5.787
 200  209    -11.395    -10.778      3.744
 183  207      4.555     -4.497      5.903
  94   90      4.412      8.349      5.707
 196  184     -8.607      4.190      1.993
 204  211      6.766    -12.327     -7.210
 203  210    -11.637      0.938      3.812
 186   -2      2.513    -10.602     -9.855
 206  212    -12.446     -6.198     -3.527
 208  213      2.760     -9.027      1.867
 207  191    -10.720      4.452     -2.474
