214
   1   12     -0.023     -1.207      4.833
  13  112     -4.936     -5.048      4.220
   0    2      3.207     -2.077      1.924
  15   41      1.642     -7.117      0.939
  27   27      3.261      1.388      3.472
   4   17     -5.047     -3.695      9.562
  46    9      6.280     -4.598     -5.228
   6   28     -8.996     -2.091     -1.801
   9   16     -9.296     -1.087     -0.502
  47   10     -6.256     -7.109      4.809
   2   13    -10.734     -1.256      0.828
  21    0      3.058     -2.612      3.125
  48   15      3.309     -1.317     -8.354
   8   62     -2.740    -10.370      7.893
   5    4      7.450     -7.561      1.566
  19    6      4.182     -5.663      0.895
  12   26      2.544     -9.352     -4.367
  16   29     -6.739     -9.594      4.529
  59   53     -3.166    -11.040      7.902
  38  100     -9.089      4.809     -0.535
  18    8      1.313     -6.805     -5.960
  -1   11     -9.177     -9.738     -9.948
  31   20    -10.406      0.779     -7.598
  75   31     -5.553     -5.736     -6.118
  36   35     -5.833     -0.314     -9.211
  14   25     -1.663      2.125     -6.946
  54   67     -7.748     -8.313      6.426
  24   55      7.753      9.272     -7.177
  26   21     -4.849      8.536      0.319
   3   23      0.425     -9.794      5.388
  71   47    -12.202     -8.295     -6.635
  70  156      3.914      9.303      8.433
  67   33     -2.769     -4.103     -6.057
 112   54     -6.129     -2.908      3.056
  45   81      9.555     -0.166      3.450
  20   56     -0.475     -8.755     -0.240
 168   39     -8.451      3.059     -3.706
   7   58     -9.999      2.170     -2.912
  37   74    -11.628      7.361     -6.719
  74    3      9.969    -10.762     -7.171
  49  187     11.711      1.785      0.165
  64   32      3.758      0.803      0.638
  43   64     -4.214      0.785      2.438
  53   77      2.891      2.746      5.244
  33   22      4.601      1.760      9.882
  -1  128      4.592     -0.091      9.990
  95   24      9.836     -3.025      0.408
  51   66      1.285     -1.828      0.909
  23   36     -1.806      7.455      5.383
  10   70    -10.266      2.073      3.668
 171   44      2.438      0.596      8.056
  83  113      0.383      1.865      5.309
  52   46     -6.214      8.932      5.716
  69   78     -5.322     -7.632      6.793
  76   85      1.905     10.517      7.060
 128  126     -1.625     -1.347     -2.480
  35   45    -11.470     -9.925     -1.018
 107   19      2.830      4.860      6.367
  11  117      7.329      5.301      2.751
 140  122      1.168     -7.309     -5.842
 106  102      3.390      5.061     -9.508
  42  101      8.995     -8.286     -1.391
  25   61     -9.946     -2.244     -9.392
  32   80      3.751      3.919     -5.790
  65   79      2.621      7.367     -7.862
 174   -2      2.130     -8.349     -9.987
  56    5      4.248    -11.014      9.735
  41   30      1.353     -5.666      1.359
  68   -2     -9.895     11.774     -9.965
  58   18      9.399      2.864     -1.824
 133  169    -10.551      6.216      5.180
  44  125     -7.598     -3.119      2.052
 103   63     -0.289      0.619      6.945
 108   92     -2.327     -9.282     -1.453
  66  130      0.932      4.803      6.209
  90   60     -5.164      5.383      9.129
  50   72     -2.747      6.542     -4.790
  -1  120      1.853     11.993      0.228
 135  162      4.635     -6.882     -2.606
  80   99      9.453     11.281     -7.114
  92   14     -6.379     -6.714     -0.359
 111  115     -1.786      2.902     -3.881
  40   76      6.619      1.965     -3.323
  72  188     -8.683     -8.859     -5.731
 105   68     -2.232      4.051      3.536
  86   84      6.231     -3.511      1.207
  91  127     -8.338      0.632     -3.933
  57  134     -1.392      1.361     -8.629
  30  131    -10.079      4.203     -1.612
  -1   -2      0.215      0.955      8.244
 131  124     -6.830     -8.851     -4.744
  82  108     -8.139     -6.007     -9.494
 182  140      9.699     -5.329      4.373
 104  137      6.883      1.824      3.554
 119  114     -3.004      9.894      2.071
  94   73     10.497      9.894     -4.497
  61  195    -10.598    -11.277      5.154
  79   75     -3.598     -2.131      1.288
  81  197     -5.323      6.476     -7.335
  34  176      3.938      5.927      9.953
 154  164      3.500     -3.694     -7.508
 114  135    -11.024    -10.703      2.477
 146  179      5.729    -11.073     -8.626
  22  180      3.778     -1.878      9.521
 122  139    -10.926     -0.731     -5.392
 150  116     -1.873      3.939     -8.392
 109  121     -6.511     -7.859     -0.864
  -1   -2      7.003     -2.458     -2.366
  77   42     -0.211     -2.681     -1.697
 116  110     -1.986    -11.585      1.527
 129  148     -2.748     -0.254     -0.089
  89  132     -9.101      5.524      8.321
 100  103      2.318      7.965     -2.944
  73   93      3.385    -10.240      6.269
  88  171     -6.806      8.281     -4.518
  -1   -2     10.379      1.020     -9.630
  99  157     -4.635      6.949     -6.454
  -1   -2     -0.329     10.529      1.031
 110   59     -3.893    -10.489     -2.021
 121   95     -3.652      7.604      5.395
  78  123      3.584      4.611     -7.997
  63   43      5.373     10.300      0.353
 149   89     -7.621      5.860      3.201
  93  207      2.644    -12.190     -5.740
 115   50      0.758      3.656     -4.014
 125   98    -11.028     -7.438      3.537
 102   65      5.281    -11.723     -9.734
 138  172     -9.945     -2.424     -2.599
 132  150    -10.218      8.371     -1.746
  97   83     11.746      7.668      1.732
 127  106      0.692     10.107     -5.615
  98  144     -8.267      1.332     -5.151
 123  145     -4.016      9.869     -6.158
  84   94    -11.074     -4.303     -1.950
 113  105      1.502     -1.102     -7.388
 179   37      2.449     -9.565      1.571
 117  190      9.136      8.736      8.071
 145   87      0.309     10.257     -0.081
  -1  151      2.675     11.035     -4.052
 134  138    -12.031     -6.364     -4.067
  96   91      3.797      8.998     -9.534
 163  177      4.293    -10.819      6.568
 169  160      4.690     -3.489     -6.662
  -1  154      6.898     12.186     -7.581
 167   34     -0.646     10.262      3.123
  -1  133      3.780    -11.985     -3.722
  62  119      3.548     -4.946      3.524
 144  152     -5.850     10.482      8.296
 164   90    -10.140      3.744      1.753
 136  155    -11.118      8.828     -2.805
 118  147      2.252     -0.216      6.049
 141  158      5.191     10.838      8.335
 188  168      2.697     -6.367      5.458
 130  159     -4.782     -8.706      8.504
 137  146     -2.500      3.867      9.854
 197  210     10.720     10.820      4.717
 120  208     -4.431     -5.151      4.440
 156  161      9.321     -5.187     -4.505
 143  129     -1.830     -1.015     -2.571
 148  174     -3.483     -9.992      8.854
 158  166     -4.420     -2.822     -7.406
 139   51      4.646    -10.957      9.824
 126  149     -1.323     -5.504      1.879
 151  173      3.083     10.838     -7.662
  17   48      4.992     -0.404     -5.672
 160   -2     -5.870      7.150     -5.597
 124  178      6.594     10.545     -3.128
 165  175     -3.787     -3.620     -7.892
  87  181    -10.807      4.758     -6.942
  29   -2      7.248     -0.103     -9.755
 153   97      4.272      9.106     -7.574
 213  104      5.420    -11.244     -3.682
  -1   -2     -8.106      2.829     -3.747
 162   -2     -0.874      1.112      8.125
 184  186    -10.876     -8.809     -9.838
 175  182      7.583      1.565     -0.371
  85  191     -8.004    -12.066     -5.534
 178   96      0.771     -8.413      9.601
 181   38      7.119      3.189     -9.241
  -1   -2     -4.467      1.005     -2.913
 172   88      7.626     -3.787     -6.487
 203   40     -5.530     11.935      1.757
  -1   -2      6.546     -2.407      1.194
 217  184     -2.912     -8.527      1.035
  -1   -2     -2.551     -8.647     -8.872
 200  202     -5.569      0.316     -7.280
 214   -2      0.707     -8.580     -7.784
  -1   -2     11.329     -3.544      1.707
  -1   -2      6.757      0.913      7.395
 190   -2      6.514      5.429      7.540
  -1  194    -11.644     -1.736      9.151
  -1   -2      4.416      0.640      7.725
  -1   -2     13.901     -6.313     -2.072
  -1   -2    -12.403      2.402     -2.221
  -1   -2     12.785      3.441     -1.234
 177  209      2.238    -10.956     -3.982
 194  200    -11.907      5.398     -8.385
 196  201    -11.374     -4.824      4.743
  -1   -2    -10.134     12.060     -2.418
 209  212     -6.466     -3.092     -8.479
 216  142     -8.209      2.727      7.999
  39  206     -3.024      4.338      9.971
 210   69      6.825      2.982     -0.328
 192   -2     -5.341      6.931      6.865
  55  107     -3.265      2.700      4.984
 173  163      5.412      1.405     -6.436
 147  165     10.475      8.749      4.763
 212   57      1.934     -7.866      6.316
  28   -2      2.085    -12.275     -6.397
 191   -2     10.015     -9.902      7.885
 215  213    -12.723      7.174     -0.777
 193  193     12.493     -8.260     -0.512
 206  211    -10.383     -4.021     -0.056
 218  214    -12.888      1.282     -3.542
