220
  56  102     -9.794      2.410     -9.152
   5    2      1.613     -2.732      0.294
  63   93      1.750     -5.411      2.407
  -1   -2     11.175      0.419      2.358
  51   10      7.107     -1.936     -0.819
   0    5      5.441     -6.122      2.008
  76   37      6.095     -5.239     -3.838
  35   20     -6.195      7.252      2.948
  20    6     -2.467     -6.384      2.038
  23    4     -7.306      5.207     -3.806
   8   27      5.018     -0.479     -2.023
  36    9     -5.061      0.120     -0.707
   2   67     -7.630      3.734      8.577
  18   74      3.075     -7.023     -4.601
 103   42      1.831      9.412      8.795
   3    0      1.515     -1.498      3.014
   7   18    -10.690      2.880     -4.770
  54   54     -3.539    -10.858     -3.333
  48   -2     -1.131      7.137      9.947
  75   51      3.176      6.400     -7.309
  12   17     -7.068     -2.711     -0.175
  33   15     -0.103     -0.966      8.061
 117  129     -2.270      5.255     -0.891
  21   75     -9.880     -2.050     -4.098
  -1   -2      3.484      4.007     -4.114
 111  118     -6.025      5.804     -2.084
  15    3      1.531    -11.292     -2.013
  -1   -2      9.635      3.641     -2.951
  22   30      4.224    -11.254     -3.343
  11   33     -6.027      1.967      9.780
  68   62      2.120     -6.826     -0.571
  -1   -2      4.734      8.814      4.282
  57  101      0.171      8.303      3.766
  -1   -2      8.734      3.184      4.759
  66   32     -4.750      7.670      3.726
  -1  126      2.468     11.497     -2.085
 112  190     -7.995      4.295      4.486
  39   11      2.528     -9.046     -2.161
  61   73      3.149      5.385     -3.579
  -1   -2      7.542      9.439      6.734
  82  116      5.594     -2.384      4.622
  50  106      7.786     -7.412     -8.314
  60   53     -8.900     -7.155     -9.447
  28   40    -10.787      5.294     -8.778
  77   80      4.992      2.378      0.444
  29   21     10.114     -8.320     -3.421
  44   90      0.070     -8.075     -2.988
 152   60      7.238     -0.235     -4.915
  19   89      7.341      0.312      8.895
  55   46     -3.561     -3.549      4.931
  47   50      4.334      4.115     -4.419
  83   29      3.480      4.831     -5.437
  87   56     -8.862      3.518     -6.760
  41   43      2.900     -7.511      9.405
  -1   -2      5.654     10.369     -1.615
   9  134     -4.844      1.519      2.386
  89  148      7.760    -11.432     -4.107
  42   19     -8.661      7.129      2.970
  59   52     -8.548      9.317     -2.400
  71   70     -6.379     -0.485      1.027
 185   78     -5.149      3.486      5.462
  98  111     -8.533     -9.418      7.799
  99   14     -7.566    -10.836     -5.435
  -1   48     -2.914     -4.747      3.504
  78   71     -5.435      1.173      9.235
 133   26     -3.505      2.643     -3.045
   4   55      3.997     -9.534      6.066
  34   85      6.479    -11.087     -4.109
 126  119     -9.838     -5.049      1.498
  38   88      4.021     -8.927      6.773
  -1   -2     10.535      0.648     -3.028
 124  170    -11.222      4.822     -3.265
 104  112     -6.399      3.956      2.371
  26    1     -6.883     -7.744      4.613
  64   31     -1.979    -10.394     -4.165
  10   41      1.603     -6.639      4.192
  65  105     -8.447     -8.388     -9.227
 107  121     -2.890      4.186      6.692
  31  133     -0.949     11.039      0.841
 151   39      1.999     -0.831      1.521
  17  138      9.309     -3.763      5.657
 142   -2      6.833     -9.949     -9.981
  13   82     -8.458     -5.519      2.590
 127   68    -10.620     -2.163     -4.421
  27   59     -9.420      3.377      0.993
  93  113     -2.747      2.044     -4.180
  92   91      0.469      9.318      4.023
  94   49     -2.175      1.799     -1.033
  74   86     -8.399     10.550     -5.172
   1   44      8.175     -4.591      2.474
 123  100      2.604      3.135      8.592
  67   94     -0.458      1.079     -5.112
  40   79     -4.950    -11.239     -1.447
  79   13     -0.225      7.959      5.834
 218  115      4.402     -8.002      4.306
  -1   -2      6.761      8.034      2.992
 143  124    -11.388      9.292     -3.805
  91  188      3.088     -9.733      4.969
  -1   -2      6.389      4.728      8.036
  49   12      0.462      3.987     -9.172
  -1   -2      9.644      7.029     -6.453
 140   22     -5.429     -0.697     -6.744
 179  202     -6.598     10.345      5.880
  -1  137      1.522      9.623     -3.622
  -1   -2     10.816      9.718     -4.983
  70   83     -7.325    -10.145     -8.253
  -1   -2      2.323    -11.826      0.744
  16  131      2.113      5.511      3.039
 190  169     -0.450      5.561      8.045
 106   -2      2.213      1.932      9.798
 121  193      8.394      3.192     -7.813
  80   -2     -7.105     10.717      9.960
 137  114     -6.339     -9.844      7.475
  -1   -2      8.526      6.589     -5.466
  -1   -2      6.329      5.328     -1.169
 172  139      7.046     -9.041      7.846
 100  123      3.165     -7.836      9.432
 105   84     -0.093     -6.492     -7.464
 114   25      5.700     -8.372      0.374
  72   63      5.957     -2.718      8.181
 108  120     -1.283      0.992      1.492
 157   45     -7.218     -7.319     -1.477
  52  109     -0.651     10.473      0.836
 136  108      2.111     -9.398     -0.588
 170  128      9.965      0.213     -5.930
  85   72      4.156      5.516      5.112
  53  110     -2.630     10.828      2.181
 146  146     -2.304     -9.420      0.417
 154  125      1.278     -6.903      2.104
  -1   28     -0.101     11.501      9.192
 162  197    -11.838    -11.624     -0.398
 195  155     -1.686     -4.299     -8.584
 189  122      1.327      8.971      1.847
  -1   -2      7.526     10.663     -4.443
 101  181    -11.671     10.183     -4.779
  -1   -2      4.634      3.407     -7.999
 128   76     -9.574     -1.599     -8.729
  -1   -2      7.406      8.926      4.140
 135   92     -7.511      2.845     -7.625
 171  157      6.584      1.435     -4.983
 193   16      0.256      2.889     -9.795
  -1   -2      5.552      9.186      8.728
  -1  171      6.854      9.884      6.648
  90  156     -7.270      8.626     -9.464
 145  151      1.118      4.671      9.041
 201  205     -5.461    -10.635     -5.524
 158   69     -3.713      2.489      0.398
  -1   -2     -5.980    -11.855      0.523
  81   -2    -10.738      4.284     -2.086
   6  183    -10.734      1.432     -9.779
 139  141    -10.771     -1.233     -2.372
  -1   -2      4.767      7.652      5.567
 161  142     -6.373     -8.048      4.857
  96  189      8.018      1.344      1.477
 168  200      4.333      3.043     -7.056
 206  207      6.206      0.250      3.142
  -1   -2      8.933      9.019      3.422
  -1   -2      6.783      1.219      2.340
  -1   -2      9.761      3.592      4.684
 215  154      3.388     -5.696      2.129
  14  184     -6.630     -4.867      9.613
 163  198     -1.950     -3.885     -8.715
 150  132     -1.633     -3.328      8.080
  -1   -2     10.883      4.872      0.638
  -1   -2     -5.265     -0.293      5.966
  -1  164      6.143      9.415     -4.509
 186  163     -7.644     -9.041      5.704
 119  130     -4.619     -4.093     -3.687
 176  201    -11.081    -11.953     -7.721
 208  144     -0.668      5.352     -2.461
 192  135      8.858     -3.383     -8.549
 207  208      4.789     -4.463      7.053
  -1  159      6.207     11.567     -8.374
 182  176      1.547     -4.460      5.001
 187  145     -7.117     -9.683     -9.118
 203  143      6.191      1.625      6.542
 155  179      3.616      2.501      2.271
 160   -2     -9.097    -11.999     -8.743
  -1  166      7.003      5.988     -2.840
 198  204      3.674      9.594     -9.263
  -1   -2    -11.286    -10.990     -1.127
 131   66      4.613      6.318      5.756
 191  177     -2.222      6.393     -5.593
  97   -2      3.569      7.008      9.887
  -1   -2      8.666     -0.940      8.605
 177  150      4.185      9.822      4.531
 102   -2      6.349    -11.729      5.420
  25  186     -7.818    -12.234     -9.736
 216  172     -8.090      0.803     -8.041
  -1   -2      0.023    -10.386      3.709
 204  206     -9.739      1.696      6.863
  24  185    -12.107     -3.990     -2.671
 166  199     -7.220     -7.973     -1.495
 116  192    -12.147      2.322      1.180
  69  187     -1.585     -3.276      2.932
 125   47     -0.248    -10.836     -3.303
 144  195     -9.141     -5.840     -8.815
 115  191      6.310      6.517      1.947
  30    7     -0.335      7.431      0.590
 180  136      7.846     -6.937     -4.232
 148  196      5.394      1.155     -1.446
 141  194      3.727      3.326     -6.109
 159   -2     -8.386      7.865      9.279
  43   58     -4.281     -8.450     -7.735
 209  173     -3.039    -10.567      0.095
 149  168    -10.954     -1.039     -6.491
 167   57      3.727      7.640     -7.291
 199   -2     11.580     -3.298      1.089
 211  209     -1.412      6.243     -3.738
 212  175      5.695      3.600      5.917
  46   34      1.657      9.939      7.340
 194  203     -8.581      0.703     -6.717
 196  152     -1.562      2.294      8.200
 214  210     -2.820      5.677      2.757
 219  161     -5.695     -5.593     -0.794
 210   61      0.814      9.084      7.613
 221  212    -12.539     -1.098     -0.138
 220  211    -12.134     -8.709      0.449
 224  213    -12.733     -6.054     -3.632
 173  174      5.016      0.302     -0.107
