215
 173  125     -6.931      4.320      1.174
  45   21     10.781     -3.170      0.437
   1   46     -7.368     -4.484     -5.498
  84  107     -0.149      4.428      7.503
  68   56     -6.218      4.772     -7.751
  56   16     -3.877     -4.445     -3.289
  -1   17      4.261     -5.876      9.849
  23   55     -6.530      1.651      4.460
  55  127     -8.657     -9.177      2.910
  11  111     -4.372      0.640      4.578
  43   12     11.538     -6.986      0.532
  41    0      0.050      5.858     -6.678
   4   60      6.957     -3.822     -2.019
 128  116     -8.848     -3.097     -3.834
  81   34     -7.666    -10.427     -5.557
  14  171     -1.807      1.966      8.950
  44   36     -0.193      9.230      7.547
  16  118      1.834      1.619     -6.728
  13   33     -1.370     -0.290      6.101
  51   88      9.141     -9.491     -0.972
  12   45      9.603     -9.948     -0.875
  42   14     -3.033      8.427      1.820
  71   20    -10.459      4.522     -1.259
  31  120      5.735     -3.235      0.814
 161   32     -0.614     -5.974      8.714
 104   94      8.209      3.239     -6.591
   8    6     -4.976      3.339     -5.025
   3   18     -3.362    -10.927      5.895
 144  109     -8.836     -0.195      4.347
 116   97     -0.138     -6.162     -6.051
 167  115     -3.657      9.409     -5.095
  25   15      5.156     -2.718     -2.132
  47  103     -0.247      7.587      5.512
   9   50      5.353      3.359     -4.936
  99   49      2.971     -2.311     -9.047
 136   89      1.431      8.973     -5.730
  52   27      4.005     -8.139     -3.804
  20    9     -2.116     -5.402      9.996
  57   67     -3.912     -0.302      2.359
  10   25      0.635     -1.916     -0.579
  32   35      3.890      3.371      1.372
  15   44     -8.604      3.714      6.755
  70   39      7.971     -8.405     -3.147
  54   43     -6.106     -3.366      5.968
  76   58     -1.540     -6.497      3.112
  38    8     -0.623     -1.855     -5.909
  87   68     -2.240     -6.990      4.058
  65   48     -2.024     10.240     -8.478
  26   72     -0.946      7.655     -6.677
  24   26      7.578     -3.990      8.289
  -1   93      5.663     11.202      2.224
  22   23      4.593    -11.149      0.024
  94    2     -6.372     -6.023     -2.666
  29    4     -8.831     -4.400      7.036
  39  105      4.280      2.661      3.391
   6    1      4.994      7.026      2.626
   0  154    -11.156      2.870     -0.460
 127   69      2.510      5.211     -1.701
  49   77     -7.663      6.405     -7.208
  64  128     -0.534      0.366      3.523
 115   28     -2.505     -9.118      6.229
  78   53     -8.992     -2.963      0.958
  28   31    -10.945     -3.836     -0.294
  48  139     -7.148     -5.218      1.755
 158  212      3.976     -5.295      3.946
  17   78     -2.180    -11.097     -2.691
  40  119      0.543     -5.630      1.299
  18   84      3.519      1.234     -8.955
  50   61      8.669      9.045     -1.661
 143   95     -8.369    -10.629      4.192
  75    7      5.198      8.151     -5.427
   5  126     -0.977     -5.525     -5.401
 142   76    -11.696      4.409     -6.708
 114   66     -3.344      5.499     -5.097
  74   98      0.481      0.936      5.163
 126  189     -2.884     -8.293     -5.927
  69   47     -5.721     -0.955      2.525
  35  146     -0.580      9.574     -0.615
  66    3      2.892     -7.464     -6.752
  88   24      2.070     -1.642      7.020
 106   75      0.253      4.296     -7.567
  67   19    -11.283      0.795     -4.332
  63   83     -6.690      0.663      7.214
  53   73     -6.630     -7.558      3.025
 157  143     -3.669     -2.514      9.735
  -1   -2     -8.504     -7.314      2.346
 187  102     -3.165     11.955     -8.663
  77  164      6.054      3.669     -1.856
  -1   -2      9.183      7.004     -7.121
 163  101      5.752     -8.169     -9.315
 134  145     -6.212      4.069      3.581
 140   90    -11.536      0.266     -6.378
  73   41     -8.020     -0.550      4.389
 112  124     -3.011      5.582      8.350
 107   10     -0.408      5.052      4.337
  80   87      2.850     11.803     -5.752
  36   63     -9.480     -2.219      5.418
  60   37      7.061      4.355     -2.680
  59   81     -0.245     -9.590     -3.960
 110   64      3.182     -3.234      8.901
  21  104     -5.207     -2.501      2.810
  37  117      7.061     -8.996     -3.927
 103   71      1.202      5.169     -2.659
  92   99     -2.891     -7.167     -2.525
 125   91    -10.353     10.649     -2.066
  93   29     -4.522    -10.638     -3.388
 135  161      4.506      8.892      8.717
 154   54      1.005      8.984      1.802
 117  208      8.099      3.469      9.884
  46  113     -2.828      6.029      8.026
 201  112     -8.918    -10.704      6.531
 101  168     -3.052     -7.711     -2.749
  61   92      8.634     -0.701     -2.891
  72  205     -5.650      0.560      0.975
 137  173     -7.836     -9.606     -1.377
  97  131     -1.256     -0.922     -6.851
  96  174    -10.572     -1.139      2.276
 118  176      4.248     -6.625      3.474
 193   62      5.759      7.233     -9.080
 153  147    -11.003      5.219     -6.602
  -1  129     -5.130     12.113     -9.322
 122   70    -11.640      5.800     -3.365
  85  106      2.535      0.733     -6.906
 151  159     -7.839      9.263      2.000
  91   65      1.824     -5.079     -3.574
 164  144      8.638     10.684      2.358
 108  100      1.016     -7.216     -6.082
 169  135     -3.986     -5.455      0.425
 160  213     -8.234     -5.542     -6.747
 178  150     -7.589      8.586     -7.451
 102   30     -4.295      7.171     -2.385
  34   96      5.918     10.863      9.069
 215  177      7.727      6.714     -3.961
 100  178      4.777      9.798      4.783
 213  186     -4.572     -3.288      8.311
  89   40      2.320     -4.318      6.292
 120  132      3.892      9.658      9.168
  -1  182    -10.312      5.291     -5.744
 119   -2    -10.571     -5.069     -0.733
 155  140    -10.267      4.384     -8.680
 165  172      8.372      4.616     -3.682
 214  157     -3.255    -11.572      3.585
 171   52     -6.840    -11.236      0.915
  90  121     -2.179      4.406     -0.250
 111   57      9.443     -5.576      1.332
 150   59     -7.821     -3.940     -0.726
 148  133     -8.376     -1.893      0.337
 174  138     -5.910     10.839      4.545
 166   82     -6.364      2.443     -6.123
  27   86      2.789     10.750     -0.485
  79  114     -5.074     -8.948     -4.184
 132  169     -8.727    -10.076      4.795
 129  141     -5.199      8.692      3.584
 131  175    -11.449     10.521     -3.723
 186  155      3.738      7.720     -1.301
 124  167     -4.429     -4.714     -0.310
 184  156    -11.622     -2.145     -6.139
  -1  193      3.645     12.127     -8.521
 191  200    -11.250      1.191      1.525
 185  122     -9.295     -7.101      0.322
 209   85      2.420     -2.175      1.462
 149   74     -4.189     -2.770     -3.932
 188  142    -10.714    -12.036     -8.899
 183  158      3.645      6.871      8.579
 146  165      2.881      0.988      6.428
 196  110    -11.651    -10.066     -6.976
 130  209      1.859    -11.541     -8.634
  98  207     -4.274     -0.429      7.291
 200   79      0.020     -9.093      7.713
  86  153     10.455     -6.444      0.973
 194   38     -1.889    -11.783     -9.640
  83  148      5.594     -6.052     -8.764
 162  194      6.057      2.921     -9.310
 121  170     -2.168      2.930      9.146
 212   -2      5.836      2.968      4.820
 218   51     -9.955     -3.820      4.079
  62  204      0.020     10.105      6.100
 177   80    -11.999     -7.845     -1.440
 139  210      2.202      4.209     -5.555
 133  181     -4.051      2.530      3.177
  30   42      5.000     -4.170      9.539
 168  160     -8.617     -2.403      1.193
 181  149     -6.840      3.033      9.779
 189  180     -1.750     10.860     -7.340
 211  223     -4.884      8.940      4.052
 203  152     -2.375      4.121     -2.911
  -1  198    -12.304      8.631     -3.129
  -1   -2      9.019      6.713     -2.498
 195  136     -9.406     10.386     -7.623
   7  201      9.531     -7.800      6.900
 113   11      0.155     -0.470     -1.907
  33  203     12.526      4.167     -3.277
 141  211      6.095     -0.949     -6.081
 123   22     -0.323     -6.156      2.440
 147    5      0.285     -4.232     -1.596
 182   -2     -2.220      4.049      5.705
 170  214      3.141      2.906     -2.360
  82  206     -0.292    -11.188     -3.537
   2  185     -0.737     -8.123     -0.412
 105  162      3.142      8.810     -1.305
 156  108      5.318      6.775      0.802
 197  217     -6.831    -12.013      1.031
 202  218     -6.255     -9.243     -6.572
 159  190     -6.018     -7.723     -2.983
  19  202     -7.215     -9.195     -9.752
 109  137    -10.610     -7.423     -1.781
 175  215      9.268      7.292      8.741
 206  163     -6.201      4.062     -9.614
 207  220     11.834      3.469     -7.499
 210  222     -5.933      0.728     -4.495
 205  219     -5.053      1.490      9.429
 180  216      4.815     10.852     -5.591
 208  221     -2.326      9.590     -8.760
 179   -2      5.725     -0.703      6.824
 217  166     -7.144     -2.756      3.319
