213
   8    2     -7.245      3.557     -5.625
   3   55      3.970     -7.265     -4.059
 205  147    -10.013     -1.637      4.504
 161   27     -8.002      0.309      3.487
 111    9      6.734     -1.660      7.258
  51   16     -3.253      6.561      4.000
  20  191     10.660    -11.695     -4.906
  23  106     -9.589    -10.301      6.150
   4    8     -6.767      2.502      3.785
  61  120      4.621      2.134     -5.123
  11   31      4.778     -8.669     -1.386
  19   35    -11.632     -3.988     -0.791
  82   42     -1.375      0.218      7.254
  45  138      0.001     -4.092     -9.677
 179   84     -7.833      1.421      6.186
  54   82    -11.004      5.412     -1.143
  31   28      8.270     -8.388     -0.213
  40   33      8.240    -10.077      3.781
  92  126      2.742      0.382     -7.176
   7    5     -5.849     -1.880      1.948
  38  104     -0.069     -3.346      2.261
   5   20     -1.407     -1.502     -2.120
  49   53      2.479     -1.010     -3.499
   9   24    -11.558      3.405     -0.372
  13  149     -6.110     -0.050      1.707
 144   70      7.562      2.350     -2.048
 105   86      7.991     11.132     -5.156
 120   41      4.588     -2.073      6.733
  22   29      2.021      4.717     -6.400
  29    1     -2.454    -10.159     -6.840
  -1   62     -5.211     11.590      0.629
  66   73     -4.690    -10.983     -8.327
  37   26     -3.142     -7.875     -3.470
   6   15     -5.303     -6.652      3.242
  93   90      8.004     -3.780     -6.860
  50   18     -7.827     -6.819     -7.263
  99  115     -0.396      8.077     -3.591
  44   61     -7.760     -6.193      1.620
  21   11      3.951     -1.688     -3.433
  -1   -2      9.875     10.692      3.854
  25   21     -3.800     -2.215     -8.042
  78   68      3.225      0.903      0.535
  -1   50     -3.369     11.351      7.784
  33    4     -9.762     -4.479      6.189
  52  180      9.266      5.945      4.319
 127   32      2.109    -10.312     -3.987
  39   34     -0.236     -7.141     -0.353
  30   13      0.832     -9.109      5.850
  18   65     -3.808      5.008     -1.989
  64   51     -9.389      6.959     -8.220
  34  118      9.125      3.201     -3.570
  84   30     -2.684      9.489     -7.608
  89   44     -3.034      4.520     -8.877
  88   98      1.864     -9.128     -6.531
  59   76      9.818      9.147     -2.939
   1   22     10.838     -7.048     -7.083
 115  200      6.594      9.706      3.055
 117   43      5.342      1.858     -1.737
  67   77     -4.484      5.644      6.001
 114    6     -7.252     -1.905      2.783
 128   10    -11.234     -5.365     -1.490
  -1   79     -5.165      1.422      9.070
  28    3     -0.135     -8.755     -6.566
  58   19     -6.967      6.303      0.559
  36   37      2.395    -12.014     -5.318
   0  112    -10.951     -0.556      1.920
 130  103     -9.301     -1.133      0.030
  86   78     -2.001      0.740     -7.828
  41   45     -9.053     -3.777     -0.845
  73   47     -7.297      4.254      6.697
  65   87    -12.123     -2.295     -6.422
  17   99     -9.902      4.678      5.957
 123   46      1.519     -9.846     -4.901
  32  134     -6.988     -4.408      1.593
  95  102      3.460     -5.975      2.600
  57   97     -9.401    -11.129      2.482
  63   75    -11.873     -8.373     -2.394
   2   71      0.838      9.203     -7.268
 134   92     -9.629     -1.835      1.019
 118   91      2.820      9.531     -4.024
  48  105     -0.279    -10.388     -3.692
 141  101     -5.738      7.151      8.620
 110   85    -10.034     -2.648      0.749
 104  113     -2.584     -0.705     -3.331
  94   93      8.059      5.429      4.215
  87  196      5.380     -6.165     -9.000
 183  208     -1.216     -7.812      5.104
 136  110     -6.791     10.127     -6.384
  47  127     -5.785      2.176      0.009
  77   39     -2.372      1.894      4.088
 101   59     -3.079     -3.702     -7.119
  62   63     -4.291      8.305     -8.429
  35   96      0.031      5.280      2.104
 140  137      0.326      4.620     -4.248
 125   56     -4.988     -9.306     -4.631
  24   17     -1.799     -7.926      7.221
  60   48     -9.695     -6.539      0.435
 148  141     -9.819     -3.459     -4.367
  55  123     -2.981     -7.331     -3.319
  70  135     -1.158     -4.302     -2.729
 153  117      0.401     -0.269      0.459
  91   88     -3.696      6.938     -2.159
 146   89    -10.300     -3.243      3.559
 198  109      6.847     -7.501     -9.065
  69   52     -3.481      0.413      6.275
 154  114      8.398      2.404     -4.736
  72  193      3.869     -6.942     -6.780
 155  132      9.754     -5.776      3.497
 151   14    -10.482     -8.051     -2.654
  80   67      6.807      8.576     -0.209
 107  128      3.508      1.801      8.617
 206  143     -0.497      5.353      6.950
 126  172    -11.160     -9.249      3.573
  79  122      4.144     -0.008      5.827
 203   60      2.010      2.438     -9.965
 197  111     -6.516     -2.832     -2.835
  42  144     -5.046      1.168      3.835
  -1   -2      9.083     -1.225     -2.667
 103  107      2.146      7.704     -3.385
  97  131      6.098    -10.358     -0.208
  10  181      0.809      5.051      7.465
 121   58     -3.292      9.748      4.594
 180  130    -11.728     11.324     -2.714
 119  125     -3.779    -10.564      1.557
 131  169      0.342     11.598      1.007
 109  199      4.799     10.288      9.555
  74  183     -6.963      9.212     -3.023
 143   38      0.935     -5.150     -4.542
  71  100     -7.450     -5.768     -6.101
 147  160     10.674     -0.073      3.558
  -1  142     -6.159     -3.682      7.650
 157   23     -7.228     -6.110     -2.476
  46   66    -11.808     -5.552     -3.712
  56  192      0.193     -3.674      1.314
 113  171      1.320     -0.897      6.586
 116  166      4.957     10.788     -7.830
 188  158     -6.165     -7.562     -2.508
  53   57     -4.825      3.782      2.361
  -1   -2      9.873     11.534      1.671
 160  116    -11.410      1.940      1.262
 142  119     -7.496     -8.401     -0.634
 145  165     -8.682      4.671     -8.567
 150  121      3.156      1.695      6.537
  27  146     -1.491     -7.675     -6.048
  -1   -2     11.420     -8.741      1.547
  14   72      6.662      9.723     -4.563
  -1   -2      0.947     11.946     -0.769
 132  202      8.677      2.826      2.532
 138   81     -5.479      2.923      9.373
 152  139     -1.226     -0.490     -7.925
 165  152      0.879      7.139      3.877
 100  129     -9.061     -9.115      4.335
 137  168     -6.066      6.439      8.836
  98  164      3.860      6.643      8.211
 189   -2     -8.796      0.859      3.044
  -1  140      5.780     11.468      6.530
 172  154     -6.539     10.553      3.288
  90  156     -0.295      0.615     -9.711
 175  178      9.376      8.472     -7.689
 182  175     -5.443     -4.376     -0.759
 102  198     -4.394      4.963     -4.395
 174   36     -6.472     -2.946      5.501
 192  153     -5.816      5.862     -6.235
 181  157      1.777     -5.721      4.266
  68  184      4.689      5.901     -7.766
 193   12     -5.393     -5.191     -3.484
 185  136      0.132      6.037     -0.299
 171  163    -10.917     11.503     -9.026
  43   95     -3.334     -6.689      9.619
 159   -2      0.517     11.581     -7.265
 163  150      3.834    -11.139      5.200
 208    7     -2.360      1.214      1.983
 166  133    -11.354    -10.404     -7.944
 122  201      6.488     10.894      9.031
  -1   -2      0.082     11.769     -3.046
  -1   -2     -6.538      5.313      4.401
 112  179    -11.702     -8.684     -4.635
  -1   -2     -2.395     -4.996     -0.952
 158  174     -6.209     -3.681     -4.750
 177  185     -6.275     10.768      3.679
 168  155      3.947     10.542     -4.796
 204  167     -1.034      8.498      9.341
  -1   83     11.376      9.404     -0.821
  -1  170     -7.439      1.385      8.690
  15  161     -2.630    -11.021      1.297
  -1   54     -8.004      0.642     -4.674
 139  204     -5.762     -0.292      6.706
  -1   64    -11.295      5.179     -9.348
 176  145     -7.994      5.271     -8.842
 173   94      7.889     -1.443     -6.975
  -1   -2     -4.454     -9.978     -1.549
 170  207    -10.510      0.751      4.269
 162  176      6.262     -0.410     -2.266
 124  108     -1.011     -4.689      2.873
 184   -2     -8.162      0.689     -5.024
  -1   -2     11.346     -7.555      2.788
 207  189     -8.513      2.344     -6.687
  -1   -2     11.393     -6.182     -0.776
  -1   -2     -6.242     11.608      0.507
 156  205     -6.219    -11.522     -6.990
  96  197      7.017    -12.205     -8.496
 199   69      5.448     -1.530     -1.294
 194  209    -12.312     -7.442     -5.682
 133  203     -6.036     -3.319      9.747
  85  195      3.768      6.661      5.834
 135  186      0.308    -11.374      6.618
 186   40     -3.883      5.170      8.557
 106   74     -1.270      7.071     -4.504
  75  194     -1.177      3.831     -6.989
 167  206     -8.032     -7.701      2.656
 201  210     -3.210      6.170     -8.151
 209   -2    -11.603      5.482     -6.178
 210  211     -9.855    -12.481     -9.246
