250
  -1    2     -5.695     -9.140     -9.919
   4    3    -11.269     -2.244     -5.898
  14   16     -5.264     -4.016      6.207
  34  132      1.097     -5.253     -5.276
  44    0     -2.604     -2.730     -3.200
  32   22      2.002     -1.301     -1.038
  77   31    -10.799      2.400     -0.357
 238   35      0.087     -9.537      9.426
  67  128     -6.733      3.068      1.437
 115   18      0.471     -1.287      6.332
  30   26     -2.564     -4.447     -2.726
  17   17     -9.485     -0.221      7.125
  39  101      9.215      1.157     -1.875
  18    6     -5.472     -6.189     -2.411
  15    7      1.882      5.246     -5.804
  -1   10     -9.997      3.856     -1.162
  21   40     -3.615     -0.284      4.952
  31  160      0.580     -0.819     -6.009
  33   24    -10.371     -3.988      0.079
 200   34     -0.962      2.688      5.794
  56   32      0.354      1.628      8.696
  75   25      2.221      3.643     -6.736
   8  153     -7.929     -4.680      7.391
  40   53     -7.580     -1.279      4.820
 135  190      5.892     -7.042      8.763
  20   41      6.276      1.060      2.558
  60   66      2.607     -0.638      5.716
  25   76      7.588      1.516     -4.116
 213  108      4.146      3.076     -0.830
   1   11      9.000     -7.510      7.477
  42   87     -4.477     -8.885     -3.660
  29   14     -5.296      9.541      4.306
  11    9      4.289      1.317     -5.996
  55    1      2.529     -2.969      0.426
  19  100     -6.444     -8.187      3.180
  -1   30     -1.560      4.146     -9.862
  68   97      5.424     -2.222     -8.229
 124  150      5.076     10.842      0.766
  26  102     -1.151     -7.951      3.390
  48   20     -5.218      4.192     -6.964
  71   13      4.735     10.752     -4.998
   0   36      8.347     -9.374      8.910
  24   60     -5.638      2.561      9.914
  27   52      7.276      6.469     -4.585
  87   49     -8.203    -10.997      6.600
  46  103     -2.060      6.748      2.289
  36   12     -5.058     -1.769      3.002
  78  172     -7.890      2.956      7.089
  57   50     -2.534      9.422     -0.052
 142   46      0.016     -7.863      2.548
  -1   77      3.195      6.906      9.934
  22   19     -5.781      0.019      7.647
  93   29      2.877     -4.875      7.125
  52   43     10.915      3.921     -0.911
  23   91      1.170      3.416      4.544
  58   81      1.169     -0.693      4.251
  16  177     -8.179     -3.400      1.214
  98  219      0.023     -9.402     -3.401
  50   69      7.688      4.230      3.376
   9   63      1.377     -1.599     -5.019
  -1   33     -0.347    -11.233     -3.179
  -1  130     -1.868      1.249      0.533
 205  104     -3.449      1.423      3.681
  -1  161     -0.871      8.484     -7.718
  86  129    -11.453     -5.059     -2.360
  70   68      6.882      0.027      4.313
  63   59     -1.923     10.758     -7.785
  37   38    -10.740      0.564     -4.031
 202  120     -1.819     -2.595      9.386
 231   98      9.273     11.379      1.035
  66   51     -6.808      5.886     -6.489
  94   78      8.639      2.231     -8.727
 104  151     -0.274      2.343      8.947
  41   58      3.395     -5.464     -3.184
  59  117     -1.475      4.871      7.711
  80   84    -10.892    -11.719     -8.478
 118   73     -8.339     -9.976      3.206
  54   45     -9.972     -5.175     -0.371
  62   71     -8.794     -7.528      0.385
  43   28     11.352     -3.517     -2.165
  45  119      7.483     -5.790      0.668
 211   55     -2.043      8.585     -4.298
  51  107      7.024     -8.256     -8.795
 127   37      8.451     -2.897     -5.489
  61   94    -11.708     -7.801     -0.757
  64   99      0.790      6.931     -5.765
 100  200     -7.886    -11.406      4.426
  83   89    -10.437      4.818     -6.183
  28  210      3.876     -6.190      9.373
 153   42      1.545    -12.082     -7.228
 133  184     -3.053     -3.603      8.396
  69  146     -4.401     -3.175      3.297
  84   62     -0.541      9.156     -7.480
  38   72      3.400      8.069     -4.873
 108   95      7.996      7.698      2.726
 110  203     -0.562     -5.944      9.851
 119   82      1.255      5.916      5.609
 157   15      3.801     -7.757     -6.324
  85   75    -11.051     -0.009     -5.989
 191  187      1.268      7.693      7.450
 161   47    -10.885     10.125     -3.234
 197   -2      2.693      3.562     -1.730
 136  127     -4.625      1.927      7.359
 116   83      5.730     10.739      6.861
  74   90     -9.713     10.043     -1.657
 131   80     -6.824     -4.219     -4.900
 106   44     -1.491     11.313     -7.841
 113   88      0.837      7.560      0.200
  91   93     -3.216     -5.964      0.857
 109  138     -8.019    -10.696      5.010
  73  178     -6.713     -3.447      3.634
  92  114      7.401      6.808      8.433
  53  116      7.934      6.389     -8.332
 174  193     -1.575      4.540      8.054
 134  141    -11.138      5.554     -3.102
 242  123    -10.866     -2.767     -9.723
  65   56     -7.507     -2.538      0.653
 105  105      2.024     -6.544     -5.404
  97  164     -3.634      2.847     -4.450
 187   -2     -2.138     -7.289     -1.880
   5  152     -7.733     -3.009      1.576
 186   27     -6.121      0.754      4.868
 123  145      7.661      3.580      1.663
 117   21      4.381     10.468     -2.798
  88   92      4.615     -7.821      2.651
 101  162     -6.774     -5.840      1.972
 145   85     -8.173     -8.016      1.690
 107  137     -9.941     10.875      3.105
 103  109      1.271     -7.144      1.257
 150  167     -4.059     11.296      4.301
 166  106     -7.309     -8.620     -9.061
 129  142     -7.145      7.999      1.879
  -1   -2      0.243    -11.114     -3.940
 217  112      6.446      7.618      8.883
  95   65     -3.131      5.761     -1.736
  76   67      2.592    -10.190     -8.280
 120   -2     11.978     -9.263      1.962
  -1  192     -1.171      3.011     -2.068
 239  180     -6.344     -8.536     -5.681
  79  125      2.544      6.585      2.465
  -1  139     -9.301      7.013     -9.978
  47  237     -8.085     -5.107     -6.191
 162  165      7.326      7.349      5.225
   2   -2     11.699     10.130      2.597
 139  163     -8.766      9.667     -6.788
  35  115      4.894     -8.986      2.108
 154   54      4.855      6.157     -0.511
  90  220      3.988     -4.274      1.974
 130  121    -10.125     -1.697      2.593
 173  241     11.465      6.575      2.772
  96  110     -4.607      7.451      3.585
 171  174      9.699     -4.934     -9.758
 189  204     10.690      8.583      3.773
  49  147      6.027      0.769     -8.190
 126  166      1.144     10.445      5.539
 144   -2      2.575     -6.846      5.806
 245  126     -2.349     -7.790     -2.108
 143  135     -4.669      0.513     -4.160
 165  191     -3.457     -5.201      0.169
 147    4    -10.283     -7.337     -1.124
 172  144    -11.568     -9.890     -6.285
 151  148     -1.585     11.338      1.904
 164   86     -4.243     10.755     -8.392
 207  124     -1.672    -11.027     -8.967
 160  179    -10.409    -10.215      4.711
  -1   -2     -0.681     -4.450      0.679
 112  113     -1.981      4.848     -4.328
 180  175      5.518      5.011     -0.543
 195   61     -9.813      3.766     -8.146
 196  134     -2.261     -7.605     -5.413
 178  206     -5.160      2.145     -5.634
  89  182     -6.696      7.934     -6.635
 128  136     -2.137    -11.334     -1.981
 210  181     -3.728      9.332      1.622
 169  186    -12.018     10.466     -4.897
 152  195     -5.425     -7.853     -2.745
 194  197     -6.103      3.661     -7.031
 158  169      2.000     11.258      5.779
 214  244     -1.798     -8.348      4.154
 156  173      6.548      4.738      8.059
 122  188     -9.679      4.938     -5.311
  12  159     -0.132     -8.686     -0.256
 188  214     -9.920     11.505      0.967
  10  185      9.597     -6.066     -1.448
 167  194      6.954      9.441     -4.693
 215  245     11.836      8.049      1.380
 137  240     -5.961      3.062      3.778
 114  208      8.276     -0.529      5.756
 125  196      0.488     10.307      8.880
 155  183     -3.055     -1.252      2.993
 102  239     -2.564     -3.120     -1.726
 132   79      5.089      1.173     -1.317
 159  158     -6.983     11.274     -0.237
 111  228    -10.988      0.635      1.759
 193  202     -3.620      1.030      9.637
 209  243      5.415     10.784     -7.819
  -1   -2     -8.842     -4.440     -1.513
 204  171     -0.727      8.300      8.669
  99   57      5.406     -8.774     -3.647
  82  149      9.891      3.135     -3.508
 168  198      4.655     -2.370      6.487
   7   70     -7.828    -10.141     -4.429
 138  168     -8.430     -0.925      4.824
 149  205      1.493      8.426      6.418
 121  217    -10.101      7.982      5.415
  -1   -2      6.186     -4.503     -1.692
 190  215     -5.050     -0.599      1.491
 163  140     10.625      1.023     -3.080
  -1  213      4.211      3.500     -4.818
 182  199     -8.114     -3.185     -3.393
 192  201     -7.780     11.840     -2.969
 219   -2     12.244      3.896     -6.632
  72  207      7.034     -4.454      7.072
  -1  156      1.923      3.141      7.169
  -1   74     11.596      3.639     -5.574
 146  233     -7.502    -11.834      1.131
  -1  157     -3.938     11.991      1.209
 177   64      0.313     -4.854     -4.702
  -1  216    -11.196      4.018     -6.150
  -1   39      2.056     12.377     -7.437
  -1   -2      1.960      3.605     -9.736
  -1  189      1.494    -12.281     -5.367
  -1  131     -1.217      2.663      0.545
 175   -2      5.077      0.477     -6.171
 185  122     -8.816     -2.697      5.832
 221  211    -12.393     -7.279     -0.950
 201  222     10.555      0.752     -6.019
 220  223     -5.348     11.336      0.085
  -1   -2      9.316     11.726      3.283
  -1   -2     -7.551     -4.279      5.029
 223   -2    -10.288      0.282      5.711
  -1   -2    -10.709      4.094      9.868
 227   -2     11.210    -11.062      6.901
 228   -2    -12.892     -6.777     -4.288
 230   -2    -11.921     -6.369      2.880
 233  155     -4.211    -10.796     -2.917
  -1   -2     11.846      1.867      1.584
  13  231      5.061     -8.311      8.894
 184  143      1.919     -4.732     -1.044
 203  212     -4.277      7.674      4.090
  81  238      8.988      8.600      8.835
 170  154     -2.144    -11.020      6.073
 198  242      4.469      7.907      0.328
 212   -2      8.173      0.885     -0.820
 179  218      1.702      3.672     -9.541
 244  246    -10.201     10.512      9.764
 241  225     -3.014     -1.077      7.550
 243  133     -7.603    -10.123     -1.250
 246  247      4.846     10.879     -8.532
 247  248    -12.760     11.489     -1.258
