243
  71   26      0.928    -10.529      4.634
  96  150     -5.258     -3.282      8.877
 100    2     -1.600    -10.681     -8.538
  43   27     10.596     -1.207     -9.569
   8    0      8.184     -1.699      5.146
 170   79     -7.595      5.239      8.527
 181  109     11.128      1.983     -6.680
  24   43      6.755      1.003      2.666
   3    6     -2.896     -7.832      3.122
  32    7     -1.730     -0.466     -9.002
  10   41    -10.196     -8.074      2.758
  48   32     -5.396     10.501     -8.222
  88   67    -10.140     -4.966     -2.010
  11   18     -0.628      1.132      1.468
 153   24      7.672     -1.985     -3.220
   6    1     -0.267     -5.529     -0.291
  63   70      7.327    -10.294      5.097
   1   51     -7.346      3.430     -3.538
   4   14      0.367      2.005      4.632
  19   30     -8.481      6.869      0.032
   9   29      1.759      8.117     -0.076
 157   50    -10.108     -6.912     -6.149
  29  118     -1.753     -6.747     -3.161
  36    5      8.068     -2.759      8.818
  12   13    -11.750      1.161     -3.896
  45  133      7.246      4.489     -2.813
   7   39      7.193     -9.288     -3.909
  53  122      1.022     -9.855     -6.470
 168  116      4.101      0.774     -5.897
 114   15      6.218    -11.537     -8.890
  84    9     -4.081     -3.092     -1.144
  38   23      6.360      3.875      8.033
 143   54      9.399     -1.155      3.906
  30   19     -5.926     -3.827     -0.645
  15   71     -7.940     -2.669     -0.094
  28   37      6.566      8.382     -2.141
  25   31     -5.534    -10.429      5.739
  33   40      4.306      7.870      8.800
  17   12      4.187      5.350     -5.946
  -1  149     11.521     -2.995      2.854
  37   56     -2.045      1.386      2.634
  22   21    -10.514      2.315      3.638
  86   20     -1.854      3.405      4.205
  39  159    -10.785    -11.452      3.415
  64   90     11.767     -8.271      0.395
  18   35     -4.312     -6.149     -5.103
  27   22      2.513     -1.342      5.895
  40   75      9.829      0.502     -1.184
  54   69     -2.791     -2.130      3.505
 158  125      7.510     -4.745     -4.578
  23   61      0.664      0.879      8.416
  85    8     -6.566      3.425      3.703
  42   17     -3.093     -1.113      2.640
  67   16     -5.252     -4.231     -3.887
  -1   46     10.096      1.376      6.044
  91   72     -5.124     10.951      8.510
  26   93     -0.699      2.396      0.821
   2   49      7.758     -6.649     -2.504
  34   60     -6.916      0.872      0.818
  57    4      6.029     -2.256      5.401
  20  117     -7.646     -7.655     -2.524
  75   78      6.889     -4.619      1.540
  68   53     -8.587      2.666      6.720
  13   25      9.244     -4.254     -4.048
  50   77     -8.516     -8.238      5.406
 109  120     11.065      6.449     -1.501
 132  177     -1.780      6.997     -7.730
 104   47     -0.295     -4.369     -0.727
  83   44     -7.901     -4.284      1.180
  58   58     -4.991     -5.391      4.261
 219   94      7.650     -5.969      8.965
  79   52    -11.584     -6.820     -3.918
  81   76      1.128      3.057     -0.332
  49   62     -5.769      7.780     -8.649
 124   97      7.751     -7.557      0.990
 101  121      1.988      2.822      4.736
  95  134      8.454      6.082     -8.823
 210   82      0.657     -0.312     -1.012
 172   33      8.751     -2.362     -4.035
  21   -2      7.144      2.865     -9.885
 118  174     -6.581      0.569      3.659
 139   87      1.854     -1.431     -2.831
 113   85      0.940     -4.864     -7.417
  51  100     -4.888     -7.221     -7.073
 111  183      2.358      8.979      6.527
  70   74     -1.111      5.762      5.265
 234  141     -4.460      4.749     -7.846
  60  137    -12.152     10.359     -2.339
 122   68     10.765     -5.915     -2.193
 167  168      2.105      6.265      3.017
 161  175      3.209     -8.872     -1.713
 131  119     -9.508      8.840     -6.608
  90  194     -6.488      7.038     -9.105
 197   98     -4.407      3.480     -8.292
 108  106     -8.575     -1.420      1.311
 112  124     -6.506     -1.940     -1.914
  89   -2      9.210     -5.093     -9.921
  73   59     -8.096      0.996      2.108
 136  145     -6.698     -6.498      4.183
  76  164     -2.250      5.618      4.618
 130  102     -3.376      9.592      2.287
 140   99     -8.562      4.872     -8.247
  97  111      8.562      7.869     -5.798
  31   48     -4.415      3.366      5.488
  -1   45     -3.367      5.598      8.247
 110  103     -6.037      1.630      6.553
  94   34    -10.507      6.458     -8.052
  56   96      4.726     -2.671      3.952
  66  129     -0.012      7.661     -4.233
   0   81     -3.449     -0.799     -7.091
 211  128      3.947     -8.031     -2.622
 149  140      2.917      3.121      1.528
  72  123     -9.857     -5.427     -4.036
  98  143     -8.415     10.930     -1.675
  44  147     -5.644      1.648      8.139
  35  105     -2.949      2.818      2.902
 189  155     -9.065     -7.299      2.430
  69  199     -1.775     -9.614      4.693
  80  107      6.662      0.155     -4.252
 205   65      0.874    -10.378     -9.508
 119   36     -2.691     -9.142      4.552
 209  127     -4.726      0.073      7.994
 141   55     -4.755      3.395      9.177
 164   64     -0.608     -0.022      5.953
 133   88      4.936     10.223      0.548
 138  178     -7.161      0.430      7.140
 117   42     -2.586     -2.345     -6.938
 206  138      1.119     -3.108     -1.796
 214  171      9.891     -0.323     -8.821
 142  158      9.781     10.854     -1.369
 127  139     -8.044      4.006      1.665
  74  196      1.157    -11.754     -4.612
 163  190     -9.925     -8.922     -8.358
 126  191      4.917      5.322      5.437
  59  136     -5.932      5.757      6.705
  87  222      1.335    -11.282      3.871
 154  126      2.619     11.862     -7.295
  46   73     -3.035     -0.542     -2.675
 116  153      5.691     -3.409      5.872
 216  151      7.457      8.742     -7.418
 128   63      2.079    -11.485     -3.621
 150   80     -0.100      5.590     -1.936
  93  231     -3.754     -3.860     -8.154
 232   86      8.452     -8.620      7.827
 148  169     -2.708      8.882     -4.453
 102  232      1.002     -3.448     -1.623
 121  101      6.318    -10.621     -9.599
 165  115     -0.724      8.878     -5.757
 207  144      7.771     -3.304      0.727
 155  148      1.163     -7.108     -4.426
  52   38      6.639     -7.130      4.597
 176    3      7.020    -10.635     -9.026
 146  142      2.772      5.101     -5.454
  78  189      4.763     -7.496     -1.298
 160  152      1.386     11.033     -4.812
 173   84     -6.201     -7.012      2.869
 215  207      4.549     -2.713     -8.966
  -1  193     12.038     -9.960     -0.516
 134  163      8.668      6.845      4.306
 200  180      7.073    -10.814     -3.500
 223   89      8.265     -8.253      9.844
 187  167     -2.431      2.095     -6.370
 137  173      9.736      3.145     -1.188
 169  184      8.794     -5.701     -9.048
 204  112     -6.283     11.795      1.439
  14  208     -0.889     -8.459      4.678
 203  165     -7.667      0.979     -2.492
 151  114     -7.372      2.771     -9.593
  47  228      6.182    -11.327      1.699
 145  187     -9.636     -7.988     -2.478
 191  204     -1.713      0.838      6.766
 221   11      0.810      0.192     -2.859
 175  154     -3.124     -1.757      6.290
 183  181     -9.194     -8.439     -4.602
 190  202      2.371      8.970     -9.049
 144   92      5.956      4.978      3.520
 174  162      6.156     -4.607      1.863
 123  161     11.648      1.161      1.694
 195  205    -11.563      5.103     -2.705
 152  179     -8.004     -1.589      3.566
 135   83     -7.606      6.174      4.772
  55   57     -3.332      9.078     -1.127
 241  132     -2.043     -5.447     -7.155
 120  104      3.043     -9.527      0.120
 199  135     -8.788      4.527      0.657
 212  235      4.994      5.014      1.986
  99  215      0.218     -6.097      0.703
 228   28     -0.510      4.444      1.974
 230  213    -11.758      4.906     -5.609
 186  188     -2.092      6.850      9.777
 147  170     -9.016     -3.190     -4.066
 166  195      9.275     -9.799     -2.294
 226  130      3.219     -7.663     -4.443
 213  146    -10.535     -3.599     -0.701
 184  200      1.376      8.133      4.092
 129   95      1.471     -8.703     -0.188
  62  212      5.592      6.437      4.070
 201  209    -11.811      2.084      2.474
 192  201    -11.276      9.416     -9.621
 220  176     -7.563     -0.188      1.579
  -1   -2     -2.339    -11.890      4.223
 218  216     -7.788     -7.322     -1.999
 182  233     -4.022      3.566      2.297
 208  206    -11.270     -2.100     -5.671
 107  185     -7.301    -11.162     -3.665
 156  172     -3.045      5.068     -4.352
 106  113     -1.810     -5.263      9.391
 188  156     -6.253      4.930     -5.136
 202  225      0.995      6.699      7.086
 105  131      0.979      7.741     -9.380
 198  217    -11.558    -10.779     -5.337
 217  226      9.836      4.967      4.004
   5   91      5.720      3.582      4.585
  -1  211    -10.543    -11.208     -0.017
 178  157      5.020      9.938      6.065
 179   66     -7.311      5.914      8.741
 185  234      4.899      3.506     -7.261
 222  210     -7.786    -10.784     -9.015
  -1   -2     11.574      3.166     -2.403
 233  110     10.779      5.998      2.859
  -1   -2     -2.674    -11.791      6.096
  -1  214     -8.528     11.763      4.423
 224  218     -3.631     -2.723      2.129
  -1   -2      9.286     12.045     -3.858
  -1   -2      8.883      6.216      3.606
 227  223    -11.315     -8.996      7.358
 229  224    -13.285    -10.173     -3.081
  -1  160      4.174     11.829      6.891
  -1   -2    -12.015     -0.495     -1.289
  -1   -2     -7.457     -9.300     -9.981
  -1   -2      9.359    -12.173     -1.309
  77  192      1.097     -3.374      2.592
 238  236     -1.060      6.948     -5.713
 235   -2    -12.417      0.969     -6.857
 171   -2     -9.255      4.383     -7.916
 237  219      4.888     -2.764      5.352
 243  239     -7.890     -3.447      5.219
 242  238    -12.379     -5.182      1.007
 194  197     -3.356      9.065     -8.325
 244  240     -3.579     -2.837      0.712
 236   -2    -10.633    -12.106     -0.853
 239  237    -11.435     12.258     -4.043
 246  241    -10.908     11.282      1.488
