219
  12   23     -6.520      2.506      3.667
  14   12     -5.590     -1.752      1.806
   8   26     -5.418     -5.375     -3.340
  85   84     -9.574    -10.151      6.033
  17   11      3.906     -1.305     -3.729
   2    2     -6.032     -2.881      5.417
   1    8     -4.835      1.026      3.698
  24   22      4.594      2.642     -2.310
  16    9      8.168    -11.137     -7.934
  45   24     -2.649      0.246     -7.931
  11   95      1.478     -9.307      6.957
  13   47      5.385     -7.306     -1.396
   0    3      7.025    -10.332      8.976
 115  168      3.837      3.077      9.053
  10   16     -1.944    -10.542     -6.891
  53   21      7.910      8.466      3.472
  33   56     -6.908     -1.694      2.671
  28   19     -7.688      3.439     -5.573
  32   37      8.465      6.401     -4.968
  77  135      7.986      4.683     -6.295
 120  103     -5.470      2.503     -0.294
  19   18      0.463     -6.590     -0.076
  31   13    -12.152     -2.384     -6.381
  15  127      1.867     -6.370      5.994
  27  100     -5.544    -11.734     -7.257
  37   20      9.690     -5.126     -2.252
   9   38      2.412     -0.779     -3.880
  -1   86     12.290     -8.559     -5.826
   5   36     -3.035     -1.062     -3.534
  48   33     -1.493     -1.613     -2.475
  73   29      1.566      4.632     -6.684
  18   98     -8.368      5.248     -8.963
  44  181      4.610     -6.570     -3.961
  65   80      0.804     -9.810     -3.828
  49  148      3.187      8.688      5.431
  39   73     -4.408     -6.320      3.520
  38   30     -9.136     -3.795     -0.775
  43   17     -9.712     -4.548      5.948
  92  105      6.937      7.657      3.291
  29   58    -10.955      5.573     -1.029
  96   53      3.777      8.668      7.960
 107  150      3.266     -9.537     -4.055
  41   60    -11.643     -4.078     -0.852
  78    7     -9.275     -0.987      0.050
  56   44    -10.062      4.814      5.680
 111  112     -7.671      0.467      3.246
  52   66    -11.472      3.471     -0.272
  61   39      2.899      2.003      0.319
  68   48     -4.758      3.859      2.205
  60   40    -11.237     -5.475     -1.624
  81   97     -0.505      6.382     -0.622
  58   50     -9.818      6.940     -8.368
 101   55     -1.385    -10.311      1.856
 182  143      5.223     -0.758     -2.102
  55   64     -3.678      9.363     -8.066
 108  102     -3.682      4.321     -9.080
  84   35    -10.077     -2.616      0.774
  36   41      9.815     -3.030      1.856
  69   63     -1.473      1.323      7.033
  72   51     -4.883      5.797      6.229
   3    0     -3.216     -6.925      9.486
  -1  172    -11.233      2.096      1.239
  35  113     -3.758      6.512      3.937
  51  138     -9.633     -1.737      1.028
  59   27    -10.175     -8.266     -2.783
  91  119     -3.871    -11.417     -8.629
  88  125     -3.884      5.970     -8.451
  -1   79     -0.177     -4.674     -9.511
  57   49     -6.070    -11.172      1.469
  -1  128     -3.677     -4.713     -0.399
  64    1     -4.258      0.714      0.889
 113   72     -0.218      8.962     -7.713
 148   32      3.420    -11.730     -5.347
  80   87      1.361      1.914     -9.912
  63   83     -2.810     -7.772     -3.430
 124   90     -2.555      1.728      3.937
  75  108     -8.943    -10.646      2.446
  47  163     -7.809      1.523      5.893
  34  111    -10.821     -0.471      1.875
  21   54      2.104      1.738      6.460
 207   -2      3.111    -11.892      2.017
 186  215     -7.205     -6.164     -6.062
 118  188     -7.796      1.156      8.364
  42   71      8.717     -0.033     -7.931
  23  134      8.070     -6.571     -8.854
 122   68      4.276      2.524     -5.670
  70   74    -12.057     -7.553     -5.869
 117   88      7.917     10.772     -3.761
 136   65     -6.844     -2.940     -2.809
  97   46      0.578     -3.104      1.443
  -1   -2    -10.409      0.839      4.319
  46   69      9.051     -7.235      2.645
   4  101     -6.473      7.095      8.756
  94  156     -1.176     -8.172     -5.994
  89  114     -7.587     10.061     -6.646
 167  167    -11.384     -8.887     -4.748
  93   81     -5.071      8.182     -8.818
 143  118      4.930     -8.344      5.752
 141   70     -7.250     -5.754      1.763
  50   43    -11.629     -8.534     -2.533
  20  124      4.538     -3.755      2.797
 109  120     -7.567      4.466      6.599
 150  174     -9.844     -1.515      4.266
 132   57     -7.494     -7.180      2.720
 147   77     -3.984     -9.773     -3.444
  79  133     -7.688      9.583     -3.000
 103   89     -0.697      5.386      1.923
  76  164     -2.621     -7.245     -3.327
 125  190     -1.799     -1.095     -7.987
 137  129     -6.865     10.891      3.117
  -1  121      0.390      0.014      0.312
 138  213     -1.001      8.564     -4.126
  -1   -2     -6.616     -4.100      1.625
 106  211      7.470      4.400      1.565
   6   -2    -12.333      0.845     -4.537
 173  180     -9.041      4.634     -8.641
 166   28      2.533     -9.567     -5.090
 112  122     -2.531     -9.917      2.019
  -1   -2     -4.457      4.940      7.214
 110  197     -3.264     -4.338     -7.278
  98   99     -0.000      4.656     -4.732
  67    5     11.663     -4.053      1.675
 162  178    -10.965     -9.090      3.354
 104   91     -4.000      9.961      4.233
 105  147      1.757     10.560     -4.429
 127  126    -12.076     11.312     -2.761
 154  116      3.787     11.336     -8.013
 128   -2     -8.841     -8.847      4.246
 119   93     -4.649      4.953     -4.675
 114  145      4.543      1.892      6.225
   7   15     -2.769     -9.251      1.497
 159   82     -4.193     11.609      7.858
  -1  132     -8.342      0.528     -4.508
 193  139     -6.258     -3.627      9.599
 121  110      4.160      6.062     -8.006
 102  155     -1.783      7.227     -5.003
 100   92      6.072     -5.728     -8.724
 211  144      1.258      8.492     -3.790
 212  149     -6.103      2.585      9.318
 178  158     -9.889     -3.608     -4.402
 142   61     -0.850     -6.912      7.669
 145   94    -11.150    -10.405     -8.077
  -1   85     -9.605     -6.364      0.549
 177  183     -9.516     11.450      2.794
  40   52    -11.639     -5.720     -3.840
 134   -2      3.267      4.475     -9.944
  66  130      3.667      3.796      6.582
  26   31      6.757      3.424     -3.332
  54  160     -5.689      0.972      8.987
 158  179     -1.302      5.776      6.909
 139  140      7.342     -8.315     -0.971
 155  117      1.448     -5.044     -4.742
 160  161     -0.131      7.512      3.731
  62  209     -1.893    -11.867      2.178
 153  151    -10.161     -3.145      3.482
  22   42     -6.870      6.717      0.355
  99  170     -7.117     -7.867     -0.170
  86   34      0.381     -9.258     -6.435
 170  153     -0.596     11.374     -7.676
 135  142      9.687      2.334      2.988
 123   14     -6.339     -4.038     -4.846
 161   78     -4.643     -9.301     -4.626
 168  136     -5.927     -7.296     -2.075
 196  152     -5.415     -4.217     -0.705
 171  177     -2.060      8.552      9.482
  90  210     -2.274      1.154      1.634
 165  195      9.279      4.004     -3.659
 210  131     -4.010      7.390     -2.791
 144  171      6.112     -0.001     -3.384
 129  137      2.792     -2.968      4.457
  74   -2     -0.370     -4.050      3.044
  82  141     -4.144     -2.722     -8.229
 156  162     -1.796      3.406     -7.185
 126  212      5.290     10.996     -1.095
  71   10      5.406     10.909     -5.042
 189   -2     -6.458     11.109      2.294
 185   45      0.647      6.839      7.646
  -1   -2     12.185     -1.185     -1.835
 183  104     -3.788      5.362     -2.569
 181  189      2.848     11.874     -5.134
 169  182    -10.017      9.582     -9.114
 179  107     -6.388      5.693     -6.393
 180  123      2.701     -9.294     -6.391
 164  166     -5.681     -0.482      6.556
 174   59      4.905     -6.247     -6.563
 176  196     -2.384     12.377     -7.674
  -1  146     -5.795      0.132      1.614
  25   62      9.196     -1.877     -7.552
 131   25      6.419      0.008      8.032
 190  187     -8.869      2.212     -6.151
 140   -2     -8.463      0.392      8.942
 191   -2    -11.885      5.369     -6.167
  -1   -2     -1.498     -4.215      0.676
 209  218      2.359      0.245     -7.253
 195   -2    -12.416      5.607     -3.556
 116    6      0.394     -2.549      2.352
 202  217      9.178      0.691      8.863
 206  169     -7.481     -7.179     -7.277
 198  216     11.410      9.034      4.396
  -1  203     -9.505      2.985      8.725
  -1   -2     12.515     -1.582      0.161
 213  159     -0.228     -6.088      5.472
  -1   -2     11.195      9.969      4.771
  30   -2     11.742    -12.077     -6.201
  -1  205    -13.074     10.966     -4.635
  -1   -2     11.806     -2.747      0.349
  87  193     -0.688     -3.761      7.552
 172  192     -8.530      1.077      3.040
 152  173     -7.213     -6.050     -2.229
 175   -2     -8.084     -8.828      3.747
 157  214     -6.802      6.341      8.909
 163  185      8.382      8.720     -9.075
 214   -2      3.510      6.701     -9.982
 197   -2    -11.975     -9.744      3.649
 216  219     11.344      3.979      6.883
 200  204     11.128      7.604      8.566
 201   75     12.231     -4.567     -0.402
 215  175      4.938     -0.733      8.067
 217  220     -9.498    -12.469     -9.231
