211
   9    3     -7.274     -4.482      2.846
 114   79     -6.788      5.527      5.834
 136   67    -10.214     -2.322     -3.296
  60   23     -1.231     -4.138      3.224
  44   30    -11.600     -1.285      0.442
  38   28      2.749     -3.038      1.536
 147  125      6.037      7.945      9.570
  77    8      6.265     -2.695     -9.564
 110   11     -5.709     -4.867     -8.790
  32   34     -3.338      3.891      3.928
  11   26      9.051    -10.958     -5.340
  33    6      3.363      2.608      1.096
  59    4     -9.280    -11.713     -8.358
  40   38      4.144    -10.643     -7.377
   7    9      3.181     -3.642     -2.108
  17    5    -11.219      6.344     -7.560
 134   17    -11.744     -9.286      0.074
  26   95     -4.922      9.031      3.789
  12   35     -9.440     -5.093     -9.713
  20   40      1.595     -9.500     -0.244
  25   16     -0.152     -9.825     -1.323
  10    0     -5.846     -6.661      4.471
  -1   -2      8.511      8.245     -9.786
   4   96      3.877      1.062     -8.492
  37   41      9.457     -9.280     -2.092
  68   82     -3.060     10.349      3.587
   6   13     -3.696      1.759      1.469
  -1   -2      5.339     11.193      0.157
  42   55     -2.190     -1.361      6.572
   5   21      7.970     -6.085     -9.173
  88   33     -8.988     -6.279     -9.518
  96    2      2.337     -1.735      3.689
  14   25     -9.975     -1.278     -1.319
  -1   -2      8.440      7.430     -0.251
  21   20     -9.359     -2.128     -2.763
  47   29      3.408     -6.345      7.046
  18   45     -6.390      6.443     -1.870
 166   89      2.573      6.282     -9.495
  -1   -2      8.934      9.156     -0.408
  13   18    -10.001     -0.428     -7.831
  31   83    -10.243      3.639     -7.825
  -1   42     11.131     -9.213     -0.565
  43   12      4.237     -5.807      8.038
  -1   -2      7.915      7.737     -3.968
  74   59      1.865     -3.402      6.157
 108  197      9.522      7.373      6.888
   2   32      4.166     -4.737      8.575
  -1   -2     11.725     -7.011     -0.539
  15   48     -8.923      2.085      7.478
 113   44      7.160     -7.276     -1.318
 100   19     -7.964     -8.166     -8.300
  35  121     -9.613     -4.131     -8.754
  19    1    -11.555     -4.185     -2.060
  69   53      2.690     -5.789     -0.062
 121  199     -1.547     -2.292      5.137
  55   22     10.277    -10.299      4.218
 127  102     -2.758     -9.604      0.778
  66  116     -6.496      4.310      8.731
  22   49      0.707      0.884     -7.695
  46   15      7.420      6.388     -3.394
  23  148      9.452      3.064      0.017
 144  127     -4.810     -9.701      8.813
  -1   -2      3.404      4.019      1.734
  80   24     -3.555    -10.456     -2.104
  -1   78      6.843      4.270     -4.279
  41   37      3.310     -1.838      9.980
 112  100      4.030     -8.854     -0.957
   3   70     -4.841     -7.012     -6.322
 103   57     -5.592     -1.268      0.999
  50   52     -0.586     -0.707      9.114
  63  105     -4.675     -4.128      0.333
  27   39    -10.930      8.615     -2.775
 109  151      0.563     -5.256     -0.895
  -1   -2     -4.064    -12.124     -9.865
 126  201      1.093     10.317      8.812
 117  117      7.186      4.376      2.454
 161   64     -8.167     -9.759     -5.147
   8   14      8.737      4.561     -3.639
  87   27     -4.692      2.786      9.797
  30   80      2.130     -0.398      5.401
   0   56      6.352     -0.744      2.650
  84    7      4.500      5.027      0.217
  28   10     -6.870    -10.688      5.139
  89  168     -6.783    -11.790     -8.470
  67   68     -3.541      6.977      6.084
  57   94     -6.632     -7.016     -0.624
  36   58     -7.686      7.670      4.380
  78   46      8.317     -6.455      2.262
  48   62     -7.335     10.410     -0.282
 143  104     -8.676     -4.294      1.828
 118   75     -8.034     10.831     -2.934
  72   50     -1.967     -9.670     -2.255
  54   65      1.937      4.990     -9.225
  -1   -2      8.597      8.514      6.532
 186  206      4.637      9.108      5.306
 183  153     -9.957      4.370     -1.187
  61   71     -0.311      0.149      4.445
  -1   -2     11.475      5.490      2.631
 206  120     -5.662     -4.478      9.683
  16   36      2.879     -8.289     -8.574
  98   60     -6.869     -8.246      5.317
 171   92     -0.468      5.855      0.093
 149  109      1.834     -9.973      4.976
 104   74     -4.713    -11.509     -0.973
  85  157     -4.246      9.713     -9.450
 162  136     -5.358     -6.872      4.729
 129   51      6.822     -4.582     -6.035
  79   85     -4.658      7.342      0.033
 163  123     -3.669     -2.622     -1.756
  -1   -2      6.663     10.668     -6.330
 157  141     -7.075      8.342     -7.272
 164  108     -0.424      6.851      7.646
  92  147     -1.544      5.060     -2.232
  95   -2      0.229      7.900     -2.212
  71  124      5.794     -8.174     -6.098
 150  159     -7.378      8.815      8.711
  83   97     -8.081      1.127     -6.372
  90  143      4.899      6.713     -4.035
 189   47      9.405     -2.754     -2.986
  62   -2     -0.514      7.886     -6.178
 131  118      3.514    -11.921     -5.801
 141   88     -5.156      5.385      3.863
  64  176     -9.459    -10.169     -9.535
  52  138     -8.621      3.217     -5.118
 105   81     -1.853     -5.296     -7.897
 122  114     -1.195      8.589      6.337
  70  134     -0.179     -4.673     -4.269
 159  170      1.817     -3.762      4.075
  -1   -2      8.125      9.869      4.383
 139  142     -1.556     -2.910     -5.336
 135   91    -11.277      3.287     -8.891
 165  163     -0.858     -2.150      5.763
  24  195      1.188      9.802      5.294
  -1   -2      6.419     11.933     -5.088
 111  137     -6.721     -7.866     -0.792
 155  131      2.653      9.404      5.792
 128  135      1.081      4.150     -4.541
 124   69      0.956     -8.416      0.160
  34   72     -3.371    -11.391      9.104
 145   84      6.275     -3.148      2.392
 125  200     -3.586     -4.299     -8.871
 133  111      2.477     -6.188      1.276
 148  101      0.920      6.109      1.504
 106   87     -7.222      2.771     -5.618
 167  158     -0.840     -1.857      3.226
  76   99      2.796     -8.789     -8.378
 107  129      3.207     10.900     -3.041
  -1   -2      0.834      3.897      7.904
  -1   -2      6.554      8.773     -1.385
  -1   -2     10.859     -0.504      4.211
 153   77      1.112      8.043     -5.891
 115   -2      7.939    -11.702      2.654
  94  171    -10.919     -0.918     -5.673
 137  132     -4.961     -0.090     -4.269
 168  128     -8.051     -8.977      7.205
 181  122    -11.169    -10.550     -8.593
  -1   -2      6.160     11.728     -3.857
 146  172      5.466      0.178      5.662
  -1   -2      9.798     10.634     -0.050
 152   73      7.304     -2.813     -2.788
 123  180     -3.114      5.385     -8.222
 119  119      6.833     -1.020     -5.624
  -1   -2      7.391     11.198     -6.413
 138  144     -0.527      9.364      1.773
 179  106     -5.955      6.949     -8.609
  58  160     -5.772     -8.903      7.291
  93  146    -11.477      9.351     -3.752
 154   98      2.718      5.939     -6.488
 169  165     -1.907      1.281     -7.333
 130  179      6.976     -8.106      6.698
 187  181      7.138     -5.088      8.785
 116  198      7.737     10.256     -1.931
  82  196      6.039     -7.706     -1.343
 174  174      3.971     -1.521      3.206
 175  140      0.995    -11.207      7.109
 173  113      3.609      7.276      6.627
  -1  150     -0.426     11.358      8.896
  53  161     -2.188      5.551     -0.977
  -1  191     -1.941      6.113     -6.711
 195  115     10.653     -7.174     -8.275
  97  173     -6.087     -9.561     -4.591
  -1  177      2.165      7.724     -5.152
 156  162     -4.876      0.709      2.837
 185  205      4.543     -4.086      6.074
  81   54    -10.296      2.431     -3.810
 178  149      6.237     -1.351     -2.583
 199  210      2.348    -10.383     -9.537
  -1   -2    -11.819      2.813     -2.535
  -1   -2     10.032      4.863     -8.587
 120  145     -1.754     -7.673      1.302
 140  202     10.065     10.270     -6.312
 188  167     -7.789     -7.437     -9.117
 200  152     -4.138      2.158      9.466
 202  103      9.753      4.028      3.277
 204   -2     -4.727      6.455     -9.724
 102   -2      2.276    -12.066      0.982
 196  207     -8.507      4.321      2.107
 184  166     -8.361      0.652     -5.112
 151  175      7.266      3.006      5.400
  73  139      9.332      7.637     -5.744
 177  204    -11.356    -10.778      3.665
 170  203     -1.783     -2.540     -5.433
 208  184     -3.017     -5.293     -9.138
 198  209    -11.509      1.018      3.801
 197  208      6.668    -12.196     -6.780
 203   -2      6.369     -1.176     -9.624
 201  211    -12.409     -6.218     -3.551
 207  213    -10.655      4.422     -2.392
 205  212      2.826     -8.679      2.016
 209   -2    -11.893     -7.557      4.295
 210   -2     -9.863      5.105      7.954
