218
  18   15      4.884     -3.492     -2.695
  16    0     -8.896     -0.643     -0.134
  32   13      8.237     -1.994      3.563
   5    1      6.323     -8.690      7.341
  34  156     -6.664    -11.541      3.517
   1    2     -5.253     -1.038      3.204
   6    3      3.654      1.776      3.515
  13    4      1.038     -8.549     -3.834
  10   45      8.139     -5.100     -7.119
   8    5     -4.332     -3.169      4.023
  33   14    -11.703     -7.628     -7.836
  11   10      4.276    -11.158     -7.165
  29   22     -0.147     -5.580     -5.517
  40   28      6.940     -4.722     -7.319
  36   21      1.557     -4.412      1.468
   7   -2      0.762      1.043     -9.897
  12   11      9.038     -4.219      0.489
  28  107    -10.189     -1.022      0.889
  25   32      4.495     -2.225      2.028
  17   96      0.907      1.740      6.348
   9    9     -1.220    -11.383     -8.954
 178   40     -4.915     -2.781      9.254
  -1   34      8.594     11.269      2.203
 147   35      0.082    -10.833      6.879
  44  148      4.631      5.748      2.889
  70   66     -7.304     -8.148     -5.772
  80   71     -4.009     -8.726      8.527
  15   -2      2.685    -10.898     -7.883
  83   90      6.223     -2.546     -3.368
  67   30      4.003      6.118      5.337
  20   50      0.965    -10.124     -6.754
  71   59     -3.716     -3.164     -5.757
  30   31     -6.865     -8.491      3.785
  22   17      3.524      0.998      4.542
  75   26     -7.713     -7.465      5.673
  -1   23    -10.169      2.038     -2.723
  48   44     -6.403     -6.396     -0.782
  66   27    -11.319    -10.353     -2.402
 133   -2      1.071      5.092     -9.812
  81   67      3.823      7.647      6.975
  38   85      7.705     -9.166     -4.843
  26   68     -1.284     -7.602     -0.170
  52   18      0.111     -7.406      9.923
  35   73      3.787      6.945     -2.460
  45   54    -10.172      6.882      5.398
  31   37     -6.725     -1.325     -9.254
  56   60      6.057      4.730     -6.077
  37   64     -7.840      3.490      8.285
  42   63      5.426     -6.059     -8.741
 125  143      0.642     -6.785      4.729
  51   56     -1.947      8.704     -1.729
  27   33      1.476      7.286     -0.689
  90   19     -6.032     -4.435     -6.961
  60  105     -4.008      6.720      9.547
 123   55     -6.477      1.494     -9.023
  23   98     -9.831     -2.392     -2.585
 112  117      5.908    -10.666      1.186
  59   91     -5.356    -10.393      3.322
 104   58      2.647      9.403     -4.974
  91  115     -5.198    -11.321     -7.302
 169  170      2.983      3.328      7.641
  68   29     -3.036      2.877      3.793
  95   49      6.004      0.538     -0.467
  84   89    -11.586     -6.232     -5.058
  89   25      1.481      4.098      8.823
  46   -2     -3.042     -8.617      7.494
  87  106     -0.287     -6.035     -5.572
 100   42     -4.063      8.150      7.602
  73   82     -1.617      0.686     -0.962
  78   46     -2.816      0.160      2.034
 167  120      3.517     -5.381     -1.087
  72   57     10.365      9.739     -1.485
  19  113     -7.094      2.894     -2.858
 103   80     -2.227      2.855     -4.451
  54   61    -11.338      5.634     -6.551
  55   12     -9.386      3.396      3.612
   4  112     -8.883     -1.968     -1.536
   3   77     -3.627     -9.323      7.532
  47   16     -8.219    -11.090     -7.350
  62   38      7.187      5.336     -0.721
  69   79     12.100     -0.818     -4.903
 107  101     -3.339    -11.389      3.985
  77   97    -12.158      2.210     -2.394
 164   24      8.122      2.462      3.283
  14  204      6.648      0.789      3.165
  98   51    -10.525     -7.154      2.673
  61   62     10.570     -8.919     -5.933
  24   39     -5.944     -5.738      4.196
 144  167     -4.712    -11.227      6.629
 130  129     -8.513      1.560     -4.952
 165  168     -4.382    -10.616     -3.130
 105    7    -10.836     -0.436     -5.816
  53   86     -8.613      6.123      8.685
  85  123      3.559      4.945      9.495
 128   87      9.163      2.759     -6.109
  82   43     -6.834      7.549      3.992
  99   -2      9.413      5.381     -8.276
 113  119     -1.050     -3.178      2.141
 118  125      0.193     -2.387     -9.576
  64   99      1.594      5.786      6.860
 127  207     -5.688      6.799     -5.122
   2   -2    -10.230      2.079     -8.135
 174   92     -6.312      8.709     -2.545
  74  160      5.853      1.318     -5.969
  79  118      0.812      3.573      8.265
 155  208     -3.151    -11.667      4.295
 162  166      6.145      2.084     -9.200
  -1   69      3.994     11.057      7.610
 109   70      1.709     -2.744      1.993
 102   94      8.554      7.876      0.938
  93  102     -1.461      5.070     -1.505
 212  104      4.112     -6.080      5.513
 111  111     -1.989      4.739      6.414
 101   88      4.719      3.719     -3.095
 132    6    -10.733     -4.225     -2.315
  76  206     -0.123    -11.562      9.030
 122  131     -1.793      0.971     -1.041
 170   81      2.669      6.690     -5.948
 119   75     -9.763      4.042     -1.231
 129   -2     -0.344      3.246     -9.846
  -1  141     -3.828     -3.167      4.255
 143  124      4.129     -1.118      4.777
 173  145     -3.389     11.062     -2.863
 134  122      4.459     11.204     -6.557
 108   -2      6.236      2.755     -9.813
 153  128      4.949     -6.532      5.689
  97   76     10.742      5.276      3.228
 145  158     -9.420      4.827      1.923
 139  134     -8.478      0.554     -3.658
 149  157     -0.829      6.691      4.970
  57  153      3.624     10.755     -7.893
 114  133     -2.904     -0.625     -9.785
  -1   -2      1.719     -0.008     -6.949
 151  179     -2.396      4.692     -5.528
 126  108      4.302     -2.934     -8.809
  -1   -2      4.164     -9.214     -8.357
 124   93      2.439     10.113      7.792
 158  149     -5.068     -7.615      7.946
 117  100      2.139    -11.211     -4.134
  92  138      8.623     -2.961     -1.820
 142  121    -10.625    -10.523      4.249
  -1  146    -10.696     -4.295      4.105
 106  196     -2.142     10.252      6.385
 121  126     -3.214     10.626      2.195
  63   95      8.237     -9.879      5.971
 146  198     -4.238      2.590     -0.925
  -1  161    -11.901      8.263     -6.614
 160  171     11.224     -0.237     -5.256
 120  184      0.746    -10.204     -4.056
 172  132     -2.022    -11.497      3.684
 131   -2     -0.792     -1.131     -9.975
 154  127    -10.916      8.640     -2.280
  49  109     -5.400    -11.739     -7.650
  -1  169    -10.913    -10.500      1.121
 210  214      1.857     -2.487     -5.039
 150  130      3.014     -2.316     -3.815
 161    8     -4.334     -2.130     -8.095
 171  181      2.534     -4.490      6.583
 166  154    -11.807     -8.666      2.346
 138   84      3.700     -7.890      8.750
  65   47      4.281      1.821     -2.525
  -1   65     -0.222     11.843      6.779
  88  150     -5.710      7.506     -3.433
 175  135     -4.758     10.266      6.599
 157  116     -3.478     -7.512      0.695
 110  165     -2.914     -9.045     -1.959
  58   -2     -3.140    -11.878     -8.662
 137  103     -4.989     -6.034      6.079
 189  140     10.597      8.733      5.097
 211  110     -4.567      7.445     -3.860
 181  187     -5.015     -1.567     -7.285
  -1  152     -9.686      8.316     -1.178
  41   -2      6.195    -10.280      2.965
 140  137      3.254     -2.899      6.366
 182   48     -8.833     -7.927     -6.966
  96  177     -6.849     -1.661      2.145
 163  142      4.023     -7.782      8.995
  -1   -2    -12.015      6.991     -0.621
 141   72      3.738    -10.326     -2.787
 115  172     -2.163      2.319     -6.339
  -1   -2      3.194      6.653     -5.410
  -1   -2      9.304     -9.659      4.354
 168  147     -8.498    -11.428      4.778
  -1   -2     11.616      2.722     -3.191
  -1   -2     -7.741      2.864      1.124
 177  163      5.722     -8.751      6.693
 186  175      5.285      8.513      5.737
 156  186      2.302     -6.845      3.792
  -1  162     -6.279      7.383     -7.971
  -1   -2     11.129     -6.976     -0.358
  -1   -2     11.274      1.206     -0.566
  -1   -2      9.857     -0.147     -7.614
  -1   -2      0.536     -0.022     -3.038
  -1   -2      9.352      6.141      4.993
  -1   -2      0.569    -10.814     -6.483
  -1   -2     -7.921    -11.200      6.487
  -1   -2      8.087      6.377      1.018
 185  189    -11.004     -7.938      3.951
 188  192    -12.687      1.173     -3.953
  -1   -2     -6.202      1.183     -6.702
 197  136      7.422     12.381     -8.464
  -1   -2      9.518     11.363      8.921
 193  209    -12.611     10.226      0.550
  -1   -2     10.831      0.947      5.988
 136  151      7.387     10.490      4.700
 195  210    -13.589     -3.442     -2.212
 216  176     10.856     -5.325      1.386
 200  200    -11.577     -1.534      0.740
  -1   -2     -9.360     11.939     -1.141
 198  212     -7.538     -7.074     -9.122
  -1   -2     12.360    -11.587     -1.685
 202  202    -11.379     -3.656      3.074
  21  205     12.528     -4.933     -4.405
 205  213     -6.473     -7.837     -1.720
 207  139     -2.086      2.027      1.131
 196  211    -12.852     -1.753     -2.531
 218   52      1.952      1.594      2.462
 219   -2      0.611    -10.114     -7.641
