242
  23    9      9.225     -1.422      6.627
  -1   10     11.065     -0.629     -7.453
   8    1    -10.921      2.419     -3.507
  25    6     -7.363     -8.339     -9.020
   9   25      3.818      6.319      0.853
  -1   20      0.571     -8.029     -9.945
   6   15     -5.180     10.389     -7.478
  38   35     -9.734     -2.148     -0.628
   4   40      2.755     -3.727      5.082
  46   57     -0.306     -4.677      4.961
   7    4     -8.512      3.800      3.483
 176   42     11.727      4.154     -6.776
  34   83      8.436      4.774      4.536
  43   32      2.225     -7.533     -7.165
  47   55    -11.386      7.327      0.629
  27   21     -3.124     -4.341     -4.831
  80   48      6.594      5.462      6.693
  13   24      0.422    -11.460     -7.900
  40   18      7.346     -3.292     -2.437
  81   64    -10.564     10.482     -1.649
 163   44      2.264      6.126      2.873
  39    0      8.876     -1.020     -6.812
 139  148      3.682     -0.355     -7.279
  78   89      5.673     -9.267     -2.091
  19   96      2.754      4.816      7.115
   0   33    -10.807     -5.294     -4.337
   2    5      3.872     -4.815      0.360
  57   23     -9.889     -8.611     -0.801
 128   16      1.605    -10.477      7.814
  85   87     -6.909     -1.350      5.259
  88   68      5.923     -5.634      1.365
  51   52     -1.565    -10.773     -7.246
 152   99     -3.245     -2.584     -8.296
  30   38     -5.075     -3.843      3.234
  17   13     -7.096     -0.742      0.257
  28  119     -5.201     -1.030      0.088
  52  140     -5.463     -9.983      9.687
  98   85     -5.615      9.556      1.042
  67   30      2.466      7.334      5.464
 146   97    -11.920      2.161     -6.727
  79  170      1.871      8.249     -7.762
  42   37      4.010      7.536     -0.012
  76    2      1.148     -7.837      0.116
  68  222      9.382      1.760      6.209
  63    3      7.470     -4.790      5.376
  18   14     -9.171     -5.457     -6.331
 100   36    -10.591     -0.686     -5.335
  31   65     -5.202      8.148     -7.870
 141  129     -6.247      2.964     -1.158
  12   11     -9.447     -3.571     -2.063
  59  128     -4.839    -10.677     -8.385
  -1  126      9.670      5.656      6.391
 147  201      2.133      8.886      5.437
  53   -2      1.032     -3.098     -6.332
  26   17     -2.338      7.829      4.029
 126   19     -1.296    -10.493      9.499
  77   67      2.073      1.384      0.893
 125   50      0.047     -6.159      2.632
  55   49      6.897      3.013      9.677
  35   31      7.264     -8.744     -0.834
  44  114     -4.750     -2.598     -3.523
  66  146      0.564     -9.342      8.637
   3   74      4.737      6.748      5.460
 123   41     -5.923      6.761      8.192
  49   34     -8.734     -6.339     -2.619
  89  100     -4.431     -1.111      8.644
  62   73      8.148      1.226     -1.102
  11  167     -2.892     -9.263      4.145
  91   26     -5.741     -8.223     -3.505
  75   51     -6.470      4.475      5.807
  15   53     -3.578     -5.538     -6.973
  94   94     -6.604     -5.611     -1.994
  14   39     10.673      2.305     -2.688
  20   69     10.696     -4.661      2.358
  60   62     -5.774      0.067     -1.209
 151   59      2.677     -6.215     -2.531
 145  112      5.632      6.100     -7.783
 144  111     -4.225      9.199      5.350
  95  134     -9.326    -10.665     -6.451
 119  130     -4.508      6.480     -3.194
  65    8      9.334      0.885     -9.766
  48  221      1.032     -2.581      5.212
 150   -2      1.750      8.070      9.996
 219  109      0.559      3.740      3.939
  50   12     -8.972     -3.951     -4.023
 140   84      1.499      5.311      2.264
  58   54      0.879      1.598     -7.267
  92  135     -1.392     -4.796      4.746
  90   82      3.353     -6.396     -9.960
 122   22      7.811     -5.944     -9.901
 113   93     -3.673     -1.948      4.581
  -1   -2     -3.433      5.085      6.100
 117   46      4.275      8.519      1.742
  54  205     -9.910      7.059     -7.569
 105  110      9.365     -9.727      5.086
 164   -2      7.862      5.794     -9.955
  72   92      9.490      2.448     -3.836
  87   61     -0.400      9.997     -9.201
 130  155     -2.010      3.519     -5.006
  69  150     -4.441      4.497      1.664
 136  186    -10.806      5.630     -5.105
 118  202    -11.652     -6.973      2.300
 171  149     -3.353      0.646     -6.326
  22  181      1.046    -11.518      4.305
  -1   -2      3.482     -5.065      4.837
 112   45     -5.580      3.887      2.582
 131   75      3.558     -8.190      2.980
 102   58     -5.716      7.366      1.500
  -1   91      8.307     11.301     -4.134
 127  192      1.926     10.934     -5.045
  -1   -2     -4.173    -10.038      9.805
  71   71      1.850     -7.734     -4.425
  -1  138     11.742      6.600      1.769
  24  198     -5.322      5.484     -1.792
  -1  165      9.887      6.842     -8.082
 160  200     10.294     -8.186     -2.788
 109   -2     11.298      1.821      0.914
  -1   -2     -2.461      2.637      2.775
 104   79     -6.535    -11.400      4.439
  10  220     -3.651      4.621     -7.067
  -1  164      7.709      9.345      2.503
  84   60      7.446    -10.755     -1.759
  29  104      7.199     -3.659     -9.611
 165  190     11.236     -1.011     -2.025
 101  162    -11.837     -3.773      0.951
 225  168     -5.888     -4.035      4.240
 155  106     -9.244     -6.828     -8.743
 194  151      6.646      7.538      9.412
 205   43     -5.237     -8.069      4.840
  37  113     -0.160     11.049     -4.307
 180  169      6.816     -8.890     -8.171
 108   28     10.601      4.325      1.869
 121  139      4.440     -0.465      1.231
 173   77     -2.107      2.789     -1.342
  56   47      5.250      3.521      2.312
  45   95     -1.257     -2.274      9.533
 169  102      7.217     -4.330     -1.922
  -1  179     -5.071      2.913      6.182
 114   63     -7.100     -2.015      1.462
  86  178      8.567     -1.551     -6.095
 143  145    -10.743    -10.569     -5.715
 103  132      5.258      5.817     -8.078
 202  215      2.902      4.005      9.137
 138  147      2.608      2.501     -1.007
  -1   -2      6.849      8.151     -9.920
 134  137      5.108     11.185     -2.279
  96   90     -0.910      2.542      6.152
  21  105     11.987     -7.201     -2.918
 201  159      4.467     10.343     -6.502
  82   70      1.779     -3.770     -3.296
 192   -2      8.717    -11.103      7.044
 168  141      9.904      3.941      2.043
 116   98     -3.879      3.910      7.383
 177  206      9.314     -1.833      2.418
  74  118      1.102      9.087     -4.819
 149  193      0.584     -3.739      6.210
 204  103     -1.277     -4.095     -7.514
 227   -2      0.618      7.655      2.370
 175  117     -8.093     -6.936     -4.335
 137  116     -8.539     -1.598     -3.977
 156  136     -6.077      6.288      7.757
  64  101      7.697      7.575     -5.415
 158  166    -11.936      5.939     -6.771
  -1   -2     -2.145      7.505      1.591
 183  142    -10.312      3.337      2.547
 208  185     -8.428      5.296     -7.204
 129  176     10.582     10.677     -8.095
 187  211     11.872     -9.094      0.372
  -1  208      6.585      9.673     -4.511
 154  124     -4.188     -9.204     -4.008
 153  187     -9.522     -6.183      2.318
  16   29      3.562     -3.641     -3.012
  -1   86     11.619      7.838     -2.165
  93   -2     -0.806     -2.657      4.113
 193  213      0.899      4.504      7.696
  -1   -2      5.076      1.115     -8.086
 161  127      8.928      5.593      5.950
 181  183     -7.406     -9.278      9.479
 191  203    -10.992      6.450     -9.037
 220  184      1.547      1.804      0.227
 196   76     -9.541     -9.204     -8.382
 185  163     -6.497      4.281     -8.865
 148  161      1.557      7.020      3.380
 120  174      0.725     -9.857      3.653
  73  189      3.622      1.706      1.442
 124  217     -3.386      4.700      9.048
  -1   -2      5.475     -1.090     -1.060
 188  188      8.272     -5.463     -9.118
  61  156      1.945    -10.866      3.316
 229  180      9.169      6.605     -6.841
 189  122      1.517     -8.226      1.262
 198  191     -7.283      0.516      1.716
  -1   -2      8.079     -6.568      4.221
 174  197      6.739      8.497      5.196
 223  177     -3.151      9.219     -7.624
  41   27      5.093      3.925     -5.003
 106  224      0.615    -12.234     -8.854
 186  228      1.676     10.775     -8.718
 162  227     -2.680     -9.678     -4.621
  70  223     -1.574      0.961     -8.285
 157  175     -9.548    -10.239     -0.439
  -1  172      7.105     11.872     -7.908
 179   88     -9.009      8.944     -5.814
 200  229      6.925     -6.915     -0.997
 228  214      3.300     -4.137      7.672
 199  107      3.424      9.150      5.840
  97  195      2.580      4.419     -2.457
 214  231      6.138      7.081      9.255
  -1   -2     -4.332      5.862     -8.612
 178  131      0.853      9.553     -8.897
 212  219    -10.637      1.690      3.087
   5  182      4.218     -9.862      2.287
 222    7     -3.195      8.356      7.271
  83   -2      8.761     -2.218      8.810
 207  230    -10.019    -12.308     -7.512
 213   66     -5.775      7.576     -8.371
 166   -2      2.804    -12.408     -5.662
 115  160      3.551     -3.605      4.495
  33   -2      5.902    -12.380     -9.314
 182  210     10.557      8.754     -3.027
 195  120     -4.673      7.386      2.340
 135  154      2.895      2.794     -1.243
 226  234     -2.565    -10.944     -2.020
 142  226     10.797     -7.135     -8.872
 184  123     11.822      5.715     -6.215
 216  173      6.279     -0.951      1.151
 211  143      3.522      3.494     -2.376
 110   -2      0.274      4.468      3.064
 218  216    -10.873      9.907     -9.526
 224  196     -0.258      4.532      0.770
 230  235      8.918     -9.109      9.227
 221  233      4.524     -7.745      9.534
 233  237     -2.480     -8.530      7.279
 232  194     -0.715     -2.624     -1.678
 215  232     -2.639     -0.942     -6.320
 231  236     -4.031     -9.247     -2.780
 167  171     -1.613      2.515      1.677
 236  153      4.423      5.948     -1.676
 234  199      7.976    -11.084      8.508
 111  225     -0.909      7.302      6.534
 235  108     -7.626      5.731     -7.375
 237  238     -9.846      5.902     -1.999
