263
  19  104      7.188     -5.376     -9.867
  25   31     -3.354     -4.968     -4.876
  36   72     -7.312     -1.392      0.141
  39    4     -4.941    -11.515     -8.358
   4  169     -1.407     -4.334      3.872
  83    9     -5.388     -1.922     -0.120
 127  111    -12.062      1.707     -6.751
   1    1      1.407     -0.898      0.702
 212  152     -6.557      8.527      0.685
  10    0     -7.446     -9.170     -9.007
 219  212    -11.056      9.655     -9.585
   3   30     -1.359     -3.259      9.498
  49   35     -3.896     -6.158     -6.964
  37   39     -9.093      3.208      3.521
  46   18     -5.273     -8.782      5.105
  90   26      3.573     -5.001     -3.504
 121   88     -1.673     -6.178      4.639
  13   11    -11.155      1.930     -3.611
  16    5     -3.331      0.072     -6.525
  42   54      9.939     -0.588     -2.457
 178    6     11.233     -2.069     -8.276
  14   19      7.058     -9.373     -1.640
  15   21      8.493     -4.751      2.306
  21    7      7.390     -5.257     -2.965
  35   61      2.058      2.899     -2.646
  95   13      1.871     -8.386     -6.846
  17   16      3.101     -7.342      4.653
  67   20     -3.524     11.290      8.825
  92   78      9.642      1.402      1.933
  29   84      2.289     -5.928      4.897
 103   49     -4.236      3.771      6.151
  54   69      9.098      4.069      5.834
  79   63      1.035     -0.239      0.071
 142  237     -3.916      4.109     -7.421
  26   80     -7.131      3.729      6.061
 100   99     -7.142     -2.081      5.240
 110   64     10.441     -1.155      1.043
   6   50     -1.765    -11.779     -7.132
  53   42     -2.377      1.560     -1.725
  43   15      4.087      1.290      2.536
  45   22     -6.123     -9.118     -3.593
  65   25      5.507      3.206      6.618
  47   46     -9.931     -2.686     -0.661
  23   12     -3.574     -0.648     -0.266
  51  194    -10.084     -9.315     -0.883
  22   17      2.470      4.411      1.119
  59   94     -0.640     -6.240      4.803
  31   98      7.245     -1.626     -0.996
   8   58      7.450      2.292      4.553
  28   57      1.209      5.768      5.108
  41   -2     -1.183    -11.538      9.832
  99   59     -0.445      1.706      3.760
  64   92      0.952      1.008     -7.503
 184  162    -10.370      5.535     -2.232
  62   37      6.954      8.767     -4.845
 217    3     -0.799     -4.067     -2.160
  52   44    -10.991     -5.829     -4.247
 182  136      2.424      2.901      8.888
 174  113     -1.539      0.973      6.171
   2  142      1.710     -9.019     -4.361
  32  217      0.938      4.424      2.787
  38   -2     -5.963     -4.834      4.577
  56  174      6.840      5.889     -5.915
   5   70     -1.750      6.520      8.910
 136   87     11.391      2.254     -7.506
  11  134      1.880      3.173      6.689
  66   38     -4.793     -3.224     -3.562
  61   24      2.563      5.553      0.328
   9   65     -9.613     -4.078     -2.054
  48   52     -5.338     10.231     -7.752
 194  179     -3.810      4.089      9.101
  24   48      3.502      4.917      5.311
  30   77    -11.928      7.043      0.532
  12  218      3.487     -7.263     -0.323
 125  132      2.055      7.685      5.879
  44   27     -8.959     -6.915     -2.522
  76   56     -5.311      8.043      5.042
 134   79    -10.116      6.754     -7.697
 133  183      2.663     -0.790      1.416
 148   -2     -5.496    -10.757      9.955
 170  122     -7.451     -9.941      9.636
 109   85    -12.137      5.627     -6.868
 222  151      8.521      5.013     -7.687
  70   91      2.838      6.858      1.902
  84   86     -1.222      7.334     -6.843
 192   74     10.089      7.925      3.956
  87  126      2.525     -7.941     -2.823
  33   67     -6.335      2.803      2.436
  63  185      2.977     -6.089      4.252
  72   10      0.524     -4.491      5.056
  -1  109    -10.773     -1.214     -5.386
  81   40      8.938      8.695     -2.806
  82   68     -3.637      6.252      3.844
  73   73     -0.151     11.634     -2.055
  55  117      7.517    -11.173     -1.402
  74   29     -6.031      4.613     -2.306
 111   43     -0.805      2.517      2.915
 154  108      4.718      6.890     -0.681
  34   14      6.365    -10.426     -7.910
  -1   76      5.199     11.645      1.604
 119   36     -0.484     -8.017      2.285
  88  116      3.139     10.521     -4.027
 115    2     11.351      4.192     -3.212
 201   93     -8.639     -2.172     -3.987
 108   89     11.133     10.261     -7.171
 249  103     10.440      4.384     -2.656
  18  130     -0.042     -9.022     -9.527
  40   90      9.180     -2.363     -7.603
 104  123     -2.940    -10.355      4.515
 107  141      1.621      7.789     -8.241
 105   33     -3.967     -3.036      4.474
  93   62     -1.955      5.843      6.173
 116  138      0.177      5.499      3.244
 173   47      7.245     -6.447     -2.400
  69  129     -7.934      5.340     -7.626
 118  118     -6.037      7.241     -8.605
  68  124    -11.137     10.304     -1.868
 156  143     -0.585     10.936      1.565
 130  105      7.971     -7.215     -9.193
  78   81     -5.953     -0.620     -1.428
 215   83     -5.719      1.940      6.419
 187  182     -0.789      6.165      2.409
 189  173      6.277      6.979      2.199
 225  144     -6.765      3.716     -9.058
 106   53      6.425      1.110      9.735
   7   66     -1.613      0.392     -8.465
 223  216     -4.679    -10.350     -3.942
  50  219     -5.425      7.845     -8.127
 137  137     -0.969     10.188     -4.428
 120  153     -6.683      6.238      1.207
 141  228      1.731     -4.914     -3.660
  80  107     10.090     -7.700      2.237
 114  229     -0.534      9.735     -9.526
 213  172     -2.599     -1.517     -6.441
 176  206     -2.155      2.885     -5.438
 146    8      5.416     -8.334      0.848
  91  128      9.051      0.116     -3.847
 155  133      3.106      1.817     -2.482
 152  119    -11.965     -4.277      0.960
 151   -2     -5.727      6.088      2.101
 132   96      0.554    -11.471      3.906
 144   -2     -5.344     -4.871      2.834
 195  199    -10.828    -11.344     -5.933
 185  160    -11.103      5.294     -5.243
 140  112     -9.168     -4.487     -4.018
 129   32      7.818      2.865      6.017
  -1  220     -8.335     -6.028      2.137
 122   41      3.280    -10.387      2.889
  75  195      7.102     -7.477      5.107
 159  140     -3.559      1.554      7.527
 237  131     -9.225      8.770     -6.104
 139  157     -4.617     -1.902      8.732
 112   28      8.737     -1.083      5.894
  60  135      2.443      0.775     -1.326
  20  167      2.184      0.500     -1.098
 128   75      5.230      5.214     -8.343
 216   55      1.140     -3.690     -6.592
  86  102      5.356      6.349      5.136
 147  139      3.939     -1.110     -7.686
 168  154     -2.245      0.686      1.455
  71  121      3.230      3.752     -1.376
 164   60     -7.235     -2.728      1.390
 167  244      9.323      5.556     -3.618
 126   95      3.588     -3.162      0.961
 186  125     -7.635     -0.167      1.629
 143  166      7.603     -8.856     -2.414
 169  127      5.430      5.373      9.839
  97  100      8.565      2.745      6.487
 166  187      0.471      8.177     -5.099
 131  178     -9.387     -5.960     -6.286
 202  189      8.910     -2.882     -6.888
 162  114     -9.378    -11.459     -6.591
 171  120     -1.940      0.862      2.665
   0  180     -6.840     -6.320     -2.160
 157  197     10.710     -3.831     -2.086
 160  171      1.037      9.977     -5.342
 243  101     10.214     11.097     -0.335
 158  203      6.409     11.009     -8.876
  58  181    -10.748      2.839      2.516
  -1  165     -1.211      2.729      0.661
  98  168      4.912      2.807     -5.273
  85  159      2.654     -7.831     -9.866
 177  207     11.471     -9.282      3.044
 138  146     -5.069      5.769     -3.784
 204  193      9.777      9.008     -9.238
  -1   -2     11.383    -10.128     -3.211
 101  242      5.530      9.518      3.989
 218  147      0.725     -9.840     -0.012
 113  213      8.824     -4.156      6.079
  96   97     -4.063      7.354      7.033
 191  163      4.885      4.976     -8.582
 165  175     11.867     -9.827      1.505
 181  158     -0.149      7.741      9.821
 150  227      9.401      5.381     -9.076
 124   71     11.594      2.195     -3.482
 179  201     -9.438     -7.540     -8.558
 183  198      8.940      1.144      2.154
 248  191      3.728      9.475     -7.204
 205  190     -6.682      2.231     -1.508
 211  204      8.515     10.690     -5.371
  -1   -2     -4.553    -10.457     -2.724
 117  205     -3.348     -3.120     -8.167
 188  186    -11.737     -7.596      2.311
 190  246     -4.423      2.967      7.588
 259   45      4.840     -9.216      9.492
 227  192      1.020    -10.228      1.206
 224  249      5.014      5.082      9.609
 209  232    -11.195      6.082     -9.084
 214  200     -3.775      5.250     -6.842
 220  248     -9.811    -10.881     -0.574
 193  161      0.329     -5.326      6.171
 153  145      0.689      9.260     -9.285
 161  208     -8.395     -7.498     -4.421
  -1   -2     10.929      6.666      1.675
 203   -2     -6.609      5.759      7.992
  57   82     -9.652     -6.807      2.387
 221  196      4.692     10.179      6.839
 198  184     -5.247      3.152      1.436
 175  115     10.680      3.322      1.566
 208  150     -9.523    -10.027     -8.374
 228   23      5.123     -3.472     -1.589
  -1   -2     10.907     -8.707      0.717
  -1  223      4.865     11.537      4.946
 197  222     -8.691      4.896     -7.473
  89   -2     -2.992    -12.111     -1.859
  -1  177     -6.413      6.293      8.361
 172  245      0.801      7.470      5.410
 226  215      1.438     10.516     -9.308
  -1   -2      4.876     -3.642      0.996
 236  226      0.749    -10.642      8.977
 135   -2      4.043    -11.932      2.272
  -1  225      8.325     11.194      3.720
 102  214      0.256      3.460      2.192
 231  230    -10.884      1.238      3.038
  -1   -2    -11.358      3.716      2.186
  -1   -2     -3.939      3.280      0.029
  -1   -2     10.904     -8.619     -1.708
 242  236    -13.599     11.069     -2.562
 258   -2     11.800    -11.081      4.146
 238  238    -11.101     -7.749      7.252
  -1  106      8.943     11.846      5.529
  -1   -2      5.307      0.151     -8.498
 240   -2    -13.965    -10.104     -2.236
  -1   -2     10.037      6.033     -2.563
  -1  241    -11.792      0.422     -1.563
  -1   -2     12.087    -11.700     -0.137
 244   -2    -12.414     -9.689     -4.480
  -1   -2     10.213     -8.860      1.409
 200  247      7.419     -7.914     -9.686
 149  243     -1.423     -4.622     -7.356
 199  170      3.457      8.961     -2.333
 230  188     11.132      3.474     -6.947
  77  164      5.896    -11.287     -2.547
 229  209     -1.513      6.538     -3.557
 239  231     -3.264      8.961     -7.902
 254  176      8.929     -4.017      8.424
 255  251     -3.085    -10.767     -4.558
 251  202      5.326      7.733     -4.887
 257  253     -4.597      5.426     -9.005
 253  240    -10.537     12.041     -3.422
 256  252      9.513    -10.680      9.431
 235  250     -9.400    -11.052      9.873
 260  254    -13.097     10.291     -4.403
