198
  25   19      1.892     -8.981     -3.888
   2   10     -5.709     -2.134      3.119
  12  126      1.925    -11.336     -6.148
  75   38     -2.482      7.400     -3.386
 139   56      7.750     -0.393      2.420
  64   17      3.508      3.387      4.256
   0    9      3.441     -0.453      2.638
  22   83      4.581      0.486     -4.188
   1    5      5.670     -4.133     -3.903
  29   28    -11.399    -10.145     -1.596
  17   13     -5.112    -11.322      3.666
  51   57     -8.806      5.071     -0.321
  41    0     -8.919     -2.053     -1.615
  -1   -2     10.207     -0.494      1.074
   9   29     -1.917      2.457     -5.691
  40   24    -10.460     -1.181      0.893
  24    7     -9.931      2.096     -2.756
  87   -2      0.277     -3.547     -9.900
   7    1     -4.643     -4.256      4.141
 111  118     -0.166     -1.623     -0.985
  60   11     -0.780     -8.254     -0.114
  62   36     -9.905     -1.408     -9.855
  72   68     -2.830     -9.604      7.750
  52   92      9.002    -10.029     -5.826
  23    2      0.658     -6.266     -5.564
  46  181     -8.859      5.762      8.523
 117   91      1.515     -4.411      1.695
  33   16      7.754     10.922     -8.022
  10   35      6.070     -7.125     -9.391
   6   42     -7.700     -7.969      6.101
  31    4     -9.091     -0.919     -0.292
  21   30    -11.054      5.160     -6.684
  54   25      4.064      2.878      1.688
  56    3    -10.497      1.307     -7.778
  67   26      1.625     -5.972      1.238
 100   52      7.851      7.822      2.642
  43   76    -10.915     -4.290     -2.049
 144   55      4.321     -4.217      1.453
  16   79      2.898      2.440      8.743
  37   31     -4.943     -3.313      9.446
  71   48     -8.127    -11.674     -6.331
 127   81      1.514      7.030      6.890
 188  150     -4.746     -2.285     -7.268
  69    6     -5.561      9.532      6.106
  18   37      6.727    -10.854      7.681
  50   22     -4.136      9.420      1.154
 107   44     -6.588      8.405     -3.561
 134  121    -11.841     -6.347     -4.457
  47   21      1.612     -0.370      1.596
  19   32      9.035     -6.587     -0.416
  -1  131      1.899     -7.414     -9.905
 150   75     -7.230     -2.522      2.095
 187  197     -4.400      1.651     -1.527
  80   63     -3.674      1.680      3.070
  49   72     -2.272    -11.097      1.296
  20   43      2.736     -0.669     -6.824
  82   61      4.631    -11.691     -9.622
  59   39      7.441      5.031      0.415
  26   18     -6.767     -9.122      4.214
  -1   -2     -0.096    -12.286     -9.645
  68  107     -7.271      6.579      3.576
  32  116     -4.634      5.935      9.326
  34  106     -3.198     -3.701     -5.752
  38   41     -4.085    -10.538     -2.390
  74   69      3.234      7.393      6.912
  58   58     -3.212     -1.166      1.630
   3  139      9.768      1.743     -8.152
 108  113      4.166     -6.227     -1.737
   5   50     -5.804     -5.201     -6.388
  15  124      7.807     -5.227      2.402
  35   14      6.653      3.895     -7.977
  -1   98     -2.320      5.171      9.995
  -1   -2      2.563    -12.261     -9.666
  73  122     -3.004      8.683      5.899
  83   20     -2.683      3.578      5.677
 152   77     -1.705      1.876     -7.436
 128   -2     10.123      4.556     -9.946
  39   60     10.079      2.254      3.409
  70   78      4.014     -9.627      9.207
  99  185      6.752      3.296     -2.155
  45   62      2.623      8.237     -6.786
  27   85     -6.669     -2.358     -8.743
 161  190      5.906    -10.940      7.195
 104  144     -4.083     -2.987     -7.831
  91   23      6.416     -1.695      2.152
 114   82      0.968     -0.569     -6.015
 132  187     -1.626     -0.522     -1.689
  11  177     -2.564     -9.187     -1.539
 101   59    -11.768      7.751     -6.545
  -1   27     10.305     -2.530      5.105
 173  104     -8.379      1.419     -4.957
 103  105      7.018     -3.244     -4.913
   8   64     -6.160      0.480     -9.030
  81   51    -10.768     -7.329      3.176
  -1   -2      2.874      9.936     -3.084
  94   94      3.290     -1.046      3.790
  44   34     -1.159      9.244      6.008
  95   96     -2.739     -1.794     -9.899
  65  151     -3.665     -9.440      8.733
  -1  119      3.321      5.457     -6.455
  53  100      0.514     -6.755     -5.495
 126   47     -8.792     -8.472     -6.213
 136  127    -11.008      8.725     -2.523
  85  117     -3.836     10.206     -4.640
  78   65     -7.068     -8.570     -5.105
  84   97      6.018     -1.288     -1.632
  30  108     -4.768      7.420      7.213
 112  148      2.793     -3.120     -6.215
  89  184      3.419     11.772     -7.786
  -1   74      4.340      9.411      9.982
  66   46      0.892      3.522      6.099
 137   54     -2.085      4.351     -6.992
 130  157      0.566     -8.483      5.011
  55  143     -5.839      6.632     -8.986
 156  125     -2.726     -7.727     -9.450
  90  101     -2.334     11.197      2.805
  77  165      4.745    -10.848     -3.076
 159  111      3.743     -8.436      5.702
  57   73      3.661      5.107     -4.348
 120   12      9.756      5.563     -1.488
 129  163      3.101    -11.679     -3.689
  -1  145     -0.364      2.182      8.689
 116  114    -10.902     -0.626     -5.497
 149  103      4.947    -10.664     -9.736
 123   88     -9.954      8.338     -1.438
 143  115     -1.193     -4.513      2.028
  92   40      8.984     -4.349     -3.156
   4  136     -4.881     -8.254      8.278
 110   93     -1.666      3.765     -2.733
  -1   -2      2.310     -8.435      1.616
 118  186     -1.801      4.771      9.956
 115  112      6.940     -1.432      9.566
  97   45      3.216      4.781      5.978
 113  130      1.034     11.194     -4.820
 125  156      2.240     -6.347      6.409
 133  188      0.830      2.307      8.215
  88  135     -9.882     -2.431     -2.524
 124  110     -4.134     -4.313      4.351
 155  102      3.086      5.822     -8.067
  79   80      5.018      2.294     -4.900
 153   86      0.412      0.041      5.460
 183   -2      4.643     -4.020     -9.905
 157   70    -10.957    -10.629      1.906
 142  152      0.217      1.879      7.661
 145  128     10.703     -8.173      0.443
 121   66      2.997     -4.853      5.892
  76  164     -6.119     -6.534      4.547
 151    8     -6.479     -7.864     -1.155
 185  137      6.646      0.547     -8.026
  14  178      7.839     -5.673     -8.694
  93  141      4.618     -8.983      5.973
 154  142     -5.482      6.632     -6.235
 177  109     -1.820     -0.210     -1.775
 105  133      7.141      3.737      3.944
  13  154      9.123     -6.073     -8.633
 109   89      3.941     -2.939     -5.209
 131  161     -8.447      2.970     -3.356
  -1   -2      4.651      2.991      8.339
 186  153      3.852      9.886     -9.072
  42  132     -4.631      7.114     -5.194
 160  166     -5.814      7.299     -4.529
  -1  169      7.270      3.839      9.998
  28  179     -7.997      3.054      8.139
  86   -2      0.974      5.178     -2.318
 135  160      2.535      1.287      6.787
 146  146      4.723      5.469      4.920
 138  159      3.839     -3.255      4.088
 158  140     -5.175     -6.990      6.481
  -1  149      0.194     -7.858     -7.808
 106   95     -5.174     11.283      8.215
 178  168      4.384     -9.544      9.358
  -1   -2     11.111      6.530     -0.366
  98  120     -9.829      2.634      3.661
 164  170     -2.434      0.737      0.459
 165  193     12.002     -9.968     -7.236
 141   33     -9.911      4.141     -1.397
 122  158      0.718     -7.671      9.490
 140   99     -3.330    -10.262      7.750
 163  192      8.052      3.528      0.422
  -1   -2     11.305     -9.930      3.565
  -1   -2      6.792      7.561      6.483
 147   -2      5.291    -12.351     -6.417
 162  191     -9.788      4.203      1.837
 170  194    -10.373      6.494      5.345
 171  195    -12.015     -8.045     -7.150
  61  183    -10.595    -10.962      4.821
 175  196    -11.047     -4.631      4.461
 179   53     -1.608      5.172      4.211
 172  147     -6.364     -6.584     -0.472
 169   -2      3.526    -12.155     -6.974
  36  180     11.827     -1.601     -7.363
 119   -2     -4.828    -12.356     -6.049
  48  182     -3.114     -8.085      0.935
 174   -2     -8.389      0.585     -3.734
 148  189      1.608    -11.657     -4.846
 176  155     -7.049      2.837     -3.288
 189  198    -12.796      1.210     -3.663
 190  199    -12.277      2.293     -2.252
