221
  60   35     -3.258     -6.880      9.520
  70  102     -4.352      0.701      0.957
   5  140     -6.165     -2.899      5.430
  12  212      6.698    -11.055      8.657
  -1   24    -10.528      0.805      5.054
 121   59     11.599     -5.006      2.083
 195   14      0.257     -2.755      2.327
  43  133     -9.296     -1.023      0.041
   6    5     -4.917      1.068      3.720
   8    0      7.874    -11.449     -8.065
 174   18      5.697     10.644     -4.923
   4    4      3.887     -1.411     -3.665
   1    7     -5.678     -1.788      1.837
  22   44    -12.151     -2.362     -6.398
 160  141     -6.326     -3.960     -4.792
 130    3     -3.091     -9.408      1.388
  14   22     -2.081    -10.460     -6.888
  37    2     -9.740     -4.535      6.007
  21   47      0.268     -6.748     -0.162
  17   21     -7.592      3.473     -5.598
  25   33      9.345     -6.011     -1.765
  15   43      8.240      7.857      3.707
   7  158      4.730      2.470     -2.178
   0   34     -6.598      2.511      3.692
   9   20     -2.509      0.370     -7.914
 188   46      6.466     -0.421      7.828
   2   85     -5.426     -5.344     -3.404
  64   55    -10.272     -8.223     -2.811
 116  127      2.270     -9.657     -5.034
  30   32      1.651      4.668     -6.622
  36   74     -9.128     -3.792     -0.796
 147   13      6.873      3.237     -2.997
  72   45      3.157    -11.828     -5.356
  29   11     -1.492     -1.589     -2.393
 157   65      0.245     -9.147     -6.474
  56   10    -10.079     -2.626      0.764
  28   26     -2.939     -0.976     -3.497
  18    9      8.638      5.731     -4.594
  26   16      2.393     -0.842     -3.790
  47   23      2.958      1.730      0.367
  49  103    -11.246     -5.450     -1.589
  57   68      9.768     -3.794      2.288
 155  101     -6.893      6.627      0.404
  99   91    -11.699     -8.499     -2.505
  44   40    -10.039      4.784      5.750
 176   70      0.700      6.395      7.614
  89  106      0.456     -3.260      1.400
  11   31      5.216     -7.680     -1.398
  48   19     -4.792      3.852      2.247
  68   81     -6.366    -11.451      1.424
  51   60     -9.719      6.951     -8.338
  59   86     -4.802      5.771      6.165
 144   77    -11.690     -5.682     -3.819
  40   61      3.803      8.178      8.052
  79  131      1.886      1.082      6.480
  52   39     -1.706    -10.505      1.713
  16    8     -7.013     -1.750      2.695
 103  148     -7.643     -7.317      2.697
  39   36    -10.981      5.536     -1.062
 184  104      4.624     -6.447     -6.645
  42   28    -11.649     -4.058     -0.838
 140   12     -1.103     -7.187      7.553
 187   90      8.875     -2.386     -7.405
  58   56     -1.464      1.081      7.082
  54   82     -3.446      9.407     -7.958
  88  156     -6.774     -2.917     -2.825
  46   88    -11.506      3.457     -0.296
  -1   -2    -12.537      0.852     -2.139
  85   83      4.315      2.432     -5.549
  91   54      8.835     -7.989      2.968
  98  105     -7.390     -5.874      1.726
  83   76      8.462     -0.372     -7.723
  71   37      0.024      9.040     -7.608
  35   51     -4.649     -6.412      3.443
  86  110    -12.131     -7.528     -5.833
 216   17     12.019     -5.659      0.080
  -1   41     11.885     -4.752     -7.551
 104  138     -4.089     -9.869     -3.510
 161   25     -4.739     -9.318     -4.627
  67   80     -0.152     -4.541     -9.564
  33  160      0.522     -9.974     -3.800
  96  116     -4.890      8.224     -8.733
 131   71     -4.000     11.564      7.838
  74   53     -2.907     -7.809     -3.453
   3    1     -9.586    -10.192      6.060
 142   66     -9.638     -6.410      0.520
  27  155     11.900     -9.378     -5.598
  73  207      1.493      2.051     -9.938
  87   94      8.342     10.451     -3.545
 106  109     -0.551      5.383      1.961
  75   98     -2.544      1.781      3.964
 123  120     -3.841      9.928      4.327
 136   48      5.884     -5.873     -8.799
 128   58     -4.599      4.963     -4.612
 141  154    -11.204    -10.411     -8.051
  10   29      1.181     -9.844      6.885
  -1   96     -4.477      4.989      8.669
  50  144     -0.375      6.313     -0.550
  31  126     -8.285      5.262     -8.941
 120   87      0.053      4.665     -4.619
  24   27     -5.719    -11.691     -7.203
  92  100     -6.302      7.125      8.725
  55   57     -3.536      4.376     -9.042
  20  142     -5.569      2.424     -0.220
 178   84     -3.816      5.289     -2.428
  38   89      7.207      7.106      3.540
  -1   -2      7.086     12.159     -6.556
 181  132     -6.217      5.748     -6.360
  76  113     -9.061    -10.771      2.450
  -1   -2     -8.786     -8.958      3.142
 134  118      4.261      6.044     -7.962
  78   93    -10.867     -0.493      1.886
  45  183     -7.770      0.430      3.338
  62   79     -3.657      6.543      3.945
  94   69     -7.398     10.089     -6.594
  -1  128      5.410     11.562      2.347
 126  115      4.061     11.231     -7.965
 151  217      1.294     -5.087     -4.701
  97  215      4.664     -9.073      5.595
  65   62     -4.084    -11.320     -8.565
 101  119     -7.514      4.416      6.628
 110  136      0.363     -0.059      0.339
 117  157     -2.852    -10.096      1.892
 182  114      2.483     -9.275     -6.436
 100  192      4.278     -4.333      2.769
  66  176     -3.734      6.030     -8.393
 125  167    -11.996     11.322     -2.743
  23   75      1.609     -7.079      5.952
  69  178     -3.808     -4.788     -0.363
 109  135     -6.788     10.823      3.160
 146   42      3.537      3.256      6.582
 167  130     -3.947      7.294     -2.634
 132  193     -8.261      0.559     -4.561
 105  189     -7.520      9.500     -3.005
  84  152      7.736     -6.839     -8.914
  19  188      8.060      4.196     -5.923
 162  185     -5.997     -7.379     -2.184
 169   95      2.544     -3.663      4.412
  63  122     -9.648     -1.763      1.024
 133  145     -6.225     -3.555      9.639
 150  121      7.035     -8.861     -0.779
 171   38     -4.075     -2.601     -8.190
 159  172      9.916      1.736      3.184
  53  107      5.249     -0.950     -1.924
 137  147      1.460      8.314     -3.691
 129   97      4.435      1.383      6.128
 186   15     -5.911      0.047      1.577
 124  129      2.001     10.332     -4.333
  34   99      3.318      8.195      5.582
 138   63     -5.965      2.678      9.343
  41  125      2.966     -9.763     -4.021
 154   72    -10.203     -3.173      3.495
 163  168     -5.438     -4.268     -0.733
 158  179     -0.331     11.442     -7.582
  -1  169    -11.248     11.626     -9.267
 135  137     -1.670      7.208     -4.882
  93  214     -1.265     -8.063     -6.019
  -1  143      4.111     11.480      9.452
 139  177     -9.882     -3.577     -4.397
 201   49     -0.493     -6.564      5.360
 148   64     -5.572      1.092      9.055
 152  161      0.086      7.447      3.762
 172  153     -1.658      3.520     -7.139
  77  194     -7.837      1.496      5.959
 107   67     -2.723     -7.280     -3.349
  -1   -2     12.018     -2.515     -1.563
 183  184     -5.724     -0.429      6.604
  95  163    -11.469     -8.845     -4.727
  13  151      3.755      2.765      8.905
 197   30     -7.576     -7.099     -7.279
 156  149     -7.223     -8.010     -0.294
 168  218      6.073     -0.086     -3.131
  61  146    -11.290      2.057      1.240
 208  187     -7.195     -6.064     -2.295
 102  123     -9.899     -1.550      4.260
 217  117      4.845     -1.039      7.705
  -1   -2     -6.313      5.434      3.292
 164  159     -1.828      8.564      9.451
 122  112    -11.027     -9.132      3.417
 149  182     -1.121      5.704      6.924
 115  173     -8.960      4.648     -8.634
  32  181      4.438     -6.761     -3.986
 180  211     -9.896      9.568     -9.049
 143  191     -9.455     11.392      2.752
  -1  171     -0.804      0.313     -9.895
 211  174      8.558      8.708     -8.720
  -1   73     -3.522      0.359      6.530
 189  196     -8.790      2.245     -6.283
  82   -2     -7.721      1.210      8.446
 179  165      3.105     11.562     -5.051
 108   92     -1.675     -0.943     -7.997
  -1   -2     -1.057     -4.278     -0.544
 207   -2     -8.627      1.027      3.192
 206  111     -1.019     -4.216      7.560
  -1   -2     10.454     11.694      2.803
 166  180      9.259      2.661     -3.417
 185   -2     -2.120     12.401     -7.576
 119   52     -3.232     -4.206     -7.201
  -1   -2    -12.180      5.493     -6.125
  -1   -2     -0.971     -4.288      4.333
  -1  200    -11.259      5.084     -4.794
  -1   -2     -9.348      0.522      3.692
  -1  202     12.472     -2.739      0.445
 199  205     -9.414      3.039      8.807
 215  208     11.350      6.784      8.734
 204  219    -13.005     10.976     -4.643
  -1   -2     11.559      9.046      4.825
  -1  209     -6.527     10.999      3.599
  -1   -2     12.099     12.400     -3.882
 153   -2     -2.253    -12.048      2.031
 165   -2     -2.326      1.178      1.719
 113  216      7.741      4.036      1.849
 173   78      5.648     10.407     -0.882
 111  175     -0.863      8.466     -3.995
 210  170     -6.630      6.378      8.909
  81  206     -7.231     -6.068     -6.085
 198   -2     11.792      8.093      4.454
 196   -2      9.409      0.100      8.998
 193  162      2.426      0.255     -7.218
 214   -2     11.611      3.229      7.077
 218  220     -9.589    -12.482     -9.242
