218
  25   48      4.590     -2.832      9.825
  30    2     -8.956      4.023      6.581
  16    3      4.278     -2.085     -2.421
  14   71     -2.687     -5.587      9.978
  52   68     -5.593      3.496     -5.235
  27   31     -5.224     -9.020     -4.331
  57   13     -6.542     -7.316      2.996
  33   47    -11.544      0.865     -4.450
   2    1     -9.184     -4.352      6.850
  19   11      4.368      3.953     -5.318
  35   51     -8.532    -10.275      4.069
   5    0     -4.407     -4.570     -3.475
  18   96     -2.994     -8.739     -6.321
  21   24     -3.248    -10.254      6.160
 101   80      1.692      0.064      7.034
   1   15     10.864     -4.460      0.215
  96  115      0.128     -7.274      7.356
   7    6      4.295    -10.711     -0.444
  15   88     -6.356    -10.932      0.898
  20   32     -0.948      9.869      7.584
  38    7    -11.184     -3.824     -0.447
  -1    5     -2.085      0.056      6.023
  12   12     -0.636     -0.276     -2.341
 119   43     -3.530      6.459      8.177
   9   61      2.745     -7.434     -6.874
   4   46     -0.085     -1.638     -0.988
  -1   16     -4.228      0.047      2.051
  98   36     -4.677      0.939      4.385
  79   89     -8.407     -7.070      1.437
  -1  128      1.819    -12.329     -8.820
  41   38     -2.762      1.978      9.021
  45   28     -6.990      4.864      1.039
  93    9      8.241     -4.283      0.880
  46   64     -3.543      9.222      1.556
 114   72      2.404      1.256     -9.263
  63  122     -9.177    -10.595      6.474
  43   30    -10.661      4.791     -1.277
  40   57      7.802     -6.156     -3.958
 102  139     -6.079     -9.646     -7.025
 216  100      0.301     -5.076      1.291
  22  110     -0.867     -7.911     -0.477
  82   91      1.950     -2.593     -9.354
   3   33      4.991     -2.156      0.859
   0   94      9.238     -1.517     -0.105
  28   14     -5.522     -2.287      2.543
  68   74      6.913     -2.450      8.723
 131   20     -0.814      6.066     -7.084
  34  105     -0.115     -9.726     -4.206
 130   44     -0.380     -5.404      2.370
  31   85     -5.961     -0.651      2.308
  24   59     -7.457    -10.672     -6.004
  -1   -2     -8.829     -2.796      3.714
  29   23    -11.316      3.054     -0.462
 122  199     -3.020      4.462     -3.308
  90   93      0.914    -11.147      1.338
  17   18     10.939      5.625     -3.469
  49   87     -3.248     -7.747     -3.010
   6   25     -0.456     -6.793     -6.311
  50   50      0.413      9.232     -6.201
  72   39     -6.690      1.979      4.273
 161  143     -3.752      5.955      8.488
  -1   -2    -11.824     -5.147     -3.190
 115  104    -10.682     10.890     -2.250
  36   56     -8.085      6.615     -7.511
 118  112     -2.503     -8.249      6.421
  54   22      9.844     -6.715     -1.304
  42  157    -12.052     -7.940     -1.727
  73  121     -0.468      1.415      4.830
  44  106     -4.310      2.944      3.022
 105  103     -9.732     -2.032      5.194
 106  107      0.738      1.580     -7.084
 125   92     -8.669     -8.826      2.795
 158   78     -7.537     -4.726     -5.723
  69   55     -0.336     -4.146     -1.853
  71   77     -1.202      0.741      3.154
  62   17      4.143      8.718     -5.814
  58   82      0.009    -11.142     -3.647
  61   58     -2.770     10.722     -8.955
 110  158      8.167      8.525     -6.180
  32   26      3.612     -7.985     -3.899
  48  196      0.461    -11.712     -4.709
 146  145    -11.749     10.685     -3.952
  80   35     -3.106     -7.194     -2.797
 111    4      3.121      3.561      3.009
  67   54     -1.999    -11.014     -3.009
  -1  175      7.620     11.419     -2.029
 129   49      7.308      5.348      9.809
  66  123     -2.037     -1.115     -7.202
  86   34      5.097     -0.322     -6.401
  91   69      7.464      0.241     -3.372
 154  201      0.256     10.151      1.420
 123  129      1.414      0.646     -7.239
 137  149      0.842     -7.717     -6.315
  84   63     -8.149     -0.273      4.168
 155  125      3.824     -4.080      4.479
 112   95      5.530     -8.203     -9.401
 192   10     -1.604     -5.993      2.996
  81   53      7.175      4.163     -6.884
  37   98     -2.311     -6.448      4.035
  47   75     -6.680      4.993     -8.080
  60   90      6.814     -7.651     -4.600
  53  126     -6.708     -6.021     -2.703
  75   40     -1.790      7.935     -7.131
 217  162     -1.438     -2.174     -6.304
 120  163     -7.863     -9.363     -1.326
  97  101     -8.965     -9.817      4.687
 167  132     -4.585    -10.568     -3.554
  92  137     -4.222     -5.311      0.245
  94  133     -4.906      7.763     -2.624
 117   76      6.018      5.749     -2.968
 200  134      4.225      8.204      0.405
 104   73      3.095     -1.942      8.641
  13   45      5.921     -3.056     -2.270
  74  113     -3.990      5.722     -5.421
  76  197     -2.612      5.121     -0.684
  59   70    -11.888      5.868     -3.467
  85  198     11.774      7.755     -2.309
 142  120      2.267      9.959     -1.717
 152  116     -9.747     10.740     -7.968
  -1   -2     11.278      1.719      1.600
 113  119      1.271      4.337     -5.974
 108  114     -7.078      0.911      6.959
 107  155    -10.704     -7.531     -2.027
 197  127      5.123     -6.095     -9.004
  10    8      8.767     -6.289      6.836
 133  200     -5.725      1.599      9.294
 143  108     -7.240     -4.997      1.681
  26   62     -2.823      4.582      5.689
 191  118      2.846      4.231      0.950
 135  159    -11.275      5.380     -6.880
 169  178      2.054      2.279      6.554
  55   -2     -1.114      4.843      7.760
 206  131     -1.002      8.270      5.385
  77  193      4.897      3.036     -9.604
  89   83      3.772      8.225      2.217
 128  153     -5.508      9.241      3.534
  87   60      4.683      7.486     -9.415
 173  174    -11.366      1.414      1.435
 139   67     -4.430      9.711     -5.411
 162  148     -8.212      9.816      2.099
 138  144      1.255     -5.033     -3.806
 116  140    -11.776      0.357     -6.544
 213   86      0.551      5.780     -3.092
  -1  189     -6.599      4.445     -9.996
  70  161     -8.244     -5.810     -6.953
 103   81     -8.955      0.108      4.109
  64   21     -0.842     -4.177      8.381
  -1  192     10.446      3.800     -8.270
  56  150      8.650      8.000     -7.372
 149  165     -6.315      4.476      3.491
 163  204     -3.049     10.089     -9.252
 141  109      4.156     -5.524      4.237
 109   66      2.278      3.533     -2.833
  -1   -2     -9.090     -1.617      3.654
 164  141     -6.194     -7.709     -2.997
 147   65     -9.167     -3.128     -4.012
 156  168      2.422      7.522      8.789
 196   52     -1.384     -5.997     -5.685
 176  172     10.967      4.478     -7.637
 153  142     -0.737     10.838      5.912
  83   97    -10.748     -0.942      2.151
 127  124     -1.171      5.633      4.259
 170   29      1.759      6.062     -2.154
  -1   27     -0.635      4.511     -7.990
  99   42      5.046      4.809     -2.249
 179  154     -8.040      8.877     -7.823
 150  173     -9.475     -6.948      0.298
 121  152      7.290      6.214     -3.910
 100  156     -6.393     -3.182      5.808
 166  205      1.731     -1.483      1.194
 212  102     -8.973     -2.217      1.142
 159  171    -10.518      4.632     -8.882
  -1   -2     10.862      3.452     -9.331
 205  138     -6.262    -11.722      0.792
 168  130     -7.301     -2.520      3.251
 172  176      9.440     -4.417      0.472
 180  167    -11.956      4.556     -6.968
 171   99     -5.832      1.030      0.804
 145  181      2.839      8.900     -1.706
 144  160      2.681     10.635      9.339
  -1   -2     -5.326     11.696      1.538
  23  195     -6.519      0.791     -4.677
 182  182      4.418      1.205      8.710
 177  185     -5.194      9.498      3.991
 186  169     -6.936      2.490     -6.299
 126  188      3.583     10.949      4.508
 189  190     10.240      8.716      5.224
 190  170    -11.641    -10.149     -7.272
  -1   -2     -3.755     -2.622      3.933
  -1   -2     10.412      2.524      4.663
  -1   -2     -2.355      3.252      4.235
 174  184      7.823      8.927      8.827
  11  146    -11.775     -2.139     -6.289
 124  136     -1.292     10.419     -1.145
 132  180      2.351     -3.016      6.404
 199  179      3.072      9.916      8.814
 178  206     -7.460      4.401     -8.013
  95   -2     12.650      7.029     -4.006
  39   37    -10.800     -5.099     -1.000
 195  111     -7.417      3.215      9.725
  65   19      9.164     -6.461     -1.587
  88  177     -4.857     -2.921     -4.249
 160  203      9.499      5.387      7.535
 181  207      4.602      4.380      4.486
 198  209      5.257      1.064      6.809
 157  202      3.773     11.269     -6.002
 188  208     -5.174     -3.309      8.204
 208  213    -10.129     -3.661      3.955
 209  214     11.316     -0.952      5.765
 194  164     -2.952    -10.786      3.908
 201  210     -8.229     -3.830     -0.843
 151  151     -4.810     -4.595     -0.495
 214  216     -4.806     -0.255      7.155
 203  212     -6.074      3.326      6.992
 207  191      6.665      8.352     -4.210
 202  211      9.127      5.005      9.814
 210  215     11.152    -10.595      6.762
 215  217     -2.553     10.041      9.271
