221
  81   -2      1.614      6.606      9.234
   5  198     11.177     -8.824      2.981
  91    6     -8.649     -9.762      6.034
 165    3     -8.139     -8.562      4.719
  -1   -2      4.658      3.334      1.766
  13   95      4.104     -6.144      5.395
  12   22     -0.384      5.472     -5.387
  16    1     -6.675     -1.157     -2.583
 118   53     -4.038    -11.792     -5.337
  -1   -2      8.834     -3.877     -9.558
  11    9    -11.661     -0.919     -3.570
  72   75      3.755     -4.537     -3.833
  14    8     -3.987     -8.427      0.987
  84   51     -1.282     -1.319      1.381
   8   14     -0.261     -6.647     -0.898
  63   37      0.567     -8.057      4.110
  33   67     -5.410     -5.471      3.779
  34   46     -9.076      7.190      1.400
  74   73      4.182     -7.094     -8.141
  73   83      6.463     -6.067      3.431
  38   58      0.355     -2.630      4.839
  40   55      5.405     -8.912      1.005
  -1   -2      5.422     -2.385     -7.655
  -1   -2     10.282      1.550     -5.055
   4   59    -11.310      4.655     -2.811
  -1   -2      8.533     -8.335     -1.274
  -1   -2      3.184      1.082      7.634
  66    4      0.704    -10.007      2.694
  -1   -2      4.344     -0.826      1.634
  58   12      1.629     10.930      8.414
  27   29      2.930      1.520     -6.586
  15    5      1.512      4.156      1.811
  26   84      9.234    -10.052      6.576
  80   28     -0.972      5.856      8.610
 204   10      3.777     -2.723      0.069
   3   91    -10.591     -1.852     -5.696
  57   70     -0.589      7.337      6.385
  79   77     -2.636     -0.980      9.605
  99  108     -8.801     -7.821     -9.608
  61   13    -12.258     -9.939     -5.790
  37   15      7.186     -5.099      5.151
   9   80     -8.771      9.083     -4.417
 178   60      0.521     -9.173      0.767
  47  200      2.789     -4.813      0.922
  -1   -2      4.928     -0.181      4.555
  65    0      6.917     -5.008     -2.539
 126   68     -0.822    -10.588     -5.440
 129  115     -2.715     -1.749     -5.619
  29   90     -9.789     -6.131      2.333
  60   24      0.900      2.283      3.802
   7    7     -7.827     -4.777      9.327
  46  144      1.158     -0.759     -3.702
  97   18      2.550    -10.408     -6.725
 102  190     -1.304      9.031      6.806
  19  199     -0.911    -12.146     -5.944
  -1   -2     11.168     -5.548     -1.311
  -1   -2      9.680      5.125      6.673
  -1   -2      9.342     -6.735     -1.527
  22   36     -6.467      0.328      0.552
  92    2     -8.753     -3.800     -1.417
 100  111     -2.403      9.746      3.895
  42   47     -8.182     -7.699     -2.841
  10   27     -7.087      6.377      2.137
  24  148      1.964     -3.591      3.063
  41   -2     -7.884    -10.805     -9.980
 103   -2     -2.262      9.158      3.868
 205  213      0.989     -0.242      7.230
  76   79     -7.839      4.936     -5.534
  -1   45      2.744     11.924     -7.037
  -1   -2      7.638      4.198      8.706
  -1  147      1.946      2.739     -1.067
  -1   -2     11.887      7.656     -1.720
  90  145     -4.477      3.440      0.031
  28   32     -0.926      1.958      6.242
 121  157      1.513      0.053      7.156
  31   92     -7.405      3.470      0.702
  50   19     -1.804      2.786     -8.954
 209   96      0.981     10.765     -9.711
  -1  132      3.968     -2.025     -2.506
  68   40      3.987     -7.653      6.242
 110   -2     -0.998     10.977      5.538
  43   49    -11.003      3.630     -5.881
  -1   -2      9.180      6.462     -9.684
  75   54     -2.432    -11.862     -6.841
  89  110      2.785     -5.611     -0.553
  59  201     -2.815     -5.673      7.563
  -1   -2      7.649      6.665      1.450
  -1   -2     10.602      3.685     -6.500
  -1   -2      5.231     -0.603      1.909
  -1   -2      9.937     -9.058     -8.278
  78  109    -11.607      5.638     -4.087
  77  103      3.726     -4.872      9.618
 167   38     -8.090     -8.270     -2.790
  -1   -2      9.405     -1.139      5.570
  94   93     -8.136      7.698      5.800
  82   43     -3.942     -0.713     -2.187
  -1   -2      3.949      3.439      1.624
 111   41     -6.726      1.214      4.405
 202  196     -7.066     -6.709     -2.300
  -1   -2     10.221     -7.079     -0.754
  45   -2      3.920     -2.725      9.844
  -1   -2      7.809      0.616     -5.300
 125  120     -8.109     10.895      3.025
 157  106     -3.689     -7.115      2.938
  -1   -2      2.905     10.653     -7.481
  20   30      0.352     -0.050     -5.148
  -1   -2      4.024      0.261      4.630
  85  202     -4.504      0.970      7.154
 109   52     -5.662    -11.530     -2.610
 180   35      0.289      5.236     -0.191
  67   99      9.694      4.271     -7.640
 158  175     -5.829     -5.093     -6.048
  88   89     -7.792     11.403     -6.845
  51  168      7.992     -8.008     -5.326
 154  125    -11.213     -1.971     -5.865
 143  138     -6.279     -0.916     -9.263
 203  122     -1.620      5.859     -3.958
  96  189      1.510    -10.675     -2.326
 206  102      8.718     -5.101      3.991
 115  161      5.099     -6.150     -3.584
 168   -2      2.303    -12.063     -4.208
 114   33      1.085     -2.839     -8.128
 214  172      7.641     -3.126     -9.228
 195  131    -11.197     -5.494      1.118
  -1  194      8.574      9.961      5.024
 131  155     -4.613      3.533      3.518
  39  162      2.918      2.352     -3.710
 134   87     -3.603     -2.761      0.671
  30  118      0.386      1.089     -7.984
  69  129      1.331      6.977      7.428
 193  114      4.236      9.789     -1.539
 139  206      8.833      9.821      2.116
  70   69     -0.220      0.722     -2.715
 145   56      0.631      8.886      5.316
  -1  130      7.634      7.662      5.002
  25  119     -7.177    -10.666      7.482
 137  112     -7.610     -8.990      4.863
 221  191      7.971    -10.646     -9.438
 132  128     -7.992      3.070     -9.601
 152  167    -11.411     11.256     -5.662
 179  135     -1.849      9.531     -7.951
 138  205      1.394      1.379     -9.285
   1  136     -4.722     -6.793      2.422
 200  104     -2.667      6.793      4.239
  -1   -2      0.474     -1.461     -5.347
  -1   -2     10.174      6.908     -1.520
  -1   -2      6.629     -0.528      0.305
 156   74      2.450     -5.446      1.856
  83  107      4.354      2.250     -4.993
  -1  182      4.537     -2.396     -6.705
  -1   -2     10.045     11.079     -2.316
 128  170     -5.966    -11.294      8.585
 133  150      6.039      8.558     -8.300
  -1   16     -3.432     -6.034      1.706
 146  124     -4.652     10.381      5.292
  -1   -2     11.504     -2.416     -8.367
 155  141     -3.204    -11.125     -0.647
 186   98     -9.003      0.861     -8.415
 120   50      5.994     -9.957     -6.791
 148  166      5.687      7.565     -3.629
 163  178     -0.442     -5.464      3.403
 119  174      6.780     -4.303     -5.408
 144   -2      0.248     -0.343     -2.992
  -1   -2      4.903     10.909      7.465
 213  215      0.826      6.657      9.106
  -1   -2      4.582      7.915      3.789
  35  101     -4.896      0.781     -4.822
 161  208     -2.456      0.677     -4.141
  -1  158      6.478     11.416     -4.474
 166  209      1.503      1.219      5.876
  -1   -2     10.053     11.734     -0.817
 199  153     -6.087      6.036      3.858
  -1   -2     10.865    -11.290      0.021
 190  121     -4.278     -0.025     -5.748
 211   -2     -5.273      0.611     -1.403
  -1   -2     -3.206     -5.655      9.687
  -1   -2      7.624      4.022      2.102
 135  160      0.885     -2.506     -6.620
 171  176      2.827     -3.304      8.413
  -1   -2      4.778      8.121      3.834
 181  188     -3.707      3.925      0.557
 170  210     -8.591      3.542      8.560
 159  156      5.916    -10.142     -4.228
  53   42    -10.272      2.888     -0.194
  -1   -2      4.307      9.336      3.313
  36  152      7.707      7.726     -6.197
  -1   -2      8.477     10.613      1.039
 113  173     -5.184      9.873      8.303
 216  183      3.661     -9.221      8.218
 173  211      0.544      3.896      3.226
 191   65     -4.025      5.924     -4.831
  -1  126      4.691     -5.670      4.698
 174  212     -8.033     -1.264     -0.698
 176  195     -7.201      5.175     -6.725
  -1  143      5.150      6.188      8.173
 150   -2     -1.130      6.585      3.579
 105  146     -6.568      0.671      9.482
   2  169     -1.047     -4.932      9.692
  98   -2      7.035    -11.873      3.037
  86  203      1.897     10.110     -4.782
 112  204      2.549      7.466      5.753
 215  216    -12.234    -10.834     -0.232
 101   -2      4.308    -11.854      0.505
 219  179     -8.929      3.542      2.908
  93  180    -11.331     10.356     -4.736
 116   -2      8.880     -0.047     -8.429
 212  214     -4.031      5.717     -1.201
 140  207     -0.433     -5.294      1.819
 149  184     -1.166      6.664      6.750
 172  177      5.390      6.548     -8.028
 184   -2     -3.705      5.061     -9.752
 106  139      7.872     -1.153      0.314
 177  105      3.688     -1.479      1.995
 220  113     -9.111      3.947     -8.407
 222  217      0.312    -10.384      0.457
 224  219    -12.828     -3.675     -3.599
 223  218    -10.636      1.453      6.121
 225   -2    -13.219     -5.933     -4.057
 208   31    -11.129     -1.197     -7.683
 207   -2     -6.923    -12.449     -9.305
 226   85      4.653     -6.031     -8.782
