225
  94    4     -2.787     -6.909      9.293
  20   11     -9.303     -4.509      5.594
   1    6      3.657     -9.972      8.791
 143   32     -6.319      7.312      0.002
  21   19     -6.964     -5.686     -1.680
  16   17     -8.079      3.208     -5.176
   4   28     -0.367     -7.773      2.206
   9   10     -4.549     -1.345      1.672
  11   54      2.147     -5.076      0.710
  10   18      4.506     -0.171     -3.962
  13    9     -3.198    -10.819     -2.482
  17   70     -5.927      0.165      8.688
  19   42     -4.643     -2.574      5.416
  18   12     -5.580      2.451      3.612
  63   14     -1.138     -1.595     -2.880
   7   20    -12.024     -2.490     -6.194
  26    0      0.007     -5.311     -8.982
  24   95      3.064     -0.036     -4.403
 186   97      7.165     -8.940      1.898
  74   44    -10.359      6.763     -8.438
  23   34      7.575      4.858     -5.341
  42  208    -11.461     -9.430      3.277
  30   49     -0.816      6.668     -0.914
  41   23     10.536      6.048      3.981
  34   38     -1.535     -0.398     -9.783
 111  169     -9.826     -2.472      0.974
   6   46     -4.318     -3.499     -8.317
  37   41      3.674     -5.050      7.476
  25   40      1.429     -9.601     -5.959
   2   29     -2.699      0.086      7.317
  96  105     -7.819      0.831      7.752
  48   37    -10.533      5.815     -0.748
  61   30    -11.476     -7.613     -6.131
 183    7     -6.239     -4.478     -4.620
  57   52      0.694     -9.890      3.325
  12   26      1.000     -8.542      3.013
  47   21      4.665    -11.027      1.668
  46  187      3.169      3.499     -9.226
  78   62     -3.967     11.912     -8.143
   3    3      0.192      0.143      9.873
  56   33    -10.996      3.593     -0.031
  93   57      4.488     -8.375     -5.025
  68  202     -9.752      1.172      4.367
  90   86      7.759      9.557     -7.347
  55   82    -11.444     -4.153     -0.888
 137  103      9.131      7.794      5.093
  14    8     -3.277     -0.521     -7.867
  67   35     -3.788      0.755      3.722
  40   58    -12.349      0.800     -4.405
  53   45     -1.469      8.198     -8.185
  60   56     -4.969      8.859     -8.629
 116  132      2.495     -0.135     -6.951
 104   31      5.349    -10.452     -5.110
 176  110     10.746    -10.879     -5.463
 212   25     -2.442     -5.423      4.181
  62   67     -6.693     -7.591     -7.257
  45  146      3.576     -0.916      6.129
  77   -2      5.552    -11.555      4.569
  65   47      2.934     -8.201     -3.845
  92   72     -8.678      9.724     -6.896
 102   78     -6.650      0.842      2.966
 132  159     -0.406     -8.572     -5.662
   5   50     -8.864     -0.676      0.180
 105  106     -4.630      4.789     -4.872
 127   90     -7.202     11.199      2.709
  58   53     -1.850     -7.168     -3.018
  -1  174      8.536      6.556      0.894
 109   48     -4.230    -11.824     -7.607
  50   84    -10.273     -0.266      1.875
  82   60      0.980    -11.603      0.543
  59   16     11.866      2.201     -5.157
   8  196     -5.820     -1.159      2.567
 103  137      0.167      4.426     -5.377
  72   74     -2.288    -11.811     -8.972
  97  211     -2.338     -1.968     -7.828
  69   88     -3.200      5.827     -3.474
 145  216      2.904      3.976      0.109
 157  152     -8.575     10.021     -2.761
  64  119      1.175     -4.698      8.152
 117  107      6.264      0.564      2.403
  85  149      5.868     11.825     -5.261
  22  123      1.227     -2.533      3.474
   0  122     -6.222     -3.952      9.316
 152  155     -2.199      7.075     -5.669
 172  201      7.592     -4.031     -8.172
 214   59     -6.050      7.769     -9.245
 101   79     -6.791      5.283     -6.368
 156   77     -9.418     -8.458     -2.874
  83  101     -7.170     -7.997      3.821
  36    2     10.901     -0.978     -0.394
  38   76     -1.980      1.349      3.922
 128  126     -0.954      5.178      1.931
  54  121      2.865     -4.296     -4.879
  28    5      5.403     -7.376     -3.647
 130   63     -1.623     -6.671     -3.012
 146  118      4.314     -8.900     -5.937
 195  222      1.854     -1.587      1.909
  80   83     -7.359      6.694      8.899
  44   27      1.702     -0.733      2.750
 170   61      5.840      0.836     -3.125
 213   68     -6.137     -4.720      2.083
  84   71     -5.615     -3.261      1.777
  70  140      5.981     -4.667     -3.422
  35   22     -4.121      3.771      1.996
 113  154     -8.536     -0.010      8.355
  -1   -2     -4.942      0.378      2.957
 220  125     -3.141     -5.201     -7.303
  43   99     -8.757      5.069     -8.946
 100   94     -4.731      9.851      3.576
 138   -2     10.584     -3.983     -8.719
 118  113      5.244     11.307      1.267
  73  157      1.579      4.293     -6.803
  88   73    -11.031     -8.647     -2.614
 190   87      8.623      7.240     -8.238
 141  143    -10.751    -10.205     -8.231
  51   75     -7.252      1.728      5.508
  32   85     -7.601      4.731      6.521
 120   43     -0.135     -8.327      3.012
 114   96      2.312     11.595     -8.133
 140  142      6.458      6.589     -0.929
  31   81      0.666     -2.124      4.686
 126  114     -1.634      8.869     -5.029
 108  127      0.272      9.429      7.883
  -1   89     11.025      2.526     -9.182
 124  116     -0.245     -4.026     -3.335
  95   93      9.605      9.113      5.628
 119  124      7.248    -10.470     -1.127
 184  131      4.232      6.093     -8.071
 209   36     -3.790     -8.991     -4.375
  91   51      4.904      3.369     -6.210
  98   -2     -1.321      1.071      1.282
 106  139     -5.605      5.403      3.448
 110  162      6.834     -4.005     -1.188
 165   -2     -4.254      6.098      2.030
  87  109      9.562     -3.917     -2.374
 177  117     -9.222     -5.924      0.777
  49  112     10.256     -8.204     -7.047
 175  205     -9.728     11.697      3.255
  76  168      4.397      3.732     -2.923
 158  138      0.277      9.391     -4.397
  -1  108     12.206      3.724     -1.266
  15   69    -10.594      2.421      1.286
 166  150      6.644     -2.913      7.140
 147  145     -8.213     -8.288      4.153
 125   13    -11.021     -5.554     -1.804
 161  129      0.470     11.732     -5.058
  71  136     -6.198     -6.028      2.968
  33   64     10.660      3.507     -1.596
 115  120      5.334      5.730      6.711
 148  128      3.676      6.380      6.336
 167  173     -7.580      1.525      2.592
  89  170     -6.318     -6.631     -5.796
  86  153     -9.761     -3.761     -4.358
  29   24     -3.899     -9.043      1.864
 181  188      3.205      5.874     -9.260
 149  158     -5.371     -6.357     -1.147
 136  175     -2.394      2.636     -7.248
  -1   -2     -8.950     -2.967     -2.811
  81  163     -3.123      8.040      9.652
 129  199      2.027    -10.731     -0.308
 217  135      1.585     -2.047      5.861
 192   15     -5.114     -5.298     -2.708
 171  134      1.166      0.733      0.411
 169  178     -8.965     -3.721     -0.587
 123  164     -6.564      1.902      9.061
 154  147      8.890     -9.415      1.347
 134  189     -5.376      4.185      9.040
 182   55      0.881      0.257      7.366
 131  197     -4.569      5.410     -8.542
  -1  195     -1.899      5.838      6.931
 168  167      0.240    -11.303      0.802
  79  213      7.963      4.483      8.993
  39  214     -3.425     -1.481     -3.589
 163  177     -4.999     -3.601     -0.373
 107  176     -9.342      1.951     -5.984
 155  148      4.361      2.206      4.692
 160  179     -9.433      4.469     -8.571
 222  144     -4.866     -0.664      6.435
 173  190     -5.251     11.636      8.015
  -1  185      8.726     11.915     -5.304
 174   -2    -12.466     -9.421     -6.310
 133  133     -9.285     -1.492      1.130
 142  192    -10.737      9.574     -9.463
  52  160     -3.175      0.874      0.413
 144  102     -9.176     -1.203      3.985
  27  171      3.232    -10.286      3.072
 150  165     -2.118     10.636     -8.192
 189  186      6.114     -9.402      2.375
  -1   -2     10.177      4.126      4.798
 179   39     -2.488     -3.860     -0.568
 178  219     -8.851    -12.198     -9.144
 221   98    -11.165     -5.913     -3.981
 112  141     -1.038      2.888      6.864
 198  182    -10.414     -8.706      3.006
 153  194     -4.165      7.909     -3.731
  -1   -2     -8.358      0.388     -5.757
 193  180     -5.061      5.784      6.776
 196  191      7.589      1.339     -4.944
 121  184     -9.346     -9.722      5.780
  -1   -2     10.739     10.230      5.687
 191  206    -11.344     11.588     -6.117
  -1   -2    -11.190      5.237     -2.009
 162  217      9.706     -7.560      3.567
 194  221    -12.128      5.190     -6.185
  -1   -2     12.197      7.015     -1.171
  -1   -2     -7.339     11.179      6.380
  -1   -2     -9.247      6.198     -0.193
 202  210     12.887      5.082     -1.040
  -1   -2     10.903    -11.219      6.779
 206  156     11.649      1.993     -8.652
 204  209    -12.480     11.079     -2.776
  -1   -2      9.075      7.977      9.520
 187  212     -0.951      7.523      3.570
  -1   -2     11.802    -10.113     -1.077
  66    1     -0.913    -10.838     -6.745
  75   80     -8.104     -9.668      2.491
 122  215     -4.369      3.891     -9.134
  99  104      5.197     -7.244      3.029
 218   92     -6.153     -6.609      0.735
 215  100     -4.383      3.106     -0.798
 185  220     -2.963     -8.779     -2.683
 219  224    -10.696     -9.026     -4.799
 135  111      4.585      7.792      6.295
 211   -2      7.045     -3.986     -6.242
 164  218      0.891      0.989     -9.559
