219
  15    2      3.267     -1.676      2.104
  16    0      0.089     -0.896      4.995
   2   10    -10.661     -1.242      0.849
 170   29      0.470     -9.472      5.289
  12    5     -5.014     -3.603      9.536
   3   14      7.544     -6.994      1.772
  24    7     -8.973     -2.083     -1.743
   5   37     -9.978      2.150     -2.864
  18   13     -2.756    -10.181      7.860
   0    8     -9.241     -1.050     -0.444
  53   49    -10.151      2.202      3.661
  14   58      7.460      5.931      2.756
  89   16      2.388     -9.254     -4.206
  20    1     -4.858     -4.858      4.193
   9   25     -1.724      2.219     -6.615
  34    3      1.641     -6.840      1.024
  44   17     -6.742     -9.478      4.454
  41  164      4.875     -0.184     -5.270
  11   20      1.148     -6.669     -5.825
  28   15      4.215     -5.309      1.045
  26   35     -0.543     -8.632     -0.195
  22   11      3.115     -2.223      3.292
  49  103      3.853     -1.345      9.715
  33   48     -1.648      7.878      5.538
  52   27      7.773      9.720     -7.434
   6   62     -9.946     -2.040     -9.500
  29   28     -4.677      8.753      0.531
  91    4      3.312      1.866      3.668
 173  208      1.929    -12.041     -6.534
 172  169      7.103      0.077     -9.257
 183   88    -10.037      4.184     -1.553
  30   22    -10.433      0.905     -7.631
  25   63      3.718      4.200     -5.443
  -1   44      4.703      2.529      9.971
  43   99      4.021      6.777      9.979
  35   56    -11.450     -9.984     -1.153
  27   24     -5.921     -0.117     -9.136
  37   38    -11.657      7.462     -6.752
 104   19     -9.014      4.869     -0.474
  46  201     -2.846      4.535      9.962
 119   82      6.635      2.275     -3.027
 129   67      1.394     -5.360      1.449
  23   61      9.007     -7.874     -1.113
  63   42     -4.081      1.004      2.594
 125   71     -7.501     -2.978      2.067
  13   34      9.685      0.439      3.469
  47    6      6.126     -4.479     -4.870
 133    9     -6.211     -6.976      4.747
  74   12      3.170     -1.142     -7.953
  69   40     11.812      2.976      0.071
  55   76     -2.694      6.730     -4.425
  61   47      1.371     -1.466      1.083
  51   52     -6.051      9.081      5.820
  45   43      2.967      3.243      5.420
  42   26     -7.733     -8.233      6.344
  90  204     -3.115      2.913      5.168
  67   66      4.189    -10.668      9.636
  62   87     -1.464      1.502     -8.308
  66   69      9.465      3.504     -1.738
  94   18     -3.204    -10.851      7.855
  70   -2      8.323     -6.282     -9.735
  73   96    -10.595    -11.201      5.082
 101  146      3.624     -4.533      3.671
 175  121      5.540     11.142      0.087
  21   41      3.824      1.296      0.927
  59   64      2.630      7.585     -7.628
  71   74      1.066      5.340      6.382
  54   32     -2.877     -4.002     -5.955
 181   68     -9.922     12.017     -9.852
  85   53     -5.285     -7.480      6.724
 153   31      3.971     10.065      8.295
   7   30    -12.161     -8.239     -6.755
  81   83     -8.714     -8.765     -5.837
  86  113      3.490     -9.803      6.085
  57   39      9.747    -10.575     -6.807
  17   23     -5.619     -5.607     -6.171
  -1   54      2.032     11.233      7.046
 112  108     -0.200     -2.433     -1.504
  98  120      3.517      4.830     -7.655
 100   97     -3.495     -1.899      1.369
  -1   79      9.485     12.038     -7.450
 177   98     -5.355      6.528     -7.020
 122   91     -8.115     -5.779     -9.671
  76   51      0.505      2.270      5.516
  10  133    -11.033     -4.302     -1.957
  32  176     -8.036    -11.986     -5.730
 116   85      6.272     -3.067      1.444
 171  168    -10.873      4.873     -6.778
 115  114     -6.755      8.309     -4.271
  68  111     -9.038      5.580      8.384
  56   75     -5.028      5.511      9.180
 151   86     -8.346      0.621     -3.869
  96   80     -6.372     -6.685     -0.376
 145  123      2.491    -12.002     -5.954
 114   95     10.491     10.440     -4.934
  80   46      9.925     -2.385      0.608
 156  140      3.835      9.239     -9.453
  99  129     11.774      8.819      1.391
  83  131     -8.295      1.354     -5.089
 154  116     -4.639      6.976     -6.130
 108  112      2.470      8.417     -2.746
  -1   -2      0.003     11.042      1.952
 130  126      5.263    -11.445     -9.714
 106   72     -0.163      0.929      7.102
 134   93      6.938      2.304      3.645
  78   84     -2.078      4.319      3.711
  97   60      3.328      5.272     -9.174
  64   57      2.915      5.456      6.507
  -1   73     -2.381     -9.259     -1.454
 102  106     -6.501     -7.860     -0.918
  65  118     -3.935    -10.502     -2.095
 148   81     -1.763      3.107     -3.580
  31   33     -6.065     -2.728      3.071
  79  134      1.376     -0.953     -7.027
 164  101    -11.003    -10.686      2.344
 123  124      0.792      4.020     -3.654
 128  109     -2.048    -11.467      1.478
 118  136      9.177      9.423      7.764
 150  150      2.314      0.146      6.237
 107   94     -2.835     10.207      2.257
 166  156     -4.351     -4.950      4.411
 117  119     -3.492      7.858      5.532
  82  104    -10.923     -0.709     -5.407
 143  132     -3.986      9.917     -5.781
 141  166      6.731     10.943     -3.515
  48  125    -10.958     -7.414      3.450
 131  162     -1.288     -5.261      1.913
 110  130      0.776     10.359     -5.439
  39   55     -1.628     -1.156     -2.260
 152  110     -2.669     -0.006      0.055
 167  153     -4.801     -8.597      8.450
 111   90     -6.893     -8.784     -4.821
 113  128    -10.149      8.361     -1.664
  92   70    -10.503      6.281      5.238
 121  139    -11.984     -6.365     -4.156
 168   78      4.522     -6.727     -2.352
 140  149    -11.088      8.797     -2.725
 136  154     -2.328      4.083      9.885
 155  127     -9.926     -2.428     -2.568
 210  161      4.600    -10.604      9.745
 103   59      1.002     -7.169     -5.720
  -1  151      5.241     11.547      8.083
  77   -2      7.049     -3.027      8.910
 159  158     -1.829     -0.830     -2.353
 142  147     -5.682     10.676      8.275
  95  137      0.547     10.853      0.074
 165  102      5.557    -10.870     -8.506
 149  206     10.447      9.701      4.436
 144  159     -3.522     -9.858      8.826
  84  122     -7.534      6.032      3.305
 161  105     -1.921      4.055     -8.029
 147  163      3.193     11.083     -7.735
 158   -2      0.444      1.289      7.748
 169  170      4.339      9.377     -7.564
 138  100      3.335     -3.542     -7.157
 132   -2      6.060     -2.193     -2.467
 163  157      9.233     -4.982     -4.143
 196   -2     -5.566      6.157     -9.737
 162  160     -4.507     -2.688     -7.355
  -1   -2     12.261     -2.171     -1.618
 120  165     -5.863      7.179     -5.317
   4   -2      9.640     -6.709     -9.803
 139  173     -0.740      1.356      8.314
 135  141      4.373    -10.379      6.417
  -1  148    -10.049      3.853      1.784
 137  167     -3.869     -3.463     -7.855
  -1   -2      7.100      1.575      9.923
 208  144     -0.496     10.704      3.281
 209   36     -8.469      3.022     -3.606
  93  142      4.502     -3.350     -6.267
  -1   -2      2.754     11.372     -5.001
  58   50      2.535      1.056      8.175
  38  180      7.502     -3.669     -6.068
 124  205      5.299      1.609     -6.039
  19   65      2.077     -8.105     -9.930
 212  175      7.678      2.049     -0.135
  60   -2     -7.049      2.828     -3.636
 105  195      2.083    -10.882     -3.936
 157  177      0.772     -8.213      9.557
  -1  135      2.422     -9.303      1.585
 179   -2     -4.517      1.150     -2.004
  40  178      7.077      3.425     -8.967
 176   92      9.859     -4.632      4.534
  -1   -2     11.539     -2.824      2.889
  -1  174    -10.813     -8.617     -9.986
  -1   -2     11.455      4.254      3.607
  75   -2      7.510     -1.970      1.746
  -1   -2     10.636      1.229     -5.201
 146  152      2.784     -6.007      5.593
  -1   -2      3.414    -11.881     -2.341
 178  189      6.538      5.974      7.034
 189  209      9.982     -9.442      7.893
  87  203     -5.196      7.053      6.950
 191  211     12.556     -7.567     -0.283
 193  196    -11.963      5.600     -8.359
  50   -2      4.851    -12.470     -9.265
 192  197    -11.289     -4.782      4.666
  -1  155     10.699     11.897      4.347
 198   -2    -12.260     -1.822     -5.044
  -1   -2      4.476      3.817      4.483
  -1  185     -5.629      0.410     -7.104
 213   -2     10.531     -9.721     -0.223
 200   -2     -1.057      8.943     -3.296
  -1  181     -5.342     12.108      1.953
  -1   -2     11.043     10.824      1.109
  -1   -2     -0.796    -11.811      7.580
 203  212    -10.322     -3.972     -0.135
  -1   -2    -10.514      2.418      1.768
  -1   -2     12.730     11.419     -0.378
   1  199     -6.523     -2.913     -8.518
  72  202      6.946      3.466     -0.120
  88   -2     -5.039    -11.879      3.869
 160  207      2.015     -7.484      6.313
 206  171      5.268    -11.147     -3.498
 185  186      0.559     -8.399     -7.768
 190  210    -12.676      7.145     -0.747
   8  200     -8.154      2.803      8.036
 215  183     -2.956     -8.414      1.013
 216  213    -12.865      1.260     -3.566
