248
   1     5.693    -4.300     6.772  174  162  179   -1
   2     0.917    -9.348     7.131  241  225  247   -1
   3     3.132    -1.785    -1.694  148  138  152   -1
   4    10.663    -1.894    -1.890  149  140  154   -1
   5     0.520    -3.408     4.176  160  149  165   -1
   6    -4.497     1.484     3.421  110  102  110   -1
   7    -3.928    -0.672     3.786  133  125  138   -1
   8     1.277   -11.526     1.004  272  252  278   -1
   9   -12.001     2.278    -3.029  102   95  104   -1
  10   -10.499    -3.899    -3.158  168  155  170   -1
  11     7.561    -6.965    -5.646  197  184  209   -1
  12     0.558   -11.197     5.202  271  250  273   -1
  13     4.353    -7.948     7.172  217  199  224   -1
  14     5.795    -3.213    -5.838  156  147  163   -1
  15     8.944     5.219     5.398   65   62   70   -1
  16     0.700    10.228     6.103    7    7   11   -1
  17    10.035    -7.544    -6.575  203  190  218   -1
  18    -3.281   -10.060     5.385  250  233  256   -1
  19    10.571    -0.479    -4.909  130  122  135   -1
  20     0.466     3.079    -8.646   97   90   98   -1
  21    -4.432    -7.289     6.923  211  194  214   -1
  22    -1.186    -9.525     4.886  244  227  248   -1
  23    -6.671    -3.540     9.343  163  152  167   -1
  24     5.752   -10.295    -0.295  248  234  258   -1
  25     0.289     1.033    -3.739  115  107  115   -1
  26    -7.371    -9.871     2.464  249  229  251   -1
  27     6.489    -8.973     0.697  229  214  240   -1
  28     8.711     1.081     2.280  114  106  114   -1
  29     0.378     0.153    -9.982  126  118  129   -1
  30     6.707     6.474    -8.927   53   53   55   -1
  31     5.140     4.265    -6.625   77   74   84   -1
  32     3.973     5.561    -0.086   60   59   67   -1
  33   -10.935    -9.516     3.063  246  226  244   -1
  34    -0.962    -9.030    -5.655  230  211  235   -1
  35    -6.056    -2.307    -8.737  152  142  156   -1
  36    -2.613    -6.332    -0.914  192  179  201   -1
  37     1.806     4.608    -9.950   74   71   81   -1
  38     9.959     3.161    -2.439   91   84   93   -1
  39    -8.651    -6.298    -8.668  188  173  193   -1
  40    -6.600    -5.886    -1.894  184  171  187   -1
  41   -11.892     6.130     2.186   48   54   63   -1
  42     4.083    -8.502     3.890  223  207  232   -1
  43     4.754    -2.786    -6.228  154  145  159   -1
  44     5.068     7.090    -2.768   43   42   47   -1
  45    10.872    -4.404    -6.768  172  160  177   -1
  46    -1.320   -11.945    -8.466  273  251  277   -1
  47    10.867     0.867    -4.524  118  109  117   -1
  48    -1.859     8.677    -9.888   24   25   29   -1
  49     1.268    -1.029     1.499  139  130  143   -1
  50    -0.398    -7.504     6.056  212  197  219   -1
  51     1.834     0.826     2.362  119  110  118   -1
  52    -9.913     2.104    -3.108  104   97  107   -1
  53    -9.900    -0.489     0.678  131  123  134   -1
  54    -9.971     7.797     5.456   27   32   41   -1
  55    -7.957    -6.196     4.780  194  180  198   -1
  56    -1.001    -5.384     9.385  179  167  186   -1
  57     0.349     2.021    -9.930  108  100  108   -1
  58     4.533     1.997     2.911  107   99  105   -1
  59    -1.316   -10.443     1.901  256  237  259   -1
  60   -12.384     1.400    -4.894  111  104  112   -1
  61    -4.962   -10.843    -5.423  262  238  260   -1
  62    -3.629    -6.397     6.787  196  181  203   -1
  63    10.199    -8.261     5.748  219  204  231   -1
  64     4.198     2.982    -3.238   98   91   99   -1
  65    -6.611    -7.749    -3.421  213  196  216   -1
  66    -8.838     5.151     3.602   63   64   73   -1
  67    -9.834    -2.107    -3.162  150  141  155   -1
  68     1.168     8.173    -9.704   31   34   39   -1
  69     4.929    -7.554    -5.074  206  193  215   -1
  70    -4.532    -1.723    -6.835  147  137  151   -1
  71   -11.897     9.566    -7.106   14   14   22   -1
  72     5.958   -11.506    -4.140  270  249  274   -1
  73    -1.000     6.334    -8.779   55   55   61   -1
  74    -8.721     2.966    -3.273   95   92  101   -1
  75    11.016     6.531    -7.031   52   48   54   -1
  76    -5.187    -1.561     8.784  146  136  150   -1
  77     4.577    -0.731    -1.837  134  126  139   -1
  78     2.391    -8.253    -9.253  215  198  223   -1
  79     1.305   -11.686     6.816  276  254  281   -1
  80    11.078    -3.035    -9.454  155  146  161   -1
  81    -2.254     2.954     2.796   96   89  100   -1
  82    -1.887    -9.259     8.623  242  223  246   -1
  83   -12.178     6.965    -0.770   40   44   52   -1
  84     8.200    -2.349    -9.072  151  143  157   -1
  85    -8.710     0.728    -4.259  121  112  120   -1
  86    -0.739    -8.977     4.143  234  216  239   -1
  87    -6.953   -10.688     2.339  267  240  261   -1
  88    -2.216     5.417     5.079   59   60   69   -1
  89    -8.395     7.069     8.961   36   39   48   -1
  90    -6.117     9.623     4.643   12   11   16   -1
  91    -9.260   -11.306     7.303  275  253  269   -1
  92   -10.320    -6.672     1.504  199  183  204   -1
  93     8.754    10.461     1.468    9    5    9   -1
  94     3.425    10.252    -0.776   10    9   12   -1
  95     1.512    -9.364    -3.665  235  219  243   -1
  96   -10.988    -6.403    -9.338  193  175  194   -1
  97   -11.186   -10.663    -4.210  264  236  257   -1
  98    12.304     3.152    -5.346   94   86   94   -1
  99     4.591     7.672    -0.062   35   35   40   -1
 100    -5.877     9.771    -1.114   13   12   17   -1
 101     4.580   -10.635    -5.343  251  235  262   -1
 102     9.433   -11.013     6.688  269  248  275   -1
 103    11.761    11.501    -7.248    4    4    6   -1
 104     8.099     5.783    -2.868   58   58   65   -1
 105     4.761    -6.562     1.150  195  182  205   -1
 106    -2.867     9.966     8.299    8    8   14   -1
 107     3.251    11.077     8.068    2    3    8   -1
 108   -11.075    -5.706    -6.481  182  166  185   -1
 109    -0.277     2.774     0.500  101   93  102   -1
 110     5.450    -5.950     2.754  183  172  196   -1
 111    12.064     9.217     1.688   17   15   18   -1
 112     4.201     6.913     4.996   44   41   49   -1
 113    10.392    -8.571     4.705  221  210  236   -1
 114    -0.960    -0.163     2.180  129  121  133   -1
 115     4.930     3.537    -6.263   84   79   89   -1
 116     3.295     9.574    -8.796   15   16   20   -1
 117    -4.505     8.431    -2.039   23   24   32   -1
 118     6.893   -11.082     2.435  268  247  272   -1
 119    -0.317    -4.495     8.861  177  165  182   -1
 120     4.319     3.172     5.690   88   83   92   -1
 121    -0.925     7.130     7.653   39   38   45   -1
 122    11.505    -8.540    -7.275  218  202  230   -1
 123    -4.298     0.100    -9.524  128  120  131   -1
 124    -6.309     0.488     2.071  123  114  124   -1
 125    -3.173     3.079    -5.505   92   88   97   -1
 126     2.679     8.079     9.465   26   23   28   -1
 127     6.941     6.579     4.819   46   45   51   -1
 128    -3.079     3.382    -3.344   86   81   91   -1
 129     9.159     9.104     2.170   18   17   19   -1
 130    10.695    -5.778    -2.449  180  169  191   -1
 131     6.963    -6.107     5.722  186  177  202   -1
 132     7.840     0.570    -0.298  122  113  122   -1
 133     1.693     5.264     7.517   62   61   71   -1
 134    -7.396     3.153    -2.716   89   85   96   -1
 135     4.228    -9.213     3.790  236  221  245   -1
 136     3.417    -0.901    -7.996  136  129  141   -1
 137    -8.729     0.131    -0.141  127  119  130   -1
 138    -6.673     3.963    -9.768   82   77   87   -1
 139     8.170     1.643    -4.941  109  101  109   -1
 140     4.250    -3.592    -8.880  161  150  166   -1
 141   -10.398     4.106    -9.200   80   76   86   -1
 142    -9.182   -10.038     3.415  253  232  254   -1
 143    11.766   -10.991     0.936  259  246  271   -1
 144    -8.983    -1.594    -1.901  145  135  149   -1
 145     2.657    -0.794     6.943  135  127  140   -1
 146     5.352    -1.405     5.870  143  132  146   -1
 147     7.618    -5.556     8.039  181  170  188   -1
 148     2.581     5.847     3.967   57   57   64   -1
 149    -2.911     6.498    -9.343   49   50   59   -1
 150     4.529    -1.220     5.701  141  131  145   -1
 151    -1.054     7.987     0.609   30   30   38   -1
 152    -3.835    -9.275    -0.510  238  220  241   -1
 153    11.269     4.283    -3.868   78   73   83   -1
 154   -10.923     8.633    -2.273   19   21   30   -1
 155     3.041    -4.347     8.041  176  164  180   -1
 156    -0.060    -1.484    -4.349  144  133  147   -1
 157    -5.900    -8.958    -9.942  228  205  227   -1
 158   -10.263    -3.289     3.498  159  148  164   -1
 159    -6.185     7.103    -3.981   41   43   50   -1
 160     1.855     7.182     8.955   38   37   44   -1
 161   -10.535     0.316    -6.946  125  117  127   -1
 162    -4.457    -6.285    -0.141  191  178  199   -1
 163    10.556    -4.217    -6.709  170  159  176   -1
 164    -6.819    -8.780    -1.554  231  209  229   -1
 165     3.870     7.731     8.698   33   31   37   -1
 166    -0.651    -3.711     0.472  164  153  169   -1
 167    -7.589    -7.029    -7.499  201  185  206   -1
 168     7.318   -11.027    -1.441  261  243  268   -1
 169   -11.687    -8.250     1.116  224  201  222   -1
 170     4.880   -10.997    -8.037  257  239  263   -1
 171     4.951    -9.629     8.193  245  228  255   -1
 172    -9.728     4.022    -1.294   79   75   85   -1
 173    -9.457     8.461    -0.993   22   22   34   -1
 174    -7.013     8.841    -7.059   20   20   26   -1
 175    -5.831    -9.169     6.261  240  222  242   -1
 176   -11.612     6.725    -7.098   45   46   57   -1
 177    -7.283    -7.135     2.844  205  189  211   -1
 178    -0.695    -7.480    -5.112  207  191  213   -1
 179    -1.973     3.513    -0.205   83   78   90   -1
 180    -2.764     5.074    -9.020   67   66   75   -1
 181    11.101    -7.801    -9.841  208  195  221   -1
 182    -5.660     8.233    -2.086   25   27   36   -1
 183    -1.788     4.801     2.285   71   68   77   -1
 184     5.714     4.934     1.469   69   65   74   -1
 185    12.218    -2.499    -5.378  153  144  158   -1
 186    -5.639    -6.055     7.088  190  176  197   -1
 187    -4.011    -8.982     1.679  233  215  237   -1
 188     0.150    12.214    -3.345    0    2    1   -1
 189    10.060     3.561    -8.407   85   80   88   -1
 190    -7.850     4.485     8.509   72   69   80   -1
 191    -5.822    -8.680    -9.470  225  203  226   -1
 192    -5.181     0.342    -8.787  124  116  126   -1
 193     8.394     7.617    -4.502   37   36   42   -1
 194    -2.998     8.624     9.973   16   19   25   -1
 195    -0.600    -7.322    -8.717  202  187  212   -1
 196    11.192     2.998     0.855   99   87   95   -1
 197    -1.801    -4.157    -6.865  171  158  174   -1
 198     0.027     6.424    -7.048   51   52   58   -1
 199     2.769   -10.771     4.891  265  244  264   -1
 200    -8.494    -9.443    -7.361  239  217  238   -1
 201    -1.149     5.025    -8.167   68   67   76   -1
 202     3.409     0.929     7.151  116  108  116   -1
 203    -5.867    -3.782     3.552  166  156  172   -1
 204     0.160    -9.824    -5.957  243  224  249   -1
 205     7.019   -10.962    -1.097  263  242  265   -1
 206     9.447     8.208    -8.224   34   33   35   -1
 207    -3.724    -8.772    -3.561  227  206  228   -1
 208     3.135     6.449    -8.115   54   51   56   -1
 209    -3.444    -0.584     4.045  132  124  137   -1
 210    -1.141    -8.501    -7.386  220  200  225   -1
 211     5.529     1.459    -9.831  112  103  111   -1
 212     9.902     8.322    -7.894   32   28   31   -1
 213    -1.173     0.769    -3.635  120  111  119   -1
 214    11.948     8.424    -5.311   29   26   27   -1
 215    10.914     1.195     3.690  113  105  113   -1
 216    -0.579    -7.140    -9.833  200  186  208   -1
 217     8.942    -8.441     7.536  222  208  234   -1
 218   -10.487    -0.905     2.614  137  128  142   -1
 219    11.531    -6.199    -4.067  185  174  200   -1
 220    11.137     4.348    -4.073   75   72   82   -1
 221   -11.151   -10.069     1.268  254  231  253   -1
 222    -8.423     6.319     1.957   47   47   62   -1
 223     0.349    -3.894    -3.876  169  154  171   -1
 224     7.056   -10.765     6.306  266  245  267   -1
 225    -9.098     2.108    -7.938  106   96  106   -1
 226     6.410    -4.443    -2.256  175  161  181   -1
 227    10.903    -1.479     6.023   -1  134  148   -1
 228     2.381     9.197    -2.333   -1   18   21   -1
 229   -12.006    10.368     3.187    5    6   -1   -1
 230     2.739     2.145    -9.221  105   98   -1   -1
 231     5.153    12.053     0.940    1    1   -1   -1
 232    -4.254     4.610    -0.223   -1   70   79   -1
 233   -11.731    -1.833     2.236   -1  139  153   -1
 234    10.656     7.434    -5.413   42   -1   43   -1
 235   -13.213    -3.148    -2.881  157   -1  162   -1
 236    -6.617     2.515    -7.556   -1   94  103   -1
 237    -2.995    -8.830     3.024  232  213   -1   -1
 238     1.118    -1.108    -2.751  140   -1  144   -1
 239    -3.120     5.321    -3.880   64   63   -1   -1
 240     1.889    -3.666    -0.918   -1  151  168   -1
 241    12.416     6.605    -4.203   50   -1   53   -1
 242    12.661   -10.945     0.354  258   -1  270   -1
 243    -1.817     3.253    -0.146   87   82   -1   -1
 244   -12.226    10.222     0.504    6   -1   15   -1
 245     8.998    -8.672     6.874  226  212   -1   -1
 246    12.302    -5.594    -3.465  178   -1  190   -1
 247   -11.563    -7.016     6.590  209  188   -1   -1
 248    -8.666    -9.797     5.281   -1  230  250   -1
