219
   1     3.267    -1.676     2.104  139  119  142   -1
   2     0.089    -0.896     4.995  130  111  133   -1
   3   -10.661    -1.242     0.849  136  116  138   -1
   4     0.470    -9.472     5.289  220  187  219   -1
   5    -5.014    -3.603     9.536  166  141  165   -1
   6     7.544    -6.994     1.772  192  165  195   -1
   7    -8.973    -2.083    -1.743  147  124  146   -1
   8    -9.978     2.150    -2.864  100   84  104   -1
   9    -2.756   -10.181     7.860  229  194  226   -1
  10    -9.241    -1.050    -0.444  132  113  135   -1
  11   -10.151     2.202     3.661   98   82  101   -1
  12     7.460     5.931     2.756   58   48   57   -1
  13     2.388    -9.254    -4.206  215  183  216   -1
  14    -4.858    -4.858     4.193  175  149  174   -1
  15    -1.724     2.219    -6.615  101   83  102   -1
  16     1.641    -6.840     1.024  191  163  191   -1
  17    -6.742    -9.478     4.454  221  186  218   -1
  18     4.875    -0.184    -5.270  126  108  129   -1
  19     1.148    -6.669    -5.825  187  160  187   -1
  20     4.215    -5.309     1.045  178  152  178   -1
  21    -0.543    -8.632    -0.195  210  181  212   -1
  22     3.115    -2.223     3.292  149  127  149   -1
  23     3.853    -1.345     9.715  137  117  139   -1
  24    -1.648     7.878     5.538   41   34   41   -1
  25     7.773     9.720    -7.434   29   23   24   -1
  26    -9.946    -2.040    -9.500  145  123  144   -1
  27    -4.677     8.753     0.531   33   29   32   -1
  28     3.312     1.866     3.668  103   86  105   -1
  29     1.929   -12.041    -6.534  244  207  241   -1
  30     7.103     0.077    -9.257  123  105  126   -1
  31   -10.037     4.184    -1.553   72   64   80   -1
  32   -10.433     0.905    -7.631  119  100  119   -1
  33     3.718     4.200    -5.443   75   65   79   -1
  34     4.703     2.529     9.971   93   78   96   -1
  35     4.021     6.777     9.979   49   40   49   -1
  36   -11.450    -9.984    -1.153  226  189  220   -1
  37    -5.921    -0.117    -9.136  125  107  128   -1
  38   -11.657     7.462    -6.752   42   38   48   -1
  39    -9.014     4.869    -0.474   65   57   70   -1
  40    -2.846     4.535     9.962   68   59   71   -1
  41     6.635     2.275    -3.027   99   81   99   -1
  42     1.394    -5.360     1.449  180  153  179   -1
  43     9.007    -7.874    -1.113  199  171  204   -1
  44    -4.081     1.004     2.594  117   98  117   -1
  45    -7.501    -2.978     2.067  159  134  158   -1
  46     9.685     0.439     3.469  121  102  122   -1
  47     6.126    -4.479    -4.870  169  144  171   -1
  48    -6.211    -6.976     4.747  195  166  192   -1
  49     3.170    -1.142    -7.953  133  114  136   -1
  50    11.812     2.976     0.071   90   74   89   -1
  51    -2.694     6.730    -4.425   50   43   53   -1
  52     1.371    -1.466     1.083  138  118  140   -1
  53    -6.051     9.081     5.820   28   24   29   -1
  54     2.967     3.243     5.420   83   72   88   -1
  55    -7.733    -8.233     6.344  209  176  208   -1
  56    -3.115     2.913     5.168   88   75   92   -1
  57     4.189   -10.668     9.636  235  201  235   -1
  58    -1.464     1.502    -8.308  108   89  108   -1
  59     9.465     3.504    -1.738   82   70   85   -1
  60    -3.204   -10.851     7.855  239  202  232   -1
  61     8.323    -6.282    -9.735  183  156  186   -1
  62   -10.595   -11.201     5.082  242  203  234   -1
  63     3.624    -4.533     3.671  172  145  172   -1
  64     5.540    11.142     0.087   10    8   10   -1
  65     3.824     1.296     0.927  113   93  111   -1
  66     2.630     7.585    -7.628   44   37   46   -1
  67     1.066     5.340     6.382   63   53   65   -1
  68    -2.877    -4.002    -5.955  167  142  169   -1
  69    -9.922    12.017    -9.852    0    4    8   -1
  70    -5.285    -7.480     6.724  201  168  197   -1
  71     3.971    10.065     8.295   20   16   19   -1
  72   -12.161    -8.239    -6.755  204  172  201   -1
  73    -8.714    -8.765    -5.837  212  179  209   -1
  74     3.490    -9.803     6.085  222  190  224   -1
  75     9.747   -10.575    -6.807  224  192  228   -1
  76    -5.619    -5.607    -6.171  181  154  180   -1
  77     2.032    11.233     7.046    4    5    6   -1
  78    -0.200    -2.433    -1.504  151  130  151   -1
  79     3.517     4.830    -7.655   69   60   69   -1
  80    -3.495    -1.899     1.369  143  121  143   -1
  81     9.485    12.038    -7.450    3    3    2   -1
  82    -5.355     6.528    -7.020   52   45   54   -1
  83    -8.115    -5.779    -9.671  182  155  181   -1
  84     0.505     2.270     5.516   96   80   98   -1
  85   -11.033    -4.302    -1.957  170  143  170   -1
  86    -8.036   -11.986    -5.730  247  206  240   -1
  87     6.272    -3.067     1.444  158  135  160   -1
  88   -10.873     4.873    -6.778   66   58   72   -1
  89    -6.755     8.309    -4.271   38   33   38   -1
  90    -9.038     5.580     8.384   59   50   64   -1
  91    -5.028     5.511     9.180   61   51   63   -1
  92    -8.346     0.621    -3.869  120  101  120   -1
  93    -6.372    -6.685    -0.376  190  162  188   -1
  94     2.491   -12.002    -5.954  243  205  242   -1
  95    10.491    10.440    -4.934   22   18   18   -1
  96     9.925    -2.385     0.608  150  128  152   -1
  97     3.835     9.239    -9.453   32   26   30   -1
  98    11.774     8.819     1.391   35   27   28   -1
  99    -8.295     1.354    -5.089  110   92  112   -1
 100    -4.639     6.976    -6.130   48   42   52   -1
 101     2.470     8.417    -2.746   39   31   35   -1
 102     0.003    11.042     1.952    9    9   12   -1
 103     5.263   -11.445    -9.714  237  199  238   -1
 104    -0.163     0.929     7.102  118   99  118   -1
 105     6.938     2.304     3.645   97   79   97   -1
 106    -2.078     4.319     3.711   71   61   77   -1
 107     3.328     5.272    -9.174   64   56   68   -1
 108     2.915     5.456     6.507   62   52   62   -1
 109    -2.381    -9.259    -1.454  217  184  215   -1
 110    -6.501    -7.860    -0.918  203  170  199   -1
 111    -3.935   -10.502    -2.095  230  193  225   -1
 112    -1.763     3.107    -3.580   86   73   90   -1
 113    -6.065    -2.728     3.071  154  132  154   -1
 114     1.376    -0.953    -7.027  131  112  134   -1
 115   -11.003   -10.686     2.344  238  198  227   -1
 116     0.792     4.020    -3.654   78   66   82   -1
 117    -2.048   -11.467     1.478  240  204  239   -1
 118     9.177     9.423     7.764   27   21   23   -1
 119     2.314     0.146     6.237  122  104  125   -1
 120    -2.835    10.207     2.257   18   17   20   -1
 121    -4.351    -4.950     4.411  177  150  175   -1
 122    -3.492     7.858     5.532   40   35   43   -1
 123   -10.923    -0.709    -5.407  128  109  131   -1
 124    -3.986     9.917    -5.781   25   22   25   -1
 125     6.731    10.943    -3.515   16   14   13   -1
 126   -10.958    -7.414     3.450  200  167  196   -1
 127    -1.288    -5.261     1.913  179  151  177   -1
 128     0.776    10.359    -5.439   21   19   21   -1
 129    -1.628    -1.156    -2.260  134  115  137   -1
 130    -2.669    -0.006     0.055  124  106  127   -1
 131    -4.801    -8.597     8.450  214  182  213   -1
 132    -6.893    -8.784    -4.821  213  180  211   -1
 133   -10.149     8.361    -1.664   36   32   37   -1
 134   -10.503     6.281     5.238   51   44   55   -1
 135   -11.984    -6.365    -4.156  186  158  184   -1
 136     4.522    -6.727    -2.352  188  161  190   -1
 137   -11.088     8.797    -2.725   31   30   34   -1
 138    -2.328     4.083     9.885   73   63   78   -1
 139    -9.926    -2.428    -2.568  152  129  150   -1
 140     4.600   -10.604     9.745  234  200  233   -1
 141     1.002    -7.169    -5.720  193  164  193   -1
 142     5.241    11.547     8.083    2    2    3   -1
 143     7.049    -3.027     8.910  160  136  161   -1
 144    -1.829    -0.830    -2.353  129  110  132   -1
 145    -5.682    10.676     8.275    7   10   17   -1
 146     0.547    10.853     0.074   11   12   15   -1
 147     5.557   -10.870    -8.506  227  195  230   -1
 148    10.447     9.701     4.436   26   20   22   -1
 149    -3.522    -9.858     8.826  225  191  223   -1
 150    -7.534     6.032     3.305   54   47   59   -1
 151    -1.921     4.055    -8.029   77   67   83   -1
 152     3.193    11.083    -7.735   15   15   14   -1
 153     0.444     1.289     7.748  111   91  110   -1
 154     4.339     9.377    -7.564   30   25   26   -1
 155     3.335    -3.542    -7.157  163  139  164   -1
 156     6.060    -2.193    -2.467  148  125  147   -1
 157     9.233    -4.982    -4.143  174  148  176   -1
 158    -5.566     6.157    -9.737   56   49   60   -1
 159    -4.507    -2.688    -7.355  153  131  153   -1
 160    12.261    -2.171    -1.618  146  126  148   -1
 161    -5.863     7.179    -5.317   47   41   50   -1
 162     9.640    -6.709    -9.803  185  159  189   -1
 163    -0.740     1.356     8.314  109   90  109   -1
 164     4.373   -10.379     6.417  228  196  229   -1
 165   -10.049     3.853     1.784   76   69   84   -1
 166    -3.869    -3.463    -7.855  162  138  163   -1
 167     7.100     1.575     9.923  105   87  106   -1
 168    -0.496    10.704     3.281   12   13   16   -1
 169    -8.469     3.022    -3.606   87   76   91   -1
 170     4.502    -3.350    -6.267  161  137  162   -1
 171     2.754    11.372    -5.001    8    7   11   -1
 172     2.535     1.056     8.175  116   97  116   -1
 173     7.502    -3.669    -6.068  164  140  166   -1
 174     5.299     1.609    -6.039  107   88  107   -1
 175     2.077    -8.105    -9.930  202  169  202   -1
 176     7.678     2.049    -0.135  102   85  103   -1
 177    -7.049     2.828    -3.636   91   77   95   -1
 178     2.083   -10.882    -3.936  231  197  231   -1
 179     0.772    -8.213     9.557  206  178  210   -1
 180     2.422    -9.303     1.585  218  185  217   -1
 181    -4.517     1.150    -2.004  115   96  115   -1
 182     7.077     3.425    -8.967   84   71   87   -1
 183     9.859    -4.632     4.534  173  146  173   -1
 184    11.539    -2.824     2.889  155  133  156   -1
 185   -10.813    -8.617    -9.986  208  175  206   -1
 186    11.455     4.254     3.607   74   62   76   -1
 187     7.510    -1.970     1.746  144  122  145   -1
 188    10.636     1.229    -5.201  114   95  113   -1
 189     2.784    -6.007     5.593  184  157  185   -1
 190     3.414   -11.881    -2.341  241  208  244   -1
 191     6.538     5.974     7.034   57   46   56   -1
 192     9.982    -9.442     7.893   -1  188  221   -1
 193    -5.196     7.053     6.950   45   39   -1   -1
 194    12.556    -7.567    -0.283  197   -1  200   -1
 195   -11.963     5.600    -8.359   -1   54   67   -1
 196     4.851   -12.470    -9.265  246  210   -1   -1
 197   -11.289    -4.782     4.666  176  147   -1   -1
 198    10.699    11.897     4.347    1    1   -1   -1
 199   -12.260    -1.822    -5.044  142  120   -1   -1
 200     4.476     3.817     4.483   79   68   -1   -1
 201    -5.629     0.410    -7.104   -1  103  123   -1
 202    10.531    -9.721    -0.223  219   -1  222   -1
 203    -1.057     8.943    -3.296   34   28   -1   -1
 204    -5.342    12.108     1.953   -1    0    1   -1
 205    11.043    10.824     1.109   17   11   -1   -1
 206    -0.796   -11.811     7.580  248   -1  247   -1
 207   -10.322    -3.972    -0.135  168   -1  168   -1
 208   -10.514     2.418     1.768   92   -1  100   -1
 209    12.730    11.419    -0.378    6   -1    4   -1
 210    -6.523    -2.913    -8.518  156   -1  155   -1
 211     6.946     3.466    -0.120   81   -1   86   -1
 212    -5.039   -11.879     3.869   -1  211  243   -1
 213     2.015    -7.484     6.313  198   -1  198   -1
 214     5.268   -11.147    -3.498  236   -1  236   -1
 215     0.559    -8.399    -7.768   -1  174  207   -1
 216   -12.676     7.145    -0.747   43   -1   51   -1
 217    -8.154     2.803     8.036   89   -1   94   -1
 218    -2.956    -8.414     1.013  207  177   -1   -1
 219   -12.865     1.260    -3.566  112   -1  114   -1
