263
   1    -4.045    -4.848     6.363  186  172  191   -1
   2     7.302    -5.924     9.965  203  187  210   -1
   3    -7.720    -6.274     2.219  211  191  209   -1
   4     2.809    -9.511    -6.688  256  234  253   -1
   5     4.589   -10.648     8.180  270  249  271   -1
   6     3.776    -1.772    -9.680  151  143  154   -1
   7   -10.452    -3.598    -3.781  177  162  175   -1
   8     1.946    -0.709    -1.835  138  133  139   -1
   9     4.264    -1.996    -6.037  154  147  158   -1
  10    -8.489    -4.968    -9.690  185  171  190   -1
  11     3.346    -5.669     6.750  200  184  204   -1
  12     0.309    -1.305     3.746  146  139  148   -1
  13    -5.992    -2.529     3.075  163  152  163   -1
  14    -4.215     3.135     3.561   97   95  101   -1
  15    -9.886    -0.016     0.449  131  126  134   -1
  16    -0.830    -5.467     5.696  196  180  199   -1
  17     8.297    -3.568     7.358  176  163  180   -1
  18    -1.868    -4.151     9.088  182  167  186   -1
  19    -5.563    -0.729     8.491  140  134  141   -1
  20    -0.524    -9.113     4.742  259  235  252   -1
  21    -8.951     3.100    -3.708  100   97  106   -1
  22     0.293     4.435    -8.673   86   87   91   -1
  23    11.096     4.681    -4.152   83   82   85   -1
  24    -7.931    -9.019     1.805  258  230  250   -1
  25    -3.502    -5.631    -1.651  198  181  198   -1
  26    -5.314   -10.955    -6.947  271  245  268   -1
  27     8.100    -5.891    -7.331  197  183  205   -1
  28     4.445   -12.124    -8.219  284  260  283   -1
  29    -9.157    -1.206    -2.256  145  138  147   -1
  30    -1.471     7.434    -8.310   53   51   54   -1
  31     9.538     2.285    -3.487  110  105  110   -1
  32   -12.229     1.735    -5.630  114  110  117   -1
  33    11.133    -4.361     2.132  181  168  188   -1
  34    -7.085    -2.906     8.893  169  157  168   -1
  35     6.089     7.627    -7.586   50   48   51   -1
  36    -3.077    -8.022     8.422  240  217  234   -1
  37    -8.774     0.744    -0.283  125  122  129   -1
  38     4.027   -10.651    -5.662  269  243  267   -1
  39     1.967     7.372     8.000   48   46   49   -1
  40     5.639    -9.506    -7.247  255  233  254   -1
  41     3.357   -11.327    -9.644  272  247  272   -1
  42     1.457    -8.408     5.149  244  220  242   -1
  43     7.072    -6.572     7.239  215  198  216   -1
  44     5.698    -5.659    -6.409  191  179  201   -1
  45     9.016     9.719     6.406   23   16   18   -1
  46    -1.711    -6.610    -6.376  214  193  213   -1
  47    10.000     7.775    -5.385   49   45   47   -1
  48   -11.990     2.496    -3.584  106  103  109   -1
  49     9.057     0.766    -4.041  126  121  128   -1
  50     8.683    -5.324     4.220  189  176  197   -1
  51     4.818   -10.013    -6.272  262  239  261   -1
  52     3.763     7.980     0.999   45   44   46   -1
  53     4.267     5.115    -5.698   76   77   81   -1
  54     0.966     1.161     1.347  119  115  122   -1
  55    -8.106     5.162     8.575   73   75   79   -1
  56   -11.238    -8.915     2.323  257  229  245   -1
  57     8.340   -11.745    -2.966  280  259  282   -1
  58     8.384    -5.563     5.648  193  182  203   -1
  59    -6.834    -5.525    -2.751  195  177  195   -1
  60    -5.874    10.904     4.955    4    4    6   -1
  61   -10.021     8.407     5.433   38   39   43   -1
  62    -1.028    -3.187     8.572  174  159  172   -1
  63    -0.045    -7.263     6.742  223  205  224   -1
  64     7.135    10.446     5.755   16   10    8   -1
  65    -8.456     7.762     9.114   43   43   48   -1
  66     3.195     4.124    -2.607   89   89   92   -1
  67     4.805    -3.041     2.456  168  158  170   -1
  68     3.158   -10.436    -4.373  268  242  265   -1
  69   -11.114   -10.783    -5.305  273  244  264   -1
  70   -11.850     6.374     1.926   57   61   65   -1
  71     4.760    -7.003     0.075  219  200  219   -1
  72     3.279    -8.878    -9.782  245  218  244   -1
  73     9.628     0.453    -1.320  129  125  132   -1
  74    -8.238    -5.284     4.251  192  175  194   -1
  75    -3.731    -7.353     2.515  225  204  223   -1
  76     5.313     1.644     6.089  115  111  116   -1
  77     4.462     1.603     5.890  116  112  118   -1
  78     4.319     4.549     3.301   82   83   88   -1
  79   -10.031     2.300    -3.709  108  104  111   -1
  80     5.302    10.805    -8.389   18   13   13   -1
  81    -3.675     5.612    -3.795   68   73   76   -1
  82    -2.205     9.935    -9.031   22   22   25   -1
  83     1.732    -3.177     9.907  172  160  173   -1
  84     9.143    -8.270    -0.095  236  215  238   -1
  85   -12.179     7.076    -1.037   52   56   61   -1
  86    -3.740     0.969     3.694  124  120  127   -1
  87   -10.192     5.610    -9.794   70   74   77   -1
  88    -9.820     4.159    -1.547   88   88   93   -1
  89     1.653     3.000     2.453  101   98  104   -1
  90     2.515    11.329    -0.511    5    3    3   -1
  91     0.238   -11.438    -0.334  281  255  276   -1
  92    -9.917    -1.799    -3.701  153  145  155   -1
  93    10.001    -8.303    -0.668  237  216  239   -1
  94    -1.200    -0.820    -4.846  141  136  144   -1
  95   -11.690    10.660    -7.695   11   14   19   -1
  96    11.043   -11.699    -4.181  279  257  281   -1
  97    -2.444    11.222     8.659    0    1    2   -1
  98    -8.723     6.285     3.592   59   62   66   -1
  99     9.917     5.870    -1.132   67   69   68   -1
 100     2.924     0.543    -8.332  127  123  130   -1
 101     3.504     0.465    -1.748  128  124  131   -1
 102    -2.988     9.047   -10.025   36   35   38   -1
 103     4.006     8.121     6.077   42   40   42   -1
 104    -2.759   -11.922    -2.542  289  262  279   -1
 105     9.614    -6.521    -8.291  205  190  214   -1
 106    -6.154   -11.331     2.008  283  254  275   -1
 107    -2.017     6.910     5.763   54   55   58   -1
 108    10.577    -9.451    -8.108  254  232  255   -1
 109    -6.081     1.931     1.997  112  107  114   -1
 110     3.966     4.389    -5.456   87   86   90   -1
 111    -1.037     1.777     2.142  113  109  115   -1
 112    -4.978    -5.962     6.489  204  186  206   -1
 113    -9.690    -9.295     2.624  261  236  251   -1
 114    -0.822     1.512    -3.797  117  113  119   -1
 115    -5.662    -6.131     7.487  210  188  208   -1
 116     5.537     7.982     2.516   44   42   45   -1
 117     3.346    -1.490    -6.498  149  140  149   -1
 118     0.401    -1.740     0.935  152  144  156   -1
 119     4.428    10.482     3.654   15   11   12   -1
 120     7.610    -0.560    -9.032  136  131  138   -1
 121    -3.729   -10.951     3.575  278  250  270   -1
 122   -10.377    -6.313     0.701  213  192  207   -1
 123     0.609   -10.836     9.251  277  252  273   -1
 124    -0.051    -0.316    -2.917  133  127  135   -1
 125    -0.657     4.658     0.780   80   81   87   -1
 126    -5.804    10.579    -0.615   10   12   15   -1
 127     2.484    -2.227     7.841  156  148  159   -1
 128    10.354    -7.345     1.958  222  203  227   -1
 129     2.610     9.501    -8.819   27   27   29   -1
 130    11.741     9.063    -2.841   39   30   30   -1
 131    -9.515     8.637    -1.170   37   38   41   -1
 132    -3.273     1.118     4.012  121  117  125   -1
 133   -10.815    -5.180    -7.369  188  173  192   -1
 134     3.030    -7.082     3.348  221  202  221   -1
 135    -4.629     9.266    -1.424   26   26   32   -1
 136     9.232    -2.829    -6.741  165  156  167   -1
 137    10.269    -9.704    -1.183  260  237  260   -1
 138   -11.584     7.595    -7.608   47   49   53   -1
 139     3.832    -4.081     0.837  180  166  184   -1
 140     1.880     6.148    -9.374   64   65   69   -1
 141    -0.961    -8.802    -7.326  250  219  243   -1
 142     6.898     2.735    -3.976  105  101  107   -1
 143    -0.569     8.630     8.205   34   32   35   -1
 144    -7.680    -6.020    -8.570  202  185  202   -1
 145     8.999     5.746    -1.395   69   71   71   -1
 146   -12.139    10.335     0.329   12   15   20   -1
 147    10.564    -0.794    -9.317  139  135  142   -1
 148    -1.911     6.514     2.871   58   59   63   -1
 149    -6.761    -7.683     2.049  234  210  228   -1
 150    -7.704     3.395    -3.053   94   93   98   -1
 151     6.306    -3.416     7.989  175  161  177   -1
 152    -3.240     7.847    -9.143   46   47   50   -1
 153     2.844   -11.879     3.180  288  265  284   -1
 154    10.921     5.698    -6.727   72   72   73   -1
 155   -10.196    -2.537     3.095  164  153  162   -1
 156     5.419    11.953    -8.583    2    2    1   -1
 157    -7.157   -12.009    -9.753  287  258  277   -1
 158    -8.801     2.727    -6.537  104  102  108   -1
 159    10.226     6.490    -2.679   61   60   62   -1
 160     2.903     8.529     4.646   40   36   37   -1
 161    -6.088    -4.988     6.629  187  174  193   -1
 162     5.221    -1.637     6.800  150  141  152   -1
 163    -4.526     5.881    -0.064   63   68   72   -1
 164    -6.584    -7.996     5.977  239  214  233   -1
 165    -6.641   -11.815    -0.249  290  263  278   -1
 166    11.492    -6.493    -1.028  207  194  215   -1
 167     8.380     4.469     3.326   84   85   89   -1
 168     8.926    -2.678    -6.657  160  155  165   -1
 169    -4.847     2.020    -9.948  111  108  113   -1
 170   -11.324    11.349    -9.505    3    6   11   -1
 171    11.256    11.107    -7.780   14    8    4   -1
 172   -11.007    -9.971    -1.997  267  240  258   -1
 173     7.200     2.990    -0.002  102   99  103   -1
 174    -5.104    -5.512    -0.807  194  178  196   -1
 175    -1.079   -10.968    -0.015  274  248  269   -1
 176   -11.025     8.770    -2.565   30   37   40   -1
 177    -2.386    -2.413    -7.711  157  149  160   -1
 178    -0.085    -9.919     0.217  265  241  262   -1
 179    11.499    -6.595     3.054  212  197  217   -1
 180    -2.157     1.166    -3.883  120  116  124   -1
 181     5.967    -3.702     5.529  178  164  181   -1
 182    11.455    -2.489    -8.625  158  150  161   -1
 183    -7.555    -9.679     1.731  264  238  257   -1
 184    -0.693     7.011    -6.337   56   58   60   -1
 185    -3.722     3.739    -3.441   90   90   94   -1
 186     9.600    -4.092    -2.506  179  165  185   -1
 187    -1.440    -6.956     3.694  220  201  218   -1
 188    -5.809     8.821    -1.772   33   34   39   -1
 189    -2.263     4.698     3.187   78   79   86   -1
 190     0.232    -8.919    -5.018  252  225  247   -1
 191     2.417     1.317     7.166  118  114  120   -1
 192    -6.715    -7.746    -4.676  232  206  225   -1
 193    10.764    -0.687     3.207  137  132  140   -1
 194     0.682    -2.595    -1.345  161  154  164   -1
 195    -7.349     9.901    -7.151   21   20   26   -1
 196   -10.217     1.125    -7.929  122  118  126   -1
 197     3.242     3.093     7.531   99   94  100   -1
 198    -1.899    -7.601     4.585  231  211  229   -1
 199    -3.101     6.470    -9.090   60   63   64   -1
 200     3.245    -6.450    -6.108  206  189  211   -1
 201     5.735     3.293    -9.521   98   96   99   -1
 202   -11.741    -7.930     0.264  238  212  231   -1
 203     1.786     8.962    -0.354   35   31   33   -1
 204    -4.510    -8.680    -1.502  251  222  241   -1
 205    11.671    10.070    -5.804   24   19   16   -1
 206    -2.372     5.107     0.030   75   76   80   -1
 207    -4.866    -7.546     2.903  230  207  226   -1
 208    12.143     3.012    -3.059  103  100  102   -1
 209     0.313   -12.211    -9.337  285  261  280   -1
 210     1.312     9.813     1.461   20   17   22   -1
 211     3.190    10.621     9.514    9    5    5   -1
 212     3.775    -8.887    -1.299  253  228  248   -1
 213     8.821     9.376    -5.934   28   28   28   -1
 214    -1.623     6.104    -7.994   62   66   70   -1
 215     4.903   -11.908     2.040  286  264  285   -1
 216    -8.211     7.100    -0.032   51   54   59   -1
 217    10.450    -1.091    -4.737  144  137  146   -1
 218    -2.206     4.864     0.043   77   78   83   -1
 219     2.306     7.156    -6.563   55   57   57   -1
 220    -3.811    -7.822    -3.443  233  209  230   -1
 221     7.642     9.738    -2.906   25   21   23   -1
 222    -4.815    -0.429    -8.079  134  130  137   -1
 223     1.170     9.195    -9.696   32   33   34   -1
 224    -4.221    -8.678    -5.000  249  221  237   -1
 225     4.256    10.448     8.890   13    7    7   -1
 226    11.253    -4.525     1.899  183  169  189   -1
 227     2.663   -11.005     2.798  275  251  274   -1
 228     4.894     6.050    -5.539   65   64   67   -1
 229    -9.254     1.109    -1.032  123  119  123   -1
 230    -8.676    -4.419     9.005  184  170  187   -1
 231    -5.955     3.627    -3.732   93   92   96   -1
 232     9.892     4.749    -1.398   79   80   84   -1
 233     7.322    -8.369     7.503  242  223   -1   -1
 234   -11.877    -6.460     6.198  216  196   -1   -1
 235   -11.919    10.563     3.082    7    9   -1   -1
 236    11.555     1.926     9.448   -1  106  112   -1
 237    -2.384    -8.801     1.234   -1  227  246   -1
 238   -10.842    -2.788     1.465  166   -1  166   -1
 239    12.007    -6.987     1.217  218  199   -1   -1
 240     3.085    -7.408     8.435  226  208   -1   -1
 241    11.424    -1.591    -2.058  148  142   -1   -1
 242   -11.345    -0.372     0.863  135  128   -1   -1
 243    11.571    -7.990    -0.534  229   -1  235   -1
 244   -10.971     3.609    -3.036   92   91   -1   -1
 245    -2.034    -6.666    -8.789   -1  195  212   -1
 246     7.332     8.134    -1.562   -1   41   44   -1
 247    -1.929    -8.119    -7.012  235   -1  232   -1
 248     2.551    10.339    -7.184   19   -1   17   -1
 249     2.544     7.371    -6.995   -1   53   52   -1
 250    -0.175    -9.566     6.722  263   -1  259   -1
 251     5.202    -8.506     7.158  248  226   -1   -1
 252     4.708    -8.673     0.642  247  224   -1    0
 253     4.184     5.682     5.980   66   70   -1    0
 254    13.018    -3.266    -2.617  170   -1  174    0
 255     9.012     9.604    -6.740   -1   25   24    0
 256    -8.845     7.171     1.929   -1   50   56    0
 257    11.723    -1.856     3.674   -1  146  157    0
 258    10.248     9.890    -9.727   -1   23   21    0
 259    -6.604     7.316    -4.006   -1   52   55    0
 260    -5.099    -2.434     5.056  159  151   -1    0
 261    -9.876   -10.579     7.109  276  246   -1    0
 262    -9.306    -8.954     4.811   -1  231  249    0
 263   -13.048    -7.377    -0.974  228   -1  220    0
