239
   1     8.962    -1.355    -6.984  166  146  170   -1
   2   -10.975     2.288    -3.522  130  115  135   -1
   3     1.046    -8.345     0.063  240  220  254   -1
   4     7.403    -5.472     5.298  208  190  223   -1
   5    -8.654     3.639     3.496  113   94  115   -1
   6     3.781    -5.437     0.198  207  185  219   -1
   7    -7.380    -8.554    -9.012  241  218  251   -1
   8    -3.408     8.091     7.194   37   29   40   -1
   9     9.405     0.535    -9.911  150  130  154   -1
  10     9.147    -2.094     6.493  174  155  179   -1
  11    11.121    -0.989    -7.629  162  142  165   -1
  12    -9.482    -3.702    -2.070  187  166  194   -1
  13    -9.013    -4.090    -4.028  192  172  197   -1
  14    -7.145    -0.906     0.227  161  141  164   -1
  15    -9.220    -5.580    -6.321  210  186  217   -1
  16    -5.224    10.334    -7.549   19   12   22   -1
  17     1.673   -10.816     7.924  277  251  288   -1
  18    -2.657     7.415     3.971   45   36   49   -1
  19     7.368    -3.798    -2.596  186  167  196   -1
  20    -1.263   -10.751     9.583  278  252  287   -1
  21     0.417    -8.292    -9.839  238  217  249   -1
  22    -3.169    -4.504    -4.838  200  179  208   -1
  23     7.720    -6.453    -9.847  216  195  230   -1
  24    -9.931    -8.793    -0.817  248  224  256   -1
  25     0.381   -11.733    -7.866  282  254  290   -1
  26     3.492     5.819     0.935   78   61   77   -1
  27    -5.828    -8.449    -3.524  242  219  252   -1
  28     5.054     3.641    -5.062  115   98  114   -1
  29    10.375     3.582     1.911  116   96  112   -1
  30     3.549    -3.996    -3.144  189  170  198   -1
  31     2.168     6.915     5.369   58   45   58   -1
  32     7.323    -9.355    -0.967  250  231  266   -1
  33     2.132    -7.763    -7.076  235  214  241   -1
  34   -10.847    -5.431    -4.317  209  184  216   -1
  35    -8.788    -6.485    -2.597  222  199  229   -1
  36    -9.777    -2.290    -0.635  178  158  180   -1
  37   -10.631    -0.825    -5.350  160  140  163   -1
  38     3.657     7.008     0.082   60   47   57   -1
  39    -5.116    -4.099     3.207  194  174  202   -1
  40    10.505     1.586    -2.615  138  122  142   -1
  41     2.642    -4.285     5.041  197  178  207   -1
  42    -6.050     6.631     8.240   62   50   66   -1
  43    11.643     3.667    -6.956  117   97  113   -1
  44    -5.240    -8.247     4.903  243  221  253   -1
  45     1.946     5.687     2.870   79   64   79   -1
  46    -5.766     3.603     2.547  114   95  116   -1
  47     3.927     8.068     1.804   39   30   42   -1
  48     4.963     2.964     2.397  123  105  124   -1
  49     6.337     4.885     6.694   93   77   90   -1
  50     6.795     2.533     9.683  126  108  128   -1
  51    -0.078    -6.625     2.537  224  204  236   -1
  52    -6.634     4.279     5.868  103   83  103   -1
  53    -1.610   -11.023    -7.207  273  248  285   -1
  54    -3.646    -5.700    -6.968  212  189  220   -1
  55     0.905     1.439    -7.325  139  123  145   -1
  56   -11.521     7.244     0.603   47   40   59   -1
  57     9.959    11.057    -1.886   11    6    8   -1
  58    -0.382    -5.067     4.920  204  182  214   -1
  59    -5.977     7.070     1.414   53   43   62   -1
  60     2.638    -6.648    -2.599  220  203  234   -1
  61     7.530   -11.302    -1.879  276  253  289   -1
  62    -0.431     9.910    -9.275   23   15   24   -1
  63    -5.812    -0.109    -1.263  157  137  160   -1
  64    -7.132    -2.189     1.433  175  156  178   -1
  65   -10.711    10.425    -1.700   13   11   20   -1
  66    -5.256     8.056    -7.934   41   35   47   -1
  67    -5.846     7.477    -8.428   48   41   54   -1
  68     1.937     0.809     0.734  147  128  151   -1
  69     5.791    -6.318     1.238  217  196  231   -1
  70    10.560    -5.417     2.334  206  187  221   -1
  71     1.779    -4.074    -3.398  190  171  200   -1
  72     1.819    -8.054    -4.396  237  216  247   -1
  73     3.393    -5.644     4.788  214  194  225   -1
  74     7.932     0.506    -1.049  151  132  155   -1
  75     4.446     6.266     5.436   72   55   69   -1
  76     3.493    -8.741     2.944  246  226  259   -1
  77    -9.537    -9.415    -8.368  252  230  260   -1
  78    -2.180     2.476    -1.430  127  109  130   -1
  79     9.989     1.071     0.930  143  127  147   -1
  80    -6.523   -11.602     4.501  285  256  292   -1
  81     0.325    -3.096     4.001  185  164  191   -1
  82     7.446    -7.265    -2.007  228  209  240   -1
  83     3.167    -6.775    -9.939  218  202  232   -1
  84     8.204     4.136     4.550  107   85  102   -1
  85     1.185     4.841     2.239   98   79   94   -1
  86    -5.851     9.278     0.926   24   17   27   -1
  87    11.332     6.924    -2.315   64   49   56   -1
  88    -6.962    -1.540     5.264  168  148  171   -1
  89    -9.063     8.899    -5.907   28   25   37   -1
  90     5.733    -9.784    -2.208  257  233  271   -1
  91    -1.066     2.131     6.144  132  116  136   -1
  92     7.979    10.587    -4.338   18   10   12   -1
  93     9.395     1.871    -3.836  136  120  141   -1
  94    -3.737    -2.220     4.553  176  157  181   -1
  95    -6.654    -5.794    -2.013  215  193  222   -1
  96    -1.277    -2.526     9.523  180  160  183   -1
  97     2.556     4.397     6.985  101   81   99   -1
  98   -11.951     2.044    -6.739  133  118  140   -1
  99    -4.010     3.660     7.427  112   93  111   -1
 100    -3.267    -2.728    -8.209  181  161  185   -1
 101    -4.472    -1.316     8.675  167  147  169   -1
 102     7.489     7.123    -5.548   63   48   55   -1
 103     7.229    -4.863    -2.057  202  181  212   -1
 104    -1.307    -4.238    -7.456  193  173  203   -1
 105     7.213    -4.091    -9.686  188  169  199   -1
 106    12.108    -7.696    -3.010  232  215  245   -1
 107    -9.292    -7.009    -8.677  227  205  235   -1
 108     3.096     8.768     5.885   30   20   29   -1
 109    -7.704     5.623    -7.421   84   68   84   -1
 110     0.306     3.215     3.873  120  100  119   -1
 111     9.434   -10.357     5.126  265  245  286   -1
 112    -4.498     8.888     5.255   26   19   31   -1
 113     5.548     5.858    -7.913   81   66   78   -1
 114    -0.359    10.821    -4.339   12    7   11   -1
 115    -4.751    -2.765    -3.519  182  162  187   -1
 116    10.039     6.389     5.776   70   54   67   -1
 117    -8.560    -1.748    -3.975  172  152  173   -1
 118    -8.165    -7.085    -4.364  229  206  237   -1
 119     0.958     8.844    -4.889   32   27   34   -1
 120    -5.245    -1.248     0.046  165  145  168   -1
 121    -4.933     7.036     2.277   54   44   61   -1
 122     0.506     7.214     3.974   51   38   50   -1
 123     1.401    -8.729     1.230  245  225  257   -1
 124    11.641     5.124    -6.382   97   78   86   -1
 125    -4.315    -9.486    -4.001  254  232  264   -1
 126     6.746    11.210     4.326    6    3    5   -1
 127     9.399     4.924     6.447   94   74   87   -1
 128     8.662     4.904     5.998   95   76   88   -1
 129    -4.837   -10.892    -8.340  272  244  283   -1
 130    -6.352     2.771    -1.243  124  106  126   -1
 131    -4.647     6.279    -3.349   73   58   74   -1
 132     0.831     9.479    -9.002   25   18   26   -1
 133     5.180     5.588    -8.194   87   71   81   -1
 134     5.896     8.646    -0.633   36   28   33   -1
 135    -9.332   -10.865    -6.486  275  247  281   -1
 136    -1.455    -5.142     4.713  205  183  215   -1
 137    -6.211     6.142     7.809   69   56   72   -1
 138     4.704    10.576    -2.325   16    8   13   -1
 139    11.480     5.765     1.727   82   62   76   -1
 140     4.233    -1.159     1.177  163  144  167   -1
 141    -5.467   -10.177     9.748  270  246  278   -1
 142     9.678     3.235     2.079  121  102  117   -1
 143   -10.417     3.206     2.542  118  103  122   -1
 144     3.422     3.070    -2.412  122  104  123   -1
 145    -3.188     2.297     7.370  128  111  131   -1
 146   -10.756   -10.766    -5.767  274  243  277   -1
 147     0.615    -9.661     8.703  261  239  272   -1
 148     2.505     1.993    -1.024  135  119  139   -1
 149     3.751    -0.542    -7.374  158  138  162   -1
 150    -3.323     0.504    -6.374  152  131  156   -1
 151    -4.646     4.142     1.586  106   86  105   -1
 152     6.346     6.963     9.509   56   42   51   -1
 153    -3.391     0.252     0.022  156  136  159   -1
 154     4.130     5.385    -1.593   88   72   83   -1
 155     2.781     2.282    -1.263  131  114  132   -1
 156    -2.046     3.348    -5.117  119   99  118   -1
 157     1.932   -11.301     3.361  281  255  291   -1
 158     0.505     8.387     9.833   33   24   36   -1
 159     0.789    11.731     3.132    2    2    2   -1
 160     4.284    10.098    -6.656   21   14   21   -1
 161     3.418    -4.233     4.455  196  177  206   -1
 162     1.220     6.625     3.365   65   53   65   -1
 163   -11.866    -3.905     0.962  191  168  195   -1
 164    -6.559     4.128    -8.891  108   90  109   -1
 165     7.361     8.714     2.435   34   23   30   -1
 166     9.770     6.438    -8.312   74   57   71   -1
 167   -11.988     5.851    -6.765   77   65   80   -1
 168    -2.869    -9.539     4.229  259  234  269   -1
 169    -5.908    -4.238     4.233  198  176  204   -1
 170     6.707    -9.285    -8.127  247  227  261   -1
 171     1.822     8.107    -7.872   43   33   46   -1
 172    -1.773     2.041     1.621  134  117  138   -1
 173     6.904    11.595    -8.124    7    4    6   -1
 174     6.060    -1.640     1.122  169  149  172   -1
 175     0.700   -10.257     3.720  267  241  280   -1
 176    -9.605   -10.405    -0.470  269  240  276   -1
 177    10.380    10.199    -8.362   22   13   19   -1
 178    -3.180     9.139    -7.686   27   22   32   -1
 179     8.662    -1.881    -6.279  173  154  177   -1
 180    -5.230     2.657     6.238  125  107  127   -1
 181     9.016     6.182    -7.028   76   60   73   -1
 182     1.065   -11.892     4.386  286  262  297   -1
 183     4.192   -10.380     2.289  266  242  284   -1
 184    -7.406    -9.444     9.518  262  236  268   -1
 185     1.430     1.285     0.198  140  124  146   -1
 186    -8.494     5.186    -7.258   91   75   92   -1
 187   -10.876     5.536    -5.138   83   70   85   -1
 188    -9.549    -6.341     2.334  219  198  228   -1
 189     8.217    -5.913    -9.124  213  192  226   -1
 190     3.396     1.085     1.468  142  125  148   -1
 191    11.121    -1.729    -2.029  170  151  175   -1
 192    -7.366     0.338     1.698  154  135  157   -1
 193     1.693    10.661    -5.125   15    9   14   -1
 194     0.524    -4.142     6.214  195  175  205   -1
 195    -0.702    -3.012    -1.868  183  163  189   -1
 196     2.445     4.009    -2.590  110   91  107   -1
 197    -0.507     4.064     0.765  109   88  106   -1
 198     6.405     7.930     5.187   42   31   41   -1
 199    -5.517     5.204    -1.903   90   73   89   -1
 200     8.114   -11.473     8.610  283  257  295   -1
 201    10.415    -8.653    -2.905  239  223  258   -1
 202     1.803     8.502     5.437   35   26   35   -1
 203   -11.666    -7.133     2.303  233  208  238   -1
 204   -11.043     6.349    -9.050   71   59   75   -1
 205    -1.070     7.638    -6.540   46   37   48   -1
 206    -9.959     6.961    -7.598   59   52   68   -1
 207     9.107    -2.567     2.400  179  159  184   -1
 208     5.591   -12.095    -4.659  284  258  296   -1
 209     6.262     9.129    -4.604   31   21   28   -1
 210     5.034    -1.784    -0.366  171  153  176   -1
 211    10.251     7.909    -3.202   44   34   45   -1
 212    11.927    -9.754     0.253  255  235  275   -1
 213    11.092    10.974     3.823   10    5    7   -1
 214     0.745     4.165     7.592  105   84  104   -1
 215     3.300    -4.530     7.660  201  180  211   -1
 216     2.780     3.742     9.193  111   92  110   -1
 217   -10.918     9.833    -9.593   20   16   25   -1
 218    -3.549     4.557     9.070   99   80   97   -1
 219    -3.584     4.391     3.656  100   82  100   -1
 220   -10.694     1.572     3.077  137  121  144   -1
 221    -3.725     4.478    -7.127  104   -1  101    0
 222     0.909    -3.068     5.173  184   -1  190    0
 223     9.240     1.044     6.141  144   -1  149    0
 224    -1.589     0.826    -8.305  148  129   -1    0
 225     0.584   -12.492    -8.851  287  261   -1    0
 226    -1.169     6.902     6.448   55   46   60    0
 227    10.757    -7.643    -8.915   -1  211  242    0
 228    -2.774    -9.956    -4.611  260   -1  270    0
 229     1.622    10.686    -8.860   17   -1   15    0
 230     6.949    -7.570    -1.260  234  213  243    0
 231   -10.039   -12.500    -7.557   -1  263  293    0
 232     5.863     6.541     9.315   -1   51   64    0
 233    -2.629    -1.099    -6.343   -1  143  166    0
 234     4.607    -8.114     9.561   -1  222  255    0
 235    -2.665   -11.244    -1.977  280  250   -1    0
 236     9.072    -9.495     9.272   -1  237  273    0
 237    -4.155    -9.558    -2.780  256   -1  265    0
 238    -2.470    -8.775     7.356  249  228   -1    0
 239    -9.973     5.801    -2.034   75   63   -1    0
