232
   1   -11.858    -0.780    -3.831  133  126  136   -1
   2     3.951     5.111     3.138   71   75   73   -1
   3    -8.110    -4.690     9.297  178  167  184   -1
   4     6.854    -6.742     5.298  197  186  209   -1
   5    -0.739    -7.421    -1.166  203  191  215   -1
   6     2.250    -6.708    -0.426  196  184  208   -1
   7     8.091   -10.296    -0.746  228  214  242   -1
   8     2.480    -0.434     7.540  127  123  133   -1
   9     0.227    -3.864    -8.188  167  159  176   -1
  10     2.247    -0.016    -7.202  123  120  129   -1
  11    -7.063    -1.347    -2.969  144  136  146   -1
  12     5.000   -10.470     1.124  233  215  244   -1
  13    -6.824     0.207     0.126  119  117  125   -1
  14    -8.461    -8.709     4.755  222  203  226   -1
  15    -1.103     6.349     7.259   53   55   53   -1
  16    -0.263     0.125    -8.056  122  119  127   -1
  17     8.559     4.592    -9.285   79   84   82   -1
  18    -0.503    -1.133    -2.856  139  132  142   -1
  19    -4.880     3.133     0.202   90   93   94   -1
  20     0.030     1.467     4.136  103  104  111   -1
  21    -2.809     6.802     4.993   51   52   50   -1
  22    -1.015    -0.068    -2.546  125  121  131   -1
  23    -5.173     0.497    -5.169  113  114  120   -1
  24     0.581     2.667     1.327   94   97  101   -1
  25     1.808    10.260     8.018   18   18   18   -1
  26    11.232   -10.801     3.088  235  222  256   -1
  27    -2.240     2.664    -8.892   95   98  102   -1
  28    -0.474     6.927     6.694   49   51   49   -1
  29     3.757    -2.513     1.706  157  150  162   -1
  30   -11.383     4.801    -2.968   75   80   80   -1
  31   -10.440     2.850    -0.390   92   96   98   -1
  32     6.413    -6.668    -2.155  193  182  207   -1
  33    -7.164     6.306     1.939   54   57   59   -1
  34     7.242     4.457     1.204   78   83   81   -1
  35     7.023    -1.371    -5.602  143  137  148   -1
  36    -4.366    -8.849     0.771  220  204  228   -1
  37     7.638    -3.131    -0.197  160  152  165   -1
  38    -0.390    -3.477     5.460  165  158  174   -1
  39     4.638     8.553     6.985   39   40   34   -1
  40     9.690    -0.459    -5.175  128  124  134   -1
  41     3.527    -8.538    -8.315  212  200  225   -1
  42     7.978    -6.068    -9.671  184  172  196   -1
  43     4.244    -2.042     4.450  151  144  156   -1
  44    -0.522     3.918    -0.748   82   87   85   -1
  45    -3.112    -6.138     7.479  191  180  201   -1
  46     3.148    -5.586    -3.665  182  170  192   -1
  47     0.204    -8.808     4.005  219  205  230   -1
  48     3.197     1.213     0.976  106  107  112   -1
  49    -7.886     5.027    -5.888   72   79   78   -1
  50    12.011     1.438     1.647  105  106  110   -1
  51    -9.041     7.319     1.051   45   48   47   -1
  52   -12.260   -10.151    -5.913  231  210  237   -1
  53    -9.164     4.101    -8.762   81   86   86   -1
  54   -11.039     3.877    -6.106   83   88   87   -1
  55    -5.900    -5.835     3.596  186  174  194   -1
  56     7.188    10.224     8.007   20   19   16   -1
  57    -1.444     1.480     6.900  102  103  109   -1
  58    -2.067     9.373    -7.497   33   35   31   -1
  59   -11.369    -1.887    -6.190  149  142  154   -1
  60    -8.674     9.149    -4.786   32   37   37   -1
  61    -0.315    -2.273    -5.136  154  146  159   -1
  62    -2.036    -2.002     1.760  150  143  155   -1
  63    -4.124    -7.565     2.737  209  194  217   -1
  64    -0.822     5.440     9.022   64   69   67   -1
  65    -9.145    -3.972    -1.698  170  161  177   -1
  66     9.656   -11.140    -8.314  236  218  253   -1
  67    11.878    -6.204    -4.295  185  176  203   -1
  68     4.435    -4.220    -7.879  171  162  179   -1
  69     0.033    -3.413    -6.493  162  155  168   -1
  70     3.025    -3.056     2.270  159  151  164   -1
  71     3.994     1.114     1.049  107  108  113   -1
  72    -1.124   -11.117    -6.020  240  219  247   -1
  73     0.429    -1.635    -3.619  147  140  151   -1
  74    -8.912    -9.891     6.111  232  213  238   -1
  75    -8.458    -7.775    -3.188  210  195  216   -1
  76     4.249    -7.042     4.964  200  188  212   -1
  77     3.570    -8.752     6.525  218  206  232   -1
  78     0.198    -9.999     0.477  227  211  239   -1
  79     9.346     2.845     6.013   93   95   97   -1
  80     8.325     9.230     4.259   34   32   26   -1
  81    -7.536    11.600    -7.103    8   13   11   -1
  82     7.454     6.018    -5.715   63   65   62   -1
  83    11.946     5.354    -1.654   69   72   68   -1
  84     0.387   -10.783     2.418  238  220  246   -1
  85    -2.375     9.389     4.371   29   30   29   -1
  86     1.537     8.585    -5.715   41   44   39   -1
  87     0.387    -1.134     7.799  141  133  144   -1
  88    -4.674    -0.396    -6.120  126  122  132   -1
  89    -6.555     5.832     2.185   60   66   64   -1
  90     6.199    11.402     8.819   10    8    3   -1
  91    11.144    11.201     2.150   13   12    6   -1
  92     2.207    -6.049     1.148  187  175  197   -1
  93     4.726    -2.387     1.779  155  148  160   -1
  94     1.282    -4.692     3.424  177  166  185   -1
  95    -4.404    -1.131    -2.405  140  131  141   -1
  96     7.678    -9.603    -5.075  224  209  236   -1
  97     5.261    10.880    -5.558   16   17   13   -1
  98    -4.961    10.179     5.780   17   21   21   -1
  99   -10.130    -6.210     2.302  192  177  198   -1
 100    -7.562     3.474     0.319   87   90   90   -1
 101    -5.909   -11.641    -2.932  251  229  257   -1
 102    -5.359     9.386     8.399   25   27   28   -1
 103     9.187   -11.428     6.679  247  231  266   -1
 104    -8.343    -8.343    -3.134  214  199  223   -1
 105    -2.300     5.512    -3.657   65   70   70   -1
 106    -4.238   -12.104    -5.852  255  232  263   -1
 107     3.604     0.578    -5.459  112  113  119   -1
 108     9.038     2.312    -7.389   99  100  106   -1
 109    -5.191    -7.160     2.243  202  189  211   -1
 110    -3.083     0.329    -3.984  116  116  123   -1
 111    -0.378    -0.862    -5.123  134  127  137   -1
 112   -11.184    -1.225    -7.995  142  134  143   -1
 113   -11.220    10.605    -4.930   15   22   23   -1
 114     3.188    -4.187     0.455  172  163  180   -1
 115    -8.368     7.151     5.685   48   49   48   -1
 116    -5.618     0.389    -1.746  115  115  122   -1
 117    -2.667    -6.220     3.295  190  179  202   -1
 118    -0.713    10.190     5.893   19   20   20   -1
 119     1.653     5.912     9.023   58   62   61   -1
 120    -4.937     3.255     3.696   88   91   92   -1
 121     5.814   -11.223    -6.814  237  223  254   -1
 122     7.930     8.757     9.984   37   34   30   -1
 123    11.908   -10.535     0.581  229  216  249   -1
 124    -8.795    -8.313    -9.895  211  198  221   -1
 125     8.436     7.574     3.484   46   47   44   -1
 126    -4.145    -3.330     0.406  163  156  167   -1
 127    -1.470    11.453     9.009    4    5    5   -1
 128     9.867    -9.212    -0.482  221  207  235   -1
 129     7.082    11.065     3.058   12   15    8   -1
 130     6.170    -7.664     3.736  208  197  220   -1
 131     0.868    -0.953     7.616  137  130  138   -1
 132     9.877     4.596     6.046   76   81   79   -1
 133    11.457    -0.986    -7.801  136  129  139   -1
 134     3.735     8.056    -1.673   44   46   41   -1
 135   -11.629     5.861    -4.249   62   68   66   -1
 136   -11.526    -5.535     1.034  183  171  190   -1
 137     2.273   -11.189    -7.141  239  221  250   -1
 138    -7.411   -10.830     7.489  246  224  248   -1
 139    -6.199   -11.450     8.545  254  233  261   -1
 140    10.065     1.715    -6.373  101  102  108   -1
 141     1.903    -6.586     2.000  194  183  205   -1
 142     8.259     8.544     1.252   40   42   38   -1
 143     1.321   -11.536    -2.642  248  227  260   -1
 144     2.647    10.333    -7.696   22   25   22   -1
 145     2.287     0.911    -4.161  109  111  116   -1
 146    -0.937     4.620    -5.793   77   82   83   -1
 147   -11.280    11.512    -5.822    6   14   12   -1
 148     7.361     5.220     4.461   68   74   72   -1
 149     5.105     5.479    -7.782   67   73   71   -1
 150    -7.925    -9.163     4.883  226  208  233   -1
 151     5.888   -11.401    -4.183  243  226  259   -1
 152    -9.126     0.961    -8.808  108  110  115   -1
 153   -10.773    -1.768    -6.048  148  141  152   -1
 154    -8.078     3.151   -10.000   91   94   95   -1
 155     8.526    11.475     8.982    9    4    1   -1
 156    -3.945    -6.559     1.429  195  181  204   -1
 157    10.066     5.049    -1.316   74   76   74   -1
 158     4.176     5.300     3.209   66   71   69   -1
 159     3.227    -1.558     4.547  146  139  150   -1
 160     8.897    -8.802    -1.167  215  202  231   -1
 161     5.191     6.177    -3.455   59   63   60   -1
 162    10.158     9.332    -0.708   35   33   27   -1
 163     8.536    -6.857     3.943  198  187  210   -1
 164    -2.629   -12.272    -7.474  256  234  265   -1
 165    -6.141    -5.241    -6.606  180  169  187   -1
 166     7.254     1.733     1.390  100  101  107   -1
 167    10.614    -4.799    -8.409  175  165  186   -1
 168     0.728     8.052     4.892   43   45   40   -1
 169    10.208     8.674    -2.205   42   41   36   -1
 170     3.827     6.666     2.786   52   54   51   -1
 171     4.645    -7.361    -3.305  201  190  214   -1
 172     1.325     6.247     7.019   56   56   56   -1
 173     7.904    -2.164    -8.676  152  145  157   -1
 174     9.527    -3.283     1.059  161  154  169   -1
 175     8.598    -0.511    -7.111  129  125  135   -1
 176    -3.549    -7.257     4.847  204  192  213   -1
 177     3.646    -7.397     5.747  205  193  219   -1
 178     7.774   -12.155    -9.810  249  230  267   -1
 179    -8.423    -1.414    -0.986  145  138  149   -1
 180     1.566     6.353     0.197   55   58   57   -1
 181     0.811     0.222    -9.546  118  118  124   -1
 182     6.302    -2.438    -0.087  156  149  161   -1
 183    -3.302    -2.275    -5.776  153  147  158   -1
 184     3.626    -4.040    -6.817  169  160  178   -1
 185     3.285     9.055    -5.063   38   38   33   -1
 186    -3.511   -11.521    -0.938  250  228  258   -1
 187    -0.188     3.187     3.285   89   92   93   -1
 188    10.824    -7.778    -1.363  206  196  222   -1
 189   -10.683    11.712     2.776    0    7    7   -1
 190     0.047   -11.196     0.138  245  225  255   -1
 191    -8.764     3.499     8.556   84   89   88   -1
 192     3.324   -10.240     8.538  234  217  243   -1
 193     1.664     9.731    -2.376   28   28   24   -1
 194    -7.438    -6.887    -2.596  199  185  206   -1
 195     0.958     6.105     9.068   57   61   58   -1
 196    -8.275    10.714     2.917   11   16   17   -1
 197    -7.261     5.142    -6.976   70   77   77   -1
 198    -2.268     8.798     4.277   36   36   35   -1
 199    -6.840     0.667     9.579  111  112  118   -1
 200     8.220    10.492    -3.814   21   23   19   -1
 201     6.958     2.362     7.985   97   99  103   -1
 202     2.185    -4.412     9.109  174  164  183   -1
 203    -4.012     5.950    -2.872   61   64   63   -1
 204     6.344     9.608    -4.201   30   31   25   -1
 205    -0.953    -6.144     1.750  188  178  199   -1
 206     3.256    11.959    -1.087    5    3    2   -1
 207     6.666    -5.211    -9.365  179  168  188   -1
 208   -12.625     9.537    -2.249   27   29   32   -1
 209   -12.401    11.952    -7.867   -1    9    9   -1
 210   -13.011    -3.574    -3.830  166   -1  171   -1
 211    10.571    11.327     5.276   -1   10    4   -1
 212   -10.830     1.417     5.937  104  105   -1   -1
 213     7.977     9.815     5.381   26   26   -1   -1
 214     6.058     7.370    -7.911   -1   50   46   -1
 215   -12.355   -10.692    -0.232  242   -1  241   -1
 216     6.062    -5.985    -5.368   -1  173  195   -1
 217   -11.581     2.496    -3.570   96   -1  105   -1
 218    10.983    12.106     0.921    3    2   -1   -1
 219     8.292    11.135    -3.608   14   -1   10   -1
 220     3.684    11.841     8.391    1    1   -1   -1
 221    -7.071     0.872     4.128  110   -1  117   -1
 222    -4.831     0.469     7.267  114   -1  121   -1
 223     1.162     0.998    -1.441   -1  109  114   -1
 224    -6.512    -0.906    -9.750  135  128   -1   -1
 225     0.741     0.186     6.161  120   -1  126   -1
 226     3.320    -3.459    -2.223  164   -1  172   -1
 227    11.307    -1.129    -5.893  138  135  140   -1
 228     4.628     4.171     7.467   80   85   -1   -1
 229   -12.830   -11.381    -0.736  252   -1  251   -1
 230    -4.437     5.828    -0.532   -1   67   65   -1
 231    -9.064     3.476     2.517   86   -1   89   -1
 232    10.404     6.094     9.413   -1   60   54   -1
