235
   1    -3.277    -6.281     9.792  200  180  201   -1
   2     4.404    -2.086    -3.033  158  140  158   -1
   3    -2.113     1.161     2.428  117  104  117   -1
   4     0.761    -5.112    -4.282  187  168  190   -1
   5    -9.650    -4.393     6.450  184  165  184   -1
   6    -6.626    -2.979     5.602  168  150  169   -1
   7     9.022     0.132    -0.966  134  118  132   -1
   8     2.762     4.606    -6.019   90   76   82   -1
   9    -5.206    -9.220    -4.569  227  202  229   -1
  10    -9.507   -10.420     6.280  246  224  248   -1
  11     9.389    -9.693    -6.515  228  206  238   -1
  12     0.668    -9.910    -4.652  233  210  240   -1
  13    -2.358     6.246    -7.799   62   56   62   -1
  14    -6.667     3.610    -5.556   96   85   95   -1
  15    -2.442    10.884     7.709   14    9   12   -1
  16   -12.027    -2.208    -6.405  161  143  160   -1
  17     3.133    -7.298    -6.895  205  186  211   -1
  18     3.775    -0.231     0.733  139  124  138   -1
  19   -11.999     0.909    -4.563  119  108  121   -1
  20    -7.127    -6.082    -2.646  197  176  197   -1
  21     6.655     0.756    -1.139  125  110  123   -1
  22    -1.941    -0.388    -3.001  142  126  140   -1
  23    -6.804   -11.223    -6.683  247  225  255   -1
  24    -1.635    -7.034    -5.998  204  184  206   -1
  25    -9.590     4.486     6.215   82   73   87   -1
  26     2.944    -1.286    -3.067  150  132  148   -1
  27    -7.652     1.267     6.501  115  102  115   -1
  28    -4.370     1.764     9.105  110   97  109   -1
  29    -3.134     0.371     6.099  131  117  130   -1
  30    -4.709     3.570     2.621   95   84   94   -1
  31    -8.502     3.284     9.293   97   86   97   -1
  32    -6.842     2.399     3.957  104   94  105   -1
  33     9.609    -0.600    -2.477  144  127  141   -1
  34    -8.080    -6.415    -7.208  199  179  198   -1
  35    -7.395    -2.111     2.889  160  142  159   -1
  36    -7.609    -5.330    -6.030  191  170  193   -1
  37     0.642    11.697     8.989    2    1    2   -1
  38    -6.187    -0.226     1.917  140  123  137   -1
  39    -5.975    -2.718    -2.768  165  147  165   -1
  40     1.051     5.509     0.116   70   61   68   -1
  41   -11.522    -3.898    -0.683  179  160  180   -1
  42    -5.871    -2.001     2.141  159  139  157   -1
  43    -8.172     0.129     3.747  133  119  133   -1
  44    -0.690    -7.516    -0.484  209  188  213   -1
  45     4.386    -9.678    -1.200  231  209  239   -1
  46    -5.976    -6.921     3.072  206  185  207   -1
  47    -3.317    -7.862    -3.364  215  193  218   -1
  48    -1.094     1.179    -7.602  118  105  118   -1
  49    -7.006     5.801     0.750   64   58   66   -1
  50     2.074     9.220    -6.740   34   32   34   -1
  51     5.796     0.028     9.718  136  121  135   -1
  52    -7.523     5.247    -8.603   75   68   75   -1
  53     4.042     8.208    -3.600   46   40   43   -1
  54    -8.900     6.891    -7.992   52   49   57   -1
  55     9.295     3.075     4.994  102   91   99   -1
  56    -9.173    -1.297     0.062  151  133  147   -1
  57    -0.481    -8.058    -6.579  216  194  219   -1
  58    -4.641     3.133     9.367   99   89  101   -1
  59    -8.825    -3.760    -0.879  178  159  179   -1
  60     0.720    -3.501     6.841  176  157  176   -1
  61   -11.528     3.309    -0.437   98   87   98   -1
  62     6.980   -10.967     1.740  245  226  258   -1
  63    -8.142    -6.561     1.506  201  181  202   -1
  64     5.486     1.579    -4.449  114  101  114   -1
  65    -6.432     5.095     3.351   74   67   73   -1
  66    -3.634     4.490    -1.428   89   79   89   -1
  67   -10.953    -0.668     2.002  147  129  143   -1
  68    -2.531     6.379     4.101   59   54   60   -1
  69    -3.758   -11.536     0.884  251  228  261   -1
  70     5.501     5.450    -7.415   73   65   69   -1
  71    -1.538     9.474    -7.080   29   29   30   -1
  72     7.160    -5.418    -6.007  189  173  195   -1
  73    -0.157   -11.540     5.651  252  231  262   -1
  74    -2.080    -6.640     7.030  202  183  205   -1
  75     2.963     2.840    -9.897  103   93  104   -1
  76     1.100   -10.810    -3.902  243  223  253   -1
  77    11.934     6.897    -2.224   55   48   53   -1
  78    -8.411    -8.165     2.655  220  198  222   -1
  79     8.749    -0.881    -3.260  149  130  144   -1
  80    -9.144    -9.377     4.462  232  208  234   -1
  81     0.380     7.418    -3.024   48   45   50   -1
  82    -1.404    -5.187     2.866  190  172  194   -1
  83     1.465   -12.035    -5.162  253  230  264   -1
  84   -12.332     5.880    -3.575   63   59   67   -1
  85     1.202    -8.699    -6.552  222  199  226   -1
  86    10.094    -7.918     4.924  214  195  224   -1
  87    -2.637    -3.048    -6.886  167  149  168   -1
  88     2.357    -8.076     2.189  218  197  223   -1
  89     8.475     5.914     0.593   66   57   63   -1
  90    -9.854    -2.683     0.760  166  146  164   -1
  91    -3.368     8.274    -7.958   45   41   45   -1
  92    -2.073    -5.535     4.078  194  175  196   -1
  93    -1.165   -10.749    -3.491  244  222  250   -1
  94    -3.253    -1.714    -7.780  154  135  152   -1
  95     6.804   -10.158     8.743  236  221  251   -1
  96   -11.331    11.225    -2.545    9   11   15   -1
  97    -2.553    -8.853     6.743  226  203  230   -1
  98    -0.385     0.080    -7.740  135  120  134   -1
  99    -4.334    -5.121    -0.075  188  169  191   -1
 100     8.171     8.301    -4.087   47   39   42   -1
 101     7.592    -2.837    -5.821  164  148  167   -1
 102   -10.012    -1.765     4.757  156  137  154   -1
 103    -1.849     1.881     4.307  109   96  108   -1
 104    -5.900    10.078    -6.047   25   23   25   -1
 105    -1.065    -4.206    -2.372  181  162  182   -1
 106    -8.610    -9.632     3.860  235  211  237   -1
 107     2.702    -0.236     6.484  141  125  139   -1
 108   -10.667    -7.833    -2.446  217  192  215   -1
 109    -9.636    -3.302    -4.267  171  152  171   -1
 110   -12.210     0.446    -6.782  129  115  129   -1
 111     0.623    11.849    -2.535    5    5    4   -1
 112    -5.913     1.793     0.315  112   98  110   -1
 113    -5.308    -4.461    -0.725  183  164  185   -1
 114    -7.203    -4.638     1.610  185  166  187   -1
 115    -5.163     5.914    -5.970   65   60   65   -1
 116     9.651     9.602    -4.654   32   27   26   -1
 117    -5.047     1.208     4.002  116  103  116   -1
 118    -5.366   -10.467    -7.904  238  216  242   -1
 119     6.334     9.911    -7.653   26   24   24   -1
 120   -11.845     5.557    -7.109   67   63   71   -1
 121    -4.533   -10.348    -3.709  237  217  243   -1
 122     6.009    11.284    -6.551   17   12    9   -1
 123    -6.156     8.726    -2.939   36   37   39   -1
 124     6.218    -2.367    -0.331  162  144  162   -1
 125     4.963    -6.254    -9.140  196  178  199   -1
 126    -4.901   -11.079     1.233  248  227  256   -1
 127     3.878    -1.694     5.355  155  136  153   -1
 128   -10.322    -3.358     3.662  174  154  173   -1
 129    -6.136    10.130     3.404   23   22   23   -1
 130     5.753     8.525     9.685   38   33   36   -1
 131   -11.512   -10.338    -7.725  239  214  241   -1
 132    -9.475    -1.948     1.051  157  138  156   -1
 133    -4.562     0.500     1.496  128  114  127   -1
 134   -11.461     1.764     1.302  111   99  111   -1
 135    -3.306     6.331    -1.562   61   55   61   -1
 136    -0.316    -4.108     2.249  180  161  181   -1
 137    -6.884     3.965     6.807   93   82   92   -1
 138    -2.440     9.309     4.939   27   26   29   -1
 139     3.205     6.703    -2.927   58   50   55   -1
 140     0.731    -0.620     0.714  145  128  142   -1
 141    -5.193     6.383     8.717   54   51   59   -1
 142     4.329    -3.515     5.627  175  156  178   -1
 143    -2.683    11.792    -1.922    4    6    5   -1
 144    -4.195    11.578    -9.861   10   10   11   -1
 145     7.305     9.302     6.837   28   25   27   -1
 146   -12.350    10.916    -4.334   15   17   21   -1
 147     0.700    -8.361     4.047  221  200  225   -1
 148    -5.154    -4.955    -3.639  186  167  189   -1
 149    -7.744    -8.828    -0.998  225  201  227   -1
 150     8.610    -6.052    -1.478  195  177  200   -1
 151     2.181     6.382     4.085   60   53   58   -1
 152     1.101     4.844     2.369   80   69   76   -1
 153   -10.443    11.264    -8.636   13   14   16   -1
 154    -2.059    -9.172     4.580  229  204  233   -1
 155    -5.556    -0.181     6.879  138  122  136   -1
 156    -2.834    -9.655    -6.694  230  205  236   -1
 157    -6.289    -7.677    -2.811  213  190  212   -1
 158     5.072    11.467     9.339    7    3    3   -1
 159    -3.907     5.341     5.840   69   62   70   -1
 160    10.154     0.777     3.056  123  109  122   -1
 161     4.604    11.169    -4.767   18   13   10   -1
 162    -0.616     6.699    -3.973   57   52   56   -1
 163    -3.177    -7.312    -3.177  207  187  210   -1
 164    -8.974     0.602     3.630  127  113  126   -1
 165    -3.965     4.867    -4.016   81   71   78   -1
 166    -5.077   -10.329     0.944  241  219  246   -1
 167    -8.941     9.314    -8.472   30   30   37   -1
 168     9.674    11.558     6.312    8    4    1   -1
 169     0.502    -3.451    -9.702  172  153  174   -1
 170    -2.202     4.627    -8.552   87   78   85   -1
 171     1.591    10.367     1.473   24   21   20   -1
 172    10.373     8.572     6.565   41   36   35   -1
 173   -11.240    -9.387     3.790  234  207  232   -1
 174   -10.956     5.223    -1.228   72   66   74   -1
 175    11.059     7.602    -6.531   50   43   48   -1
 176    -8.237     4.634    -8.405   85   77   90   -1
 177    -9.822   -11.581     2.574  257  229  260   -1
 178     1.754    11.595    -6.787   11    8    8   -1
 179    -4.562    10.714     0.994   19   16   18   -1
 180    -4.911     7.027     8.383   49   46   52   -1
 181    -5.816    -3.325    -4.612  170  151  172   -1
 182     8.194     6.959     4.020   51   47   51   -1
 183     3.551    -7.694    -4.009  210  189  217   -1
 184    -9.686    -6.701     0.355  203  182  203   -1
 185     7.393    -3.444     6.834  173  155  177   -1
 186    -6.878     1.562     8.962  113  100  113   -1
 187    -1.101    -1.427    -1.713  153  134  151   -1
 188    -7.504     0.744    -4.785  124  111  125   -1
 189     4.121     4.577     8.448   83   72   77   -1
 190    -8.865    10.713     2.346   16   15   19   -1
 191   -11.999    -8.194    -2.184  219  196  220   -1
 192     0.229     8.254     9.152   42   38   40   -1
 193   -11.125    -5.252    -1.436  192  171  192   -1
 194    -0.059    12.393    -6.868    0    2    0   -1
 195   -11.009     5.018    -9.217   77   70   79   -1
 196    -7.932     2.464    -6.478  105   95  106   -1
 197     0.562     0.950    -9.779  120  106  120   -1
 198     2.154    10.623    -0.251   22   19   17   -1
 199     0.500     4.422     6.841   88   75   83   -1
 200     3.229     0.406     8.542  130  116  128   -1
 201    10.673     3.197     4.860  100   88   96   -1
 202     8.855     4.490    -9.176   92   80   86   -1
 203     1.118     3.083     7.240  101   90  100   -1
 204   -10.454     0.661     4.383  126  112  124   -1
 205   -11.161     4.559    -0.100   84   74   88   -1
 206    11.758     9.304     1.891   33   28   28   -1
 207    10.687     8.777     1.550   39   35   33   -1
 208     5.984    -8.041    -9.212  212  191  221   -1
 209    -4.084    11.881    -8.618    6    7    7   -1
 210     0.915     4.317    -3.695   91   81   91   -1
 211    -5.954    -3.491     7.791  177  158  175   -1
 212     7.519     8.692     9.529   35   31   32   -1
 213    11.851    -9.818     2.669   -1  212  245   -1
 214    12.692    -9.081    -1.720  224   -1  235   -1
 215   -10.170   -12.442    -9.194   -1  232  263   -1
 216     4.846   -12.093     0.442  256  233   -1   -1
 217    12.318     5.130    -2.417   78   -1   72   -1
 218     9.419    12.347    -3.072    3    0   -1   -1
 219    11.655     8.302     2.596   44   -1   38   -1
 220   -11.993    11.763     1.560    1   -1    6   -1
 221    12.047     2.158    -0.398  107   -1  107   -1
 222    -2.889     5.217     8.200   71   64   -1   -1
 223    -1.157    -1.312     7.591  152   -1  149   -1
 224   -11.884    -5.371    -3.504  193  174   -1   -1
 225    11.789    -2.594     3.775   -1  145  166   -1
 226     3.472     0.359    -6.957  132   -1  131   -1
 227    -3.864    10.808     9.660   12   -1   13   -1
 228     5.216     8.996    -4.434   37   34   -1   -1
 229    10.408   -10.460     1.059   -1  220  254   -1
 230     0.077    -4.190     1.264   -1  163  183   -1
 231    -0.335     4.153    -6.640   94   83   -1   -1
 232    11.303   -10.183     5.024   -1  218  252   -1
 233    -5.579    -2.988     9.850  169   -1  170   -1
 234   -10.890     4.973    -4.542   76   -1   81   -1
 235   -12.552    -7.280    -5.516  208   -1  208   -1
