225
   1   -10.171    -1.981    -4.783  155  140  155   -1
   2    -9.820     3.112     0.491   94   87   94   -1
   3     4.944    -8.632     1.436  216  196  221   -1
   4    -5.753    -0.538    -1.591  139  127  139   -1
   5    -9.002    -5.841     2.476  187  171  191   -1
   6     2.127     2.427    -5.329  104   95  102   -1
   7   -10.852     3.151    -5.278   95   88   95   -1
   8    -7.596     4.931    -4.611   69   62   70   -1
   9     5.371     1.102     8.518  120  109  117   -1
  10     1.342   -12.031    -3.101  261  233  261   -1
  11    11.074     2.053    -9.260  110   99  108   -1
  12    -4.311    -4.443     4.341  172  159  176   -1
  13     0.662     3.637     4.532   87   80   87   -1
  14     0.842    -4.578    -0.215  173  161  181   -1
  15     7.702    -7.895     2.852  208  188  213   -1
  16    -2.568    -4.418     9.922  175  162  179   -1
  17     3.720   -10.469     6.307  239  213  240   -1
  18    -9.430    -2.148    -9.367  156  144  157   -1
  19     2.092   -10.908    -1.395  244  216  243   -1
  20     1.182    -6.094     4.583  189  174  195   -1
  21     4.234    -1.593    -0.267  152  139  154   -1
  22    -3.657    -5.722     2.991  185  170  189   -1
  23    -3.111    -7.315     1.564  202  183  204   -1
  24     2.943    -8.513    -5.599  213  191  216   -1
  25    -2.117   -10.935    -5.316  245  212  239   -1
  26     9.267    -0.474     4.203  137  126  138   -1
  27    -8.647    -8.161    -9.627  210  187  210   -1
  28    -8.781     9.134    -3.366   28   26   30   -1
  29     1.426     8.595     7.644   32   29   31   -1
  30     5.260    -2.809     4.381  160  147  165   -1
  31    -0.836     6.912     7.204   48   40   44   -1
  32    -1.918    10.465     2.306   16   14   14   -1
  33   -11.175    -1.154    -2.905  147  134  148   -1
  34     4.497     6.580    -2.590   56   49   53   -1
  35    -6.682     6.744     2.599   51   45   52   -1
  36     6.360    -5.026     0.285  178  164  184   -1
  37     6.484     4.946     5.546   70   60   65   -1
  38     9.286    -6.583     6.183  192  177  199   -1
  39    -5.425     6.834     3.824   49   43   48   -1
  40    -3.060     6.057    -5.260   58   50   54   -1
  41    11.931     0.170    -0.499  133  122  133   -1
  42     6.398    -6.923    -6.616  194  178  200   -1
  43     3.150     5.293     3.724   65   57   62   -1
  44     6.021    -7.270    -4.147  198  182  203   -1
  45     2.098     1.970    -3.592  111  100  109   -1
  46    -8.947     7.060     2.273   47   39   47   -1
  47    -3.686   -11.176    -4.141  251  217  244   -1
  48     0.625     0.782     0.192  125  114  123   -1
  49     7.939    -9.364    -9.145  220  198  226   -1
  50    -4.173    -9.244    -8.698  225  197  222   -1
  51    -1.690     6.937     2.227   50   41   46   -1
  52     6.108     9.729     3.625   25   20   19   -1
  53    -0.852     4.006     9.095   80   76   83   -1
  54    -7.380   -11.492    -5.713  259  224  249   -1
  55    -7.099    -0.868     0.263  142  130  143   -1
  56    -6.887    -8.493     4.856  219  195  217   -1
  57     3.675    -0.431     1.830  136  125  137   -1
  58    -9.647     1.894    -9.994  112  102  110   -1
  59    -3.317     4.381    -0.463   77   72   78   -1
  60     4.870    -4.802     5.458  177  163  183   -1
  61   -10.600     4.840    -9.408   71   66   72   -1
  62     3.880    -2.336     1.003  158  145  161   -1
  63    -2.613     5.817    -2.681   59   51   56   -1
  64     3.189    10.247     7.709   17   13   12   -1
  65     7.280    -2.010     2.460  154  142  159   -1
  66     6.866   -10.665     7.746  243  218  251   -1
  67    -0.263    -9.225    -4.033  226  199  225   -1
  68    -8.935    -6.688    -9.111  193  176  196   -1
  69    -7.135    -4.886     9.429  180  165  182   -1
  70    11.115    -3.811     2.671  169  157  175   -1
  71     1.837    -8.554    -1.438  215  194  219   -1
  72    -7.378     9.127     5.930   26   24   28   -1
  73    10.627   -11.309    -3.432  246  221  255   -1
  74   -11.035     4.389    -2.395   76   73   80   -1
  75     1.130     8.303    -3.896   38   34   34   -1
  76     2.936     1.690    -4.092  116  105  113   -1
  77     7.791     2.629    -6.917  101   93   99   -1
  78    10.126     2.597    -8.826  102   94  100   -1
  79    -5.557     0.842     1.605  124  113  122   -1
  80    -2.703    -5.859     3.567  186  172  193   -1
  81     1.339    -8.120     3.408  211  190  215   -1
  82    -1.715     9.810     2.289   22   19   22   -1
  83     7.470     4.747     1.785   72   64   68   -1
  84     3.646     8.685     3.794   34   30   29   -1
  85    -5.962     0.896     9.290  122  111  120   -1
  86    -2.293    -0.897     1.232  143  131  145   -1
  87    -0.319    -7.376    -8.987  200  180  202   -1
  88    -6.899     3.613     1.639   86   82   89   -1
  89    -6.428     5.405    -3.043   62   58   64   -1
  90     6.773    11.433    -4.672    7    6    3   -1
  91     2.299     0.911    -5.663  123  112  121   -1
  92     1.292    -7.099     1.586  199  181  201   -1
  93     5.262    -5.196     9.507  181  167  187   -1
  94     3.093     0.333    -7.975  131  120  130   -1
  95     2.720     4.743    -8.367   74   68   71   -1
  96    -7.603    -7.482    -2.024  203  184  205   -1
  97     3.293     3.183     6.256   93   84   92   -1
  98    -3.622     2.541     6.872  100   92  101   -1
  99     2.657    -9.548     9.256  233  205  230   -1
 100    -6.547     1.757     9.914  113  101  112   -1
 101    -4.085     1.693    -3.868  115  104  114   -1
 102    -1.369    10.014     5.602   19   17   17   -1
 103    -4.594    11.052     7.511    3    4    6   -1
 104    -2.885     0.549    -1.619  128  118  128   -1
 105    -7.799    -3.237    -0.706  165  152  168   -1
 106    -5.850     2.308     5.046  103   96  104   -1
 107     8.445     4.244     1.929   79   74   77   -1
 108    -4.415     1.469    -0.420  118  107  115   -1
 109    -8.168    -9.425    -9.440  227  200  223   -1
 110    -6.669   -10.228     7.480  241  211  236   -1
 111     0.668    -3.434     3.268  167  155  171   -1
 112     5.568     9.877     3.528   24   18   18   -1
 113    11.079    -1.455    -0.940  149  137  151   -1
 114    -0.751     7.374     5.232   44   38   39   -1
 115     2.244     9.090     1.789   29   25   26   -1
 116    10.439    -1.385    -1.972  148  136  150   -1
 117     2.960    -9.864     9.228  236  208  235   -1
 118    -8.818    -9.572     8.044  235  204  229   -1
 119     0.003    10.550     9.670   11    7   10   -1
 120    11.806     9.181    -6.734   33   28   25   -1
 121     2.769     2.617     5.981   99   91   98   -1
 122     2.175     0.007     3.373  134  123  134   -1
 123     5.802    -3.240    -7.931  163  151  169   -1
 124     0.499    10.715     5.804    9    8    9   -1
 125    -6.258    -6.151    -1.416  190  173  194   -1
 126     3.404     4.455     5.526   75   69   73   -1
 127     3.815     7.907     0.661   42   35   36   -1
 128   -12.294    -9.494    -5.559  230  202  224   -1
 129    -7.714     2.895    -8.523   97   89   97   -1
 130     6.494     4.335     2.839   78   71   76   -1
 131     5.202     1.367    -0.857  119  108  116   -1
 132     8.996    -3.717    -5.792  168  156  174   -1
 133     2.514   -10.418    -3.026  238  209  237   -1
 134     5.833    -1.985     3.560  153  141  158   -1
 135    -0.314     8.297     5.094   35   32   33   -1
 136   -11.445     9.745    -4.250   23   23   24   -1
 137    -0.903     1.817    -4.620  114  103  111   -1
 138    11.757    -5.669    -1.319  184  168  192   -1
 139    -8.455     3.881     3.811   81   77   85   -1
 140    -1.085    10.202    -8.789   21   21   21   -1
 141     5.653   -10.869    -0.763  242  215  247   -1
 142    -3.708    10.661     3.744   10   11   11   -1
 143     6.171     6.788    -4.311   55   47   50   -1
 144    -8.247    10.852    -6.003   12   12   15   -1
 145    11.641     6.730    -5.221   57   48   49   -1
 146     2.741   -11.218     4.316  255  229  254   -1
 147    -5.490   -10.877     8.729  256  225  248   -1
 148     6.735    -1.201    -8.384  145  135  149   -1
 149    -8.986     3.677    -7.506   88   83   90   -1
 150   -10.418    -5.291     1.344  183  166  185   -1
 151     4.022    -2.792    -1.294  159  146  163   -1
 152     4.013    -9.919     3.635  234  206  232   -1
 153    -7.443    11.463     3.134    2    1    4   -1
 154     5.336    -1.506    -4.525  150  138  152   -1
 155     0.935    -3.019     1.762  162  150  166   -1
 156    -1.375    -0.237    -5.322  135  124  135   -1
 157    11.020    -3.383    -8.016  164  153  170   -1
 158     8.242   -10.923     9.997  247  228  257   -1
 159     5.243     2.730     1.669   98   90   96   -1
 160     6.265    -3.071    -4.261  161  149  167   -1
 161    11.298     9.891    -8.086   27   22   20   -1
 162     0.666     7.923     8.511   39   33   35   -1
 163    -2.031     0.717     8.670  126  115  124   -1
 164     1.713     3.173    -3.295   96   86   93   -1
 165     4.600     5.405     8.177   61   53   58   -1
 166    -3.362     1.030    -4.917  121  110  118   -1
 167     2.957    -7.630     1.328  204  186  209   -1
 168    -8.036    -9.383     5.625  232  203  228   -1
 169   -11.997   -11.236    -0.286  260  223  241   -1
 170    -5.123    -4.587    -4.705  174  158  177   -1
 171    -7.399    -8.152     4.655  214  192  212   -1
 172     6.508    11.070     9.393    6    3    2   -1
 173     5.622    11.211    -8.800   15   10    7   -1
 174     9.600     5.607    -4.836   63   54   57   -1
 175     1.553    11.348    -9.960    8    9    8   -1
 176    -7.570    -8.091    -2.008  212  189  211   -1
 177     5.868     9.249    -8.381   31   27   27   -1
 178     8.398    10.172     3.381   20   16   13   -1
 179    11.387    -7.417     2.144  201  185  208   -1
 180     6.748     2.324    -6.099  107   97  103   -1
 181    -8.206     0.698    -8.936  127  117  126   -1
 182     5.776     3.774     1.950   84   78   86   -1
 183     4.473     0.180     6.821  132  121  132   -1
 184    -5.741    -0.876    -7.894  141  129  142   -1
 185     3.661   -11.008     5.490  250  226  253   -1
 186    -8.058     3.580     8.454   83   81   88   -1
 187     8.439    -6.673    -8.815  191  175  197   -1
 188     8.063    -0.658     4.808  140  128  141   -1
 189     4.379    -6.590     7.534  195  179  198   -1
 190     0.005     7.520     2.476   43   37   37   -1
 191    11.364     7.182    -7.624   53   42   43   -1
 192     9.605    -3.416    -2.426  166  154  172   -1
 193    -3.684     4.547     3.036   73   67   74   -1
 194    -6.419   -11.943    -2.178  264  232  259   -1
 195    -1.137   -11.079     0.330  252  220  246   -1
 196     8.140    -9.280    -4.269  221  201  227   -1
 197   -11.454     5.112    -3.651   66   61   66   -1
 198    -7.034   -11.147    -8.483  248  214  238   -1
 199   -11.498    -0.974    -0.461  144  133  144   -1
 200   -11.594    10.645    -5.200   14   15   16   -1
 201    -2.629   -10.190    -0.000  237  207  233   -1
 202     8.742     0.574    -5.342  129  119  127   -1
 203     8.301    -0.533    -3.070  138   -1  140   -1
 204     4.215   -12.227    -4.647  262  234   -1   -1
 205    -0.580     3.310    -9.094   92   85   -1   -1
 206   -10.865    -2.099    -5.055   -1  143  156   -1
 207     1.966     3.842    -7.699   85   79   -1   -1
 208    -5.200   -11.288    -1.906  257  222  250   -1
 209    -0.502    -2.784     8.723   -1  148  164   -1
 210     0.097     7.573    -4.138   45   -1   40   -1
 211    -3.329   -11.018    -0.393  249  219  242   -1
 212    -2.149    -4.419     7.823  171  160  178   -1
 213     1.682     8.172     9.223   37   31   -1   -1
 214     2.641     6.637     3.606   -1   46   51   -1
 215    -8.744     0.747    -7.468   -1  116  125   -1
 216    -6.794   -10.759    -9.433  240  210   -1   -1
 217    -6.680   -11.898    -2.310  263  231   -1   -1
 218     0.881    -8.433     1.278   -1  193  218   -1
 219     4.723     5.647    -5.226   60   -1   59   -1
 220     5.153    -1.537     7.747  151   -1  153   -1
 221     5.583     2.058    -2.888  108   98  107   -1
 222   -10.136     1.576     6.545  117  106   -1   -1
 223   -12.407    -3.873    -3.062  170   -1  173   -1
 224   -10.967    -1.132    -6.900  146   -1  147   -1
 225   -12.903    -5.999    -3.821  188   -1  190   -1
