223
   1     3.311    -1.491    -2.858  147  132  151   -1
   2     4.802    -2.340    -2.807  156  141  159   -1
   3    -9.426   -10.476     6.349  243  216  241   -1
   4     9.774    -2.559    -2.027  158  142  161   -1
   5     7.798    -4.355     6.792  179  160  186   -1
   6     1.604     5.148     0.359   71   62   71   -1
   7     3.234     4.459    -5.797   85   76   85   -1
   8    -5.802    -2.077     2.257  151  136  155   -1
   9     3.545     2.967    -9.823   99   90  102   -1
  10    -5.254    -9.155    -4.508  224  199  224   -1
  11    -1.520    -5.442     2.885  193  173  194   -1
  12    -2.936    -9.357    -6.591  226  201  225   -1
  13     1.302     2.090     7.199  104   93  105   -1
  14    -6.334     3.599    -5.485   91   83   95   -1
  15    -6.154    -0.342     2.037  133  121  135   -1
  16   -11.477     3.239    -0.454   96   89  100   -1
  17     8.970     5.525     4.465   64   56   63   -1
  18    -7.023    -6.058    -2.693  198  175  196   -1
  19    -2.106     6.195     4.166   54   49   57   -1
  20    -1.949    10.586     7.663   13   10   14   -1
  21     4.275   -10.073    -1.005  232  211  238   -1
  22    -6.822     2.295     4.054  102   92  104   -1
  23    -7.259     5.189    -8.458   69   64   73   -1
  24    -8.273    -6.733     1.471  203  181  203   -1
  25    -5.554   -10.533     0.891  240  214  240   -1
  26    -4.215    10.242     1.233   18   17   24   -1
  27     9.947     1.802     5.289  108   95  107   -1
  28    -1.052    -2.172     7.836  154  139  158   -1
  29   -11.860     0.909    -4.536  118  107  120   -1
  30    -2.209    -5.829     4.048  195  174  195   -1
  31     4.155     3.505     8.538   92   82   93   -1
  32    -2.308    -2.733    -6.718  162  146  163   -1
  33     7.620    -3.730    -5.173  173  155  175   -1
  34     6.080     1.203    -4.075  115  103  114   -1
  35    -6.224    -7.047     3.019  206  183  206   -1
  36    -8.203     0.017     3.878  129  117  131   -1
  37    -3.881     1.876     9.099  106   94  106   -1
  38    -4.579   -10.437    -3.694  239  212  239   -1
  39    -8.638     6.822    -7.854   49   46   54   -1
  40     8.663   -10.779    -6.281  237  213  244   -1
  41    -2.900    -1.484    -7.618  146  130  149   -1
  42    -9.391     4.355     6.340   78   74   87   -1
  43     9.694    -1.290    -0.513  142  128  146   -1
  44     7.455     0.083    -0.813  128  116  130   -1
  45    -8.166    -6.207    -7.156  199  178  197   -1
  46    -9.532    -4.362     6.586  183  161  182   -1
  47    -1.512   -10.865    -3.351  241  215  243   -1
  48    -3.498     4.156    -1.162   86   78   90   -1
  49     8.731    11.059     8.367    9    3    2   -1
  50    -1.878     1.068     2.666  116  105  118   -1
  51    -2.292    -7.165     6.793  208  186  210   -1
  52    -9.956    -1.842     4.899  148  133  152   -1
  53    -2.852     0.314     6.068  125  113  127   -1
  54    -0.915     9.420    -6.795   28   27   31   -1
  55     6.277     7.535     9.718   41   37   43   -1
  56     2.904    -7.380    -6.919  205  184  209   -1
  57     0.885    -3.134    -9.624  167  149  169   -1
  58     4.130    -0.843     0.814  138  125  141   -1
  59     8.909    -2.676    -2.632  160  145  165   -1
  60    -4.356    -5.179     0.028  190  171  193   -1
  61    -4.272   -11.767     0.713  252  225  251   -1
  62     6.449   -10.955     8.232  245  221  249   -1
  63   -11.431    -3.862    -0.614  176  157  176   -1
  64     8.273    -8.279    -0.807  217  196  222   -1
  65    -4.604     3.402     2.747   93   85   97   -1
  66     1.725     4.493     2.584   80   71   81   -1
  67     1.849    -9.099     1.933  223  202  227   -1
  68     9.013     7.486    -3.845   45   39   45   -1
  69     9.358     4.559     0.935   83   69   76   -1
  70     3.791     6.125    -2.697   56   50   58   -1
  71    -7.055   -11.047    -6.487  244  217  242   -1
  72    -2.407    -9.744     4.352  233  208  235   -1
  73     6.701    10.418    -6.420   22   19   19   -1
  74   -11.660     5.516    -7.039   62   58   69   -1
  75   -10.717    -7.718    -2.352  215  190  211   -1
  76    -8.535    -8.382     2.685  222  197  221   -1
  77    -9.055    -1.396     0.095  144  129  147   -1
  78    11.873   -11.620    -1.197  246  223  256   -1
  79    -1.470     1.788     4.458  107   96  109   -1
  80    -0.542     1.355    -7.448  112  101  113   -1
  81    -5.741     8.436    -2.862   34   33   39   -1
  82    -7.011     5.508     0.855   61   57   68   -1
  83     4.225    -4.178     5.152  178  159  181   -1
  84    -5.426     9.997    -5.852   24   24   29   -1
  85     1.395    11.176     8.934    3    2    4   -1
  86     1.005    -0.846     0.865  140  126  140   -1
  87    -2.862     8.199    -7.695   39   36   41   -1
  88     4.640     3.389     6.440   95   84   94   -1
  89    -3.090     5.962    -1.265   58   53   61   -1
  90    -3.341    -7.830    -3.275  214  192  215   -1
  91    -8.659    -3.767    -0.880  174  156  174   -1
  92    -5.642    -2.676    -2.695  161  144  162   -1
  93     6.128    -0.697     9.377  136  123  138   -1
  94    10.198    10.910    -2.811   16   11   10   -1
  95    -5.750    -3.023     5.662  168  150  168   -1
  96     4.683     7.445    -3.379   44   41   47   -1
  97     9.099     3.491    -9.293   97   87   96   -1
  98     0.671   -10.965    -3.842  242  218  245   -1
  99    -4.498     0.384     1.651  124  112  126   -1
 100    -8.168     3.293     9.405   94   86   98   -1
 101    -0.825    -7.661    -0.502  211  189  214   -1
 102    -3.205    -7.274    -3.079  207  185  208   -1
 103     6.821    -2.877     0.141  164  148  167   -1
 104    -4.951    -4.812    -3.587  185  165  188   -1
 105    -8.630    -9.837     3.921  235  209  231   -1
 106    -5.249     1.184     2.361  113  102  115   -1
 107   -11.573   -10.286    -7.590  236  210  234   -1
 108    -3.729    11.313    -9.568   10    9   12   -1
 109    -4.150     3.173     9.337   98   88   99   -1
 110    -1.553    -0.297    -2.764  131  119  134   -1
 111     7.084     9.352    -7.582   32   28   30   -1
 112     3.951     0.232    -6.803  127  115  129   -1
 113    -9.710    -2.719     0.773  163  147  164   -1
 114   -11.118    11.138    -2.467    5    8   16   -1
 115     0.823    -5.076    -4.131  188  168  191   -1
 116    -6.412     4.922     3.391   72   65   75   -1
 117    -9.001     0.454     3.790  122  110  124   -1
 118    -0.555    -7.653    -6.533  210  187  212   -1
 119    -0.732    11.685     0.905    2    1    1   -1
 120    -0.899    -4.162    -2.198  177  158  179   -1
 121     1.021     3.781     6.731   90   81   91   -1
 122    10.563     8.781    -4.448   35   31   34   -1
 123     0.819     7.016    -2.742   47   44   52   -1
 124    -1.981     9.009     5.107   29   26   32   -1
 125     2.740     9.125    -6.457   33   30   33   -1
 126     1.064   -11.965    -5.030  250  224  253   -1
 127    -6.528     1.613     9.092  110   98  110   -1
 128    -3.157    -6.052     9.867  200  179  200   -1
 129   -10.910    -0.741     2.056  137  124  137   -1
 130    -4.726     6.289     8.638   52   47   55   -1
 131   -11.448     1.661     1.339  109   99  111   -1
 132    -5.670   -10.195    -7.631  234  207  236   -1
 133    -2.859    -9.331     6.537  227  203  230   -1
 134     5.996     5.102    -7.247   73   66   72   -1
 135    -5.917     1.566     0.466  111  100  112   -1
 136     3.815    -2.506     5.067  159  143  160   -1
 137    -9.508    -3.234    -4.199  170  152  171   -1
 138    -6.296    -7.697    -2.902  213  188  213   -1
 139    -0.369    -4.508     2.295  181  164  185   -1
 140     6.911    -6.162    -5.543  196  177  199   -1
 141    -2.234    11.382    -1.627    4    4    8   -1
 142     0.320    -9.879    -4.512  228  206  232   -1
 143    -1.620    -6.686    -5.928  202  180  202   -1
 144     0.143     0.317    -7.599  126  114  128   -1
 145   -12.050    -8.098    -2.056  220  194  217   -1
 146     1.152    11.271    -2.264    7    6    9   -1
 147    -9.128    -9.514     4.535  231  205  229   -1
 148     0.986    -8.394    -6.518  218  195  220   -1
 149   -12.201     5.893    -3.553   57   54   65   -1
 150    -4.791     5.886    -5.798   60   55   64   -1
 151     0.479    -4.778     6.994  186  167  189   -1
 152    10.944    -0.379     3.223  134  122  136   -1
 153    -7.637    -5.124    -5.957  189  169  190   -1
 154     2.818     9.875    -0.083   26   23   26   -1
 155    -5.178    -4.495    -0.672  182  163  183   -1
 156   -10.872     5.080    -1.251   68   63   74   -1
 157     2.285     9.693     1.717   27   25   27   -1
 158     2.412    11.536    -6.544    6    5    5   -1
 159    -5.358    -0.164     6.993  130  118  133   -1
 160   -12.154    10.855    -4.227   11   13   18   -1
 161   -10.213    11.113    -8.437    8   12   17   -1
 162     3.315     7.637    -9.815   43   40   46   -1
 163    -8.663    10.449     2.243   15   14   20   -1
 164    -5.931     9.860     3.448   20   22   28   -1
 165     1.121     1.101    -9.553  117  106  117   -1
 166    -3.964    10.711    -9.887   17   16   21   -1
 167    -5.406   -11.304     1.124  248  222  248   -1
 168    -6.634     3.778     6.881   89   80   92   -1
 169    -7.622     2.495    -6.441  101   91  103   -1
 170     7.947    -2.054    -0.538  149  135  156   -1
 171     1.652    10.224    -2.260   21   20   23   -1
 172    -3.555     5.145     5.686   66   61   70   -1
 173   -12.076     0.429    -6.719  123  111  125   -1
 174     5.265    10.287    -4.592   23   21   22   -1
 175   -11.038    -5.191    -1.284  191  170  192   -1
 176     4.902    -6.220    -9.139  197  176  198   -1
 177   -10.851     4.909    -9.108   75   67   79   -1
 178    -1.869     6.210    -7.576   55   51   60   -1
 179     8.052     8.094     7.041   38   34   36   -1
 180     8.050     7.492     9.469   42   38   44   -1
 181    -8.643     9.191    -8.270   31   29   35   -1
 182   -10.288    -3.434     3.734  172  153  172   -1
 183     0.926     8.082     9.032   36   32   38   -1
 184    12.052     6.916    -6.064   50   45   50   -1
 185    -9.342    -2.023     1.077  150  134  154   -1
 186    -7.207     0.776    -4.785  119  108  121   -1
 187     5.894     8.137    -4.262   40   35   40   -1
 188    -1.742    11.693     5.632    0    0    0   -1
 189     9.365     4.683    -8.611   84   72   78   -1
 190    -1.715     4.622    -8.361   81   73   82   -1
 191    -7.261    -4.760     1.593  187  166  187   -1
 192   -11.941    -2.196    -6.539  152  137  157   -1
 193    -3.685     4.768    -3.798   76   68   77   -1
 194     3.461    -7.827    -4.023  212  191  216   -1
 195    -7.988     4.581    -8.280   79   75   86   -1
 196     1.314     4.142    -3.464   88   79   89   -1
 197    -4.456     6.871     8.348   46   42   51   -1
 198   -10.377     0.591     4.517  121  109  122   -1
 199    10.848     6.922     5.553   48   43   49   -1
 200    -5.773    -3.445     8.084  171  154  173   -1
 201    -0.253     6.425    -3.702   53   48   56   -1
 202    -7.407    -2.225     3.008  155  140   -1   -1
 203    13.103     5.486    -1.926   67   -1   66   -1
 204    10.390    -8.866     5.583   -1  200  228   -1
 205     6.448   -11.971     2.510  251  227   -1   -1
 206     2.550    -1.253     6.416  141  127  148   -1
 207    -7.814    -9.016    -1.140  225  198  223   -1
 208     2.933     5.838     4.215   59   52   -1   -1
 209    -7.469     1.139     6.719   -1  104  116   -1
 210     0.180    -9.635     3.943  229   -1  233   -1
 211    -5.530    -3.169    -4.497  169   -1  170   -1
 212    -9.645    -6.775     0.345  204  182  204   -1
 213     5.970    10.742     9.249   14    7   -1   -1
 214    -0.803    -1.452    -1.477  145  131   -1   -1
 215     3.123    -0.328     8.537  132  120   -1   -1
 216     5.706    -8.150    -9.340   -1  193  219   -1
 217    11.419     1.772     5.222   -1   97  108   -1
 218   -11.241    -9.460     3.944  230  204   -1   -1
 219    -2.333     5.154     8.064   65   60   -1   -1
 220    -3.430    10.592     9.533   12   -1   13   -1
 221     0.105    -4.462     1.262   -1  162  184   -1
 222    -5.252    -2.842     9.849  165   -1  166   -1
 223     0.156     4.260    -6.434   87   77   -1   -1
