231
   1    -1.749    -5.167     2.652  184  167  186   -1
   2    -3.983     2.712     3.279  109   96  104   -1
   3    -9.803    -0.928    -8.150  144  128  141   -1
   4   -10.309    -1.282    -1.753  147  131  144   -1
   5     2.535     0.036     0.803  137  122  133   -1
   6    -4.734     1.657     9.306  122  108  118   -1
   7     4.152    -6.767     7.653  195  178  202   -1
   8     6.159     2.301    -3.258  117  105  114   -1
   9     4.694   -11.329    -9.031  243  217  248   -1
  10    -9.563    -2.115    -3.312  154  138  151   -1
  11     2.492    -4.724     0.661  171  156  177   -1
  12    -5.100    -4.816    -0.125  175  158  176   -1
  13    -4.263     1.035     0.495  128  113  124   -1
  14    -7.768    -4.990     2.741  183  163  182   -1
  15    -6.851     5.806    -2.746   70   62   69   -1
  16   -11.783    -4.107    -2.278  168  153  171   -1
  17    -6.274    -7.180     4.547  204  182  204   -1
  18     3.110    -5.202    -3.202  181  165  187   -1
  19     5.169     7.183    -4.832   54   45   53   -1
  20     7.976     5.270     0.763   80   69   73   -1
  21   -12.000    -1.231     0.212  146  130  143   -1
  22     2.584    -7.233    -0.969  199  181  205   -1
  23    -2.753    -2.343     5.846  157  141  155   -1
  24     3.602    -0.279    -9.239  140  124  137   -1
  25   -10.470     2.629    -4.156  111   99  107   -1
  26    -9.269     1.890     7.211  118  106  116   -1
  27    -5.434    -5.672    -9.248  189  171  190   -1
  28     9.493     0.233     4.538  135  120  130   -1
  29     3.351    -7.868     5.906  210  190  215   -1
  30    -8.165     7.358     3.770   50   42   51   -1
  31    -6.212    -1.958     0.462  153  136  149   -1
  32     9.591   -11.411    -3.273  247  222  255   -1
  33     8.128     5.860    -5.168   73   63   67   -1
  34    -1.054    -1.914     8.603  152  137  150   -1
  35    -7.890   -10.179    -5.195  239  208  234   -1
  36    -7.967     9.834    -1.188   20   20   26   -1
  37    -6.047    -4.692     9.632  178  159  178   -1
  38   -11.035     5.895    -8.054   69   64   72   -1
  39     9.650    -5.048    -3.242  177  162  183   -1
  40   -11.598     2.528     1.355  112  100  109   -1
  41     2.158    -3.389     3.169  165  149  167   -1
  42     8.095     1.893    -2.377  120  107  115   -1
  43    -8.783    -7.182    -9.256  198  177  200   -1
  44    -3.503   -10.572    -2.540  242  214  241   -1
  45    -0.154   -10.253    -2.083  237  211  238   -1
  46     0.526    -0.045    -9.015  138  123  134   -1
  47    -5.532     0.092     2.025  136  121  131   -1
  48    -8.907     3.835     1.613   96   87   97   -1
  49     9.306   -11.510    -7.231  246  219  254   -1
  50     2.829     4.753     7.945   84   74   80   -1
  51     3.117    -4.561     9.882  170  157  175   -1
  52     8.832    -0.316     1.444  141  125  138   -1
  53     6.850     4.803    -2.957   89   78   83   -1
  54    -0.119    -5.444    -5.632  187  168  189   -1
  55    -7.023   -11.107     5.355  253  224  247   -1
  56    -0.738     9.441     9.353   25   19   24   -1
  57     3.960     8.369     1.383   41   34   39   -1
  58     1.585   -10.302    -0.924  240  212  240   -1
  59    -5.308     2.359     9.757  113  101  111   -1
  60     7.394     4.155     1.506   95   83   89   -1
  61   -11.161   -11.184    -8.179  249  216  244   -1
  62    -6.898    -7.895    -1.021  211  188  211   -1
  63     3.426     2.349     1.041  116  104  112   -1
  64    -8.238    -9.186     7.479  229  202  226   -1
  65     6.427     3.729    -1.906  101   91   98   -1
  66    12.048    -7.370     1.275  200  184  210   -1
  67    -0.903     6.593    -1.508   59   51   58   -1
  68    -3.828     9.022     3.640   28   26   33   -1
  69   -11.025     2.447    -9.240  114  103  113   -1
  70    -1.247     3.883    -0.341   97   86   96   -1
  71     9.501     8.365     5.211   42   32   35   -1
  72   -10.372    -2.252    -3.749  155  139  153   -1
  73    11.400     6.112     2.378   67   59   64   -1
  74     1.878    10.200     1.753   19   15   17   -1
  75     7.316    -9.190    -2.554  218  197  227   -1
  76    -9.219    -5.988    -9.511  192  173  193   -1
  77    -7.344     4.934     5.297   81   71   79   -1
  78     6.171    -9.293    -2.691  223  198  228   -1
  79    -5.999    -9.338     7.405  230  203  230   -1
  80     7.270    -5.572    -7.182  188  170  192   -1
  81    -4.270     5.270     5.846   76   68   74   -1
  82    -1.917    -9.950    -2.986  234  205  233   -1
  83   -10.926    -0.980    -6.012  145  129  142   -1
  84     6.562     6.394    -1.258   63   55   61   -1
  85    -5.485     8.143     3.398   40   37   43   -1
  86     0.354    -6.578    -1.783  194  176  198   -1
  87    -0.837    -1.457     3.776  148  133  146   -1
  88     4.204    -7.591     6.905  208  187  212   -1
  89    -8.315    10.538    -3.984   17   14   18   -1
  90    -0.939     4.695     7.777   85   75   84   -1
  91    -5.718     4.665     3.224   87   79   85   -1
  92     9.031     6.066     0.303   68   60   65   -1
  93    11.344     9.427    -2.100   31   24   25   -1
  94    -5.783    -9.955    -4.889  235  204  232   -1
  95     1.284     3.988    -9.481   98   88   94   -1
  96     0.475     2.747    -4.804  110   98  105   -1
  97     9.289     3.484     7.742  103   92  100   -1
  98     6.006    -5.349     1.655  185  169  191   -1
  99     6.470     1.095     3.490  127  112  123   -1
 100     3.253    11.919     1.622    4    4    1   -1
 101    -9.329   -10.961    -9.142  245  215  242   -1
 102     1.059    12.048    -0.684    3    3    2   -1
 103     6.767    -9.739     6.110  231  207  237   -1
 104    -2.072     0.748    -8.742  131  117  127   -1
 105    -1.979    -8.464     0.922  216  192  218   -1
 106    11.400     5.750    -5.414   75   65   68   -1
 107    -2.824   -10.028     0.514  236  209  235   -1
 108    -5.149    -0.419    -5.344  142  126  139   -1
 109    -4.760   -11.339    -1.072  252  223  250   -1
 110    -6.838    -7.145    -0.933  202  179  201   -1
 111    -4.939   -10.075     8.840  241  213  239   -1
 112     4.862     8.617    -3.917   38   33   37   -1
 113    -8.062     1.020    -7.070  129  114  125   -1
 114     7.152    -6.964     8.242  196  180  206   -1
 115     0.847    -9.392    -0.450  227  201  229   -1
 116   -11.175     8.844    -3.239   32   29   38   -1
 117     0.760     8.388     9.822   37   30   36   -1
 118   -10.698     3.019    -1.800  106   95  103   -1
 119     5.132     8.480    -5.454   43   36   40   -1
 120     2.264    -7.585     0.412  206  186  209   -1
 121     0.038     7.101    -4.949   53   46   55   -1
 122    -1.222     7.119    -5.947   52   47   56   -1
 123     7.606    10.891    -0.710   15   12   13   -1
 124     8.156     4.672     7.410   88   77   81   -1
 125     5.993    10.602     5.687   16   13   14   -1
 126     0.373     1.606     7.500  123  109  119   -1
 127    -2.105    -3.421     4.345  167  151  168   -1
 128     1.690     8.949     8.524   29   25   30   -1
 129    -9.425    -4.872    -8.748  174  155  174   -1
 130     1.464   -11.175     5.055  251  225  251   -1
 131     0.343     7.780     6.607   45   39   45   -1
 132     4.101    -9.985    -1.941  233  206  236   -1
 133   -11.883    -9.029     0.259  226  196  223   -1
 134    -7.159     8.423    -8.336   39   38   44   -1
 135     2.606     1.361     2.794  125  111  122   -1
 136     3.775     4.870    -2.549   86   76   82   -1
 137     8.734     5.611    -7.474   77   67   71   -1
 138     1.716     5.177    -9.327   82   72   76   -1
 139     1.760    -4.818     5.388  176  161  181   -1
 140     6.688     0.358     6.561  134  119  129   -1
 141    -4.074    -3.356    -2.555  162  147  164   -1
 142    10.488     9.141    -6.533   36   28   32   -1
 143    -0.851    11.210    -0.084   12   10   12   -1
 144     1.832     7.107     7.284   51   43   50   -1
 145     1.674     9.019    -1.478   34   27   34   -1
 146    -1.606     7.533     2.272   49   41   49   -1
 147    -7.331     2.812    -6.498  108   97  106   -1
 148    -4.556    -7.600    -6.828  205  183  207   -1
 149     3.364    -4.930     9.883  180  164  184   -1
 150     6.366     7.970    -7.390   47   40   46   -1
 151    -6.073     6.863    -9.706   56   50   57   -1
 152    -5.787    -7.433     4.811  207  185  208   -1
 153     5.993    -3.125     2.476  160  145  163   -1
 154    -1.363    -3.160     2.398  161  146  162   -1
 155     6.310    -8.794    -7.825  214  193  222   -1
 156     5.413     7.049    -6.458   55   48   54   -1
 157   -11.602     9.692    -4.205   22   22   29   -1
 158   -12.386    -8.936    -5.555  221  194  219   -1
 159     7.983     9.672     4.503   26   18   20   -1
 160     5.047    11.520    -5.757   13    8    8   -1
 161    -1.766    -3.112    -6.857  159  144  161   -1
 162    11.977     6.387    -2.835   66   58   59   -1
 163   -10.910     4.558    -2.786   90   80   88   -1
 164     7.476    -4.509    -3.565  169  154  172   -1
 165   -10.317     4.281    -1.592   92   82   91   -1
 166    -7.021     4.000     8.596   94   84   92   -1
 167    -7.863     8.334     8.966   35   31   42   -1
 168     7.330     6.199     5.287   65   56   62   -1
 169     5.316     5.810     0.178   71   61   66   -1
 170     8.405     3.860    -5.567  100   89   95   -1
 171    -1.669    -5.969    -9.057  191  172  194   -1
 172    -1.368    -3.342     5.000  164  148  165   -1
 173     8.606    11.642    -2.438   10    6    7   -1
 174    -3.349     5.131    -9.473   83   73   77   -1
 175    11.982     2.442    -0.342  115  102  108   -1
 176     1.707     4.486    -5.828   91   81   87   -1
 177     5.188    -1.851     6.195  151  135  148   -1
 178     3.680     6.144     6.852   64   57   63   -1
 179     2.138    11.093     7.859    9    7    9   -1
 180    -0.059     3.691     1.613   99   90   99   -1
 181    -7.530    -8.421    -8.993  213  191  214   -1
 182     1.046     9.850     3.767   21   16   21   -1
 183     0.808    12.390    -9.570    2    5    4   -1
 184     1.624    -5.080     3.262  182  166  185   -1
 185     9.477     0.968    -8.481  130  115  126   -1
 186     1.886    -2.288     5.166  156  140  154   -1
 187    -2.053     3.584    -3.175  102   93  101   -1
 188     8.035    -9.221     1.382  222  200  231   -1
 189    -3.352    -5.092    -9.783  179  160  180   -1
 190    11.050   -11.092     2.791  244  220  253   -1
 191    -8.426     0.648    -5.762  133  118  128   -1
 192   -11.155     5.444     3.071   72   66   75   -1
 193    -6.448    -8.822    -1.111  217  195  221   -1
 194     3.793    -3.398     2.835  163  150  169   -1
 195    -5.303     6.579    -0.939   58   52   60   -1
 196     3.973     9.970    -2.711   24   17   22   -1
 197    -8.735     3.251    -5.708  104   94  102   -1
 198     1.684    11.212     2.575   11    9   10   -1
 199    -2.796     4.156     1.258   93   85   90   -1
 200    10.377     9.183     5.446   30   23   27   -1
 201    -9.812     5.046     3.954   78   70   78   -1
 202    10.966     1.475     0.641  124  110  121   -1
 203   -13.494     7.884    -1.369   44   -1   48   -1
 204    11.332    -1.771     5.593   -1  134  147   -1
 205    10.964    -6.227     9.736   -1  175  199   -1
 206    12.962    -8.847    -2.497  215   -1  225   -1
 207    13.072    -5.945    -0.567  190   -1  197   -1
 208    11.295    -0.757     9.326   -1  127  140   -1
 209   -12.546    -6.139    -3.527  193   -1  195   -1
 210    12.439    10.715    -3.836   18   -1   15   -1
 211     3.917   -12.454    -7.076  254  229   -1   -1
 212    10.754    -1.354     8.973   -1  132  145   -1
 213    -0.788   -11.510    -9.509  248   -1  249   -1
 214    -6.601   -12.115    -2.297   -1  226  257   -1
 215   -11.657   -12.191    -0.716   -1  230  256   -1
 216    -1.942     6.495     6.526   57   49   -1   -1
 217     3.389    -9.563    -9.959  224  199   -1   -1
 218    -9.166    -4.664     1.697  172   -1  173   -1
 219     6.060     7.244    -6.994   -1   44   52   -1
 220     6.053     7.858    -4.629   48   -1   47   -1
 221     4.235     9.637     9.077   23   -1   19   -1
 222     4.086     6.208     8.306   61   54   -1   -1
 223     6.813    -2.517    -6.093   -1  142  156   -1
 224    -1.523    -3.499    -6.758  166   -1  166   -1
 225     5.733     9.545     4.376   27   21   -1   -1
 226     6.985     8.156     5.173   -1   35   41   -1
 227   -13.278     1.766    -3.718  121   -1  117   -1
 228   -11.543   -10.777     4.028  250  218   -1   -1
 229     6.175    -3.017    -3.287  158   -1  160   -1
 230    10.102    -2.507     9.866   -1  143  157   -1
 231    -6.473   -12.508    -7.875   -1  227  258   -1
