255
   1    -7.472    -9.365    -9.004  259  224  252   -1
   2     1.230    -1.451     0.627  172  150  168   -1
   3    11.079     3.377    -3.334  110   92  104   -1
   4    -0.858    -4.407    -2.266  201  175  197   -1
   5    -4.976   -11.717    -8.363  286  249  285   -1
   6    -3.338    -0.056    -6.581  160  137  155   -1
   7    11.252    -2.419    -8.516  182  161  181   -1
   8     7.385    -5.734    -3.074  217  191  215   -1
   9     5.303    -8.996     0.735  252  223  257   -1
  10    -5.434    -2.146    -0.167  180  156  176   -1
  11     0.391    -4.955     5.004  208  184  206   -1
  12   -11.218     1.822    -3.637  133  114  132   -1
  13    -3.643    -0.933    -0.363  166  144  163   -1
  14     1.787    -8.574    -6.786  248  219  245   -1
  15     6.253   -10.793    -7.851  273  239  274   -1
  16     3.779     0.739     2.572  147  127  144   -1
  17     2.993    -7.898     4.623  242  214  241   -1
  18     2.126     3.977     1.164  103   85   96   -1
  19    -5.286    -8.964     5.173  257  225  254   -1
  20     7.091    -9.952    -1.791  261  233  268   -1
  21    -3.738    11.189     8.792    4    4    4   -1
  22     8.263    -5.485     2.258  214  189  212   -1
  23    -6.234    -9.339    -3.612  260  227  255   -1
  24     5.023    -3.990    -1.688  196  172  193   -1
  25     2.185     5.114     0.403   86   70   77   -1
  26     5.212     2.666     6.568  123  102  115   -1
  27     3.566    -5.323    -3.609  212  188  210   -1
  28    -9.020    -7.053    -2.501  232  205  229   -1
  29     8.550    -1.783     5.784  176  153  172   -1
  30    -6.199     4.433    -2.431   99   81   93   -1
  31    -1.396    -3.501     9.487  193  169  189   -1
  32    -3.429    -5.119    -4.895  209  183  204   -1
  33     7.524     2.197     5.988  129  110  125   -1
  34    -4.058    -3.308     4.452  192  168  188   -1
  35    -5.366    -5.117     3.134  213  187  208   -1
  36    -3.992    -6.301    -6.968  223  195  220   -1
  37    -0.634    -8.480     2.231  249  221  247   -1
  38     6.626     8.248    -4.995   41   32   35   -1
  39    -4.821    -3.367    -3.579  191  167  187   -1
  40    -9.246     3.079     3.534  112   94  108   -1
  41     8.608     7.981    -3.077   45   34   37   -1
  42     3.195   -10.925     2.883  280  247  282   -1
  43    -2.437     1.273    -1.825  142  123  139   -1
  44    -1.064     2.065     2.884  130  111  127   -1
  45   -11.046    -5.955    -4.218  220  193  214   -1
  46     4.902    -9.591     9.507  263  234  267   -1
  47    -9.990    -2.810    -0.670  187  163  183   -1
  48     7.242    -6.968    -2.514  231  203  231   -1
  49     3.172     4.504     5.247   98   79   91   -1
  50    -4.440     3.468     6.172  106   89  101   -1
  51    -1.826   -12.032    -7.119  290  256  288   -1
  52    -2.498    -9.773     7.642  266  235  266   -1
  53    -5.368    10.220    -7.817   20   16   20   -1
  54     6.275     0.644     9.775  150  129  146   -1
  55     9.729    -1.308    -2.447  168  146  166   -1
  56     1.148    -3.832    -6.663  194  170  191   -1
  57    -5.581     7.786     4.986   40   33   40   -1
  58     0.873     5.425     4.988   78   63   71   -1
  59     7.181     1.688     4.529  136  117  133   -1
  60    -0.692     1.233     3.740  143  124  140   -1
  61    -7.283    -2.906     1.360  188  164  184   -1
  62     1.926     2.550    -2.672  125  107  121   -1
  63    -2.227     5.512     6.077   74   61   69   -1
  64     0.890    -0.734     0.008  164  142  159   -1
  65    10.191    -1.890     1.049  178  155  175   -1
  66    -9.659    -4.197    -2.059  198  173  194   -1
  67    -1.626     0.263    -8.517  156  134  152   -1
  68    -6.526     2.558     2.401  124  105  122   -1
  69    -3.973     5.897     3.808   68   55   63   -1
  70     8.777     3.316     5.830  109   91  102   -1
  71    -1.919     6.366     8.849   59   47   54   -1
  72    11.353     1.412    -3.518  140  120  136   -1
  73    -7.373    -1.549     0.112  173  151  169   -1
  74    -0.530    11.282    -1.982    7    6    7   -1
  75     9.734     7.031     3.805   56   43   47   -1
  76     5.104     5.030    -8.509   89   74   83   -1
  77     4.775    11.099     1.413    9    7    6   -1
  78   -12.060     6.990     0.505   52   45   51   -1
  79     9.379     0.687     1.929  149  128  145   -1
  80   -10.168     6.696    -7.735   57   50   56   -1
  81    -7.298     3.567     6.123  105   87   99   -1
  82    -6.005    -0.786    -1.486  165  143  161   -1
  83    -9.710    -6.933     2.551  233  206  227   -1
  84    -5.883     1.724     6.483  134  115  134   -1
  85     2.167    -6.465     4.845  226  199  225   -1
  86   -12.189     5.565    -6.846   76   64   74   -1
  87    -1.280     7.244    -6.948   54   44   49   -1
  88    11.307     1.798    -7.694  135  116  130   -1
  89    -1.758    -6.520     4.604  228  200  224   -1
  90    10.829     9.659    -7.357   29   21   23   -1
  91     9.239    -2.693    -7.837  185  162  182   -1
  92     2.467     6.496     1.916   60   48   53   -1
  93     0.960     0.881    -7.574  145  126  142   -1
  94    -8.668    -2.307    -3.994  183  158  178   -1
  95    -0.738    -6.628     4.759  229  201  226   -1
  96     3.366    -3.812     0.863  195  171  192   -1
  97     0.505   -11.870     3.961  293  258  292   -1
  98    -4.282     7.127     6.991   50   41   48   -1
  99     6.997    -2.317    -1.008  181  160  180   -1
 100    -7.206    -2.255     5.243  184  159  179   -1
 101     8.278     2.029     6.473  132  112  126   -1
 102     9.868    10.162    -0.598   21   13   14   -1
 103     4.994     5.851     5.121   73   56   60   -1
 104    10.145     3.597    -2.754  108   88   98   -1
 105     7.154    -5.795    -9.922  215  190  213   -1
 106     7.889    -7.638    -9.201  235  208  235   -1
 107     8.582    10.671     5.442   14    8    8   -1
 108     9.944    -8.478     2.191  247  220  250   -1
 109     4.318     6.358    -0.669   63   52   55   -1
 110   -10.828    -1.333    -5.409  170  147  164   -1
 111    10.889   -10.575    -3.368  268  238  277   -1
 112   -12.102     1.607    -6.743  137  118  135   -1
 113    -9.228    -4.610    -4.022  205  179  198   -1
 114    -1.709     0.616     6.188  151  130  147   -1
 115    -9.403   -11.656    -6.624  289  250  283   -1
 116    10.355     2.524     1.490  126  106  120   -1
 117     2.761    10.089    -4.083   22   15   17   -1
 118     7.565   -11.767    -1.536  284  255  291   -1
 119    -6.099     7.181    -8.667   55   46   50   -1
 120   -12.002    -4.393     0.961  203  177  195   -1
 121    -2.129     0.417     2.614  153  132  149   -1
 122     2.936     3.230    -1.322  111   93  106   -1
 123    -7.478   -10.107     9.675  275  240  269   -1
 124    -2.977   -10.629     4.616  279  246  275   -1
 125   -11.271    10.279    -1.922   15   12   19   -1
 126    -7.733    -0.327     1.615  162  140  157   -1
 127     2.488    -8.370    -2.907  245  217  244   -1
 128     5.117     4.891     9.957   88   72   78   -1
 129     8.916    -0.468    -3.887  163  141  158   -1
 130    -8.010     5.259    -7.697   82   71   80   -1
 131    -0.198    -9.248    -9.426  253  222  253   -1
 132    -9.278     8.743    -6.137   34   28   33   -1
 133     1.697     7.366     5.854   49   38   44   -1
 134     3.001     1.412    -2.511  138  119  137   -1
 135     1.637     2.779     6.599  118   98  111   -1
 136     2.314     0.295    -1.355  155  133  150   -1
 137     2.274     2.636     8.838  122  103  116   -1
 138    -1.171     9.999    -4.451   23   19   21   -1
 139    -0.185     5.147     3.188   84   67   76   -1
 140     4.000    -1.299    -7.801  167  145  165   -1
 141    -3.689     1.332     7.585  139  121  138   -1
 142     1.535     7.709    -8.369   48   39   43   -1
 143     1.670    -9.333    -4.367  255  226  259   -1
 144    -0.946    10.693     1.635   13    9   10   -1
 145    -6.837     3.589    -9.113  107   90  105   -1
 146     0.646     9.225    -9.450   32   26   29   -1
 147    -5.212     5.630    -3.935   75   62   73   -1
 148     0.608   -10.319    -0.040  271  237  270   -1
 149    -4.638     2.845     3.588  115   97  112   -1
 150     8.668    -1.807     9.075  177  154  174   -1
 151    -9.511   -10.192    -8.450  267  232  262   -1
 152     8.355     4.671    -7.925  100   80   89   -1
 153    -6.784     8.292     0.596   37   31   36   -1
 154    -6.918     5.991     1.140   66   54   62   -1
 155    -2.407     0.251     1.386  157  135  153   -1
 156    -8.185    -7.016     5.172  236  207  230   -1
 157    -6.074    -5.040     4.226  211  186  205   -1
 158    -4.673    -2.085     8.743  179  157  177   -1
 159    -0.373     7.560     9.815   43   35   41   -1
 160     2.486    -8.161    -9.845  241  213  240   -1
 161   -11.180     5.226    -5.281   81   69   82   -1
 162     0.260    -5.715     6.154  218  192  216   -1
 163   -10.509     5.458    -2.273   77   65   75   -1
 164     4.782     4.804    -8.733   97   78   88   -1
 165     5.938   -11.782    -2.651  285  254  290   -1
 166    -1.436     2.306     0.638  128  109  124   -1
 167     7.648    -9.369    -2.558  254  229  260   -1
 168     2.056     0.018    -1.131  158  136  154   -1
 169     4.848     2.541    -5.345  127  108  123   -1
 170    -1.542    -4.732     3.806  207  181  202   -1
 171     3.047     8.485    -2.325   38   29   32   -1
 172     0.820     9.784    -5.406   26   20   24   -1
 173    -2.594    -1.643    -6.486  174  152  170   -1
 174     5.910     6.452     2.122   62   49   52   -1
 175     6.621     5.518    -6.047   80   66   72   -1
 176    11.816   -10.558     1.448  270  244  280   -1
 177     8.927    -4.488     8.360  202  180  201   -1
 178    -6.539     6.206     8.415   61   51   57   -1
 179    -9.451    -6.083    -6.287  221  194  217   -1
 180    -3.912     3.963     9.117  101   82   95   -1
 181    -6.910    -6.492    -2.208  227  198  222   -1
 182   -10.861     2.730     2.511  119  100  119   -1
 183    -1.157     5.827     2.401   72   57   64   -1
 184     2.408    -1.408     1.377  171  149  167   -1
 185    -5.428     2.821     1.286  116   99  114   -1
 186     2.823    -6.695     4.196  230  202  228   -1
 187   -11.770    -7.748     2.317  243  211  236   -1
 188     0.298     7.979    -5.176   42   36   39   -1
 189    10.976     2.970    -7.144  120   96  109   -1
 190     8.966    -3.222    -7.110  189  166  186   -1
 191    -6.792     2.064    -1.609  131  113  128   -1
 192     3.542     9.313    -7.407   30   25   27   -1
 193     0.880   -10.719     1.214  276  245  278   -1
 194     9.577     8.668    -9.527   39   30   31   -1
 195   -10.150    -9.491    -0.943  262  230  258   -1
 196     7.074    -8.154     5.046  244  218  246   -1
 197     4.253     9.634     6.869   24   17   18   -1
 198    10.567    -4.520    -2.118  200  178  199   -1
 199     8.673     0.463     2.163  152  131  148   -1
 200   -10.862   -11.533    -5.988  288  248  281   -1
 201    -3.863     5.157    -6.962   87   73   81   -1
 202    -9.487    -7.711    -8.512  238  209  233   -1
 203     5.035     7.326    -4.957   53   42   46   -1
 204     6.252    10.867    -9.135   17   10   11   -1
 205     8.190    10.091    -5.568   25   18   16   -1
 206    -3.378    -3.240    -8.139  190  165  185   -1
 207    -2.187     2.751    -5.546  121  104  118   -1
 208    11.387   -10.053     3.006  264  236  272   -1
 209    -8.479    -7.628    -4.440  239  210  234   -1
 210    -1.679     6.305    -3.659   64   53   58   -1
 211    -6.480     5.706     6.067   70   58   68   -1
 212     4.534    -4.263    -0.734  197  174  196   -1
 213   -11.101     9.606    -9.600   27   23   28   -1
 214     8.722    -4.817     5.966  206  182  207   -1
 215    -0.030     3.038     2.189  113   95  107   -1
 216     1.389    10.489    -9.465   19   14   15   -1
 217    -4.798   -10.650    -3.923  274  242  271   -1
 218     0.591     4.005     2.832  102   84   97   -1
 219     3.389    -7.890    -0.497  240  212  239   -1
 220    -5.476     7.780    -8.226   46   37   45   -1
 221    -8.413    -6.187     2.130  225  197  219   -1
 222    11.950    -9.621    -3.404  256  231  265   -1
 223    -8.765     4.809    -7.469   91   77   92   -1
 224     4.446    11.002     4.836    8    5    5   -1
 225    11.030     4.832    -2.577   95   76   84   -1
 226     7.947    10.330     3.538   18   11   12   -1
 227     0.759   -10.936     9.007  282  251  284   -1
 228     9.245     5.047    -9.387   92   75   79   -1
 229     1.700    -5.191    -3.743  210  185  209   -1
 230    -0.558     9.685    -9.683   28   22   26   -1
 231   -10.955     1.137     3.035  144  125  141   -1
 232    -3.285     8.912    -7.930   35   27   30   -1
 233   -11.229     6.024    -9.300   69   59   67   -1
 234    10.394     5.624    -0.346   79   60   66   -1
 235    10.982    -9.404    -4.873  251  228  261   -1
 236    10.738     3.945     8.270   -1   83   94   -1
 237   -13.702    11.061    -2.581    6   -1   13   -1
 238    -3.983     4.004    -7.514  104   86   -1   -1
 239   -11.104    -7.894     7.256  246  216   -1   -1
 240    -7.104    12.196    -1.033   -1    1    0   -1
 241   -10.664    12.032    -3.495   -1    3    2   -1
 242   -11.834     0.325    -1.577  154   -1  151   -1
 243     5.124     9.018     3.871   31   24   -1   -1
 244    -1.476    -4.739    -7.326  204   -1  200   -1
 245     9.147     4.798    -4.048   96   -1   86   -1
 246     0.460     7.180     5.331   51   40   -1   -1
 247    -4.557     2.766     7.632  117   -1  113   -1
 248     7.318    -8.368    -9.605   -1  215  242   -1
 249    -9.877   -11.025    -0.606  283   -1  276   -1
 250     4.728     4.636     9.686   93   -1   85   -1
 251    -9.391   -11.206     9.908  291  253   -1   -1
 252    -3.202   -11.032    -4.548  281   -1  279    0
 253     9.655   -11.085     9.484   -1  252  289    0
 254    -4.668     5.326    -9.079   83   68   -1    0
 255   -13.157    10.265    -4.403   16   -1   22    0
