224
   1     1.080    -9.704     7.210  240  214  246   -1
   2    -6.609    -3.640     9.412  163  137  160   -1
   3     8.615     8.309     4.792   26   17   25   -1
   4     8.912     4.479     5.239   73   60   74   -1
   5   -12.014     2.255    -2.951  103   85  102   -1
   6     5.768     4.446     1.279   74   63   75   -1
   7     8.764     0.524     2.100  121   99  116   -1
   8     3.322    -1.964    -1.715  147  124  146   -1
   9     0.496     2.872    -8.693   93   79   97   -1
  10    10.097     2.772    -2.648   99   81   95   -1
  11     1.732    -9.437    -3.514  230  203  234   -1
  12    -8.966    -1.638    -1.809  142  120  142   -1
  13     4.239    -8.872     3.951  221  197  228   -1
  14   -10.893    -9.619     3.187  241  211  238   -1
  15     4.350    -3.869    -8.805  159  136  161   -1
  16    -3.147   -10.341     5.430  251  223  252   -1
  17    -8.683     2.953    -3.204   90   78   93   -1
  18     4.577     7.220    -0.350   39   31   43   -1
  19    -0.872    -5.592     9.432  177  155  182   -1
  20     0.545    -3.753     4.242  161  138  162   -1
  21    -3.567    -6.640     6.872  193  170  198   -1
  22     6.042    -3.406    -5.868  156  134  158   -1
  23     0.755   -11.559     5.240  266  237  268   -1
  24    -2.462    -6.452    -0.771  187  164  193   -1
  25     6.770    -9.336     0.785  228  204  239   -1
  26     4.538    -8.329     7.218  215  189  223   -1
  27     6.077   -10.561    -0.157  245  222  254   -1
  28    -9.978     7.699     5.461   28   24   38   -1
  29    -8.726     0.047    -0.099  126  105  123   -1
  30    -2.283     2.665     2.732   97   82   98   -1
  31     4.989    -2.991    -6.240  153  132  155   -1
  32    10.809    -0.688    -5.135  131  111  130   -1
  33     0.468     0.951    -3.791  115   94  111   -1
  34     5.154     6.804    -3.040   46   37   49   -1
  35    -0.209    -4.711     8.908  176  152  174   -1
  36    -6.080    -2.567    -8.531  151  130  152   -1
  37     1.503   -11.815     1.119  267  239  271   -1
  38     4.873   -10.830    -5.137  248  224  257   -1
  39    -7.283   -10.027     2.563  244  216  245   -1
  40    11.751    11.248    -7.530    6    4    6   -1
  41     2.556    -8.577    -8.999  213  186  219   -1
  42    11.142     6.325    -7.364   53   42   52   -1
  43     5.770    -4.757     6.804  174  153  177   -1
  44    -8.400     6.962     8.940   37   30   46   -1
  45    -0.338    -7.842     6.118  211  185  215   -1
  46    -3.963    -0.940     3.809  134  115  134   -1
  47     3.789     7.289     8.635   36   28   39   -1
  48    -1.074    -9.859     4.938  242  215  247   -1
  49    -9.915    -0.554     0.707  130  110  129   -1
  50    -7.831     4.390     8.457   71   62   77   -1
  51     2.155     4.986     3.948   65   55   67   -1
  52     4.954    11.444     0.643    3    3    3   -1
  53     5.273     4.121    -6.847   78   66   79   -1
  54    -4.568     1.215     3.399  113   92  109   -1
  55     4.135     6.365     4.855   48   38   51   -1
  56     4.372     2.810    -3.411   95   80   96   -1
  57    -4.471    -1.898    -6.682  145  123  145   -1
  58    -1.150   -10.726     2.011  254  226  255   -1
  59    -4.902   -10.837    -5.165  252  225  253   -1
  60     5.211    -7.727    -4.947  204  179  213   -1
  61     6.799     6.280    -9.199   55   46   56   -1
  62     1.410    -8.266    -9.926  210  184  216   -1
  63     0.554     9.835     6.008   11    7   11   -1
  64    -6.671     3.690    -9.655   82   70   85   -1
  65     6.282   -11.646    -3.887  264  233  267   -1
  66    -2.267     5.162     4.954   60   52   65   -1
  67    -6.569    -5.945    -1.759  181  156  183   -1
  68     7.872    -7.172    -5.544  194  173  204   -1
  69     3.434     9.446    -9.174   19   13   19   -1
  70    -1.171   -12.248    -8.118  268  240  272   -1
  71   -10.916     8.622    -2.240   20   16   28   -1
  72    -7.356     3.119    -2.699   87   75   90   -1
  73     8.571     9.877     1.295   13    8   10   -1
  74    -3.742    -9.383    -0.355  232  205  233   -1
  75     1.222     7.980    -9.945   34   27   36   -1
  76     6.915     5.963     4.662   57   45   58   -1
  77    -5.138    -1.693     8.835  144  122  143   -1
  78    -2.962     9.768     8.235    9    6   12   -1
  79     3.072    10.493     7.954    7    5    7   -1
  80    -0.636    -9.321     4.225  233  207  236   -1
  81    -9.827    -2.150    -3.087  148  127  149   -1
  82    -8.869     4.968     3.601   63   56   71   -1
  83    -7.918    -6.338     4.878  191  165  191   -1
  84     1.844     0.460     2.339  122  100  118   -1
  85    11.418     3.940    -4.117   81   68   80   -1
  86     4.553     1.558     2.854  110   90  106   -1
  87    -2.977     3.336    -3.401   83   72   88   -1
  88   -11.921     9.405    -7.005   16   12   20   -1
  89    10.362    -7.808    -6.501  200  180  214   -1
  90     8.165   -11.407    -5.408  257  229  264   -1
  91     7.122    -6.500     5.801  189  168  200   -1
  92   -11.059    -6.551    -9.196  190  161  186   -1
  93    11.093     0.626    -4.776  118   97  113   -1
  94    -8.672    -6.498    -8.492  186  160  185   -1
  95    10.827    -4.475    -6.771  169  146  170   -1
  96     5.545    -6.410     2.805  184  166  194   -1
  97     1.162    -4.084     1.403  167  143  167   -1
  98     4.746    -0.926    -1.909  133  113  133   -1
  99     0.331    -0.133    -9.893  127  106  124   -1
 100    -4.339    -0.170    -9.334  128  107  125   -1
 101    -3.071     3.001    -5.505   92   77   92   -1
 102    11.929    -6.067    -2.494  179  157  187   -1
 103     3.997     5.152    -0.297   64   54   66   -1
 104    10.835    -2.260    -2.052  149  129  151   -1
 105    -0.915     6.152    -8.934   54   49   62   -1
 106    -0.241     2.468     0.436  100   84  100   -1
 107   -10.323    -6.727     1.635  196  169  195   -1
 108    11.144    -4.673    -6.809  171  147  173   -1
 109    -6.046    -8.807     2.665  224  193  224   -1
 110    -0.505    -7.606    -4.921  203  177  209   -1
 111    -9.454     8.438    -0.922   23   19   30   -1
 112   -11.124    -5.775    -6.327  178  154  181   -1
 113    10.685    -9.125     4.737  223  202  240   -1
 114     5.175   -11.321    -7.743  256  228  260   -1
 115    -6.592    -7.752    -3.227  207  181  210   -1
 116     5.288   -10.020     8.109  243  220  251   -1
 117     7.936     0.182    -0.396  125  103  120   -1
 118     3.068   -11.155     5.416  263  231  263   -1
 119    -6.171     9.407     4.597   14   11   17   -1
 120     8.221     5.428    -3.126   61   51   64   -1
 121     1.324    -1.380     1.512  139  118  140   -1
 122    -3.081     8.402     9.888   21   15   26   -1
 123    -5.905     9.648    -1.223   12   10   15   -1
 124    -9.902     2.078    -3.033  105   86  103   -1
 125   -10.070     3.855    -7.147   79   69   82   -1
 126    -0.791    -9.173    -5.441  225  196  227   -1
 127    -1.697    -9.478     8.652  238  213  241   -1
 128     3.342     9.813    -1.140   15    9   14   -1
 129   -11.199   -10.643    -4.026  253  221  249   -1
 130    -3.935    -9.204     1.831  231  200  230   -1
 131     2.574     7.658     9.412   30   22   35   -1
 132    -3.602    -8.776    -3.933  218  191  221   -1
 133   -11.686    -8.300     1.257  217  187  217   -1
 134     5.082     3.402    -6.472   84   71   86   -1
 135    -0.948    -0.482     2.189  129  109  128   -1
 136     4.516    -1.700     5.655  143  121  144   -1
 137    -9.164   -11.431     7.343  269  236  261   -1
 138    -0.610    11.609     1.024    2    2    2   -1
 139    -1.088     7.693     0.410   32   26   37   -1
 140     4.417    -9.593     3.838  235  210  243   -1
 141    -2.844     6.284    -9.431   51   47   60   -1
 142     0.313     1.748    -9.855  109   89  105   -1
 143    11.820    -8.861    -7.126  214  190  226   -1
 144    -1.786     4.518     2.179   72   61   76   -1
 145     1.769     6.808     8.905   43   34   45   -1
 146    10.182     3.374    -8.664   86   73   87   -1
 147    -4.499     8.306    -2.169   24   20   31   -1
 148    -8.474    -9.645    -7.359  236  206  232   -1
 149   -11.604     6.601    -7.018   45   39   54   -1
 150     2.670    -1.152     6.906  138  117  137   -1
 151    -5.905    -6.270     5.178  188  162  190   -1
 152    -8.687     0.690    -4.161  117   96  112   -1
 153    -6.864   -10.872     2.442  259  227  256   -1
 154     3.122    -4.706     8.082  175  151  176   -1
 155     9.868    -6.004     5.070  180  158  189   -1
 156     8.291    -2.641    -9.138  150  131  153   -1
 157     9.268    -8.801     7.631  219  198  231   -1
 158     8.494     7.318    -4.865   42   32   42   -1
 159    -5.867    -9.246    -9.717  227  194  225   -1
 160     0.135     6.318    -7.227   50   43   57   -1
 161     2.526     5.398     3.820   59   50   63   -1
 162    -6.812    -7.216     5.299  199  176  206   -1
 163     7.158   -11.324     1.872  260  232  265   -1
 164     5.334    -1.916     5.823  146  125  148   -1
 165    -9.708     4.010    -1.257   76   67   81   -1
 166     3.041    -6.897    -9.891  192  167  199   -1
 167     7.235   -11.564     2.607  265  235  269   -1
 168     2.070    -3.850    -0.887  164  139  163   -1
 169     0.133    -1.581    -4.347  141  119  141   -1
 170    -1.774     2.981    -0.197   89   76   91   -1
 171     5.476     1.159    -9.955  114   93  110   -1
 172    -9.101   -10.166     3.583  249  219  248   -1
 173     5.654    -4.743     2.906  173  150  175   -1
 174    -2.693     4.855    -9.049   69   59   73   -1
 175    -3.486    -0.854     4.050  132  112  131   -1
 176    -7.578    -7.175    -7.316  197  171  201   -1
 177    -1.934     3.250    -0.264   85   74   89   -1
 178   -11.567     6.180    -1.408   49   41   61   -1
 179    -5.650     8.145    -2.169   27   21   34   -1
 180    -0.972    -8.757    -7.158  216  188  220   -1
 181   -10.290    -3.396     3.569  158  135  157   -1
 182    -1.570    -4.050    -6.548  166  141  165   -1
 183    -5.934     7.116    -5.680   40   35   48   -1
 184   -10.519    -3.971    -3.023  165  140  164   -1
 185    -5.708    -9.375     6.315  237  209  237   -1
 186    -0.489    -7.458    -9.539  198  174  205   -1
 187   -10.992   -10.183    -0.125  246  218  244   -1
 188     5.868     5.029    -6.951   67   57   70   -1
 189   -10.560     0.220    -6.942  124  102  119   -1
 190     3.511    -1.127    -7.979  137  116  136   -1
 191     8.375     1.442    -5.118  112   91  107   -1
 192    -4.349    -7.483     6.960  205  182  211   -1
 193    10.043     8.149    -8.287   33   23   32   -1
 194    -5.539    -4.024     5.544  168  142  166   -1
 195    11.314     2.539     0.549  101   83   99   -1
 196    -1.021     0.683    -3.575  116   95  114   -1
 197   -11.190    -1.036    -0.818  136  114  135   -1
 198    -5.778    -8.962    -9.265  220  192   -1   -1
 199    -2.883    -9.080     3.094  229  199   -1   -1
 200    10.490    -8.730     5.755   -1  195  229   -1
 201     4.893    -6.978     1.196   -1  172  203   -1
 202    -1.009     6.864     7.554   41   33   47   -1
 203    11.099    -3.430    -9.189  154  133  159   -1
 204     0.351    -9.972    -5.730  239  212   -1   -1
 205     7.363   -11.191     6.400  262  234  266   -1
 206    12.219   -11.513     1.116  261   -1  273   -1
 207     9.781   -11.516     6.597   -1  238  275   -1
 208    -4.351    -6.410    -0.047   -1  163  192   -1
 209     3.416     0.558     7.076  119   98   -1   -1
 210     4.316     2.755     5.616   94   -1   94   -1
 211    10.909     0.514     3.547  120   -1  117   -1
 212    -6.357     0.260     2.090  123  101   -1   -1
 213    11.995     4.222    -8.379   77   65   -1   -1
 214    -1.068     4.860    -8.273   -1   58   72   -1
 215     2.374     8.889    -2.668   -1   14   21   -1
 216    -6.947     8.688    -7.100   -1   18   27   -1
 217    -5.194     0.108    -8.603   -1  104  122   -1
 218    12.502    -2.741    -5.576  152   -1  154   -1
 219     9.279    -9.058     6.849  226  201   -1   -1
 220    12.514     6.219    -4.467   56   -1   53   -1
 221     7.829    -5.934     8.108   -1  159  188   -1
 222    -4.227     4.402    -0.274   -1   64   78   -1
 223   -12.438     1.357    -4.784  111   -1  108   -1
 224    -1.664    -4.386    -6.666   -1  145  168   -1
