248
   1    -4.320     2.300     3.495   99   95  103   -1
   2    -8.735     0.428    -0.193  119  112  122   -1
   3    10.625    -4.898    -2.382  174  161  180   -1
   4     9.067    -6.736    -6.913  192  179  205   -1
   5   -10.464    -3.757    -3.462  168  155  167   -1
   6    -0.260     1.277    -3.697  111  104  113   -1
   7   -12.314     1.552    -5.252  109  103  112   -1
   8   -10.289     4.837    -9.460   67   70   79   -1
   9     2.550    -1.248    -1.712  137  129  140   -1
  10    11.296    -9.547    -0.145  237  216  252   -1
  11     8.562     2.759     2.813   96   91  100   -1
  12    -3.056    -5.977    -1.253  186  173  195   -1
  13     1.128     0.064     1.443  125  119  130   -1
  14     9.838     0.150    -4.356  124  116  127   -1
  15    -3.687    -9.246     5.259  239  213  242   -1
  16    -9.878    -0.267     0.570  128  122  133   -1
  17    10.134    -0.754    -1.528  132  125  135   -1
  18     3.699     3.536    -2.839   87   84   93   -1
  19    -4.684    -1.141    -7.351  133  126  137   -1
  20    -7.641    -9.427     2.144  246  214  241   -1
  21     0.375     3.737    -8.601   84   81   91   -1
  22     1.849     6.329     7.797   53   56   65   -1
  23     4.454     3.281     3.117   92   86   95   -1
  24    -8.828     3.024    -3.460   94   89   99   -1
  25    10.218     1.577    -3.905  110  102  111   -1
  26    -2.472    -8.626     8.519  231  207  233   -1
  27     4.040    -2.155    -6.290  143  136  148   -1
  28     0.874    -9.151    -4.248  234  209  238   -1
  29    -6.708    -5.704    -2.312  181  167  189   -1
  30     0.431    -8.294     6.919  223  202  228   -1
  31   -11.986     2.370    -3.297   97   94  104   -1
  32     6.629    -6.323    -5.971  190  175  199   -1
  33    -8.575    -5.662    -9.186  179  166  185   -1
  34   -11.149   -10.722    -4.758  264  236  259   -1
  35    -9.753     4.077    -1.398   76   76   87   -1
  36    -9.867    -1.965    -3.420  142  135  146   -1
  37    -8.288    -9.030    -9.744  232  204  230   -1
  38     5.867   -10.594    -5.525  253  234  263   -1
  39    -3.830    -5.640     6.577  182  170  191   -1
  40    -3.363     0.264     4.047  121  114  124   -1
  41    -9.977     8.097     5.450   30   35   44   -1
  42   -11.861     6.243     2.070   52   59   67   -1
  43    -9.053    -1.409    -1.992  139  130  141   -1
  44    11.725   -10.480    -7.264  251  231  262   -1
  45     0.432    -2.366     3.954  145  138  150   -1
  46    -1.420    -4.767     9.241  176  162  179   -1
  47   -10.783    -5.921    -9.791  183  169  190   -1
  48    -2.622    10.581     8.478    6    5    9   -1
  49   -12.171     7.009    -0.889   41   43   58   -1
  50     0.742    -2.746     1.154  148  141  153   -1
  51     2.276    -3.896     9.988  170  157  171   -1
  52     4.816     8.008    -2.023   35   37   43   -1
  53    10.832    -1.911    -9.331  141  134  147   -1
  54    -2.208     3.825     2.997   80   77   89   -1
  55     6.404     7.027    -8.185   47   49   54   -1
  56   -11.826    10.073    -7.385   11   15   22   -1
  57     5.133    -4.502     2.612  171  158  176   -1
  58     6.470    -4.896     5.580  175  163  181   -1
  59    -2.097     6.173     5.435   55   58   66   -1
  60    -6.653    -7.753    -4.029  214  191  214   -1
  61    -8.765     5.711     3.604   56   60   69   -1
  62     1.121    11.437     6.361    2    1    4   -1
  63    -3.346    -8.093     2.774  218  196  223   -1
  64    10.553     7.139    -6.133   45   44   50   -1
  65     4.689     4.679    -6.062   69   71   78   -1
  66    -5.975    10.263     4.806    9    7   13   -1
  67     5.732    11.514    -9.425    5    4    7   -1
  68     3.159    -0.214    -8.092  127  121  132   -1
  69     2.750     7.199     4.342   39   41   49   -1
  70     3.643    -8.146     3.604  217  198  226   -1
  71   -11.076    -9.212     2.697  243  212  237   -1
  72    -8.085    -5.752     4.511  184  171  192   -1
  73    -1.197    -7.042    -5.741  203  184  206   -1
  74     4.990   -11.078    -4.908  261  241  270   -1
  75    11.732     3.902    -4.655   82   79   86   -1
  76    -3.382     3.567    -3.328   85   82   94   -1
  77    11.351    -1.772    -4.936  140  133  145   -1
  78     5.604     6.430     2.016   54   57   64   -1
  79    -9.438    -9.652     3.052  252  223  244   -1
  80     1.773     1.914     2.420  105  100  109   -1
  81    -1.236     6.876    -8.504   48   53   60   -1
  82    -5.356    -1.155     8.636  136  128  139   -1
  83    -8.405     7.410     9.037   36   39   48   -1
  84    -1.836    -9.612     1.585  248  220  245   -1
  85    -0.597    -6.484     5.885  194  180  201   -1
  86     2.839     8.901    -9.448   28   29   32   -1
  87   -10.938    -5.464    -6.930  178  164  182   -1
  88     6.709   -10.306    -6.456  250  230  258   -1
  89    -1.441     5.566    -8.324   59   63   72   -1
  90    -5.592    -3.158     5.242  157  148  162   -1
  91    -3.835     0.139     3.739  123  117  129   -1
  92    -3.952    -8.711    -4.322  226  203  229   -1
  93     5.461    -2.950     6.755  151  144  157   -1
  94     4.528     0.217     5.786  122  115  125   -1
  95    -0.429     3.713     0.659   83   80   90   -1
  96     8.232    -7.151     9.710  206  189  215   -1
  97     4.054    -0.139    -1.732  126  120  131   -1
  98     5.053    -2.628    -5.886  146  139  152   -1
  99     5.638    -7.952     0.372  215  193  221   -1
 100   -10.389     0.687    -7.407  118  110  120   -1
 101     8.825    11.171     5.520    3    3    5   -1
 102    -6.428    -8.160     2.318  220  197  222   -1
 103    -0.990     0.800     2.176  116  109  119   -1
 104   -10.969     8.684    -2.397   23   28   37   -1
 105     4.334    -5.321     1.028  177  165  187   -1
 106   -10.333    -6.503     1.106  196  178  200   -1
 107     7.911    -1.469    -8.987  138  131  143   -1
 108    -6.186     1.199     2.039  112  105  114   -1
 109    12.143     9.377    -6.724   21   18   23   -1
 110     3.590    -7.418     3.680  207  190  217   -1
 111     1.566   -11.607     9.092  268  248  277   -1
 112    -0.659    -3.846     8.728  169  156  170   -1
 113     3.679   -10.062    -5.995  249  226  254   -1
 114     4.454     3.951    -5.767   81   78   88   -1
 115    -9.553   -10.939     7.191  265  242  269   -1
 116     7.548     1.761    -0.119  107  101  110   -1
 117     0.542    -0.707    -2.771  130  124  134   -1
 118     8.076    -7.604     7.082  210  192  219   -1
 119    -6.873    -3.230     9.118  164  150  163   -1
 120    -5.818    10.161    -0.836   10   11   17   -1
 121    -0.931    -6.258    -9.511  189  174  196   -1
 122    -1.535    -8.544     4.709  227  205  232   -1
 123    -3.091     7.152    -9.190   43   46   55   -1
 124    10.408    -9.537     0.430  238  217  251   -1
 125     4.046    -9.928    -8.992  241  219  248   -1
 126     6.164    -9.506     6.805  242  222  253   -1
 127    -1.771   -10.986    -9.394  260  237  265   -1
 128    10.140     4.401    -1.891   74   72   82   -1
 129     8.396    -9.585     7.086  245  227  255   -1
 130    12.131     7.825    -3.525   37   38   45   -1
 131    -0.409    -9.335    -6.625  236  210  239   -1
 132     9.343    -6.874     5.755  198  187  209   -1
 133     0.955     8.722    -9.023   29   33   36   -1
 134    -9.467     8.543    -1.054   25   30   40   -1
 135     1.847     5.372    -9.605   63   67   74   -1
 136    -6.205    -8.577     6.134  230  206  231   -1
 137    -7.542     3.267    -2.850   91   88   97   -1
 138     9.744    -3.450    -6.667  159  151  165   -1
 139    -8.772     0.885    -4.581  115  108  118   -1
 140    -7.199     9.339    -7.052   15   20   27   -1
 141    -5.056     1.131    -9.329  113  106  115   -1
 142    -0.722     7.871     7.945   33   36   42   -1
 143    10.057    -3.618    -6.677  165  154  168   -1
 144     9.043     7.423     5.954   38   40   46   -1
 145    -1.462    -8.595    -6.319  222  200  227   -1
 146    -0.637    -1.175    -4.544  134  127  138   -1
 147    -7.240   -10.166     2.047  257  232  257   -1
 148    -4.547     8.831    -1.694   22   23   34   -1
 149     2.958     9.958    -7.953   13   16   20   -1
 150    -7.631    -6.558    -8.040  193  176  198   -1
 151     2.790    -3.279     7.932  160  152  164   -1
 152    -6.384     7.196    -3.930   40   42   52   -1
 153    11.575   -10.831    -0.599  258  240  271   -1
 154    11.430     5.084    -7.259   66   69   76   -1
 155    -1.077    -7.955     3.921  216  194  220   -1
 156     0.021   -10.148     5.059  256  233  260   -1
 157     4.416     8.597     5.461   26   24   29   -1
 158    -7.487    -6.701     2.591  201  181  203   -1
 159     7.560     2.208    -4.377  103   97  105   -1
 160   -10.972   -10.063    -1.390  254  229  247   -1
 161    -1.657     0.973    -3.688  114  107  116   -1
 162    -5.849    -5.523     6.850  180  168  188   -1
 163    -1.983     4.064    -0.028   78   75   85   -1
 164    11.447    10.132    -8.933   14   14   16   -1
 165    -0.457   -11.646     0.413  266  243  272   -1
 166    -4.164    -8.965    -0.984  235  208  235   -1
 167     9.114    -4.520     7.315  173  160  178   -1
 168     3.348     2.037     7.355  104   99  107   -1
 169    -8.901     6.696     1.874   44   51   62   -1
 170    -2.145     4.314    -0.046   72   74   83   -1
 171     1.006   -12.054     0.189  273  250  280   -1
 172     1.304    -3.132    -1.094  155  146  161   -1
 173    -5.713     8.515    -1.886   27   32   39   -1
 174     6.973    -4.460     7.952  172  159  177   -1
 175     4.078     9.086     8.820   16   17   24   -1
 176    -3.492     3.329    -5.594   90   87   96   -1
 177    -2.059    -3.158    -7.125  154  145  158   -1
 178    -5.144   -10.896    -6.180  263  238  264   -1
 179     2.572     0.274     7.044  120  113  123   -1
 180    -7.959     4.819     8.522   65   68   77   -1
 181     3.892     6.786     0.484   49   48   56   -1
 182    -1.839     5.658     2.594   57   61   68   -1
 183     7.043     8.432     5.303   32   27   31   -1
 184    10.765     5.350    -3.208   64   65   71   -1
 185   -10.211    -2.927     3.269  152  142  156   -1
 186    -4.715    -6.640     6.622  200  182  204   -1
 187     0.600   -10.711     0.618  259  239  267   -1
 188    -2.960     5.750    -9.003   58   62   70   -1
 189   -11.704    -8.093     0.701  219  195  218   -1
 190     4.644     9.085     0.768   19   19   25   -1
 191   -12.167    10.268     0.439    8    9   18   -1
 192    10.567    -7.552    -7.744  205  188  216   -1
 193     2.108     8.299     9.092   31   26   35   -1
 194    -0.974     8.874     1.180   20   22   28   -1
 195    -9.972     2.175    -3.442  102   98  106   -1
 196   -11.617     7.123    -7.328   42   45   59   -1
 197    -2.344   -12.089    -1.904  274  247  275   -1
 198     9.811     4.385    -1.626   75   73   81   -1
 199    11.273    -2.269     2.944  144  137  149   -1
 200    -4.533    -8.236     3.135  221  199  225   -1
 201     2.477    -9.500     7.814  247  224  250   -1
 202    -3.333     5.452    -3.432   61   64   73   -1
 203     3.846    -6.798     6.995  202  186  208   -1
 204     4.772    -9.630    -0.809  240  215  249   -1
 205    -7.102   -12.244    -8.883  275  245  273   -1
 206     6.276    -9.861    -2.158  244  221  256   -1
 207    -4.362     5.230    -0.089   62   66   75   -1
 208    11.582    -9.152     2.446  233  211  243   -1
 209     2.429    10.184    -1.457   12   10   14   -1
 210     2.658     6.760    -7.033   50   55   61   -1
 211     7.705     6.942    -2.350   46   47   51   -1
 212     3.042   -12.041    -1.127  270  246  278   -1
 213    11.796    -6.451     0.490  191  177  202   -1
 214    11.776    -3.472    -2.838  161  153  166   -1
 215    10.799    -2.979    -0.310  150  143  159   -1
 216    10.453     0.672     1.037  117  111  121   -1
 217    10.803     3.524     2.092   86   83   92   -1
 218   -11.018    -0.582     7.704  129  123   -1   -1
 219   -11.950    10.455     3.152    7    6   -1   -1
 220   -11.640    10.441    -9.328   -1   12   19   -1
 221     3.699    11.657     0.264   -1    2    2   -1
 222    11.801    12.323    -6.399    1    0   -1   -1
 223    10.932    10.075     8.797   -1    8   11   -1
 224     9.385   -12.205    -0.190  271  252   -1   -1
 225   -10.882     3.378    -3.139   89   85   -1   -1
 226     2.866     6.937    -7.471   -1   52   57   -1
 227     4.012   -10.653    -3.713   -1  235  266   -1
 228    -2.029     9.290    -9.389   18   21   -1   -1
 229     5.645    10.349    -9.161   -1   13   15   -1
 230    -4.778    -5.903    -0.461   -1  172  194   -1
 231    12.729    -7.872    -0.585  209   -1  224   -1
 232     3.976    -8.483     8.353  225   -1  234   -1
 233     5.353     0.139     5.976   -1  118  128   -1
 234    12.285   -12.259    -3.520  267  251   -1   -1
 235    -3.276   -11.944     3.798   -1  254  276   -1
 236     4.086    -7.017    -5.544  197   -1  207   -1
 237     4.291     4.422     5.858   70   -1   80   -1
 238    -7.348   -12.170    -8.948  272  244   -1   -1
 239     9.548    -6.928     4.568  199   -1  210   -1
 240     9.681     4.176    -7.765   79   -1   84   -1
 241     3.985    -2.709    -9.224  147  140   -1   -1
 242   -11.704    -6.743     6.405  204  185   -1   -1
 243     5.650     2.372    -9.609  100   96   -1   -1
 244    -0.317     6.737    -6.613   51   54   -1   -1
 245    -8.768     2.390    -6.201   98   93   -1   -1
 246     8.054     8.618    -3.572   -1   31   33   -1
 247    -8.983    -9.371     5.050   -1  218  240   -1
 248   -13.105    -7.517    -0.542  213   -1  211   -1
