225
   1     4.565   -11.143    -8.605  240  215  250   -1
   2    -5.369     0.239     2.224  132  117  132   -1
   3    -1.617    -4.915     2.789  177  162  185   -1
   4    -9.510    -2.121    -3.167  149  135  150   -1
   5     4.221    -7.165     7.170  196  180  211   -1
   6     0.587     0.185    -8.698  133  118  133   -1
   7    -4.114     1.219     0.743  121  107  123   -1
   8   -11.897    -1.248     0.273  140  127  143   -1
   9     2.735     0.646     0.887  129  114  129   -1
  10    -7.643    -4.870     2.766  178  161  182   -1
  11     6.078    -2.537     2.531  152  138  156   -1
  12     2.562    -4.312     0.892  165  150  169   -1
  13   -10.222    -1.283    -1.637  141  128  144   -1
  14     3.374    -7.493     6.144  202  183  212   -1
  15    -3.818     2.991     3.448   98   91  103   -1
  16    -1.706    -5.782    -8.713  183  168  192   -1
  17   -11.724    -4.127    -2.218  164  149  166   -1
  18    -9.180     1.935     7.281  114  103  116   -1
  19     9.227   -11.370    -6.760  241  218  256   -1
  20     6.693     4.404    -2.239   91   78   87   -1
  21     8.268     5.603     7.187   70   61   68   -1
  22    -6.745     5.950    -2.530   67   58   69   -1
  23    -2.607    -2.096     6.035  150  136  153   -1
  24    -5.505    -5.460    -9.114  182  165  188   -1
  25    11.474     7.296     2.473   51   41   47   -1
  26     8.273     2.608    -2.697  110   96  108   -1
  27    -5.944    -4.643     9.643  176  160  179   -1
  28     4.075    -9.706    -1.687  225  201  237   -1
  29    -6.053    -1.793     0.593  147  131  147   -1
  30   -11.081     6.011    -7.923   66   59   71   -1
  31    -6.163    -7.058     4.527  197  177  206   -1
  32     2.606    -6.870    -0.734  192  175  203   -1
  33    -5.580     4.835     3.395   80   72   82   -1
  34   -10.427     2.585    -4.043  108   99  113   -1
  35     8.233     6.177     0.392   65   57   66   -1
  36    -0.939    -1.622     8.727  144  130  146   -1
  37     3.159    -3.893     9.913  162  148  167   -1
  38    -9.278    -5.762    -9.555  184  167  190   -1
  39    -9.852    -0.798    -8.055  137  123  138   -1
  40    -8.842    -6.953    -9.302  193  173  201   -1
  41    -8.052     7.421     3.923   44   40   51   -1
  42     9.632     9.457     5.382   25   20   23   -1
  43    -3.511   -10.534    -2.410  238  212  245   -1
  44    -4.587     1.772     9.337  118  105  119   -1
  45     6.351     2.812    -3.510  104   93  105   -1
  46     9.549   -10.898    -2.959  237  214  252   -1
  47    -4.743   -11.377    -1.040  246  221  255   -1
  48     3.698     0.072    -9.063  134  119  134   -1
  49     6.836     0.989     6.253  124  110  125   -1
  50     1.466     4.234    -9.424   92   83   93   -1
  51     7.135     5.535    -3.262   74   64   72   -1
  52    -5.157     2.457     9.762  109   98  112   -1
  53    -7.963   -10.066    -5.174  234  205  234   -1
  54     4.073     5.341    -2.964   78   66   75   -1
  55    -7.816     9.978    -0.955   19   18   24   -1
  56     4.151    -6.292     7.923  189  172  200   -1
  57    -3.645     9.337     3.635   24   21   28   -1
  58    -0.150   -10.140    -1.875  233  207  240   -1
  59     9.545     1.123     4.245  122  108  124   -1
  60    11.663    10.587    -1.862   17   12   11   -1
  61     3.121    -4.818    -2.926  171  157  181   -1
  62     2.310    -7.229     0.620  194  178  209   -1
  63    -4.090     5.668     5.908   68   60   70   -1
  64     7.659     4.932     1.073   81   71   80   -1
  65    -1.056     4.354    -0.228   88   79   90   -1
  66    -0.700    -1.066     3.941  139  126  142   -1
  67     7.259    -8.726    -2.251  211  191  225   -1
  68    -8.262    10.590    -3.723   10   15   21   -1
  69     9.361     4.440     7.527   86   75   85   -1
  70   -11.086     2.653    -9.143  107   97  110   -1
  71    -6.979   -11.000     5.298  245  220  251   -1
  72    -6.848    -7.885    -0.953  205  184  213   -1
  73    -0.653     9.906     9.255   18   16   22   -1
  74    -1.923    -9.873    -2.779  228  203  236   -1
  75    -0.621     6.904    -1.665   56   50   61   -1
  76     3.703     3.021     0.882  101   92  101   -1
  77     0.871    -9.152    -0.287  219  197  228   -1
  78     6.222    11.473     5.755    6    3    5   -1
  79     0.640     3.091    -4.747  100   90  102   -1
  80     6.760     8.979    -7.157   35   29   34   -1
  81     1.953     5.448    -9.395   77   67   77   -1
  82    -5.939    -9.230     7.386  227  199  230   -1
  83    -7.207     5.078     5.444   76   68   79   -1
  84    -0.137    -5.247    -5.281  180  163  187   -1
  85     6.075    -4.785     1.864  172  159  184   -1
  86     8.988     0.550     1.132  130  116  131   -1
  87    -7.103    -8.524     5.497  215  193  222   -1
  88     0.542     8.263     6.311   38   33   38   -1
  89     6.384     8.709    -4.579   37   31   35   -1
  90     0.179     4.292     1.616   90   80   91   -1
  91     6.866     7.338    -1.511   49   42   49   -1
  92     1.794     9.384     8.163   23   19   25   -1
  93    -4.991    -4.649    -0.012  169  155  177   -1
  94   -11.845    -9.092     0.210  223  196  226   -1
  95    -3.973    -3.186    -2.349  158  144  163   -1
  96    -9.366   -10.762    -9.236  239  211  244   -1
  97     2.017     7.654     6.925   42   37   45   -1
  98     4.880    10.923    -6.338   12    8   12   -1
  99    -2.019     0.871    -8.398  125  112  128   -1
 100    -5.149     6.739    -0.658   57   52   63   -1
 101    -1.921    -8.266     1.013  209  186  218   -1
 102     1.583   -10.109    -0.742  232  208  241   -1
 103     5.201     9.339    -3.934   29   25   29   -1
 104     3.004     5.359     7.579   73   63   73   -1
 105    -1.756     7.001     6.479   48   44   55   -1
 106    -5.856    -9.845    -4.791  229  202  232   -1
 107   -10.329    -2.271    -3.629  151  137  154   -1
 108     7.158    -5.290    -6.916  179  164  189   -1
 109     4.315     9.013     1.047   32   27   33   -1
 110     0.316     7.308    -5.179   47   46   53   -1
 111     6.642     1.861     3.258  117  104  117   -1
 112    -5.102    -0.344    -5.064  135  121  136   -1
 113    -1.963    -3.145     4.529  159  145  164   -1
 114     7.543    10.522     8.040   11    6    9   -1
 115     3.935     6.840     6.451   55   49   58   -1
 116    -5.339     8.352     3.502   36   32   39   -1
 117    11.724   -10.206    -0.821  230  209  247   -1
 118     2.085     9.448    -1.921   26   23   26   -1
 119    11.300     2.405     3.525  111  100  111   -1
 120    12.282     7.661    -2.707   46   39   46   -1
 121    -7.301     2.795    -6.275  102   94  107   -1
 122    -1.341     7.965     2.166   41   35   42   -1
 123     0.851     8.872     9.555   28   24   32   -1
 124    -7.139     8.398    -8.078   39   34   41   -1
 125     8.440     6.846    -5.133   61   53   60   -1
 126    -0.811     5.215     7.723   75   65   76   -1
 127     0.466     2.149     7.435  113  101  114   -1
 128     1.785    -4.471     5.575  167  154  176   -1
 129     8.639     4.763    -5.623   85   74   83   -1
 130     6.019    10.421     4.289   14    9   16   -1
 131   -11.116     8.776    -3.122   33   30   37   -1
 132     4.348    10.171     8.893   15   11   17   -1
 133     2.837     1.986     2.774  115  102  115   -1
 134    10.917    10.415    -6.303   21   17   19   -1
 135     7.425    -4.077    -3.390  161  147  168   -1
 136    -2.844    -5.934    -9.783  185  169  193   -1
 137     1.553   -10.889     5.053  242  219  254   -1
 138     6.835    -9.345     6.241  222  200  233   -1
 139     3.306    -8.855    -9.857  212  188  224   -1
 140    -4.898    -9.982     8.839  236  210  242   -1
 141     1.659    11.438     5.833    4    4    7   -1
 142    -1.925     3.943    -2.954   94   85   96   -1
 143    -8.186    -9.138     7.406  226  198  229   -1
 144     6.186    -8.615    -7.396  208  187  223   -1
 145   -11.487     2.588     1.395  105   95  109   -1
 146    -1.038     7.292    -6.009   50   47   54   -1
 147     9.233     7.162     0.143   53   45   52   -1
 148    -2.803    -9.923     0.587  231  206  239   -1
 149     5.471     9.295    -5.394   31   26   30   -1
 150   -10.847     4.521    -2.700   83   77   89   -1
 151   -10.072     3.248    -8.337   97   88  100   -1
 152    -0.468    11.355    -0.565    9    5    8   -1
 153    -8.061     1.052    -6.891  123  109  126   -1
 154    11.207    -7.923    -9.256  200  182  215   -1
 155    -8.806     3.944     1.745   93   84   97   -1
 156   -11.576     9.604    -4.088   22   22   31   -1
 157    -7.766    -8.813    -8.167  214  189  221   -1
 158     0.404    -6.262    -1.547  187  171  198   -1
 159    -8.409     0.642    -5.611  128  115  130   -1
 160    -9.443    -4.693    -8.738  168  153  173   -1
 161    12.110     3.703    -0.550   95   86   98   -1
 162    -3.409    -4.873    -9.572  174  156  178   -1
 163     3.415    -4.246    10.062  166  152  171   -1
 164    -1.533    -3.350    -6.390  160  146  165   -1
 165     7.535     7.107     5.064   52   43   50   -1
 166     9.046     6.746    -7.445   63   55   62   -1
 167    -6.032     6.888    -9.440   58   54   65   -1
 168    11.736     6.965    -5.240   60   51   57   -1
 169     2.409    11.734     2.357    3    2    4   -1
 170     5.256    -1.345     6.041  142  129  145   -1
 171     7.154    -6.517     8.379  191  174  202   -1
 172    -5.678    -7.299     4.787  201  181  210   -1
 173     4.261     6.828     7.938   54   48   56   -1
 174     5.653     7.937    -6.453   45   38   44   -1
 175     1.671    -4.750     3.469  175  158  183   -1
 176   -11.104     5.517     3.178   69   62   74   -1
 177   -10.921    -0.967    -5.900  138  124  139   -1
 178   -11.168   -11.036    -8.280  243  213  246   -1
 179    -7.747     8.443     8.901   34   28   36   -1
 180     2.218    -2.969     3.255  156  142  160   -1
 181    -6.886     4.092     8.649   89   82   94   -1
 182    -1.228    -2.852     2.607  154  139  159   -1
 183   -10.226     4.291    -1.513   87   81   92   -1
 184    -7.599    -8.177    -9.020  206  185  214   -1
 185    -1.227    -3.059     5.177  157  143  162   -1
 186    -3.283     5.233    -9.218   79   70   81   -1
 187     2.253    10.629     1.373   13    7   15   -1
 188     1.973     4.838    -6.000   82   73   84   -1
 189    -6.794    -7.137    -0.940  198  176  205   -1
 190     1.944    -1.843     5.198  148  132  148   -1
 191     6.113    -8.931    -2.272  213  194  227   -1
 192    10.136    -0.718     2.554  136  122  137   -1
 193    10.486    10.368     5.562   16   10   13   -1
 194    10.106    -4.337     1.865  163  151  175   -1
 195     3.829   -12.301    -6.733  248  223  262   -1
 196    -2.638     4.521     1.399   84   76   86   -1
 197     6.388     8.155    -6.921   43   36   40   -1
 198    10.654    -5.981     6.478  186  170  197   -1
 199   -11.358     5.356    -4.814   72   69   78   -1
 200     5.337    12.362    -5.462    0    0   -1   -1
 201   -12.934     2.968    -2.630   99   -1  104   -1
 202   -13.441     7.810    -1.319   40   -1   48   -1
 203   -11.494   -10.779     3.939  244  217   -1   -1
 204     5.636     6.524    -0.278   -1   56   64   -1
 205   -12.393    -8.891    -5.652  217  192   -1   -1
 206    11.334     2.960     9.941   -1   89   99   -1
 207    -9.223   -12.275    -7.948   -1  222  257   -1
 208    -0.907   -11.283    -9.284   -1  216  248   -1
 209     3.184    11.491     9.757    1   -1    3   -1
 210     8.078    -8.500     1.652  210  190   -1   -1
 211    -4.623    -7.443    -6.677   -1  179  207   -1
 212     3.249    -9.344    -9.543  216  195   -1   -1
 213    -8.698     3.271    -5.634   96   87   -1   -1
 214    -9.039    -4.576     1.732  170   -1  174   -1
 215    -6.500   -12.424    -7.885   -1  226  258   -1
 216     6.188    -2.600    -3.123  153   -1  158   -1
 217     6.830    -2.115    -5.989   -1  134  152   -1
 218     1.357    10.321     3.352   -1   14   20   -1
 219     7.198     9.079     5.008   30   -1   27   -1
 220   -13.248     1.719    -3.681  119   -1  120   -1
 221   -12.513    -6.158    -3.520  188   -1  195   -1
 222    10.122    -1.960     9.631   -1  133  151   -1
 223    11.271    -0.049     9.015   -1  120  135   -1
 224     6.951   -12.544    -8.108  250  227   -1   -1
 225     2.652    -9.720     1.623   -1  204  238   -1
