232
   1    -8.169    -3.260     6.204  175  155  169   -1
   2    -1.532     7.833     0.198   45   41   45   -1
   3    -9.621     3.198    -1.007   95   83   93   -1
   4    -3.675    -3.975     3.623  181  160  174   -1
   5     8.883    -6.580    -1.464  210  187  206   -1
   6    -9.885    -7.418    -0.514  220  195  210   -1
   7    -2.390     0.442     9.709  129  113  122   -1
   8    -2.928     0.301     4.072  130  114  124   -1
   9    -4.854     8.324     4.162   40   37   39   -1
  10   -10.974   -11.480    -8.007  270  239  253   -1
  11     2.521    -2.629     6.549  165  146  160   -1
  12     0.950    -7.307     9.651  219  196  212   -1
  13     3.418     4.462    -5.079   84   73   78   -1
  14    -0.521    10.310    -7.203   22   18   16   -1
  15     9.550    -0.783    -3.429  143  127  137   -1
  16     6.409    -7.576     9.314  224  200  220   -1
  17    -5.466    -8.835    -9.094  239  212  227   -1
  18     3.996     2.922    -6.029   99   86   96   -1
  19    -4.945    -0.659     7.960  141  124  134   -1
  20    -1.461    -8.086    -1.457  228  206  221   -1
  21    -7.015    -3.703     1.880  178  157  171   -1
  22    -1.278    -4.772    -2.104  191  169  183   -1
  23   -10.987    -2.437    -5.571  163  143  155   -1
  24     8.474    -1.476     3.583  149  131  141   -1
  25     3.883    -2.554    -0.146  164  144  157   -1
  26    -5.969    -8.913     3.394  246  218  232   -1
  27    -4.329     3.645    -6.224   93   81   89   -1
  28    -0.983    -8.719    -9.931  237  211  226   -1
  29     7.208    -9.856    -3.571  252  224  245   -1
  30    -4.501    -6.555    -2.068  212  186  198   -1
  31    -1.328     5.224     2.626   74   62   69   -1
  32     1.903     5.608     0.809   69   59   64   -1
  33   -10.823     3.662    -5.750   91   80   90   -1
  34    -7.850    -8.749     1.790  242  214  228   -1
  35    -9.230     9.460    -1.271   28   27   33   -1
  36    -2.328    -6.669     1.274  213  190  204   -1
  37     7.756    -2.792    -7.347  166  147  162   -1
  38     4.905     7.044    -4.205   57   49   52   -1
  39     3.529    -5.602    -0.529  202  180  193   -1
  40     2.326    -1.054    -5.192  146  129  139   -1
  41     6.429     0.641    -5.355  127  112  121   -1
  42     3.756    -7.538     7.114  222  199  216   -1
  43     8.807    -8.804    -8.109  236  213  229   -1
  44    -8.942    -0.727     7.531  144  126  136   -1
  45     7.833     9.754     5.329   26   20   14   -1
  46    -2.176    -2.311     3.537  161  142  154   -1
  47    -4.370    -2.653     3.426  168  145  159   -1
  48     0.068   -11.373    -2.745  269  241  256   -1
  49     2.398     6.155     7.328   62   54   59   -1
  50    -0.431     1.012     1.210  122  108  118   -1
  51    -1.393    -7.314    -4.738  217  192  209   -1
  52     3.167    11.373    -7.016    8    6    6   -1
  53     2.583    -4.974    -4.441  194  172  188   -1
  54     5.112    -8.334    -5.850  229  209  224   -1
  55   -10.299     0.279    -3.745  131  115  125   -1
  56     2.274   -11.834    -4.757  271  245  262   -1
  57     8.938     4.740    -3.979   79   69   75   -1
  58     2.077    -8.924     1.094  241  216  233   -1
  59     0.025    -2.915     8.968  171  150  165   -1
  60     3.340    -6.435    -4.692  209  185  197   -1
  61    -3.758    -9.018    -3.154  243  215  231   -1
  62    -1.030    -0.230     1.147  138  122  132   -1
  63     6.454     7.970     1.314   44   39   40   -1
  64    -1.701    -2.078    -9.795  157  137  148   -1
  65     9.068    -8.211     0.336  227  210  225   -1
  66    -4.110     1.722    -5.086  114  102  111   -1
  67     6.283     3.652     0.083   94   79   87   -1
  68   -10.508     1.925    -0.247  108   98  107   -1
  69    -1.127    -3.780    -1.123  177  158  172   -1
  70     8.364    -7.767     6.672  225  202  223   -1
  71    -4.361    -4.821     6.380  197  175  187   -1
  72     8.422    11.286    -3.054    9    4    2   -1
  73    -7.832   -10.123    -3.518  257  228  242   -1
  74   -11.377    -7.886    -0.102  231  201  215   -1
  75    -2.891    -1.363     5.310  148  130  140   -1
  76     3.903     1.779     7.117  112  100  109   -1
  77     2.199     6.115    -5.050   65   56   61   -1
  78    -6.697     6.815     1.849   54   50   55   -1
  79     5.801     8.640    -2.223   41   36   37   -1
  80   -10.021     4.407    -5.731   81   75   82   -1
  81     2.434   -11.319    -6.528  263  238  255   -1
  82    -7.870    -4.928    -5.592  195  170  184   -1
  83     4.949    -6.171    -2.868  208  184  196   -1
  84    -9.393    -5.424     0.075  204  179  192   -1
  85     7.472     4.853     9.948   77   67   72   -1
  86    -6.673    -3.275     0.991  174  154  168   -1
  87    -0.474     2.782    -8.896  100   87   99   -1
  88    -5.579     6.980    -8.895   56   51   56   -1
  89     6.835    -0.712    -0.391  142  125  135   -1
  90    -6.112     5.404    -5.813   71   61   70   -1
  91     7.037     8.570     6.804   39   35   36   -1
  92     4.256    -4.446     1.210  186  166  180   -1
  93    -7.446    -3.425    -2.953  176  156  170   -1
  94     4.828     5.286     9.655   72   60   65   -1
  95     1.025    11.618    -9.769    7    2    5   -1
  96    -1.716   -11.673    -1.440  272  244  261   -1
  97    -0.226    -4.482     9.625  189  168  181   -1
  98     4.578    -2.683     6.169  167  148  161   -1
  99    -6.011    -4.897    -0.271  196  173  185   -1
 100    -1.135   -10.525    -8.167  258  230  247   -1
 101     8.788     5.745     8.601   67   57   62   -1
 102    -7.806   -10.788     3.453  266  237  251   -1
 103     0.634     8.234    -6.690   43   38   41   -1
 104    -7.254   -11.338     5.158  273  243  257   -1
 105    -3.781   -11.014    -2.393  264  233  252   -1
 106    -9.495     3.159    -7.587   96   84   95   -1
 107    -1.780     2.268     0.461  105   93  103   -1
 108     0.064     1.289     5.979  119  105  114   -1
 109    10.623    -4.981    -4.976  192  171  190   -1
 110    10.931     1.153    -8.150  120  106  115   -1
 111    -4.205     6.237     3.603   60   55   60   -1
 112    -3.801     0.980     7.589  123  109  119   -1
 113    -9.678    -2.302     2.865  162  141  152   -1
 114    -0.525     3.831    -9.679   90   78   86   -1
 115     2.203     1.005     8.450  121  107  116   -1
 116    -8.293    -8.039     0.568  234  207  217   -1
 117   -10.473     9.751    -2.757   23   24   30   -1
 118   -10.753     5.260    -2.814   73   64   73   -1
 119    -3.469    10.041     4.101   18   13   15   -1
 120    -2.469    -5.896     0.649  207  183  195   -1
 121     2.599     6.796     6.494   55   48   53   -1
 122    -2.225     4.342    -1.093   85   74   80   -1
 123    -9.809   -10.706     4.959  267  234  250   -1
 124    -7.420   -11.372     6.612  274  246  258   -1
 125    -5.703    -0.181     5.143  135  119  130   -1
 126    -8.245     9.041    -6.074   35   34   38   -1
 127     6.129    -5.618     6.679  205  182  194   -1
 128    -0.752     4.163    -3.615   87   77   83   -1
 129     9.015    -3.007     5.143  170  153  167   -1
 130    -0.944     9.788    -7.095   29   25   25   -1
 131    -9.567    10.562     1.154   11    9   12   -1
 132     5.410   -10.122     1.576  256  229  248   -1
 133     3.033    -2.120     4.939  159  140  151   -1
 134    -1.189    -7.641    -1.236  221  197  214   -1
 135    10.967     7.777     1.187   49   42   42   -1
 136   -11.390    -6.688     3.263  215  191  202   -1
 137    -6.551    -4.197     6.101  183  164  176   -1
 138    -3.114    10.501     1.142   14   11   11   -1
 139     9.114    -7.387    -7.246  216  193  211   -1
 140     6.632    -9.538     8.081  253  226  246   -1
 141    -3.516     0.185    -3.648  132  116  126   -1
 142    -6.200    -4.216    -4.293  182  161  175   -1
 143    -7.244     2.219     7.815  104   92  104   -1
 144   -12.149    -7.300    -2.546  218  194  207   -1
 145    10.193     1.548     4.087  116  104  113   -1
 146     2.138     8.880     5.869   37   32   34   -1
 147    10.071     4.529     2.977   80   70   76   -1
 148    -3.491     9.660    -7.636   30   28   31   -1
 149    -9.125     6.027    -9.312   66   58   63   -1
 150     6.747     9.592    -7.141   32   29   27   -1
 151    -7.034    -5.112     7.701  201  178  191   -1
 152    -7.292   -10.665    -0.940  260  231  249   -1
 153     2.426     4.161     5.544   86   76   81   -1
 154    -9.515     9.986     3.215   16   16   21   -1
 155     5.300    -6.521     2.013  211  188  203   -1
 156    -2.952    11.084    -9.769   13    8   10   -1
 157     1.285     8.988     8.652   33   30   32   -1
 158    -0.681     9.620     2.094   27   23   23   -1
 159    -0.734     7.779    -3.714   48   44   47   -1
 160    -6.341    10.124    -0.175   17   15   18   -1
 161     9.989    -1.917     0.330  155  135  147   -1
 162   -10.688    -3.160    -9.446  173  152  164   -1
 163     1.767    -4.667    -3.811  188  167  182   -1
 164     3.846     4.405     2.833   83   72   77   -1
 165     8.554     9.840     6.458   24   17   13   -1
 166   -11.725    10.008    -4.385   21   22   24   -1
 167     3.044     9.648     6.028   25   21   19   -1
 168     8.270    -0.060    -7.401  134  118  127   -1
 169     2.499     1.716     4.784  113  101  110   -1
 170   -11.439    -9.789    -5.552  255  222  237   -1
 171    -3.591    -8.108    -3.500  230  204  218   -1
 172     6.003     2.554    -4.136  102   89  100   -1
 173    -4.314    -1.717     1.951  153  133  144   -1
 174     5.666     1.006    -0.020  124  110  117   -1
 175    -8.934    -4.899     4.719  198  176  186   -1
 176    -7.448    -3.961     1.499  180  159  173   -1
 177     0.261     7.528    -6.884   51   46   48   -1
 178    -0.019    -0.896    -9.673  145  128  138   -1
 179     5.771   -11.238     1.025  265  242  260   -1
 180    -7.968    -1.661     5.209  152  132  142   -1
 181     3.126    -8.830     5.347  240  217  235   -1
 182     3.722    10.994    -0.760   12    7    7   -1
 183    -2.778    11.165     7.744    5    1    4   -1
 184     9.080     2.583     7.680  101   88   98   -1
 185     0.662    -9.388    -0.071  249  221  238   -1
 186    -9.573    -7.747    -0.322  226  198  213   -1
 187     6.281     9.566    -4.503   31   26   26   -1
 188    -9.181     4.563    -4.828   78   71   79   -1
 189     0.451    -9.492     2.539  250  223  240   -1
 190    -7.227    11.201    -2.547    6    5    8   -1
 191    -5.294     3.135    -6.359   98   85   94   -1
 192     8.052    -0.184     0.959  136  120  129   -1
 193     8.740     7.799    -3.986   50   43   43   -1
 194   -11.173    -5.186    -1.818  200  177  189   -1
 195    -0.752    -9.632     3.540  254  225  241   -1
 196     6.009     9.509    -7.874   34   31   29   -1
 197    -2.265   -12.219    -4.803  276  247  263   -1
 198     1.311     1.598     8.760  115  103  112   -1
 199    -7.078    -2.073     5.214  158  139  150   -1
 200    10.957    -2.044    -1.078  156  138  149   -1
 201    -1.550    -4.270     8.388  185  165  179   -1
 202     5.671   -10.546     8.178  259  235  254   -1
 203     1.063     9.187    -5.784   36   33   35   -1
 204    -3.839     6.446     4.001   58   53   58   -1
 205     3.348    -1.811    -4.170  154  134  145   -1
 206     9.611     5.283    -7.659   76   66   68   -1
 207   -10.253    -2.828     5.168  169  149  163   -1
 208    -5.975     7.402    -5.857   52   47   50   -1
 209   -10.865     7.502     0.843   47   45   49   -1
 210    10.105   -10.950     6.001  262  240  259   -1
 211     4.376     2.351     0.318  103   91  101   -1
 212    11.218     6.460     4.610   61   52   54   -1
 213   -10.761     0.012     2.089  133  117  128   -1
 214    12.188    -8.575    -0.925  235   -1  230   -1
 215    -0.430     3.615     7.553   92   -1   85   -1
 216    -1.141    -3.059    -2.518  172  151  166   -1
 217     5.859     5.231     0.882   -1   63   67   -1
 218    -7.298    -8.246    -7.768  233  203  219   -1
 219     0.706   -10.979    -3.461  261  232   -1   -1
 220     9.898     0.613     2.691  128  111  120   -1
 221     4.039     1.849    -0.968  111   -1  108   -1
 222    10.300    -4.062     6.408   -1  162  178   -1
 223    -6.574     1.916     1.717  109   97  106   -1
 224    -4.568    10.010     0.059   20   19   20   -1
 225    12.271    -5.877    -8.598  203  181   -1    0
 226   -10.696    -0.335    -5.574  139  123   -1    0
 227     3.506     2.353    -8.860   -1   94  102    0
 228     9.664     5.008     5.287   -1   65   71    0
 229    -1.818    -1.932     7.786   -1  136  146    0
 230     4.918    -8.988     9.773  245  219   -1    0
 231    -6.300    -6.556     2.217   -1  189  201    0
 232    12.629    -2.321    -2.728  160   -1  156    0
