214
   1    -5.951    -6.798     4.493  192  175  195   -1
   2   -11.605    -4.166    -2.079  164  149  162   -1
   3     2.294    -2.152     3.557  145  134  143   -1
   4    -7.395    -4.616     2.819  173  157  171   -1
   5    -9.264   -11.896    -8.216  248  219  246   -1
   6   -11.177     6.234    -7.678   58   59   63   -1
   7     3.153     1.924     1.048  110  103  108   -1
   8     4.236     4.378     0.469   84   79   83   -1
   9     6.350    -3.003    -9.901  154  141  153   -1
  10     3.158    -4.038    -2.382  162  148  163   -1
  11    -6.902   -10.795     5.186  242  216  241   -1
  12    -5.644    -5.058    -8.887  175  161  178   -1
  13     4.230    -6.277     7.755  188  172  191   -1
  14    -3.827     1.581     1.234  113  104  109   -1
  15     8.597     3.936    -3.303   86   83   87   -1
  16     7.195     5.745    -3.029   66   63   65   -1
  17    -0.149    -9.925    -1.492  230  205  231   -1
  18   -11.775    -9.220     0.100  222  196  220   -1
  19    -9.952    -0.549    -7.899  127  118  125   -1
  20    -7.908    -8.377    -8.240  211  188  210   -1
  21    -9.406    -2.129    -2.893  144  133  142   -1
  22     8.133    -6.314    -9.541  184  169  190   -1
  23    10.108   -10.941     4.094  241  217  247   -1
  24    -1.358    -4.402     3.075  168  155  170   -1
  25    -3.537   -10.475    -2.192  236  211  236   -1
  26   -10.054    -1.280    -1.422  132  124  133   -1
  27     9.104   -11.108    -5.813  239  214  244   -1
  28    -4.847     2.669     9.781  101   95  101   -1
  29     2.692    -3.471     1.327  159  145  159   -1
  30     3.400    -6.738     6.708  191  174  198   -1
  31   -11.697    -1.275     0.391  133  125  132   -1
  32     3.030    11.654     0.780    3    1    1   -1
  33     4.159    -5.277     8.383  179  166  183   -1
  34    -8.947    -6.503    -9.444  189  171  188   -1
  35    -3.497     3.583     3.773   89   87   92   -1
  36    -9.387    -5.315    -9.650  176  162  179   -1
  37     3.022    -8.453    -8.976  209  189  213   -1
  38     3.257    -2.537     9.964  149  139  149   -1
  39     4.289   -10.803    -7.772  235  212  240   -1
  40   -10.994     8.663    -2.888   33   33   38   -1
  41     1.589    -9.706    -0.409  226  202  229   -1
  42     9.476    -9.837    -2.377  224  204  233   -1
  43    11.142   -10.186    -0.752  229  208  238   -1
  44     8.249     7.189    -9.963   50   48   50   -1
  45     7.184    -7.766    -1.631  200  182  208   -1
  46    -6.516     6.267    -2.089   57   57   62   -1
  47     8.228    -7.126     2.067  194  180  202   -1
  48     9.457    -3.306    -3.063  158  144  157   -1
  49    -9.005     2.032     7.413  108  102  107   -1
  50     0.679     0.647    -8.039  122  112  118   -1
  51    -1.949    -9.732    -2.416  227  200  227   -1
  52     6.935    -4.795    -6.342  171  158  176   -1
  53    -0.705    -1.025     8.981  131  123  131   -1
  54     2.659    -6.148    -0.278  185  170  189   -1
  55   -10.346     2.499    -3.822  104   98  103   -1
  56    -2.326    -1.604     6.397  139  130  138   -1
  57     6.257    -1.338     2.617  135  127  134   -1
  58    -5.743    -1.447     0.857  138  129  136   -1
  59    -7.811     7.578     4.218   40   41   46   -1
  60     1.839    -3.762     5.971  161  147  161   -1
  61    -6.944    -8.339     5.354  213  190  215   -1
  62     8.198     6.576     0.160   54   53   54   -1
  63    -7.499    10.264    -0.498   16   14   18   -1
  64     0.653     3.310     7.300   93   90   93   -1
  65    -8.102    -9.856    -5.150  231  201  226   -1
  66     1.792     4.738    -9.298   78   76   80   -1
  67    11.398     4.448     2.989   83   77   79   -1
  68   -10.248    -2.307    -3.398  147  136  145   -1
  69    -3.727     6.520     6.028   52   52   58   -1
  70     0.925    -8.664     0.017  214  192  217   -1
  71    -4.764    -7.149    -6.413  195  176  197   -1
  72    -0.439    -0.263     4.270  125  116  123   -1
  73    -3.373   -11.536     9.123  250  224  251   -1
  74     7.339    -3.231    -3.012  157  143  156   -1
  75    -4.718   -11.464    -0.986  244  218  245   -1
  76    -8.124    10.737    -3.201   11   10   14   -1
  77     7.467    11.045    -6.612   13    7    7   -1
  78     0.850     7.779    -5.658   42   42   44   -1
  79     6.689     3.780    -4.020   88   84   89   -1
  80    -6.931     5.372     5.709   67   65   71   -1
  81     2.072    -0.878     5.340  128  119  128   -1
  82    -1.796    -5.451    -8.156  178  163  180   -1
  83    -3.263     9.998     3.608   19   16   20   -1
  84   -10.190     3.512    -7.948   91   89   95   -1
  85     6.212    -3.694     2.230  160  146  160   -1
  86    -4.824     7.136    -0.194   48   47   52   -1
  87     7.665     6.998    -3.770   51   49   51   -1
  88    -7.248     2.770    -5.838  102   97  102   -1
  89    -5.298     5.196     3.710   73   69   75   -1
  90     2.378     5.998    -9.467   65   61   64   -1
  91     6.345     9.724    -6.412   24   19   21   -1
  92   -11.213     3.074    -8.979   96   94   99   -1
  93    -0.668     5.340    -0.005   72   68   73   -1
  94     8.702     8.113    -0.181   38   38   39   -1
  95    -6.676    -7.048    -0.676  196  177  196   -1
  96    -5.054     8.795     3.713   29   30   33   -1
  97     3.841     0.739    -8.712  120  110  116   -1
  98    -8.072     1.106    -6.542  117  107  114   -1
  99     2.481     5.582    -6.357   69   66   69   -1
 100     2.950    -8.959    -8.751  215  191  218   -1
 101     4.038    -9.145    -1.199  218  195  224   -1
 102     0.673     5.492     1.554   68   64   68   -1
 103    -2.770    -9.711     0.719  228  203  228   -1
 104     9.666     3.028     3.616   97   93   97   -1
 105    -8.794    -4.390     1.799  169  154  168   -1
 106    -4.779    -4.302     0.217  166  152  167   -1
 107    -5.975     6.933    -8.901   49   51   57   -1
 108     3.279     3.308     2.600   94   91   94   -1
 109    -0.552     6.282     7.681   55   56   60   -1
 110     1.738   -10.288     5.016  234  213  239   -1
 111     4.580    11.236     8.569    6    3    2   -1
 112     2.413    -6.534     1.053  190  173  192   -1
 113    -0.464     7.563    -2.019   45   45   47   -1
 114     3.388     6.619     6.876   53   50   53   -1
 115    -1.381     8.059     6.383   37   36   40   -1
 116    10.837    -7.401    -8.617  193  179  204   -1
 117    -6.630     4.226     8.689   82   80   84   -1
 118     7.000     3.517     2.751   92   88   91   -1
 119     3.623   -12.049    -6.096  245  221  254   -1
 120     6.859    -1.368    -5.768  134  126  135   -1
 121    -5.743    -4.536     9.667  172  159  172   -1
 122    -9.556    -4.313    -8.717  165  151  164   -1
 123   -11.172   -10.718    -8.503  240  210  235   -1
 124    -3.770    -2.821    -1.943  153  140  151   -1
 125     5.919    -8.307    -6.530  207  187  212   -1
 126     5.952     7.262     9.884   46   43   45   -1
 127     7.056    10.165    -6.598   21   17   17   -1
 128    -4.835    -9.796     8.823  232  207  232   -1
 129    -8.086    -9.033     7.237  221  198  221   -1
 130     2.851    10.395    -2.697   17   13   15   -1
 131     9.612     9.439    -0.028   25   21   22   -1
 132     2.430     8.800     6.184   31   27   30   -1
 133    -5.005    -0.178    -4.523  124  115  121   -1
 134     8.497     7.525     6.744   44   40   43   -1
 135    -0.168    -4.860    -4.608  174  160  177   -1
 136     0.946     3.792    -4.610   87   86   90   -1
 137    -5.458    -7.023     4.750  197  178  199   -1
 138    -6.762    -7.872    -0.840  206  183  206   -1
 139    -8.645     3.229    -5.304   95   92   98   -1
 140     9.101     6.649    -5.750   56   55   56   -1
 141     0.903   -11.482     7.135  246  222  252   -1
 142    -7.095     8.358    -7.547   35   37   42   -1
 143    -1.545    -3.061    -5.684  156  142  154   -1
 144     4.640     6.259    -3.684   60   58   61   -1
 145    -0.801     8.875     1.906   30   29   32   -1
 146    -1.810    -7.865     1.191  204  184  207   -1
 147   -11.515     9.433    -3.860   22   24   29   -1
 148    -1.672     4.667    -2.490   77   75   81   -1
 149     9.291     2.247     0.383  107  100  105   -1
 150     6.221    -1.783    -2.769  140  131  140   -1
 151    -0.490    10.846     9.101    9    5    6   -1
 152     0.511    -5.598    -1.116  182  167  184   -1
 153    -4.288     2.015     9.409  109  101  106   -1
 154   -10.051     4.335    -1.263   81   81   86   -1
 155    -2.333     5.346     1.645   70   67   72   -1
 156     7.617    10.955     4.863   10    6    4   -1
 157     7.930     8.946     4.633   32   26   27   -1
 158    -4.303     9.706    -9.710   23   22   26   -1
 159    -0.966    -2.192     3.047  146  135  144   -1
 160    -7.501     8.684     8.802   27   28   34   -1
 161    -5.825    -9.015     7.336  220  197  222   -1
 162    -2.342     5.153    -1.226   75   72   78   -1
 163    -5.044     0.549     2.661  123  114  119   -1
 164    -0.981    -2.449     5.614  148  137  146   -1
 165     2.041    10.320     7.469   15    9   10   -1
 166    -1.937     1.142    -7.685  116  106  113   -1
 167    -8.374     0.650    -5.288  121  111  117   -1
 168    -7.733    -7.691    -9.093  201  181  203   -1
 169    -6.718   -12.007    -8.339  249  220  249   -1
 170     2.020    11.275     2.555    7    4    3   -1
 171     1.772    -4.099     3.876  163  150  165   -1
 172   -10.915    -0.935    -5.738  129  120  127   -1
 173     5.395    -0.336     5.793  126  117  124   -1
 174    -6.005    -9.648    -4.644  225  199  225   -1
 175     3.930    -1.991     3.110  143  132  141   -1
 176     7.127     2.303     5.640  106   99  104   -1
 177    -9.441   -10.374    -9.478  233  206  230   -1
 178     1.876     7.421    -4.875   47   46   49   -1
 179     4.610     8.165     7.274   36   35   37   -1
 180     6.941    -8.537     6.528  212  193  219   -1
 181    -3.181     5.343    -8.679   74   71   76   -1
 182     7.157    -5.582     8.664  183  168  185   -1
 183    11.701    -8.091    -0.599  202  186  214   -1
 184    -4.001   -12.333    -9.781  251  223  253   -1
 185    -2.955    -5.496    -9.344  180  165  181   -1
 186     6.250     7.980    -1.030   41   39   41   -1
 187    -4.795    -1.073    -9.436  130  122  130   -1
 188     9.879     3.846    -8.583   90   85   88   -1
 189     9.061     8.909    -4.903   34   32   31   -1
 190     6.113     9.474    -5.057   26   23   25   -1
 191     7.058    10.524    -4.407   18   12   12   -1
 192    -2.010     5.942    -6.947   62   60   66   -1
 193    10.686     4.965     3.607   76   74   77   -1
 194   -10.829     5.618     1.595   63   62   70   -1
 195    11.118    -1.424     3.189  136  128  137   -1
 196     0.965     9.272     5.640   -1   20   24   -1
 197     6.054    -8.114    -1.654  205  185   -1   -1
 198     9.472     6.375     7.107   -1   54   55   -1
 199     7.456     9.253    -1.883   28   25   -1   -1
 200    -1.684    -2.579     4.944  150  138  147   -1
 201    -3.519    -4.479    -9.095  167  153  169   -1
 202     1.022     9.840     9.036   -1   15   16   -1
 203     9.722     9.097    -6.739   -1   31   28   -1
 204    -1.776    -2.684    -5.787  151   -1  148   -1
 205   -11.395   -10.778     3.744  243  215   -1   -1
 206     4.555    -4.497     5.903  170  156   -1   -1
 207     4.412     8.349     5.707   -1   34   36   -1
 208    -8.607     4.190     1.993   85   82   -1   -1
 209     6.766   -12.327    -7.210  247  225   -1   -1
 210   -11.637     0.938     3.812  119  108   -1   -1
 211     2.513   -10.602    -9.855   -1  209  237   -1
 212   -12.446    -6.198    -3.527  187   -1  186   -1
 213     2.760    -9.027     1.867   -1  194  223   -1
 214   -10.720     4.452    -2.474   79   78   -1   -1
