221
   1    -3.258    -6.880     9.520  195  180  208   -1
   2    -4.352     0.701     0.957  113  103  116   -1
   3    -6.165    -2.899     5.430  151  139  160   -1
   4     6.698   -11.055     8.657  240  219  256   -1
   5   -10.528     0.805     5.054  111  102  114   -1
   6    11.599    -5.006     2.083  175  161  187   -1
   7     0.257    -2.755     2.327  149  137  157   -1
   8    -9.296    -1.023     0.041  134  124  142   -1
   9    -4.917     1.068     3.720  108   99  111   -1
  10     7.874   -11.449    -8.065  236  217  255   -1
  11     5.697    10.644    -4.923   19   17   18   -1
  12     3.887    -1.411    -3.665  136  126  145   -1
  13    -5.678    -1.788     1.837  141  131  150   -1
  14   -12.151    -2.362    -6.398  143  132  151   -1
  15    -6.326    -3.960    -4.792  161  147  170   -1
  16    -3.091    -9.408     1.388  223  204  238   -1
  17    -2.081   -10.460    -6.888  231  212  249   -1
  18    -9.740    -4.535     6.007  173  158  183   -1
  19     0.268    -6.748    -0.162  193  178  204   -1
  20    -7.592     3.473    -5.598   83   73   87   -1
  21     9.345    -6.011    -1.765  182  168  196   -1
  22     8.240     7.857     3.707   41   34   38   -1
  23     4.730     2.470    -2.178   93   83   94   -1
  24    -6.598     2.511     3.692   90   82   93   -1
  25    -2.509     0.370    -7.914  117  109  122   -1
  26     6.466    -0.421     7.828  125  117  132   -1
  27    -5.426    -5.344    -3.404  177  162  188   -1
  28   -10.272    -8.223    -2.811  209  192  221   -1
  29     2.270    -9.657    -5.034  221  205  240   -1
  30     1.651     4.668    -6.622   77   65   73   -1
  31    -9.128    -3.792    -0.796  159  145  166   -1
  32     6.873     3.237    -2.997   87   76   88   -1
  33     3.157   -11.828    -5.356  242  221  258   -1
  34    -1.492    -1.589    -2.393  137  128  147   -1
  35     0.245    -9.147    -6.474  214  196  229   -1
  36   -10.079    -2.626     0.764  148  136  155   -1
  37    -2.939    -0.976    -3.497  133  123  139   -1
  38     8.638     5.731    -4.594   63   51   57   -1
  39     2.393    -0.842    -3.790  129  120  135   -1
  40     2.958     1.730     0.367  100   91  103   -1
  41   -11.246    -5.450    -1.589  179  163  189   -1
  42     9.768    -3.794     2.288  157  146  171   -1
  43    -6.893     6.627     0.404   48   44   50   -1
  44   -11.699    -8.499    -2.505  212  193  223   -1
  45   -10.039     4.784     5.750   70   62   71   -1
  46     0.700     6.395     7.614   52   45   48   -1
  47     0.456    -3.260     1.400  152  141  162   -1
  48     5.216    -7.680    -1.398  201  187  218   -1
  49    -4.792     3.852     2.247   81   70   82   -1
  50    -6.366   -11.451     1.424  244  220  254   -1
  51    -9.719     6.951    -8.338   47   42   46   -1
  52    -4.802     5.771     6.165   55   47   56   -1
  53   -11.690    -5.682    -3.819  181  164  190   -1
  54     3.803     8.178     8.052   35   28   33   -1
  55     1.886     1.082     6.480  107   98  108   -1
  56    -1.706   -10.505     1.713  234  214  250   -1
  57    -7.013    -1.750     2.695  139  129  149   -1
  58    -7.643    -7.317     2.697  200  185  213   -1
  59   -10.981     5.536    -1.062   61   53   63   -1
  60     4.624    -6.447    -6.645  186  170  198   -1
  61   -11.649    -4.058    -0.838  163  148  172   -1
  62    -1.103    -7.187     7.553  198  186  215   -1
  63     8.875    -2.386    -7.405  142  133  152   -1
  64    -1.464     1.081     7.082  106   97  110   -1
  65    -3.446     9.407    -7.958   30   25   28   -1
  66    -6.774    -2.917    -2.825  150  138  159   -1
  67   -11.506     3.457    -0.296   82   71   85   -1
  68   -12.537     0.852    -2.139  110  101  113   -1
  69     4.315     2.432    -5.549   94   85   95   -1
  70     8.835    -7.989     2.968  204  191  224   -1
  71    -7.390    -5.874     1.726  183  167  192   -1
  72     8.462    -0.372    -7.723  124  116  130   -1
  73     0.024     9.040    -7.608   32   27   30   -1
  74    -4.649    -6.412     3.443  189  173  199   -1
  75   -12.131    -7.528    -5.833  202  184  210   -1
  76    12.019    -5.659     0.080  178  165  193   -1
  77    11.885    -4.752    -7.551  172  157  185   -1
  78    -4.089    -9.869    -3.510  226  207  241   -1
  79    -4.739    -9.318    -4.627  220  200  232   -1
  80    -0.152    -4.541    -9.564  171  156  180   -1
  81     0.522    -9.974    -3.800  225  208  244   -1
  82    -4.890     8.224    -8.733   39   35   39   -1
  83    -4.000    11.564     7.838    3    4    7   -1
  84    -2.907    -7.809    -3.453  203  188  217   -1
  85    -9.586   -10.192     6.060  235  213  248   -1
  86    -9.638    -6.410     0.520  190  172  197   -1
  87    11.900    -9.378    -5.598  213  201  239   -1
  88     1.493     2.051    -9.938   98   88   99   -1
  89     8.342    10.451    -3.545   23   18   19   -1
  90    -0.551     5.383     1.961   65   55   61   -1
  91    -2.544     1.781     3.964   99   89  101   -1
  92    -3.841     9.928     4.327   21   20   23   -1
  93     5.884    -5.873    -8.799  180  166  191   -1
  94    -4.599     4.963    -4.612   71   63   70   -1
  95   -11.204   -10.411    -8.051  232  209  245   -1
  96     1.181    -9.844     6.885  227  210  247   -1
  97    -4.477     4.989     8.669   68   59   66   -1
  98    -0.375     6.313    -0.550   54   46   52   -1
  99    -8.285     5.262    -8.941   67   61   67   -1
 100     0.053     4.665    -4.619   75   64   72   -1
 101    -5.719   -11.691    -7.203  243  218  253   -1
 102    -6.302     7.125     8.725   43   37   42   -1
 103    -3.536     4.376    -9.042   78   68   78   -1
 104    -5.569     2.424    -0.220   92   84   96   -1
 105    -3.816     5.289    -2.428   66   58   65   -1
 106     7.207     7.106     3.540   46   39   41   -1
 107     7.086    12.159    -6.556    8    6    0   -1
 108    -6.217     5.748    -6.360   60   52   59   -1
 109    -9.061   -10.771     2.450  238  215  251   -1
 110    -8.786    -8.958     3.142  219  199  228   -1
 111     4.261     6.044    -7.962   58   48   53   -1
 112   -10.867    -0.493     1.886  128  119  133   -1
 113    -7.770     0.430     3.338  116  107  120   -1
 114    -3.657     6.543     3.945   49   43   49   -1
 115    -7.398    10.089    -6.594   24   21   25   -1
 116     5.410    11.562     2.347   12    8    6   -1
 117     4.061    11.231    -7.965   18   16   14   -1
 118     1.294    -5.087    -4.701  176  160  186   -1
 119     4.664    -9.073     5.595  218  203  237   -1
 120    -4.084   -11.320    -8.565  239  216  252   -1
 121    -7.514     4.416     6.628   74   66   77   -1
 122     0.363    -0.059     0.339  122  114  128   -1
 123    -2.852   -10.096     1.892  229  211  246   -1
 124     2.483    -9.275    -6.436  216  197  233   -1
 125     4.278    -4.333     2.769  169  155  182   -1
 126    -3.734     6.030    -8.393   56   50   55   -1
 127   -11.996    11.322    -2.743   10   12   16   -1
 128     1.609    -7.079     5.952  196  182  214   -1
 129    -3.808    -4.788    -0.363  174  159  184   -1
 130    -6.788    10.823     3.160   17   15   17   -1
 131     3.537     3.256     6.582   85   74   86   -1
 132    -3.947     7.294    -2.634   44   38   44   -1
 133    -8.261     0.559    -4.561  115  104  117   -1
 134    -7.520     9.500    -3.005   26   22   27   -1
 135     7.736    -6.839    -8.914  188  175  205   -1
 136     8.060     4.196    -5.923   79   69   79   -1
 137    -5.997    -7.379    -2.184  199  183  212   -1
 138     2.544    -3.663     4.412  156  144  168   -1
 139    -9.648    -1.763     1.024  140  130  148   -1
 140    -6.225    -3.555     9.639  158  143  165   -1
 141     7.035    -8.861    -0.779  211  195  231   -1
 142    -4.075    -2.601    -8.190  146  135  154   -1
 143     9.916     1.736     3.184  101   90  100   -1
 144     5.249    -0.950    -1.924  132  122  140   -1
 145     1.460     8.314    -3.691   38   33   37   -1
 146     4.435     1.383     6.128  103   93  105   -1
 147    -5.911     0.047     1.577  120  113  127   -1
 148     2.001    10.332    -4.333   22   19   22   -1
 149     3.318     8.195     5.582   37   30   35   -1
 150    -5.965     2.678     9.343   89   79   90   -1
 151     2.966    -9.763    -4.021  224  206  243   -1
 152   -10.203    -3.173     3.495  153  140  161   -1
 153    -5.438    -4.268    -0.733  167  151  175   -1
 154    -0.331    11.442    -7.582   15   14   12   -1
 155   -11.248    11.626    -9.267    9   11   15   -1
 156    -1.670     7.208    -4.882   45   40   45   -1
 157    -1.265    -8.063    -6.019  205  189  220   -1
 158     4.111    11.480     9.452    7    5    5   -1
 159    -9.882    -3.577    -4.397  155  142  164   -1
 160    -0.493    -6.564     5.360  192  177  202   -1
 161    -5.572     1.092     9.055  105   96  109   -1
 162     0.086     7.447     3.762   42   36   40   -1
 163    -1.658     3.520    -7.139   84   72   83   -1
 164    -7.837     1.496     5.959  102   92  104   -1
 165    -2.723    -7.280    -3.349  197  181  209   -1
 166    12.018    -2.515    -1.563  144  134  156   -1
 167    -5.724    -0.429     6.604  126  118  131   -1
 168   -11.469    -8.845    -4.727  215  194  225   -1
 169     3.755     2.765     8.905   88   78   89   -1
 170    -7.576    -7.099    -7.279  194  179  206   -1
 171    -7.223    -8.010    -0.294  207  190  219   -1
 172     6.073    -0.086    -3.131  123  115  129   -1
 173   -11.290     2.057     1.240   96   87   98   -1
 174    -7.195    -6.064    -2.295  185  169  195   -1
 175    -9.899    -1.550     4.260  138  127  146   -1
 176     4.845    -1.039     7.705  135  125  143   -1
 177    -6.313     5.434     3.292   62   54   62   -1
 178    -1.828     8.564     9.451   31   26   31   -1
 179   -11.027    -9.132     3.417  222  202  230   -1
 180    -1.121     5.704     6.924   57   49   54   -1
 181    -8.960     4.648    -8.634   73   67   76   -1
 182     4.438    -6.761    -3.986  191  176  203   -1
 183    -9.896     9.568    -9.049   28   23   29   -1
 184    -9.455    11.392     2.752    5    9   11   -1
 185    -0.804     0.313    -9.895  119  110  123   -1
 186     8.558     8.708    -8.720   36   29   32   -1
 187    -3.522     0.359     6.530  118  108  121   -1
 188    -8.790     2.245    -6.283   95   86   97   -1
 189    -7.721     1.210     8.446  104   94  106   -1
 190     3.105    11.562    -5.051   14   10   10   -1
 191    -1.675    -0.943    -7.997  131  121  137   -1
 192    -1.057    -4.278    -0.544  166  152  176   -1
 193    -8.627     1.027     3.192  109  100  112   -1
 194    -1.019    -4.216     7.560  168  153  178   -1
 195    10.454    11.694     2.803   11    7    1   -1
 196     9.259     2.661    -3.417   91   80   91   -1
 197    -2.120    12.401    -7.576    1    2    3   -1
 198    -3.232    -4.206    -7.201  164  149  173   -1
 199   -12.180     5.493    -6.125   64   56   64   -1
 200    -0.971    -4.288     4.333  165  154  179   -1
 201   -11.259     5.084    -4.794   69   60   69   -1
 202    -9.348     0.522     3.692  114  105  119   -1
 203    12.472    -2.739     0.445  147   -1  158   -1
 204    -9.414     3.039     8.807   86   77   -1   -1
 205    11.350     6.784     8.734   -1   41   43   -1
 206   -13.005    10.976    -4.643   16   -1   21   -1
 207    11.559     9.046     4.825   -1   24   26   -1
 208    -6.527    10.999     3.599   13   13   -1   -1
 209    12.099    12.400    -3.882    4    0   -1   -1
 210    -2.253   -12.048     2.031   -1  223  261   -1
 211    -2.326     1.178     1.719   -1   95  107   -1
 212     7.741     4.036     1.849   80   -1   80   -1
 213     5.648    10.407    -0.882   20   -1   20   -1
 214    -0.863     8.466    -3.995   34   31   -1   -1
 215    -6.630     6.378     8.909   50   -1   51   -1
 216    -7.231    -6.068    -6.085  184   -1  194   -1
 217    11.792     8.093     4.454   -1   32   34   -1
 218     9.409     0.100     8.998   -1  112  126   -1
 219     2.426     0.255    -7.218   -1  111  124   -1
 220    11.611     3.229     7.077   -1   75   84   -1
 221    -9.589   -12.482    -9.242   -1  222  260   -1
