203
   1     1.480    -6.945    -6.123  181  162  187   -1
   2   -10.378     1.948     3.679   92   83   98   -1
   3     6.440    -4.719    -5.597  168  148  171   -1
   4    -2.797     6.371    -5.136   50   48   55   -1
   5   -10.809    -1.270     0.802  130  119  137   -1
   6    -0.136    -1.517     4.676  133  122  141   -1
   7    -8.458     3.084    -3.812   77   72   84   -1
   8     9.753    -3.672     0.202  157  139  159   -1
   9     5.373   -11.993    -9.760  230  202  240   -1
  10     2.701    -9.451    -4.555  209  185  217   -1
  11    -6.390    -6.744    -0.350  183  161  186   -1
  12    -5.741    -0.515    -9.299  121  108  125   -1
  13   -10.023     2.192    -2.968   90   82   96   -1
  14     4.503     1.016     9.793  103   92  107   -1
  15     7.346    -8.122     1.352  193  172  200   -1
  16     2.820     2.254     5.078   89   80   94   -1
  17    -9.213    -9.947    -9.779  213  187  218   -1
  18     4.152    -6.011     0.740  177  158  183   -1
  19     7.245     2.987    -9.504   79   73   85   -1
  20    -6.739    -9.710     4.598  214  189  220   -1
  21    -5.016     8.321     0.104   33   33   34   -1
  22     2.483    10.733    -3.902   11   10    8   -1
  23    -9.023    -2.097    -1.861  138  123  142   -1
  24   -11.490    -9.866    -0.891  215  188  219   -1
  25    -9.355    -1.122    -0.567  127  116  134   -1
  26    -2.727   -10.558     7.931  225  197  227   -1
  27    -0.416    -8.875    -0.292  204  181  211   -1
  28     0.374   -10.113     5.492  216  191  222   -1
  29    11.736     6.534     2.036   49   46   48   -1
  30    -6.221    -3.088     3.040  151  135  154   -1
  31    -6.307    -7.240     4.869  190  166  190   -1
  32    -1.609     2.016    -7.280   93   84   97   -1
  33    -5.085    -3.786     9.583  162  142  161   -1
  34     3.147    -2.473     1.747  143  129  148   -1
  35     5.200     9.498     0.504   22   23   21   -1
  36    -2.275    -9.306    -1.464  210  184  215   -1
  37   -10.378     0.654    -7.577  109   98  113   -1
  38     0.731     3.315    -4.371   75   71   82   -1
  39     3.448    -1.504    -8.756  131  120  138   -1
  40     1.203    -2.182     0.745  139  124  143   -1
  41     6.719     2.500    -0.543   87   79   91   -1
  42     5.119    -0.592    -6.074  122  110  129   -1
  43     1.645    -7.388     0.848  189  167  194   -1
  44     3.640     4.389    -8.315   69   64   72   -1
  45    -1.963     7.046     5.233   43   41   42   -1
  46    -6.373     8.782     5.602   23   25   28   -1
  47     3.930   -12.052    -3.763  234  208  244   -1
  48    10.185   -10.953    -7.569  218  193  232   -1
  49     2.604     7.143    -8.067   46   44   44   -1
  50   -10.930    -0.757    -5.385  125  112  130   -1
  51     5.371    11.191     0.787    5    6    6   -1
  52    -9.166     4.751    -0.594   59   56   67   -1
  53    -2.662    -4.207    -6.178  165  144  165   -1
  54     0.796     4.286     6.049   65   61   70   -1
  55     3.005    -2.998     2.959  149  134  153   -1
  56     1.595    11.321     0.315    1    4    5   -1
  57     3.433     4.835    -9.818   61   58   66   -1
  58     6.616     1.672    -3.622   94   85   99   -1
  59     2.347     0.156     7.878  118  106  123   -1
  60     3.692     0.320     0.364  114  103  117   -1
  61    -2.374     3.789     3.354   70   66   74   -1
  62     6.184    -3.949     0.972  161  143  164   -1
  63     3.212     0.918     3.271  104   93  108   -1
  64     9.344     2.247    -1.932   91   81   95   -1
  65     1.338    -7.451    -5.992  188  165  191   -1
  66     7.121    -4.014     8.486  163  145  167   -1
  67    -3.173     9.592     1.885   19   19   23   -1
  68    -5.363    -7.779     6.857  194  170  197   -1
  69    11.600    11.012     1.201    9    7    4   -1
  70   -11.593     7.261    -6.755   42   42   46   -1
  71     2.747     4.285     6.241   66   60   68   -1
  72     4.741    -7.033    -2.886  184  164  189   -1
  73   -10.127     4.218    -1.675   68   65   73   -1
  74     9.416    10.531    -6.787   14   13   11   -1
  75     9.423    -0.766     3.394  124  113  131   -1
  76    -5.488    -5.865    -6.079  175  154  178   -1
  77     6.125    -2.707    -3.051  145  130  149   -1
  78    -8.157    -6.231    -9.327  179  157  181   -1
  79    -3.706    -2.357     1.200  140  126  146   -1
  80    -4.631     6.914    -6.781   47   45   50   -1
  81    -7.706     5.692     3.102   52   50   59   -1
  82    -0.415     0.306     6.791  115  102  118   -1
  83     5.143    10.128     8.602   12   11   10   -1
  84    -9.946    -2.441    -9.290  141  125  144   -1
  85    -0.219    -2.920    -1.906  147  132  151   -1
  86    -5.299     5.254     9.082   55   52   61   -1
  87     3.788     3.645    -6.135   74   70   78   -1
  88    -5.008    -5.237     4.192  172  151  175   -1
  89    -4.345     0.568     2.289  112  101  116   -1
  90    -6.012    10.289     8.325    8    9   13   -1
  91    -7.697    -3.257     2.035  153  136  156   -1
  92    -1.624    -1.530    -2.697  132  121  140   -1
  93    -8.935     1.279     1.102   99   88  103   -1
  94   -11.048   -10.715     2.613  227  195  226   -1
  95   -11.915    -8.296    -4.787  196  171  199   -1
  96    -1.324     1.209    -8.946  100   89  105   -1
  97     2.175     7.532    -3.138   41   40   39   -1
  98     3.285   -10.664     6.446  223  199  233   -1
  99     3.741     8.744    -9.576   34   31   31   -1
 100     7.719     8.798    -6.911   32   29   29   -1
 101    -7.766    -8.390     6.503  201  175  201   -1
 102    -1.799    11.611     6.787    0    1    0   -1
 103     0.419     9.664    -0.242   21   21   20   -1
 104    -3.413     2.484     4.787   84   78   92   -1
 105    -0.791     9.815     2.987   17   18   18   -1
 106     0.762    -8.587     9.652  203  182  212   -1
 107   -11.105    -7.461     3.621  191  168  192   -1
 108     8.984    -8.680    -1.675  197  176  210   -1
 109    -6.762    -8.917    -4.678  205  180  208   -1
 110    10.481     9.346    -4.034   25   24   25   -1
 111     0.261     1.466     5.096   96   86  100   -1
 112    -4.335    -2.956    -7.480  148  131  150   -1
 113     1.623    -1.263    -7.780  129  118  136   -1
 114    -1.931   -11.702     1.570  235  206  238   -1
 115     7.014     0.175     9.748  117  105  121   -1
 116    -1.360    -5.739     1.828  174  155  179   -1
 117   -10.288     8.382    -1.840   28   34   37   -1
 118     6.836     1.337     3.471   98   87  101   -1
 119     3.862     8.539     8.569   27   26   27   -1
 120     7.204     4.663     2.744   62   57   65   -1
 121    -6.520    -7.857    -0.808  192  169  196   -1
 122     1.307    -5.969     1.261  178  156  182   -1
 123     3.471    -5.346     3.380  171  152  177   -1
 124    -3.808     7.358     5.253   39   39   40   -1
 125    -3.131   -11.229     7.945  233  203  236   -1
 126    -1.809     2.702    -4.187   82   77   89   -1
 127   -11.116    -4.297    -1.957  166  147  166   -1
 128    -3.703    -3.775    -7.957  158  138  158   -1
 129     7.386    -2.913     1.238  146  133  152   -1
 130     4.490    -0.778     9.847  126  114  132   -1
 131    -2.667     3.662     9.816   71   67   75   -1
 132     7.502     1.083    -0.603  102   91  106   -1
 133   -12.077    -6.357    -3.984  180  160  184   -1
 134    -4.036     9.839    -6.535   18   22   24   -1
 135   -11.151     8.861    -2.892   24   28   32   -1
 136     4.302   -11.363     9.825  232  207  242   -1
 137     3.660    -3.855    -7.859  159  140  160   -1
 138     2.470    -9.834     1.560  212  190  221   -1
 139     7.844    -3.933    -6.903  160  141  162   -1
 140     9.531    -6.018     4.213  176  159  185   -1
 141    -7.080    -9.759    -9.869  211  186  216   -1
 142    -8.277     2.646     7.956   80   76   88   -1
 143     8.862    11.506    -1.523    2    3    1   -1
 144    -7.063     2.848    -3.925   78   74   87   -1
 145     5.573   -11.324    -3.896  226  200  235   -1
 146     9.418    -5.392    -4.867  170  150  176   -1
 147    -1.830    -1.188    -2.797  128  117  135   -1
 148     4.720   -11.313     9.894  231  205  241   -1
 149   -10.230     3.631     1.732   72   69   80   -1
 150     8.256    10.872     2.597   10    8    7   -1
 151    -1.832     3.822    -8.751   73   68   76   -1
 152    -4.741     0.863    -1.204  105   94  110   -1
 153     4.191     8.819    -7.517   30   30   30   -1
 154     2.611    -6.744     5.338  182  163  188   -1
 155     4.399     0.107     7.562  119  107  124   -1
 156     5.523     1.192    -6.816  101   90  104   -1
 157     4.868    -3.638    -7.055  155  137  157   -1
 158    -5.495     0.215    -7.365  116  104  120   -1
 159     2.956    10.585    -7.579   13   12   12   -1
 160    -4.764    -8.811     8.545  208  183  213   -1
 161     1.785     9.809     7.163   16   14   16   -1
 162    -3.790   -10.484    -1.961  220  192  223   -1
 163     1.852    -8.252     6.331  195  173  202   -1
 164    10.875     8.730     1.857   29   27   26   -1
 165    -0.532     9.988     0.868   15   15   17   -1
 166     4.363     2.759     4.188   81   75   86   -1
 167     3.866     5.090     9.958   56   53   62   -1
 168    10.499     7.848     5.083   38   37   35   -1
 169   -10.932    -8.993    -9.680  206  177  203   -1
 170    -9.977    -2.422    -2.634  142  127  145   -1
 171     0.189     0.619     7.392  111   97  115   -1
 172    -6.850     8.247    -4.798   35   36   38   -1
 173   -10.757     4.640    -6.888   60   59   71   -1
 174     2.613   -10.969    -2.327  224  196  231   -1
 175    -2.873    -8.625     1.030  200  178  206   -1
 176     9.478   -10.611     2.269  219  194  229   -1
 177    11.620     0.589     0.344  113  100  112   -1
 178    -8.643    -8.995    -5.610  207  179  207   -1
 179    -5.335     6.445    -7.906   48   49   56   -1
 180    10.552     0.813   -10.073  108   96  109   -1
 181     2.831   -12.342    -5.784  237  210   -1   -1
 182    -3.196     4.148     9.958   67   62   -1   -1
 183    -2.830    -0.503    -0.229  120  109  126   -1
 184     2.194    -0.573     5.855  123  111  128   -1
 185     9.124     8.054     8.483   -1   32   33   -1
 186    -7.974   -12.164    -5.360   -1  209  239   -1
 187     0.604     9.866    -5.765   20   -1   19   -1
 188    -3.438   -10.133     8.880  221   -1  224   -1
 189     6.433    10.115    -2.820   -1   17   15   -1
 190    -8.331     0.644    -4.024  110   99  114   -1
 191     5.885   -11.287    -8.785   -1  198  234   -1
 192    -4.513    -5.349     4.480  173  153   -1   -1
 193     3.742    -2.401     9.494  144  128  147   -1
 194    -0.993     0.818     7.961  106   95   -1   -1
 195    -5.809     7.135    -5.882   44   43   47   -1
 196     4.222   -11.245     6.676  229  201  237   -1
 197    -6.405    -3.269    -8.458  152   -1  155   -1
 198    -2.460    -8.855    -8.825  199   -1  205   -1
 199    -9.173     5.470     8.331   53   51   -1   -1
 200   -10.618   -11.350     5.350  236  204   -1   -1
 201   -11.461    -4.867     4.803  169  149   -1   -1
 202    10.391   -10.667    -0.757  217   -1  230   -1
 203   -12.437     2.435    -2.231   85   -1   93   -1
