221
   1     1.614     6.606     9.234   48   50   51   -1
   2    11.177    -8.824     2.981  221  196  229   -1
   3    -8.649    -9.762     6.034  239  203  233   -1
   4    -8.139    -8.562     4.719  223  194  224   -1
   5     4.658     3.334     1.766   86   82   93   -1
   6     4.104    -6.144     5.395  199  177  204   -1
   7    -0.384     5.472    -5.387   62   61   67   -1
   8    -6.675    -1.157    -2.583  144  126  144   -1
   9    -4.038   -11.792    -5.337  252  219  252   -1
  10     8.834    -3.877    -9.558  170  151  175   -1
  11   -11.661    -0.919    -3.570  140  123  140   -1
  12     3.755    -4.537    -3.833  175  154  177   -1
  13    -3.987    -8.427     0.987  219  193  220   -1
  14    -1.282    -1.319     1.381  147  132  149   -1
  15    -0.261    -6.647    -0.898  202  178  207   -1
  16     0.567    -8.057     4.110  216  191  219   -1
  17    -5.410    -5.471     3.779  190  167  188   -1
  18    -9.076     7.190     1.400   40   44   48   -1
  19     4.182    -7.094    -8.141  205  182  211   -1
  20     6.463    -6.067     3.431  196  175  203   -1
  21     0.355    -2.630     4.839  160  143  162   -1
  22     5.405    -8.912     1.005  222  197  228   -1
  23     5.422    -2.385    -7.655  157  139  157   -1
  24    10.282     1.550    -5.055  105   92  106   -1
  25   -11.310     4.655    -2.811   68   68   74   -1
  26     8.533    -8.335    -1.274  215  192  222   -1
  27     3.184     1.082     7.634  112   98  114   -1
  28     0.704   -10.007     2.694  236  206  236   -1
  29     4.344    -0.826     1.634  138  121  138   -1
  30     1.629    10.930     8.414   10    5    9   -1
  31     2.930     1.520    -6.586  106   94  107   -1
  32     1.512     4.156     1.811   71   70   77   -1
  33     9.234   -10.052     6.576  234  209  243   -1
  34    -0.972     5.856     8.610   57   57   60   -1
  35     3.777    -2.723     0.069  161  144  164   -1
  36   -10.591    -1.852    -5.696  151  136  153   -1
  37    -0.589     7.337     6.385   38   40   44   -1
  38    -2.636    -0.980     9.605  141  124  143   -1
  39    -8.801    -7.821    -9.608  212  186  214   -1
  40   -12.258    -9.939    -5.790  235  202  231   -1
  41     7.186    -5.099     5.151  183  162  184   -1
  42    -8.771     9.083    -4.417   30   30   33   -1
  43     0.521    -9.173     0.767  226  199  230   -1
  44     2.789    -4.813     0.922  176  155  179   -1
  45     4.928    -0.181     4.555  129  114  131   -1
  46     6.917    -5.008    -2.539  178  157  181   -1
  47    -0.822   -10.588    -5.440  241  210  240   -1
  48    -2.715    -1.749    -5.619  150  135  152   -1
  49    -9.789    -6.131     2.333  200  176  200   -1
  50     0.900     2.283     3.802   93   88  101   -1
  51    -7.827    -4.777     9.327  180  156  178   -1
  52     1.158    -0.759    -3.702  137  120  137   -1
  53     2.550   -10.408    -6.725  237  207  238   -1
  54    -1.304     9.031     6.806   29   27   29   -1
  55    -0.911   -12.146    -5.944  258  221  256   -1
  56    11.168    -5.548    -1.311  186  166  193   -1
  57     9.680     5.125     6.673   65   62   68   -1
  58     9.342    -6.735    -1.527  201  180  209   -1
  59    -6.467     0.328     0.552  122  108  125   -1
  60    -8.753    -3.800    -1.417  173  152  173   -1
  61    -2.403     9.746     3.895   21   22   25   -1
  62    -8.182    -7.699    -2.841  213  187  215   -1
  63    -7.087     6.377     2.137   52   53   59   -1
  64     1.964    -3.591     3.063  169  150  172   -1
  65    -7.884   -10.805    -9.980  243  211  239   -1
  66    -2.262     9.158     3.868   28   26   28   -1
  67     0.989    -0.242     7.230  130  115  132   -1
  68    -7.839     4.936    -5.534   67   67   73   -1
  69     2.744    11.924    -7.037    1    4    2   -1
  70     7.638     4.198     8.706   70   69   75   -1
  71     1.946     2.739    -1.067   90   85   96   -1
  72    11.887     7.656    -1.720   41   38   38   -1
  73    -4.477     3.440     0.031   84   81   92   -1
  74    -0.926     1.958     6.242   98   90  104   -1
  75     1.513     0.053     7.156  125  110  127   -1
  76    -7.405     3.470     0.702   81   79   91   -1
  77    -1.804     2.786    -8.954   89   86   97   -1
  78     0.981    10.765    -9.711   17   15   17   -1
  79     3.968    -2.025    -2.506  153  138  156   -1
  80     3.987    -7.653     6.242  211  188  216   -1
  81    -0.998    10.977     5.538    8    8   10   -1
  82   -11.003     3.630    -5.881   78   78   90   -1
  83     9.180     6.462    -9.684   56   55   58   -1
  84    -2.432   -11.862    -6.841  250  218  253   -1
  85     2.785    -5.611    -0.553  189  168  191   -1
  86    -2.815    -5.673     7.563  193  171  194   -1
  87     7.649     6.665     1.450   51   52   53   -1
  88    10.602     3.685    -6.500   83   76   84   -1
  89     5.231    -0.603     1.909  134  118  135   -1
  90     9.937    -9.058    -8.278  220  195  227   -1
  91   -11.607     5.638    -4.087   61   60   66   -1
  92     3.726    -4.872     9.618  179  159  183   -1
  93    -8.090    -8.270    -2.790  217  190  218   -1
  94     9.405    -1.139     5.570  142  128  146   -1
  95    -8.136     7.698     5.800   34   35   40   -1
  96    -3.942    -0.713    -2.187  136  119  136   -1
  97     3.949     3.439     1.624   85   80   89   -1
  98    -6.726     1.214     4.405  108   97  110   -1
  99    -7.066    -6.709    -2.300  204  179  205   -1
 100    10.221    -7.079    -0.754  206  184  213   -1
 101     3.920    -2.725     9.844  163  147  167   -1
 102     7.809     0.616    -5.300  121  107  123   -1
 103    -8.109    10.895     3.025    7   10   14   -1
 104    -3.689    -7.115     2.938  208  185  212   -1
 105     2.905    10.653    -7.481   18   16   16   -1
 106     0.352    -0.050    -5.148  128  113  129   -1
 107     4.024     0.261     4.630  124  109  126   -1
 108    -4.504     0.970     7.154  114  100  116   -1
 109    -5.662   -11.530    -2.610  249  217  249   -1
 110     0.289     5.236    -0.191   63   63   70   -1
 111     9.694     4.271    -7.640   72   71   76   -1
 112    -5.829    -5.093    -6.048  182  158  180   -1
 113    -7.792    11.403    -6.845    6    9   11   -1
 114     7.992    -8.008    -5.326  210  189  217   -1
 115   -11.213    -1.971    -5.865  152  137  154   -1
 116    -6.279    -0.916    -9.263  139  122  139   -1
 117    -1.620     5.859    -3.958   59   59   63   -1
 118     1.510   -10.675    -2.326  242  213  245   -1
 119     8.718    -5.101     3.991  181  161  185   -1
 120     5.099    -6.150    -3.584  195  173  201   -1
 121     2.303   -12.063    -4.208  256  223  258   -1
 122     1.085    -2.839    -8.128  162  145  165   -1
 123     7.641    -3.126    -9.228  166  148  169   -1
 124   -11.197    -5.494     1.118  192  165  187   -1
 125     8.574     9.961     5.024   23   19   20   -1
 126    -4.613     3.533     3.518   80   77   87   -1
 127     2.918     2.352    -3.710   94   87  100   -1
 128    -3.603    -2.761     0.671  164  146  163   -1
 129     0.386     1.089    -7.984  113   99  115   -1
 130     1.331     6.977     7.428   43   45   46   -1
 131     4.236     9.789    -1.539   25   24   24   -1
 132     8.833     9.821     2.116   24   21   21   -1
 133    -0.220     0.722    -2.715  118  103  120   -1
 134     0.631     8.886     5.316   31   29   31   -1
 135     7.634     7.662     5.002   37   36   37   -1
 136    -7.177   -10.666     7.482  245  214  246   -1
 137    -7.610    -8.990     4.863  228  198  225   -1
 138     7.971   -10.646    -9.438  238  208  244   -1
 139    -7.992     3.070    -9.601   87   83   94   -1
 140   -11.411    11.256    -5.662    5   11   15   -1
 141    -1.849     9.531    -7.951   26   28   27   -1
 142     1.394     1.379    -9.285  107   95  108   -1
 143    -4.722    -6.793     2.422  207  181  208   -1
 144    -2.667     6.793     4.239   44   46   52   -1
 145     0.474    -1.461    -5.347  148  133  150   -1
 146    10.174     6.908    -1.520   49   49   47   -1
 147     6.629    -0.528     0.305  132  117  134   -1
 148     2.450    -5.446     1.856  187  163  189   -1
 149     4.354     2.250    -4.993   96   89  102   -1
 150     4.537    -2.396    -6.705  158  140  158   -1
 151    10.045    11.079    -2.316   13   12    8   -1
 152    -5.966   -11.294     8.585  255  220  250   -1
 153     6.039     8.558    -8.300   32   32   34   -1
 154    -3.432    -6.034     1.706  198  174  199   -1
 155    -4.652    10.381     5.292   14   14   19   -1
 156    11.504    -2.416    -8.367  156  141  159   -1
 157    -3.204   -11.125    -0.647  248  215  247   -1
 158    -9.003     0.861    -8.415  115  101  117   -1
 159     5.994    -9.957    -6.791  231  201  234   -1
 160     5.687     7.565    -3.629   42   42   43   -1
 161    -0.442    -5.464     3.403  188  164  190   -1
 162     6.780    -4.303    -5.408  174  153  176   -1
 163     0.248    -0.343    -2.992  131  116  133   -1
 164     4.903    10.909     7.465   12    6    6   -1
 165     0.826     6.657     9.106   46   47   50   -1
 166     4.582     7.915     3.789   35   34   36   -1
 167    -4.896     0.781    -4.822  116  102  119   -1
 168    -2.456     0.677    -4.141  119  105  122   -1
 169     6.478    11.416    -4.474   11    7    4   -1
 170     1.503     1.219     5.876  109   96  109   -1
 171    10.053    11.734    -0.817    4    3    0   -1
 172    -6.087     6.036     3.858   55   56   61   -1
 173    10.865   -11.290     0.021  244  216  254   -1
 174    -4.278    -0.025    -5.748  127  112  128   -1
 175    -5.273     0.611    -1.403  120  106  124   -1
 176    -3.206    -5.655     9.687  194  172  195   -1
 177     7.624     4.022     2.102   73   72   78   -1
 178     0.885    -2.506    -6.620  159  142  160   -1
 179     2.827    -3.304     8.413  167  149  170   -1
 180     4.778     8.121     3.834   33   33   35   -1
 181    -3.707     3.925     0.557   74   74   81   -1
 182    -8.591     3.542     8.560   77   75   86   -1
 183     5.916   -10.142    -4.228  232  204  237   -1
 184   -10.272     2.888    -0.194   88   84   95   -1
 185     4.307     9.336     3.313   27   25   26   -1
 186     7.707     7.726    -6.197   39   39   39   -1
 187     8.477    10.613     1.039   16   13   12   -1
 188    -5.184     9.873     8.303   19   17   23   -1
 189     3.661    -9.221     8.218  229  200  232   -1
 190     0.544     3.896     3.226   76   73   80   -1
 191    -4.025     5.924    -4.831   58   58   62   -1
 192     4.691    -5.670     4.698  191  169  197   -1
 193    -8.033    -1.264    -0.698  146  131  147   -1
 194    -7.201     5.175    -6.725   64   64   71   -1
 195     5.150     6.188     8.173   54   54   57   -1
 196    -1.130     6.585     3.579   50   51   55   -1
 197    -6.568     0.671     9.482  117  104  121   -1
 198    -1.047    -4.932     9.692  184  160  182   -1
 199     7.035   -11.873     3.037  254  225   -1   -1
 200     1.897    10.110    -4.782   22   20   22   -1
 201     2.549     7.466     5.753   -1   37   41   -1
 202   -12.234   -10.834    -0.232  246   -1  242   -1
 203     4.308   -11.854     0.505  253  222   -1   -1
 204    -8.929     3.542     2.908   79   -1   88   -1
 205   -11.331    10.356    -4.736   15   18   -1   -1
 206     8.880    -0.047    -8.429  126  111  130   -1
 207    -4.031     5.717    -1.201   60   -1   64   -1
 208    -0.433    -5.294     1.819  185   -1  186   -1
 209    -1.166     6.664     6.750   47   -1   54   -1
 210     5.390     6.548    -8.028   53   -1   56   -1
 211    -3.705     5.061    -9.752   -1   65   72   -1
 212     7.872    -1.153     0.314  143  129  145   -1
 213     3.688    -1.479     1.995  149  134   -1   -1
 214    -9.111     3.947    -8.407   75   -1   83   -1
 215     0.312   -10.384     0.457   -1  212  241   -1
 216   -12.828    -3.675    -3.599  171   -1  171   -1
 217   -10.636     1.453     6.121  103   93   -1   -1
 218   -13.219    -5.933    -4.057  197   -1  192   -1
 219   -11.129    -1.197    -7.683  145  127   -1   -1
 220    -6.923   -12.449    -9.305   -1  224  257   -1
 221     4.653    -6.031    -8.782   -1  170  198   -1
