244
   1     7.133    -3.977     4.845  182  156  177   -1
   2     3.475    -9.312    -2.937  243  211  235   -1
   3     4.935    -4.006     4.990  184  158  178   -1
   4    10.861   -10.586     0.338  258  224  254   -1
   5    -0.913    -6.870    -0.802  216  185  209   -1
   6     9.158    -2.017     5.921  157  135  154   -1
   7     0.028    -4.765     2.497  191  165  186   -1
   8    -5.165     2.797     5.393   99   84   95   -1
   9    -8.702     4.843    -8.447   71   61   74   -1
  10     6.975   -10.507    -4.242  254  222  246   -1
  11    -1.623     0.344     1.541  130  113  128   -1
  12    -3.479    -8.894     2.904  241  207  232   -1
  13     4.609     1.764     4.341  113   97  110   -1
  14     1.383    -2.546     5.548  166  143  160   -1
  15     7.079    -4.764     8.907  192  166  187   -1
  16    -6.177    -4.358    -0.840  188  160  181   -1
  17     6.641   -11.531    -8.983  265  230  258   -1
  18     3.280     5.635     8.945   56   45   51   -1
  19    -5.715   -10.965     5.950  272  232  255   -1
  20     5.200     1.404     8.125  118  100  113   -1
  21    -4.215     8.518    -0.803   28   23   30   -1
  22    -8.014    -0.580     1.476  142  123  138   -1
  23    -2.812     2.976     4.003   95   82   94   -1
  24    -2.023    -5.773     9.335  206  178  197   -1
  25    -3.590    -3.154     3.422  169  146  164   -1
  26    -3.887     2.196     2.854  107   92  104   -1
  27     0.662   -10.225    -6.442  253  217  238   -1
  28    -9.039     6.518    -0.151   47   38   46   -1
  29     3.380     4.777    -6.238   74   62   69   -1
  30     5.665    -0.735     2.232  143  124  141   -1
  31    -0.679     1.419     4.381  116  101  114   -1
  32     7.607     5.334    -9.453   65   54   60   -1
  33    -8.895    -1.745     1.220  155  132  150   -1
  34   -10.391    -7.156    -6.122  219  187  210   -1
  35     8.443    -3.739     3.498  173  151  174   -1
  36     6.451     3.111    -3.354   96   80   92   -1
  37     5.692    -9.021     4.164  240  209  234   -1
  38    -6.584    -7.656     2.760  227  195  219   -1
  39    10.728    -1.994     1.160  156  133  152   -1
  40    -6.457     5.421     6.637   61   50   57   -1
  41    -7.427     0.376     0.645  129  112  127   -1
  42   -10.441    -8.453     2.862  237  204  226   -1
  43   -10.981     2.152     3.701  106   93  107   -1
  44    10.065     3.771    -1.327   85   71   84   -1
  45     5.745    -6.369     1.342  211  184  207   -1
  46     0.195   -10.957    -9.360  261  223  249   -1
  47    -5.428    11.061     8.394    7    6    8   -1
  48    -8.686    -8.646     5.491  239  206  229   -1
  49    -2.993     0.629     2.603  125  109  124   -1
  50     9.846    -8.117    -2.315  228  198  224   -1
  51    -4.735    -6.419    -5.236  213  182  203   -1
  52    -5.478    -4.422    -4.040  189  161  182   -1
  53    -7.754   -11.847    -3.857  277  236  260   -1
  54     6.924    -8.427    -2.543  232  201  228   -1
  55    -3.825    -2.084     2.539  159  136  153   -1
  56    -2.315    -5.565    -7.160  198  171  193   -1
  57   -10.574     6.470    -8.172   48   41   48   -1
  58     0.300    -0.451    -2.918  140  121  137   -1
  59    -1.750    -0.602    -9.195  141  122  139   -1
  60     8.880    -1.651    -1.831  154  131  149   -1
  61    -7.403     2.676     3.751  100   85   96   -1
  62     5.880     6.919    -2.433   45   36   39   -1
  63    -1.504     4.062     1.923   83   70   82   -1
  64    -6.688    11.575     1.698    4    5    6   -1
  65     0.885     0.207    -8.580  134  117  133   -1
  66    -2.148   -11.072    -8.270  263  226  251   -1
  67     2.948    -8.355    -4.812  231  200  225   -1
  68     7.809    -4.099    -4.333  183  155  179   -1
  69     0.373    -4.532    -1.863  190  163  184   -1
  70    -2.611     6.915     9.755   39   31   37   -1
  71    -3.891     5.514     7.955   58   48   56   -1
  72     4.290     8.517     0.413   31   22   25   -1
  73    -3.896    -3.938    -8.202  179  153  173   -1
  74     1.460     7.100     6.567   38   30   36   -1
  75    -5.263    -7.443    -7.118  220  189  213   -1
  76     0.046     2.245    -0.188  105   91  103   -1
  77    -1.240     4.869    -1.666   69   57   66   -1
  78     5.243     2.493    -4.670  103   88   99   -1
  79    -4.226    -3.802    -1.445  177  150  169   -1
  80   -10.346    -5.182    -1.984  197  168  188   -1
  81    -5.769     7.933    -8.756   33   27   34   -1
  82    -2.193    -7.442    -3.479  221  190  214   -1
  83     8.815     0.905    -1.643  123  106  120   -1
  84    -5.273    10.752    -8.300   16   11   13   -1
  85    -8.203    -4.732     1.100  193  164  185   -1
  86     6.640    -9.570     0.867  246  212  236   -1
  87     7.115    -7.466     8.938  222  194  222   -1
  88    -1.507    -0.859     5.754  145  125  142   -1
  89     5.814    -1.207    -4.428  150  128  146   -1
  90    -2.579    -2.441    -7.144  164  141  158   -1
  91     4.666    -3.150    -9.475  167  145  163   -1
  92   -10.139    -5.635    -4.049  203  173  194   -1
  93     0.763    -5.140    -7.772  194  167  189   -1
  94     6.889    -6.064    -4.876  205  177  201   -1
  95    -5.421    -6.075     4.155  210  179  200   -1
  96    10.168     2.271     2.763  108   90  101   -1
  97    -0.099     0.452     8.241  127  111  126   -1
  98   -11.815    -7.064    -3.821  217  186  208   -1
  99    -8.284     5.791     4.787   54   44   53   -1
 100    10.694    -5.762     2.285  202  175  199   -1
 101     1.844     2.316     1.376  104   89  102   -1
 102    -8.181    -3.003    -0.183  168  144  161   -1
 103    -2.029     5.566     4.936   60   49   55   -1
 104    -6.542     7.118    -9.228   41   35   42   -1
 105     5.933     9.373     6.776   21   14   16   -1
 106    -1.895     7.109    -7.971   43   34   41   -1
 107    10.441     1.362    -5.399  119  102  115   -1
 108     6.632    -3.693    -3.421  172  148  168   -1
 109     3.675    -4.020     3.618  185  157  176   -1
 110     7.207     4.190     8.203   81   68   78   -1
 111    -7.966   -11.164    -9.008  266  227  250   -1
 112    -7.520     5.995     8.825   51   43   50   -1
 113   -11.943     1.003    -3.996  122  105  119   -1
 114     7.648     6.541    -5.971   49   39   44   -1
 115    -7.994    -7.985    -2.638  230  197  221   -1
 116     3.931     3.233     5.240   91   77   89   -1
 117    -0.841    -5.566    -1.105  199  172  195   -1
 118    -1.710     1.709     0.962  114   98  111   -1
 119     9.535    -1.188    -9.549  149  127  145   -1
 120     0.871    -7.676    -4.706  223  191  218   -1
 121     3.436     8.976     6.898   24   16   20   -1
 122     5.899   -11.589    -9.398  267  231  259   -1
 123     5.007    -6.283     1.662  209  183  205   -1
 124     1.371    -2.245    -3.007  160  139  156   -1
 125    -8.688    10.644    -1.929   14    9   12   -1
 126    -4.521     3.449    -8.541   89   75   88   -1
 127    -4.004     9.498     2.558   19   15   17   -1
 128    -9.488     8.987    -6.747   25   20   27   -1
 129    -7.002    -6.970     4.157  218  188  211   -1
 130     1.147     5.689     2.713   57   46   54   -1
 131    10.248     0.306    -7.154  132  115  130   -1
 132   -12.320    10.485    -2.474   15   12   14   -1
 133     8.087     3.263     4.077   92   76   87   -1
 134     0.577    -4.153    -2.015  186  159  180   -1
 135    -0.851     7.061    -4.188   42   33   40   -1
 136    -0.134    -1.314    -0.954  152  129  147   -1
 137    -3.515     4.854    -4.558   70   59   67   -1
 138    -1.473    -9.675     4.641  251  215  237   -1
 139    -1.146     8.781    -5.767   27   21   26   -1
 140    -5.051     3.393     9.263   88   74   86   -1
 141    -3.676    -2.398     6.379  165  142  159   -1
 142     2.200    11.597    -7.598   10    7    7   -1
 143    -3.192     8.615    -4.400   30   24   29   -1
 144    11.602    11.576    -7.893   12    8    3   -1
 145    -2.449     0.275     6.626  133  116  131   -1
 146     4.354     3.115    -7.681   97   81   93   -1
 147     7.869    -9.655     9.912  249  218  241   -1
 148    -6.685    -2.279    -2.062  163  140  155   -1
 149    -7.657     3.248    -3.934   90   78   91   -1
 150    -3.129   -10.063     4.626  256  219  240   -1
 151    -5.504    -3.589     8.949  174  149  166   -1
 152     4.662    -5.140     5.437  196  170  191   -1
 153     2.281   -11.311    -0.235  269  233  257   -1
 154    12.211    -8.926    -3.624  234  205  233   -1
 155     0.920     2.126     4.519  109   94  105   -1
 156     2.018     4.683    -5.554   76   64   73   -1
 157   -11.901     5.083    -2.864   64   56   65   -1
 158     3.723     0.340    -6.137  131  114  129   -1
 159    -8.660     0.584     2.075  126  110  125   -1
 160     8.542    10.666    -4.908   18   10   10   -1
 161    -9.345    -7.665     2.539  229  196  217   -1
 162    -3.181     5.379     4.283   63   51   58   -1
 163    -9.002     2.507     6.959  101   86   98   -1
 164    11.708    -6.139     1.487  207  180  204   -1
 165     6.593     7.804    -7.592   37   28   32   -1
 166    -3.658    -1.449     0.246  153  130  148   -1
 167    -3.269     9.304    -8.386   23   18   21   -1
 168    -6.519     4.869    -5.509   68   60   70   -1
 169    -7.967     0.708    -2.849  124  108  123   -1
 170     8.707   -11.645    -2.479  271  234  262   -1
 171    -2.497     2.050    -6.646  111   95  108   -1
 172     0.824    10.530    -4.856   17   13   11   -1
 173    11.896    -5.747     0.376  200  174  198   -1
 174     7.960   -10.298     7.636  259  225  253   -1
 175     0.493     7.681     3.878   34   26   31   -1
 176     9.000     8.250    -0.261   32   25   28   -1
 177     2.152     9.189    -9.653   26   19   22   -1
 178    -7.534     2.564    -9.768  102   87  100   -1
 179    -0.648    -7.644     0.242  224  193  220   -1
 180     4.005     3.646     1.493   86   72   85   -1
 181     6.662    -5.195     0.416  195  169  192   -1
 182    -8.398    -1.977     3.538  158  134  151   -1
 183     0.785   -10.347    -0.612  257  220  243   -1
 184     3.815    -4.292     4.880  187  162  183   -1
 185    -9.504    -8.655    -4.658  236  203  227   -1
 186     8.439    -6.032    -4.315  204  176  202   -1
 187     0.348   -11.868     4.671  280  240  264   -1
 188    -3.419    -0.921    -7.288  146  126  143   -1
 189   -11.915     4.892    -5.740   66   58   72   -1
 190    -7.795     5.268     8.670   62   52   59   -1
 191     4.986     3.074     3.144   94   79   90   -1
 192    -9.357     4.193     0.477   80   69   81   -1
 193    -7.578     0.144     7.399  135  118  134   -1
 194    -1.482     6.812    -5.847   46   37   43   -1
 195    11.481     5.020     3.088   67   55   61   -1
 196     2.671   -10.416    -2.084  255  221  244   -1
 197   -10.097    -9.294    -8.322  244  208  230   -1
 198     6.277    11.507     3.615    8    4    2   -1
 199    -0.012     6.144     7.112   52   40   47   -1
 200     4.977     5.911    -7.640   59   47   52   -1
 201   -11.263     9.421    -9.635   22   17   24   -1
 202    -4.609     4.759    -8.118   72   63   75   -1
 203   -11.129   -10.984    -1.341  270  229  248   -1
 204    -9.185    -3.423    -4.122  171  147  165   -1
 205   -10.764    -3.832    -0.659  180  152  170   -1
 206     0.876     7.541    -0.456   36   29   35   -1
 207    -5.992     1.480     8.373  115   99  112   -1
 208    -2.266   -10.667     4.809  264  228  252   -1
 209    -6.578     1.220     6.811  120  103  117   -1
 210    -5.086    -0.132     8.216  138  120  135   -1
 211    -8.977    11.711     4.144    0    2    4   -1
 212     8.553    -6.492    -9.977  208  181  206   -1
 213     4.700     4.373     3.728   77   67   76   -1
 214    -9.916    -8.247    -2.515  233  199  223   -1
 215     9.170     1.180     3.721  121  104  116   -1
 216    -8.089    -7.676    -2.127  226  192  216   -1
 217   -11.469    -2.294    -5.797  162  138  157   -1
 218     4.297     6.839     6.024   44   32   38   -1
 219    11.654     6.371    -6.851   53   42   45   -1
 220    -7.359    -3.889    -2.454  181  154  171   -1
 221    -9.191     1.976    -5.143  112   96  109   -1
 222     6.948   -12.094    -3.894  275  237  266   -1
 223    11.995    -9.846     0.731  247  214  242   -1
 224   -10.980   -11.799     3.471   -1  238  261   -1
 225     7.317    12.373    -7.356    3    1   -1   -1
 226   -11.472    -9.355     7.431  252  213   -1   -1
 227    -5.294     4.680    -9.826   75   66   -1   -1
 228   -13.459   -10.552    -3.290  262   -1  239   -1
 229    -9.783   -12.051    -8.675  279  235   -1   -1
 230    10.415    11.377     9.029   -1    3    0   -1
 231    12.169     2.083     1.738  110   -1  106   -1
 232    12.947    -6.992    -2.942  214   -1  212   -1
 233    11.435    12.247    -0.551    2    0   -1   -1
 234     5.767   -12.453    -8.719  278  239   -1   -1
 235    -3.206    -0.975    -2.958  148   -1  144   -1
 236     0.862     7.968    -9.921   35   -1   33   -1
 237    -8.716     3.514     1.560   87   73   -1   -1
 238    -7.250     0.000     3.715  137  119   -1   -1
 239     3.884    -9.245    -1.552  242  210   -1   -1
 240    -4.209    -3.702     1.904  175   -1  167   -1
 241   -12.147    -0.660    -1.331  144   -1  140   -1
 242    -4.942     2.939     2.293   98   83   -1   -1
 243   -12.533    -5.418     1.026  201   -1  190   -1
 244   -10.922    11.368     1.442    6   -1    9   -1
