223
   1   -10.420    -1.915    -5.329  159  140  154   -1
   2     3.563     3.970    -3.276   80   72   76   -1
   3    -0.321     2.546     5.562  100   86   97   -1
   4    -7.983   -10.236    -9.735  236  208  230   -1
   5    -6.341     0.747     9.395  125  110  125   -1
   6     1.355     7.638     7.588   37   34   38   -1
   7    -4.275    -6.380     2.625  200  179  198   -1
   8     5.579     1.796     4.872  109   93  105   -1
   9     0.865    -7.288     4.250  209  187  207   -1
  10   -11.461    -1.032    -3.308  146  129  143   -1
  11     0.201    -5.846    -0.595  195  174  193   -1
  12    -6.108     0.503     0.977  128  114  128   -1
  13     3.838     2.732     7.810   99   85   94   -1
  14     7.434    -3.293    -2.800  167  147  163   -1
  15     2.742    -9.656    -6.294  228  202  226   -1
  16     2.662    -2.392     2.581  163  144  158   -1
  17    -9.064     7.107     1.744   42   41   46   -1
  18    -6.380     1.609     4.671  111   94  108   -1
  19    -6.957     6.488     2.319   49   46   51   -1
  20     6.970     1.480     0.860  115   98  111   -1
  21    -9.466    -6.032     2.389  199  175  194   -1
  22    -0.516    -0.516     0.967  138  123  137   -1
  23     2.443     5.813     2.536   60   54   59   -1
  24     8.559     2.588    -4.994  102   88   96   -1
  25    -7.549    -4.840     9.352  188  168  182   -1
  26    -9.366    -2.607    -9.943  165  146  159   -1
  27     3.366    -3.546     0.568  170  152  170   -1
  28    -2.284   -11.468    -6.225  249  219  243   -1
  29    11.140    -6.836     2.876  204  184  206   -1
  30     6.158    -8.716    -6.729  216  193  216   -1
  31     5.789    -7.341     0.812  207  186  209   -1
  32    -4.155     1.540     7.033  113   96  110   -1
  33     0.191     6.455    -4.874   53   50   53   -1
  34    -2.303    10.053     3.312   16   14   20   -1
  35    -6.296    -0.935    -2.205  145  128  142   -1
  36     0.571     1.640    -2.952  112   95  107   -1
  37    -8.002    11.187    -6.547    8    7   12   -1
  38    -3.623    -7.989     1.213  212  189  210   -1
  39     1.211    -0.576    -5.416  139  124  138   -1
  40    11.123     5.807    -6.651   64   57   60   -1
  41    -7.939    -7.615    -2.504  211  188  208   -1
  42    -3.495    -0.240    -1.971  135  119  133   -1
  43   -10.952     3.417    -5.644   88   79   88   -1
  44     9.720    -1.591    -9.413  155  137  151   -1
  45     4.552    -4.846     5.045  185  167  184   -1
  46    -8.815     9.066    -4.018   26   27   33   -1
  47     7.828    10.117     5.506   18   12   14   -1
  48     5.296     5.719     2.538   63   56   61   -1
  49    -4.047     3.799    -0.154   81   73   79   -1
  50    -0.820    -4.061     9.312  175  156  174   -1
  51    -0.714   -11.780    -5.314  258  225  253   -1
  52     9.279    -8.668     6.457  219  197  221   -1
  53     1.615     7.248     9.299   39   37   42   -1
  54   -12.266    -9.746    -5.680  233  203  223   -1
  55    -2.533    -5.183     7.656  190  170  187   -1
  56    10.311    -6.853    -8.188  201  181  204   -1
  57     8.002     8.878     1.533   30   26   29   -1
  58     8.968    -6.347    -1.794  198  177  201   -1
  59     3.644     3.100    -6.018   96   81   89   -1
  60     2.709     4.675    -0.528   73   66   71   -1
  61     5.556    -4.948    -3.831  184  166  183   -1
  62   -11.217     4.529    -2.655   74   67   72   -1
  63    -2.398    -0.317     9.213  136  120  134   -1
  64     4.928     0.929     1.718  120  104  118   -1
  65     7.314   -10.316     2.994  237  211  235   -1
  66     1.097    -1.672     4.211  158  139  153   -1
  67     9.782    -4.644    -1.822  181  162  179   -1
  68     1.033     2.123    -7.915  107   92  103   -1
  69     2.452   -11.417    -3.721  247  221  249   -1
  70     1.641    -9.833    -2.000  232  206  231   -1
  71    -4.949    -5.076     3.995  189  169  186   -1
  72     1.066     0.866    -5.173  123  108  122   -1
  73     7.889     9.442    -6.979   27   24   28   -1
  74     4.819    -5.608    -8.118  191  172  191   -1
  75    -4.963    10.365     7.961   12   11   16   -1
  76    -7.219     3.499     1.081   85   76   86   -1
  77     4.366    -3.411    -4.032  168  149  165   -1
  78     7.542    -3.395     5.048  169  151  168   -1
  79     6.779    -4.469     3.120  178  161  178   -1
  80     4.663     5.838     2.400   61   53   58   -1
  81    -8.363    -3.589    -1.129  171  153  167   -1
  82     0.842    -8.351     1.064  215  191  213   -1
  83     4.506    -1.308     9.181  152  134  148   -1
  84    -7.668    -1.125    -0.199  147  130  144   -1
  85    -3.862   -11.518    -4.845  253  222  245   -1
  86    -3.070    -2.104     0.937  162  143  156   -1
  87    -6.963   -10.497     7.479  245  216  234   -1
  88    10.234     8.781    -1.691   33   30   31   -1
  89     4.638    11.528    -1.363    6    3    4   -1
  90    -0.575   -10.048    -4.870  234  209  232   -1
  91     4.352    -6.526     5.932  203  182  203   -1
  92    -1.334     2.954    -9.040   98   84   92   -1
  93     6.389    -0.433    -7.377  137  121  135   -1
  94    -2.154     9.419     3.309   22   21   26   -1
  95    -0.750     6.869     3.108   45   43   47   -1
  96    11.777    10.022    -1.733   20   16   18   -1
  97    -4.557     1.110    -4.464  118  102  116   -1
  98     2.218    11.777    -3.795    4    2    2   -1
  99     2.824     8.594     6.628   31   29   32   -1
 100    11.491    -3.290    -1.120  166  148  164   -1
 101     3.010    -4.236     1.641  177  157  175   -1
 102   -10.462     4.531    -9.925   75   68   74   -1
 103    -1.098    11.653     5.844    0    1    0   -1
 104   -12.131   -10.987    -0.245  250  217  237   -1
 105     3.414   -11.542     6.077  260  231  259   -1
 106    -4.320    10.516     4.733   11   10   13   -1
 107     4.547   -10.570     0.913  240  212  238   -1
 108     0.533     9.656     5.611   19   18   22   -1
 109     1.941     2.633    -8.988  101   87   98   -1
 110     2.279     2.396     5.669  103   89   99   -1
 111    -7.860     8.257     5.882   32   31   36   -1
 112    -2.154    -1.178    -5.496  149  132  145   -1
 113    10.375     6.418    -7.908   56   51   50   -1
 114     2.761   -11.269     9.175  257  228  257   -1
 115    -7.853    -8.409     4.686  221  194  212   -1
 116    -4.934     0.898    -1.028  121  106  121   -1
 117    -2.938   -10.739    -0.381  243  215  236   -1
 118     1.089     6.642     0.518   50   45   48   -1
 119    -8.687     3.649     3.274   83   74   82   -1
 120     1.951    -1.671    -8.136  157  138  152   -1
 121   -11.400    10.108    -4.562   15   17   23   -1
 122    -6.653     5.192    -3.668   67   60   66   -1
 123    11.200    -9.118    -0.544  222  199  224   -1
 124    -7.311    -8.801     4.851  226  198  217   -1
 125     1.660     0.788     6.707  124  109  123   -1
 126    -5.454   -11.424    -2.306  256  223  244   -1
 127     2.211     1.184     6.755  117  100  114   -1
 128     6.167     9.062    -3.943   29   28   30   -1
 129    -7.893     2.999    -9.184   97   83   93   -1
 130    -7.759     4.885    -5.159   69   65   70   -1
 131     5.085     4.033    -4.646   79   70   75   -1
 132     7.980   -11.035    -9.861  241  214  239   -1
 133    -3.657     5.942    -5.005   59   55   63   -1
 134     9.920     2.230    -8.726  106   91  102   -1
 135    -5.849     6.327     3.824   51   48   55   -1
 136   -11.554     5.424    -3.920   65   59   65   -1
 137   -11.517    10.996    -5.502    9    9   15   -1
 138    -4.261     3.887     3.336   78   71   77   -1
 139     5.879     9.696    -8.645   24   23   25   -1
 140    10.568    -4.881    -0.966  182  165  185   -1
 141     1.881     0.145    -3.876  131  116  131   -1
 142     5.941    -8.948    -4.228  220  196  219   -1
 143     1.800     3.312     3.667   92   78   87   -1
 144    -5.758   -11.132     8.651  259  224  247   -1
 145     0.155     9.803     9.900   17   13   19   -1
 146     8.369    -6.351    -5.538  197  176  199   -1
 147     4.769     2.226     4.869  105   90  101   -1
 148    -0.002    -4.705     3.385  183  163  180   -1
 149    -6.050    -0.920    -8.726  144  127  140   -1
 150     0.993     0.531    -3.169  127  113  127   -1
 151    -3.496     5.690    -1.809   62   58   64   -1
 152    -1.832     1.093    -4.318  119  103  117   -1
 153     0.733     7.176     8.944   41   38   44   -1
 154     8.641    -0.917    -9.055  143  126  141   -1
 155     1.052    11.556    -9.147    7    6    8   -1
 156     3.505    -2.029     7.679  160  142  157   -1
 157    -1.425     9.432     6.396   21   20   24   -1
 158     5.437    -0.592    -6.543  140  125  139   -1
 159     7.534    -2.493    -5.341  164  145  160   -1
 160    11.020     3.566    -6.003   90   77   83   -1
 161     5.747     1.279     2.198  116   99  113   -1
 162     1.959   -12.072    -2.080  262  233  261   -1
 163    -8.843    -7.359    -9.377  208  185  205   -1
 164     0.311   -12.192    -2.977  268  234  262   -1
 165    -3.895     0.377    -5.462  129  115  130   -1
 166    -3.277    -6.638     3.176  205  183  202   -1
 167    -7.869    -8.200    -2.461  213  190  211   -1
 168     4.291    -3.626     8.884  172  154  172   -1
 169   -10.102     2.975     0.106   94   82   91   -1
 170   -11.070    -2.033    -5.528  161  141  155   -1
 171     0.125    -4.429     1.847  179  159  176   -1
 172     5.008    10.689     4.335   13    8   11   -1
 173    -8.387    -9.630     6.015  235  207  227   -1
 174    -6.886   -11.930    -8.819  261  226  252   -1
 175    -7.297   -12.070    -5.970  266  230  256   -1
 176    -1.119     6.919     6.223   44   42   45   -1
 177     7.971     6.393     2.730   55   47   49   -1
 178     4.343    -1.176    -0.384  148  133  146   -1
 179    11.337   -10.498     2.777  238  213  240   -1
 180     1.706    -1.471    -6.737  153  135  150   -1
 181     5.740     8.140     8.725   34   32   34   -1
 182     5.620     7.576    -8.197   43   39   43   -1
 183    -5.535    -4.911    -5.515  186  164  181   -1
 184    -0.982     6.251     8.111   52   49   52   -1
 185     2.559    -9.066     0.801  225  200  222   -1
 186    -6.597   -11.632    -9.808  255  220  241   -1
 187     5.482    -4.193    -8.799  174  155  173   -1
 188    -3.516     4.996    -9.533   70   64   69   -1
 189   -10.400    -5.525    -3.714  193  173  188   -1
 190     9.389     3.658    -2.687   86   75   80   -1
 191    -6.562    -1.402     4.906  154  136  149   -1
 192    -8.304     0.626    -9.638  126  112  126   -1
 193     8.469   -11.315    -4.530  244  218  251   -1
 194    -1.580     9.733    -8.330   23   22   27   -1
 195    -7.880    11.091     3.091    5    5   10   -1
 196     3.619   -11.403     3.122  251  227  255   -1
 197     1.356     4.817     3.279   71   63   67   -1
 198    11.797     0.050    -1.029  133  118  132   -1
 199     1.000    -9.269     2.891  227  201  225   -1
 200    -8.475    -8.981    -9.867  223   -1  215   -1
 201    -6.727    -6.508    -1.938  202  180  197   -1
 202     8.924    -3.311     4.077   -1  150  166   -1
 203    -0.936     6.408    -4.132   54   -1   54   -1
 204     8.102     0.899     0.887  122  105  119   -1
 205     5.157    -4.277     4.136  176  158  177   -1
 206    -2.391     6.801     3.469   46   44   -1   -1
 207    -1.047     2.920     9.879   95   80   90   -1
 208    -0.583     7.696     6.004   36   33   40   -1
 209     4.330     0.132     1.823  132  117   -1   -1
 210     2.499   -10.973     9.177  248   -1  250   -1
 211    -8.381     3.544     8.560   84   -1   84   -1
 212     3.980    -8.181     7.921  214  192  214   -1
 213     8.137    -9.091    -9.145   -1  195  220   -1
 214    -9.053     3.823    -8.055   82   -1   81   -1
 215     3.295    -4.519    -0.864  180  160   -1   -1
 216     4.567    -0.488    -2.823   -1  122  136   -1
 217     0.543    -9.594     0.792   -1  205  228   -1
 218   -12.652    -3.762    -3.374  173   -1  171   -1
 219    -8.893     0.794    -8.040   -1  111  124   -1
 220   -10.438     1.498     6.298  114   97   -1   -1
 221   -13.049    -5.975    -4.054  196   -1  192   -1
 222   -11.081    -1.166    -7.445  150  131   -1   -1
 223    -4.172    -9.908    -9.521  231  204   -1   -1
