261
   1    -6.768    -6.137    -2.080  221  198  215   -1
   2     1.582    -0.332     0.767  160  140  155   -1
   3     1.751    -8.700    -4.375  248  223  244   -1
   4    -1.328    -3.015     9.511  189  169  181   -1
   5    -1.266    -3.923     3.937  195  174  189   -1
   6    -1.580     6.687     8.970   52   44   54   -1
   7    -1.709   -11.527    -7.154  283  255  277   -1
   8    -1.601     0.532    -8.417  152  133  147   -1
   9     7.711     2.902     4.565  124  110  117   -1
  10    -9.565    -3.956    -2.061  196  173  187   -1
  11    -7.422    -8.971    -9.010  252  225  243   -1
  12     2.115     3.572     6.781  109   92  104   -1
  13     3.584    -6.658    -0.157  223  201  222   -1
  14   -11.094     2.044    -3.579  133  117  129   -1
  15     7.023    -8.782    -1.505  249  226  251   -1
  16     8.710    -4.015     2.344  194  175  192   -1
  17    -3.328     0.207    -6.472  154  135  150   -1
  18     3.204    -6.781     4.694  226  205  224   -1
  19     0.111    -8.787    -9.638  247  221  242   -1
  20     7.210    -4.950    -9.810  205  186  203   -1
  21     2.298     0.992    -1.066  147  131  143   -1
  22     7.387    -4.777    -2.850  203  184  202   -1
  23     2.814     4.864     1.064   93   79   87   -1
  24    -3.507    -0.357    -0.170  161  141  156   -1
  25     3.826     5.351     5.359   82   67   76   -1
  26    -3.284    -4.817    -4.864  207  185  200   -1
  27    -6.963     3.901     5.997  101   87  100   -1
  28   -11.598    -1.092    -5.405  168  149  163   -1
  29     1.537     6.133     5.208   65   52   65   -1
  30     2.410    -5.389     4.957  212  188  206   -1
  31   -11.791     7.103     0.555   47   41   53   -1
  32     7.484    -0.924    -1.001  166  147  162   -1
  33     1.274     4.834     2.812   91   78   88   -1
  34    -6.144     3.061     2.473  119  103  115   -1
  35     6.482   -10.052    -7.982  261  237  261   -1
  36     2.191     3.255    -2.628  117  101  111   -1
  37    -7.253    -1.232     0.166  169  150  164   -1
  38    -8.943     3.344     3.513  113   98  109   -1
  39    -5.974    -4.641     4.238  206  183  198   -1
  40    -4.908   -11.310    -8.362  279  251  274   -1
  41     9.112    -2.027    -7.380  175  156  171   -1
  42    -1.206   -11.276     9.748  287  259  281   -1
  43    10.137     0.141    -2.489  155  136  151   -1
  44     4.388     1.845     2.487  136  118  131   -1
  45    -8.899    -6.776    -2.542  229  203  219   -1
  46    -6.018    -8.895    -3.574  254  227  247   -1
  47    -5.264    -8.602     5.038  251  228  245   -1
  48    -9.877    -2.558    -0.653  182  160  172   -1
  49    -5.302    10.254    -7.683   21   15   19   -1
  50    -3.807    -6.010    -6.960  217  193  211   -1
  51    -5.370     7.907    -8.065   43   35   46   -1
  52   -10.027    -9.146    -0.856  258  229  250   -1
  53   -10.940    -5.699    -4.272  215  190  205   -1
  54    -2.315     1.856    -1.625  134  121  132   -1
  55     9.417     4.836     5.825   96   77   86   -1
  56     7.458   -10.571    -1.262  272  245  268   -1
  57     7.059     6.278    -5.794   69   54   64   -1
  58    -9.627    -6.631     2.490  227  202  218   -1
  59   -10.636     2.955     2.526  120  107  120   -1
  60    -0.548    -5.850     4.846  219  197  213   -1
  61     2.559     1.270    -1.295  144  128  139   -1
  62     2.936     6.017     0.246   70   58   68   -1
  63     7.296     9.328    -4.677   31   20   25   -1
  64     3.131    -5.480     4.323  213  189  207   -1
  65     0.941     1.143    -7.438  146  130  142   -1
  66     5.793     3.755     6.653  107   90  101   -1
  67    -4.774    -3.076    -3.560  188  167  179   -1
  68    -3.304    11.409     8.856    4    3    1   -1
  69   -10.997    10.336    -1.809   15   10   18   -1
  70    -7.854     5.428    -7.560   81   69   82   -1
  71     3.207     7.239     1.878   50   39   49   -1
  72     3.530     4.286    -1.440   98   83   94   -1
  73     0.656    -4.021     5.097  197  176  191   -1
  74     0.235    12.012    -2.125    3    1    0   -1
  75    -5.862     4.807    -2.174   94   81   92   -1
  76     7.244    -6.810     5.166  224  206  226   -1
  77    -5.041     8.315     5.107   37   27   35   -1
  78     5.837   -10.797    -2.537  275  248  273   -1
  79    -5.899    -0.455    -1.367  164  144  159   -1
  80     1.175     0.263     0.121  153  134  149   -1
  81    10.245    -6.931     2.279  225  207  228   -1
  82     9.278     9.445    -2.486   29   19   21   -1
  83    -3.306     6.624     3.881   55   45   56   -1
  84    -5.339    -1.702    -0.064  173  153  166   -1
  85    -1.166     7.431    -6.743   48   40   50   -1
  86     2.820    -7.490    -9.896  233  210  231   -1
  87     5.712     6.861     5.158   53   43   51   -1
  88     2.564    -7.511    -2.743  235  212  233   -1
  89     3.523    11.002    -3.954   13    7    9   -1
  90    -2.877   -11.835    -1.908  289  260  283   -1
  91     3.572    -4.676    -3.387  202  181  199   -1
  92     9.178     0.703    -3.831  149  132  145   -1
  93     9.892     2.124     1.927  132  116  126   -1
  94    -1.688     6.191     6.265   61   51   63   -1
  95     0.290   -12.280    -7.799  290  263  287   -1
  96     1.953    -8.192    -6.903  241  218  237   -1
  97    -3.842     7.589     7.079   42   33   45   -1
  98     8.846     3.465     6.489  114   96  107   -1
  99     4.971     3.081    -5.197  123  105  113   -1
 100    -0.198     2.193     3.793  130  113  125   -1
 101    -7.077    -1.905     5.250  176  155  169   -1
 102     5.939    10.051     4.100   22   11   13   -1
 103     0.568     3.925     2.205  104   88   99   -1
 104    -4.034     4.083     6.134   99   84   96   -1
 105    -2.918   -10.080     4.419  271  243  263   -1
 106    -3.884    -2.763     4.502  183  162  176   -1
 107     6.558     1.580     9.710  140  124  135   -1
 108     1.690     7.881    -8.117   44   36   43   -1
 109    11.440    10.915    -6.993   18    9    8   -1
 110   -12.081     5.695    -6.900   75   65   78   -1
 111    10.674    -0.417     1.023  163  143  158   -1
 112    -0.544     2.987     2.947  121  104  116   -1
 113     8.914    -0.375     5.988  162  142  157   -1
 114     8.961    -3.465     6.202  190  171  184   -1
 115    -0.500     9.779    -9.438   25   16   24   -1
 116    11.628     5.032    -3.080   95   76   84   -1
 117     0.533     5.866     3.296   73   60   69   -1
 118    -3.316    -2.994    -8.180  185  164  178   -1
 119    -5.972     7.310    -8.549   49   42   52   -1
 120    -0.345    -7.553     2.355  238  214  235   -1
 121    -6.446     6.504     1.301   58   49   60   -1
 122    -1.595    -5.834     4.671  218  196  212   -1
 123     3.353    -9.843     2.902  265  240  262   -1
 124     1.792   -11.508     8.105  288  262  284   -1
 125    11.827     3.003    -3.420  125  109  114   -1
 126     2.408     8.025     5.897   40   30   37   -1
 127     3.803    -2.502     1.036  179  159  174   -1
 128   -12.026     1.815    -6.743  137  123  134   -1
 129     5.347     5.415    -8.202   85   71   79   -1
 130     8.104     3.533     6.029  112   95  103   -1
 131     8.052    -6.789    -9.179  222  199  223   -1
 132    -9.327    -5.836    -6.294  216  191  208   -1
 133     0.598   -11.069     3.844  280  256  278   -1
 134     2.912    -0.161     1.440  159  139  153   -1
 135   -10.066     6.823    -7.640   54   47   58   -1
 136     4.109   -11.439     2.280  284  258  282   -1
 137    11.470     2.716    -7.300  126  111  121   -1
 138    -0.765    10.388    -4.399   19   12   16   -1
 139    -4.927     5.924    -3.636   72   62   74   -1
 140    -4.563    -1.713     8.710  174  154  168   -1
 141    -9.110    -4.357    -4.023  199  178  193   -1
 142     1.755    -4.643    -3.575  201  180  197   -1
 143    -3.850     4.222    -7.323  100   86   97   -1
 144     7.556    -8.340    -2.257  244  219  241   -1
 145    -5.225    -4.608     3.177  204  182  196   -1
 146    12.293    -8.649    -3.200  245  222  248   -1
 147     5.533    -7.664     0.983  237  215  236   -1
 148     3.877    -0.920    -7.576  165  146  161   -1
 149    -5.486   -10.559     9.887  278  254  269   -1
 150    -1.376    -4.500    -7.389  200  179  195   -1
 151     9.530     5.713    -8.831   80   66   75   -1
 152    -5.461     6.386     2.156   60   50   62   -1
 153   -11.928    -4.157     0.957  198  177  190   -1
 154     0.742     9.325    -9.216   30   23   29   -1
 155     5.115     7.450    -0.671   46   38   47   -1
 156     3.211     2.228    -2.453  131  115  124   -1
 157    -0.216    11.204     1.494    8    4    4   -1
 158    10.848    -3.139    -2.067  187  168  182   -1
 159     6.569    11.167    -8.619   14    8    7   -1
 160    -3.433     1.790     7.477  135  120  133   -1
 161     1.258    10.189    -5.275   23   14   17   -1
 162    -8.318    -7.365    -4.401  236  211  227   -1
 163    -9.357   -11.263    -6.553  282  253  270   -1
 164     5.021    -3.012     1.181  186  166  180   -1
 165    -7.200    -2.549     1.396  181  161  173   -1
 166    11.930    -9.082     1.558  250  230  254   -1
 167     0.638     8.387    -5.021   38   29   36   -1
 168     9.639     6.306    -3.505   68   53   61   -1
 169    -2.087     1.128     1.511  145  129  141   -1
 170     5.741     5.877     9.718   71   55   67   -1
 171    -7.428    -9.776     9.597  270  241  259   -1
 172    -1.755     1.307     2.705  143  127  137   -1
 173     1.137     7.806     5.423   41   32   42   -1
 174     7.242    -5.921    -2.286  214  194  214   -1
 175    -1.380     1.346     6.164  142  125  136   -1
 176    10.930     4.115     1.635  102   85   95   -1
 177    -2.117     3.032    -5.341  122  108  118   -1
 178    11.553    -8.495     3.041  246  224  249   -1
 179    11.209    -1.718    -8.069  172  152  167   -1
 180    -9.386    -7.365    -8.582  234  208  225   -1
 181    -4.131     3.615     3.623  108   93  106   -1
 182     0.073     7.939     9.824   39   28   38   -1
 183     2.562     3.166     8.944  116  100  110   -1
 184     9.192     1.833     2.133  139  119  130   -1
 185   -10.234     5.616    -2.210   76   64   77   -1
 186   -11.026     5.369    -5.205   79   70   83   -1
 187    -7.541    -0.002     1.650  158  138  152   -1
 188    -0.426     6.517     2.402   59   48   57   -1
 189   -11.708    -7.442     2.305  239  213  230   -1
 190     6.640     7.524     2.298   45   37   44   -1
 191    -4.282     3.187     7.526  115   99  112   -1
 192     4.990     5.166    -8.446   90   75   85   -1
 193    10.442     8.862     4.158   35   22   27   -1
 194     0.396    -4.935     6.186  208  187  204   -1
 195    -3.714     4.221     9.089   97   82   93   -1
 196   -10.799   -11.152    -5.880  281  250  267   -1
 197    10.657    -9.630    -3.069  256  235  256   -1
 198    -8.625     4.992    -7.389   89   80   91   -1
 199    -5.043     3.463     1.429  111   97  108   -1
 200     3.879     9.469    -2.353   27   17   23   -1
 201     7.512    -7.440    -9.737  231  209  232   -1
 202    -8.614    -2.037    -3.983  177  157  170   -1
 203     8.840    -2.549    -6.674  178  158  175   -1
 204    -6.477     5.877     7.930   67   56   71   -1
 205     9.979     9.374    -8.932   33   21   26   -1
 206    -6.570     2.403    -1.409  128  112  123   -1
 207    -8.134    -6.695     5.099  230  204  221   -1
 208    11.087    -8.493    -4.792  243  220  246   -1
 209    -9.527    -9.822    -8.386  264  234  253   -1
 210   -11.146     6.165    -9.064   66   59   72   -1
 211     9.553   -11.592     5.198  285  261  288   -1
 212     8.837    11.328    -5.179   10    5    3   -1
 213    -6.325     8.749     0.659   32   24   34   -1
 214    -2.606    -1.387    -6.406  170  151  165   -1
 215    -3.685     5.352    -6.727   84   73   81   -1
 216    -5.555     2.166     6.353  129  114  127   -1
 217     1.124    -3.550    -6.523  191  170  183   -1
 218    -0.755    -3.734    -2.056  193  172  185   -1
 219     0.832    -9.330     0.038  257  232  252   -1
 220   -11.015     9.707    -9.569   24   18   28   -1
 221    -9.730   -10.725    -0.534  277  249  265   -1
 222     5.135    10.745     6.823   12    6    5   -1
 223     8.709     5.371    -7.544   86   72   80   -1
 224    -4.535   -10.071    -3.960  267  239  258   -1
 225     5.304     5.546     9.511   77   63   73   -1
 226    -6.698     3.845    -8.993  106   91  105   -1
 227     1.501    10.553    -9.158   20   13   14   -1
 228     1.156    -9.733     1.203  263  238  257   -1
 229     5.224    -2.894    -1.456  184  163  177   -1
 230    -1.353     6.778    -3.506   57   46   55   -1
 231    11.275     4.007    -6.646  105   89   98   -1
 232   -10.820     1.344     3.057  141  126  138   -1
 233    10.674     5.986     0.757   74   57   66   -1
 234    11.197    -7.906     3.076  240  217  238   -1
 235    -8.339    -5.856     1.724  220  195  210   -1
 236    -9.411   -10.901     9.834  286  257   -1   -1
 237     0.699   -10.289     8.856   -1  246  266   -1
 238    -9.178     8.804    -6.002   34   26   -1   -1
 239   -11.106    -7.600     7.258  242  216   -1   -1
 240    -3.235     9.009    -7.820   -1   25   32   -1
 241   -13.942    -9.957    -2.169  269   -1  255   -1
 242   -12.555    10.535     0.998    9   -1   15   -1
 243   -13.493    11.088    -2.543    7   -1   11   -1
 244    10.556    12.058    -0.089    5    0   -1   -1
 245   -12.390    -9.542    -4.410  262  233   -1   -1
 246     8.046   -12.342    -2.915  292  264   -1   -1
 247   -11.505   -12.495    -6.288   -1  265  286   -1
 248    11.144    -5.476    -4.485  209   -1  209   -1
 249     3.916     9.661    -7.009   26   -1   22    0
 250    10.742     5.201    -2.550   87   74   -1    0
 251     0.413     3.525     7.418  110   94   -1    0
 252     5.629     8.169    -4.800   -1   31   39    0
 253    -2.470    -9.288     7.458  259  236   -1    0
 254   -10.398    12.059    -3.335   -1    2    2    0
 255     8.909    -3.554     8.498  192   -1  186    0
 256    -2.975   -10.499    -4.572  273   -1  264    0
 257     9.366   -10.279     9.372   -1  247  272    0
 258    -4.522     5.535    -8.943   78   68   -1    0
 259    11.804   -10.344     4.148   -1  244  271    0
 260     4.764    -8.851     9.490  255  231   -1    0
 261   -13.017    10.323    -4.375   17   -1   20    0
