227
   1   -10.721     4.873    -1.272   69   65   70   -1
   2   -11.626     0.881    -4.466  118  109  118   -1
   3    -5.597    -2.222     2.536  150  140  151   -1
   4     4.249   -10.565    -0.599  232  214  240   -1
   5    -1.203    10.065     7.603   19   16   20   -1
   6    -3.000    -8.895    -6.398  221  201  225   -1
   7    -6.732     2.073     4.217  105   96  103   -1
   8    -2.832    -5.686    10.001  191  179  193   -1
   9     9.886    -5.653    -1.452  187  176  192   -1
  10     8.493    -5.799     6.819  188  181  198   -1
  11     6.788    -7.263    -4.839  200  188  211   -1
  12    -3.176   -10.021     6.248  230  209  235   -1
  13    -0.292    -1.573    -1.115  141  130  142   -1
  14    -6.174   -10.834     0.877  241  219  242   -1
  15    -0.878    -0.256    -2.447  132  124  131   -1
  16    -5.248    -9.053    -4.376  223  203  226   -1
  17   -11.823    -2.140    -6.323  148  137  148   -1
  18    -6.799    -6.025    -2.719  194  182  195   -1
  19     5.602    -2.843    -2.463  156  148  161   -1
  20     8.763    -1.053    -0.288  137  127  135   -1
  21    -2.306    -6.284     4.038  196  183  201   -1
  22    -8.234    -5.904    -7.019  190  177  191   -1
  23    10.595    -3.630     0.058  163  153  173   -1
  24    -6.485    -7.245     2.996  206  191  210   -1
  25    -3.058     1.965     9.048  107   97  104   -1
  26    -9.285    -4.347     6.779  172  162  177   -1
  27    -7.197     0.983     6.904  116  107  115   -1
  28    -6.023    -0.562     2.234  134  125  133   -1
  29    -2.313     0.137     6.142  129  119  126   -1
  30    -9.069     4.116     6.520   82   77   83   -1
  31    -2.271    -1.192    -7.312  138  128  137   -1
  32    10.429     6.103    -3.549   58   50   54   -1
  33   -11.253    -3.829    -0.492  169  159  171   -1
  34     0.140   -11.116    -3.737  240  220  245   -1
  35    -3.018     4.735     5.702   70   66   69   -1
  36    -4.564    -4.626    -3.526  174  164  180   -1
  37     1.071     0.585    -7.340  123  113  122   -1
  38     4.064     4.108    -5.441   85   78   84   -1
  39     4.012    -1.910    -2.525  144  134  145   -1
  40     3.534    -7.942    -3.929  212  196  220   -1
  41    -0.903    -3.620     8.251  166  155  170   -1
  42    -3.764     6.582     8.227   45   42   48   -1
  43    -4.391     3.074     2.951   98   90   96   -1
  44    -0.878    -7.847    -0.490  213  197  219   -1
  45    -7.001     5.035     0.993   64   62   66   -1
  46     6.699    -1.975     8.891  146  136  149   -1
  47    -5.787     3.534    -5.309   92   85   91   -1
  48     1.576     0.593     7.067  122  112  120   -1
  49   -11.361     3.108    -0.462   97   91   97   -1
  50    -8.226     6.675    -7.606   46   44   49   -1
  51     2.748    -7.426    -6.902  205  190  212   -1
  52    -4.593   -10.541    -3.595  235  211  236   -1
  53    -6.832     5.050    -8.182   68   63   68   -1
  54     0.585   -11.787    -4.784  245  222  249   -1
  55    -4.753     1.012     4.350  115  106  114   -1
  56    -0.033    -9.768    -4.290  225  206  231   -1
  57     1.649    -2.714    -9.437  154  144  158   -1
  58     4.451    -2.398     9.909  151  143  155   -1
  59     4.760    -1.816     0.864  143  133  144   -1
  60    -9.253   -10.561     6.432  242  217  238   -1
  61    -0.514    -7.012    -6.382  199  184  206   -1
  62     0.072     9.289    -6.353   30   27   30   -1
  63     4.538     3.045    -9.666   99   92   98   -1
  64    -6.371    11.530     4.661    4    4    6   -1
  65    -8.650    -8.712     2.766  222  202  224   -1
  66     9.142    -5.495    -1.812  186  175  190   -1
  67     1.528    -1.298     1.101  139  129  139   -1
  68    -3.150    -7.213    -2.874  204  189  209   -1
  69    -3.711     9.482     1.471   26   25   27   -1
  70     7.099     0.512    -3.545  124  114  123   -1
  71    -8.979     0.204     4.029  127  117  125   -1
  72     0.199    -6.665     7.254  198  185  205   -1
  73    -2.065     8.014    -7.273   41   39   43   -1
  74    10.774     2.445     1.445  102   94  100   -1
  75     7.759    -5.475    -4.252  184  174  189   -1
  76     1.133   -10.634     1.489  236  216  243   -1
  77    -8.387    -6.984     1.438  202  187  207   -1
  78    -1.427     4.946     7.833   66   61   65   -1
  79   -12.061    -7.974    -1.813  217  199  217   -1
  80    -3.289    -7.767    -3.083  210  194  215   -1
  81    -9.442    -2.792     0.843  157  147  160   -1
  82     2.291    10.953     9.375    9    6    8   -1
  83     0.400     1.537    -7.180  112  102  110   -1
  84    -1.903   -10.984    -3.104  239  218  244   -1
  85    -0.751     1.533     4.727  110  101  109   -1
  86     2.386    -2.577     6.403  153  146  157   -1
  87    -1.393     0.842     3.032  119  110  117   -1
  88    -3.015    10.876    -9.114   15   15   15   -1
  89    -4.687     9.797    -5.525   24   22   26   -1
  90    -8.176    -0.194     4.097  131  121  128   -1
  91     3.084    -1.524     8.591  140  131  143   -1
  92     2.015     3.706    -2.986   88   82   87   -1
  93    -4.278    -5.274     0.186  185  173  187   -1
  94    -3.199     4.559    -3.440   77   70   76   -1
  95     2.035     7.691     8.858   42   37   42   -1
  96     4.787    -0.144    -6.504  130  120  127   -1
  97     3.832     8.862    -6.068   34   33   34   -1
  98     1.546    12.201    -6.266    3    2    1   -1
  99    12.081     7.495    -4.116   44   40   45   -1
 100    -5.936     1.617     9.246  109  100  108   -1
 101   -10.869    -5.116    -1.065  182  169  184   -1
 102     0.839    -7.890    -6.382  208  195  218   -1
 103     7.873    -3.903     0.725  167  160  175   -1
 104    -9.860    10.839    -8.089   13   14   17   -1
 105    -5.611     9.413     3.515   25   23   28   -1
 106   -11.969     5.883    -3.483   53   55   59   -1
 107    -9.528    -6.898     0.298  201  186  204   -1
 108     7.060     5.922     9.785   55   48   52   -1
 109    -8.810    -1.579     0.174  142  132  140   -1
 110    -6.000    -9.783    -7.171  226  205  229   -1
 111     2.758     3.819     2.897   87   80   85   -1
 112    -9.801    -1.978     5.119  147  135  147   -1
 113   -11.856     0.379    -6.595  126  116  124   -1
 114     5.523    -8.206    -9.401  214  198  221   -1
 115    -6.344     4.603     3.467   73   67   72   -1
 116     2.058     1.234    -9.349  114  104  112   -1
 117     4.153    -5.173     4.465  180  172  188   -1
 118    -0.390    -5.173     2.336  181  171  186   -1
 119    -2.475    -7.971     6.506  218  200  222   -1
 120     3.414     8.612     2.080   35   32   35   -1
 121    10.096     3.330     5.131   94   86   89   -1
 122    -8.572   -10.161     4.025  234  210  234   -1
 123     9.152     6.083     7.388   51   47   50   -1
 124    -2.739     5.341    -0.828   62   57   61   -1
 125    -9.024    -9.736     4.644  228  208  232   -1
 126    -4.197     5.778    -5.527   59   56   60   -1
 127    -7.369   -10.765    -6.141  238  213  237   -1
 128     6.857     4.431    -6.976   83   75   78   -1
 129     8.253     8.371    -7.434   39   36   40   -1
 130   -10.718    -7.570    -2.113  209  192  213   -1
 131     1.110    -5.036    -3.888  178  168  185   -1
 132   -10.798    -0.884     2.137  136  126  134   -1
 133    -6.471    -3.126     5.791  161  151  164   -1
 134    11.363     8.589    -2.426   37   35   33   -1
 135   -10.792    10.961    -2.309   10    9   13   -1
 136    -0.504    -4.137    -1.938  170  161  176   -1
 137    -1.404     5.801     4.240   56   52   58   -1
 138     7.751   -11.287     0.240  243  221  246   -1
 139     4.335     7.546    -9.517   43   41   46   -1
 140    -6.235    -7.707    -2.986  211  193  214   -1
 141     3.427    11.363    -6.138   11    8   10   -1
 142    -4.915    -4.558    -0.527  173  163  178   -1
 143   -11.377     5.422    -6.929   61   59   63   -1
 144     7.793     9.019    -6.239   33   29   31   -1
 145    -1.553    10.687    -1.110   14   10   12   -1
 146    -5.016    -2.945    -4.282  158  149  162   -1
 147    -8.191     8.963    -7.937   32   31   38   -1
 148     6.935     6.717    -3.990   47   43   47   -1
 149   -11.850    10.734    -4.029   12   13   19   -1
 150     1.981    10.307    -1.851   21   17   18   -1
 151    -7.578    -4.815    -5.794  176  165  181   -1
 152     3.179    11.341     4.418    7    5    4   -1
 153    10.405     3.383    -9.617   96   88   92   -1
 154     3.805    -3.687     4.634  165  156  174   -1
 155   -11.392     1.483     1.402  111  103  111   -1
 156    -5.117     7.943    -2.694   40   38   44   -1
 157    -1.090     6.116    -7.165   54   51   57   -1
 158     4.721     5.160    -2.364   67   60   62   -1
 159     5.678     6.191    -3.069   52   49   53   -1
 160    -3.342     3.134     9.275   95   89   94   -1
 161    -8.330     9.986     2.134   20   18   23   -1
 162     0.008    10.545     1.294   16   12   14   -1
 163    -3.280    10.248    -9.414   22   19   22   -1
 164   -10.600     4.709    -8.947   74   68   77   -1
 165    -5.865     1.176     0.719  113  105  113   -1
 166    -7.259    -4.926     1.652  179  167  182   -1
 167     2.537     4.479     0.683   78   69   75   -1
 168    -7.592     4.455    -8.076   80   74   82   -1
 169    -1.568    -5.850     2.960  192  180  194   -1
 170     1.521     6.321    -2.299   50   45   51   -1
 171     0.236    -4.914     1.277  177  166  183   -1
 172     4.175     4.790     4.419   72   64   67   -1
 173    -6.702     0.801    -4.745  120  111  119   -1
 174     7.354     9.444     9.032   27   21   21   -1
 175    -9.261    -3.148    -4.060  160  150  163   -1
 176    -0.590   -11.461     3.790  246  223  247   -1
 177     5.034    -6.127    -8.982  189  178  196   -1
 178    -7.341    -2.437     3.116  152  142  154   -1
 179    -7.860    -9.277    -1.292  224  204  227   -1
 180    -3.999     6.057     8.526   49   46   55   -1
 181     1.796     2.671     6.595  100   93   99   -1
 182    -5.307     9.663     3.958   23   20   25   -1
 183     2.539     9.258    -1.846   29   26   29   -1
 184     0.976     4.343    -6.108   84   76   81   -1
 185    -0.992    11.066     5.844    8    7    9   -1
 186    -8.345    -3.794    -0.844  168  158  172   -1
 187   -12.043     4.598    -7.034   75   72   80   -1
 188     4.350     1.772     8.584  108   98  105   -1
 189    10.734     3.723    -1.584   90   81   86   -1
 190    -9.082    -2.168     1.120  149  138  150   -1
 191     7.659   -12.114    -5.940  247  226  253   -1
 192    -7.115     2.500    -6.331  101   95  101   -1
 193    -2.838   -10.539     3.991  237  215  239   -1
 194    -5.500    11.918     1.574    0    1    3   -1
 195    -3.224     3.562    -0.779   93   83   88   -1
 196    -5.342    -3.338     8.163  162  152  166   -1
 197    -4.415   -11.895     3.837  252  228  252   -1
 198     6.251     8.866    -4.844   36   30   32   -1
 199   -11.024    11.524     5.695    1    3    7   -1
 200   -10.210     0.503     4.725  125  115  121   -1
 201     9.742     9.412     4.887   28   24   24   -1
 202    10.509     4.606    -7.849   81   71   71   -1
 203    -4.012    -2.623     3.878  155  145  156   -1
 204    -6.069   -11.657     0.935  249  224  248   -1
 205   -11.647   -10.168    -7.359  229  207  233   -1
 206    10.960   -10.170     6.487   -1  212  241   -1
 207     7.268    12.180    -2.139    5    0   -1   -1
 208    -1.678    -2.302    -6.407   -1  141  152   -1
 209     2.632    10.249     8.837   18   11   -1   -1
 210    -4.961    -0.217     7.107   -1  122  129   -1
 211     1.810   -12.228    -2.100  251  230   -1   -1
 212   -11.302     3.568    -4.094   91   -1   90   -1
 213    -7.630     3.243     9.550   -1   87   93   -1
 214    -1.467    -6.162    -5.752  193   -1  197   -1
 215    -0.924     4.552    -8.049   79   73   -1   -1
 216     5.112     1.646     6.712   -1   99  107   -1
 217     0.340     5.962    -3.240   57   53   -1   -1
 218    10.958    -0.234     5.669   -1  123  130   -1
 219   -11.140    -9.584     4.052  227   -1  230   -1
 220     8.870     5.643     9.720   -1   54   56   -1
 221    -1.254     8.473     5.310   -1   34   37   -1
 222   -10.186    -3.576     3.850   -1  154  168   -1
 223     9.083    -3.770     0.266  164  157   -1   -1
 224    -4.315     0.144     1.960  128  118   -1   -1
 225    -2.768    10.194     9.336   17   -1   16   -1
 226   -11.854    -5.178    -3.195  183  170   -1   -1
 227   -12.732    -7.070    -5.182  203   -1  203   -1
