213
   1    -8.091     3.183    -5.092   84   75   95   -1
   2   -11.388    -7.602    -6.155  196  172  206   -1
   3    -6.910    -5.603    -1.599  178  159  192   -1
   4    -5.390     2.452     3.626   90   81   98   -1
   5     1.933    -0.404     2.846  127  112  136   -1
   6     4.640     0.048    -3.964  121  107  129   -1
   7     3.215     0.119    -4.447  117  103  125   -1
   8     3.804    -0.042     6.163  122  108  130   -1
   9     3.982    -9.617     8.830  222  201  239   -1
  10    -2.991   -10.534    -2.327  231  206  243   -1
  11    -2.509     0.061     7.442  119  105  127   -1
  12   -10.438     5.854    -0.699   50   43   57   -1
  13    -0.772     6.701    -0.922   42   35   46   -1
  14    -3.327    -0.603    -7.831  130  114  138   -1
  15     4.776    -8.120    -4.980  198  177  216   -1
  16    -3.954     3.759     1.977   76   67   88   -1
  17    -4.038   -11.802    -7.657  239  213  254   -1
  18     3.998    -4.336     7.532  168  150  184   -1
  19     2.429    -4.798     0.835  173  153  187   -1
  20     2.181    11.583    -8.123    9    8    6   -1
  21    12.136     3.475    -5.472   81   71   91   -1
  22    -4.343    -1.256     1.663  137  119  148   -1
  23    -6.185    -6.657    -5.746  187  165  198   -1
  24    -5.989    -5.824     3.008  179  162  194   -1
  25    -4.308    -3.586    -8.317  157  138  168   -1
  26    -6.456     0.918     2.931  105   94  113   -1
  27    -9.219    -4.481     5.554  172  152  183   -1
  28    -5.899     0.073     8.644  118  104  126   -1
  29    -1.671    -7.021    -2.923  190  169  202   -1
  30   -10.894     3.618     0.012   78   69   92   -1
  31     1.496    -2.257     3.541  146  127  157   -1
  32     3.258    -7.899    -3.821  197  175  214   -1
  33    -1.044    -1.556    -2.902  142  123  153   -1
  34     6.207    -4.307    -3.294  165  148  180   -1
  35     0.068    -5.356    -8.887  174  156  190   -1
  36    -1.579     8.073    -8.213   30   26   32   -1
  37    -7.968    -9.509     2.516  223  195  234   -1
  38     7.901     5.253    -5.619   61   52   61   -1
  39     5.743    11.859    -5.456    6    3    0   -1
  40    -6.567    -7.620    -7.250  193  171  207   -1
  41   -10.410     6.731    -8.427   41   36   49   -1
  42    -3.568    -8.701     1.911  212  190  227   -1
  43   -11.991    -2.494    -6.165  148  128  158   -1
  44   -11.396    -4.149    -0.901  166  147  178   -1
  45     5.038   -10.489     1.833  230  208  248   -1
  46    10.546    -7.670    -6.855  192  173  212   -1
  47    -4.146    11.817    -8.189    3    4    5   -1
  48    -8.768    -0.618     0.215  131  115  139   -1
  49    -0.005    -7.512     2.331  195  174  210   -1
  50     0.396     0.466     9.772  113  100  120   -1
  51     5.724    -6.981    -3.537  188  168  203   -1
  52   -10.161    -0.222     1.875  126  111  134   -1
  53    -7.115     1.778     5.472   97   85  102   -1
  54    -4.388    -2.492     5.426  149  130  161   -1
  55    -5.616    -1.050     2.564  134  117  145   -1
  56    -1.439    -6.532    -2.941  185  164  199   -1
  57     1.066    -9.548     3.497  219  196  238   -1
  58     3.225     3.383    -9.102   82   72   93   -1
  59    10.387     6.750     3.733   43   34   41   -1
  60    -2.948     0.912     0.394  107   95  114   -1
  61    -0.755   -10.837    -6.654  233  207  246   -1
  62    -6.185    -3.966     9.264  164  146  177   -1
  63    -3.442    -1.494    -3.554  141  122  152   -1
  64    -1.581    -0.460    -9.747  128  113  137   -1
  65    -3.050     5.899    -3.571   52   44   55   -1
  66     1.585    -9.579    -5.880  217  193  235   -1
  67    -5.102     8.767    -8.681   24   22   29   -1
  68    -0.114    -3.932    -3.348  162  144  176   -1
  69    -7.733     5.844     8.933   46   39   54   -1
  70     9.381     9.838     5.458   17   10   13   -1
  71    -8.784     5.038    -8.917   63   57   73   -1
  72     9.909    -6.489     3.666  183  167  201   -1
  73    -2.200     7.030    -5.735   39   31   44   -1
  74    -8.657    10.068    -2.707   13   12   20   -1
  75    -0.879     5.151     1.960   59   48   62   -1
  76     6.499     1.214     2.256  102   90  107   -1
  77     3.602    -9.801     3.210  224  200  240   -1
  78     7.884     5.013     9.167   62   47   60   -1
  79     1.661     4.267    -6.787   74   65   84   -1
  80    -9.043    -1.130     3.951  135  118  147   -1
  81   -10.972    -5.548    -1.828  177  158  191   -1
  82    -8.798     9.659    -6.906   18   15   22   -1
  83     5.894   -10.829     4.747  234  210  251   -1
  84     1.433   -11.201     0.617  237  211  252   -1
  85     4.457     3.922    -2.969   75   66   86   -1
  86    11.172     0.053    -0.892  120  106  128   -1
  87    -1.807     1.325     3.944  100   88  105   -1
  88     3.101    -4.122    -4.874  163  145  179   -1
  89     2.573    -0.148    -6.889  125  110  133   -1
  90    -4.581     4.767    -4.875   67   59   77   -1
  91     1.496    -4.314     8.187  169  149  182   -1
  92     3.272     5.773    -9.128   53   45   58   -1
  93   -10.691   -10.152    -8.250  228  198  237   -1
  94    -1.667     8.866    -5.145   23   19   27   -1
  95     0.935    -1.763     4.739  143  124  154   -1
  96     7.096    -3.441    -1.160  154  136  169   -1
  97    -1.109     1.094     1.265  103   91  110   -1
  98    -7.195    11.232     2.619    5    5    8   -1
  99    -6.811     5.218    -6.337   58   53   69   -1
 100     1.356    -8.229     3.193  202  182  221   -1
 101     0.250     9.697     7.894   16   11   17   -1
 102    -3.573     0.745     3.766  112   99  119   -1
 103    -2.717    -6.863     9.275  191  170  204   -1
 104    -2.062   -11.811    -9.009  238  212  255   -1
 105     7.833     9.836    -7.585   20   14   19   -1
 106    -7.766     0.808     7.662  109   98  117   -1
 107    -7.018    -7.858     3.845  200  178  213   -1
 108    -7.437     6.619     8.907   38   33   45   -1
 109    -2.380    -2.063    -7.782  144  125  155   -1
 110    -4.609     5.342    -8.481   57   51   63   -1
 111    -9.295    -8.456    -2.874  210  183  219   -1
 112     4.564     2.990     4.702   86   76   96   -1
 113     0.359    11.846    -5.132    2    2    2   -1
 114    -0.890     3.119     6.812   85   73   94   -1
 115    -2.433     2.543    -7.235   91   82   97   -1
 116     2.963     4.296     0.085   72   63   80   -1
 117     0.687   -10.918     0.872  236  209  249   -1
 118     4.706     8.418     6.167   25   20   26   -1
 119     5.485    -6.466     3.151  184  166  200   -1
 120   -10.933    -8.641    -2.610  211  186  222   -1
 121    -4.769     9.806     3.478   15   13   18   -1
 122    10.959    -3.528    -8.706  153  135  170   -1
 123    -5.458     5.381     3.491   55   46   59   -1
 124   -10.463     2.484     1.306   89   80   99   -1
 125     5.634   -10.179    -5.047  225  202  242   -1
 126     0.216     9.485    -4.464   21   16   21   -1
 127    -6.140     7.395    -0.052   34   28   40   -1
 128     7.572    -9.857    -0.948  220  197  241   -1
 129     4.551    -8.767    -5.860  207  188  228   -1
 130     9.866    -3.239    -2.561  151  134  166   -1
 131    -7.558     4.769     6.523   64   56   74   -1
 132    -4.445     3.829    -9.108   77   68   89   -1
 133     3.881     7.061     6.294   36   30   39   -1
 134     5.096     3.560    -6.245   80   70   90   -1
 135     0.219    -8.043     3.166  201  179  217   -1
 136    -4.135     7.986    -3.805   28   24   33   -1
 137    -8.537     0.381    -3.908  116  102  124   -1
 138    -5.412     4.081     9.073   73   64   85   -1
 139    -9.287    -9.686     5.800  227  199  236   -1
 140     2.471   -10.319    -0.247  229  204  244   -1
 141     6.412    -8.623     2.540  208  189  231   -1
 142    10.818     4.605    -2.023   69   60   76   -1
 143     6.442     6.900    -1.327   40   32   42   -1
 144    -9.765    -2.440     0.990  147  129  160   -1
 145    -9.367     1.930    -5.901   94   83  100   -1
 146   -10.818     9.562    -9.497   19   17   24   -1
 147    -9.202    -1.435     1.159  140  121  151   -1
 148    -8.498    -0.045     8.267  123  109  131   -1
 149    -6.570     1.814     9.001   96   84  101   -1
 150    -3.186     7.924     9.656   27   23   30   -1
 151    -8.109    -8.193     4.153  206  181  218   -1
 152     9.208    -8.514     1.434  203  187  230   -1
 153     8.950     8.437     4.868   26   21   25   -1
 154    -7.046    -2.935    -2.599  150  132  163   -1
 155    -9.722    -3.761    -4.333  161  142  173   -1
 156    11.027   -10.324    -5.283  226  203  245   -1
 157    -9.464     4.445    -8.544   70   62   83   -1
 158    -2.287    10.507    -8.252   11    9   15   -1
 159    -8.908    -3.689    -0.594  160  140  172   -1
 160    -7.397     1.606     2.528   98   87  104   -1
 161    -4.693    -0.646     6.424  132  116  140   -1
 162    -5.273    -6.176    -0.996  182  163  195   -1
 163   -12.394    -9.369    -6.315  218  192  232   -1
 164     7.812    -3.719    -8.117  158  139  175   -1
 165    -5.436    -3.104     1.796  152  133  165   -1
 166     1.360     0.888     0.463  108   96  115   -1
 167    -0.289    -8.574    -5.587  205  184  223   -1
 168    -4.522     0.436     1.264  114  101  123   -1
 169    -9.131    -5.838     0.672  180  161  193   -1
 170     0.859     0.869    -9.507  110   97  116   -1
 171     4.366     6.132    -7.986   51   41   50   -1
 172     7.915     1.690    -5.110   99   86  103   -1
 173    -2.784    -8.584    -2.538  209  185  224   -1
 174     5.453     6.317     6.761   45   37   47   -1
 175     6.887    -2.114     7.406  145  126  156   -1
 176    -2.297    -3.706    -0.637  159  141  174   -1
 177    -8.761   -12.144    -9.131  241  214  256   -1
 178    -9.599     1.236     4.316  101   89  108   -1
 179     5.970     1.093    -3.248  104   92  109   -1
 180     9.960     4.783     4.538   66   58   71   -1
 181    -3.296   -12.058    -1.168  244  215  257   -1
 182     8.833     7.567    -8.425   35   29   36   -1
 183     1.090     0.925     7.247  106   93  111   -1
 184    -5.027     5.744     6.879   49   42   56   -1
 185    -5.047    -5.254    -2.514  175  155  189   -1
 186    -0.949     7.494     3.534   31   27   35   -1
 187     2.037    -1.302     2.003  138  120  149   -1
 188     7.461    -8.097     2.026  199  180  220   -1
 189   -11.405    11.560    -6.094    1    6    9   -1
 190   -12.147     5.102    -6.062   60   55   72   -1
 191   -11.110     5.252    -2.084   56   50   70   -1
 192   -10.320    -8.645     2.963  214  191  225   -1
 193    -3.661    -8.930    -4.279  213   -1  229   -1
 194     7.343    -3.576    -6.249  155   -1  171   -1
 195    -5.722   -11.997     2.245   -1  216  258   -1
 196    -5.986    -4.503     2.132  171  151  185   -1
 197   -11.377    -9.365     3.322  221  194   -1   -1
 198    -6.187    -4.513    -4.578  170   -1  181   -1
 199    -2.131    -5.248     4.294  176  157   -1   -1
 200    -4.169     3.214    -0.868   83   74   -1   -1
 201   -10.589    -9.023    -4.789  216   -1  226   -1
 202    -6.140     7.699    -9.279   32   -1   37   -1
 203     4.520   -11.706     8.482  240  217   -1   -1
 204    -4.908    -3.465    -0.319  156  137  167   -1
 205     1.844    -1.370     5.879  139   -1  150   -1
 206     0.270     4.395    -5.438   71   61   81   -1
 207    -3.088    -5.289    -7.295   -1  154  188   -1
 208   -11.082    -5.943    -3.937  181  160   -1   -1
 209    -5.987    -6.397     0.848  186   -1  197   -1
 210   -12.342   -11.788    -1.642  242   -1  253   -1
 211    -9.551    -2.846     3.430   -1  131  162   -1
 212   -12.508    11.030    -2.775    8   -1   12   -1
 213   -12.376     0.798    -4.375  111   -1  118   -1
