247
   1     1.098     0.695    -2.817  128  119  134   -1
   2     1.805    -2.402     2.606  169  159  175   -1
   3     1.154     0.320    -6.484  134  125  140   -1
   4    -1.468    -6.224    -2.933  207  188  212   -1
   5   -11.616     1.292    -3.826  116  110  127   -1
   6     7.281    -8.444    -3.693  231  214  239   -1
   7     8.877    -0.060     5.293  138  128  143   -1
   8    -2.533    -7.094     3.288  219  201  224   -1
   9     6.508   -10.838    -9.037  254  231  262   -1
  10     7.135     5.757     8.002   62   53   60   -1
  11    -3.887     3.826     5.592   87   79   92   -1
  12     1.137     1.245     8.520  119  108  125   -1
  13   -10.195     2.461     3.605  104   96  110   -1
  14    -1.231   -10.380    -8.743  250  226  254   -1
  15    -7.096     3.607    -3.263   93   86  100   -1
  16     1.079     2.498     4.801  105   95  109   -1
  17    -8.082     7.157     0.166   39   36   47   -1
  18     5.599     6.979     5.569   43   37   44   -1
  19    -1.707    -0.334    -8.874  141  130  146   -1
  20    -4.549     3.462     9.167   94   85   99   -1
  21     7.848     5.615    -2.259   65   56   66   -1
  22    -2.872    -0.174    -2.465  140  129  144   -1
  23     0.057     1.745     1.399  114  106  120   -1
  24    -4.054    -5.928    -5.034  204  186  208   -1
  25    -2.671     9.553    -1.374   15   15   23   -1
  26    11.703     8.357    -1.715   31   27   33   -1
  27     1.224    -2.657    -1.486  172  161  177   -1
  28    11.341    -4.337    -2.085  188  175  191   -1
  29     7.752    -8.939     5.295  240  221  244   -1
  30     4.777     5.874    -5.735   63   55   63   -1
  31    -7.707     1.321     2.206  115  107  123   -1
  32    -3.989    -2.579    -0.949  171  160  176   -1
  33     1.335   -11.159    -4.520  261  236  265   -1
  34    -7.713    -3.957     1.228  186  173  189   -1
  35     9.285    -4.526    -9.333  189  176  192   -1
  36    -3.414    -0.665    -6.956  146  134  150   -1
  37     5.004     9.520     8.782   14   12   17   -1
  38    10.049     0.715     4.130  127  117  133   -1
  39    -7.002   -10.682    -3.695  260  232  258   -1
  40     2.733     3.398     4.874   96   87  101   -1
  41    -5.434    10.371    -8.146   12   11   14   -1
  42     6.386    -2.140     6.121  164  155  171   -1
  43     4.242    -7.088    -2.340  216  199  223   -1
  44    -0.003     2.949     0.731  100   92  106   -1
  45    10.459     2.118    -0.710  110  102  113   -1
  46     2.431     8.649     0.243   25   25   32   -1
  47     3.233    -0.419     6.096  143  132  148   -1
  48     8.923    -5.146    -8.502  193  181  203   -1
  49    -8.357    -1.174     1.381  151  140  156   -1
  50     7.582    -3.379     1.672  178  166  183   -1
  51    -2.747   -11.252     8.102  270  242  271   -1
  52     2.212   -11.127     4.563  265  239  269   -1
  53    -0.532    -7.615     4.711  225  207  229   -1
  54    -5.449   -10.064     5.600  255  228  255   -1
  55     6.746    -0.973     5.608  149  138  153   -1
  56     7.074     9.524    -1.913   18   16   21   -1
  57    -1.187     3.785     4.363   88   80   94   -1
  58    -5.729     7.722    -8.555   35   31   42   -1
  59     0.145    -4.572     0.005  191  178  195   -1
  60    -4.336     4.789    -7.624   76   70   82   -1
  61    -5.115    -4.063    -3.795  187  174  190   -1
  62     6.377     5.033     4.786   69   62   71   -1
  63     9.795    -2.961    -3.877  173  162  179   -1
  64    -4.650    -7.032    -7.043  215  196  219   -1
  65     0.210     4.819     1.946   73   65   77   -1
  66     7.510     2.324     2.943  106   97  112   -1
  67    -7.792    -2.415    -0.042  170  158  174   -1
  68     5.363    -1.674     4.135  158  148  165   -1
  69     6.723    -9.903     1.869  249  225  256   -1
  70    11.173     8.596     2.745   30   22   25   -1
  71   -10.051    -7.805     2.692  228  209  228   -1
  72    -6.554     1.269     0.939  118  109  126   -1
  73    -4.847    10.926     8.584    5    6    8   -1
  74     6.644     4.472    -4.214   82   73   84   -1
  75     5.289     3.840    -6.878   91   83   95   -1
  76     5.364    -6.248    -1.197  206  190  213   -1
  77    -1.394     1.958     2.666  112  104  118   -1
  78   -11.438    -6.630    -3.997  213  192  215   -1
  79   -11.318     5.153    -2.594   67   63   74   -1
  80    -8.284     2.824     6.557  101   93  107   -1
  81     1.033    -4.637    -7.198  190  177  194   -1
  82    -5.964     3.991     3.697   85   77   91   -1
  83     7.198    -5.832     4.940  203  187  210   -1
  84     7.445     3.210    -9.388   99   91  105   -1
  85     2.176    -0.803    -2.728  148  136  152   -1
  86    -2.257    -1.374     3.566  156  145  161   -1
  87    -5.652     1.985     6.426  111  103  117   -1
  88     1.118     7.636    -9.198   37   34   41   -1
  89    -4.727    -4.898     4.317  197  180  198   -1
  90     1.887     3.724    -0.420   92   84   96   -1
  91    -7.138     6.500     4.786   49   43   54   -1
  92    -6.418     7.023    -9.007   46   41   51   -1
  93     1.335    -6.672    -4.251  211  193  217   -1
  94    11.779   -10.718     2.113  256  234  266   -1
  95    -2.290     3.308     2.958   97   89  104   -1
  96     6.212     8.077     4.263   32   28   36   -1
  97    -7.680   -10.431    -8.986  253  227  251   -1
  98    -1.700   -11.148     2.083  268  237  268   -1
  99    -0.437     6.004     5.460   56   49   58   -1
 100    -6.511    -6.158     4.205  209  191  211   -1
 101    10.783    -0.562    -9.035  145  133  149   -1
 102    -9.460    -7.782    -2.462  226  205  226   -1
 103    -4.327     3.551    -8.104   95   88  102   -1
 104     2.993    12.149    -7.062    2    4    0   -1
 105    -9.589   -11.267    -8.571  267  235  263   -1
 106    -1.477    -8.890     4.657  242  220  243   -1
 107     9.050     6.770    -8.437   51   44   50   -1
 108    -7.176     5.926     8.670   55   50   61   -1
 109   -11.969    10.302    -2.244   11   10   16   -1
 110     7.234     1.173    -4.161  121  112  128   -1
 111    -2.705     5.289    -4.196   68   60   72   -1
 112    -7.431    -7.404    -2.445  221  202  225   -1
 113     6.633     6.455     3.809   52   45   52   -1
 114    -7.451     1.201    -2.260  120  111  129   -1
 115    -9.485     8.770    -6.501   23   26   35   -1
 116     2.996    10.422     6.521   10    9   12   -1
 117   -10.009    -4.801    -2.028  192  179  196   -1
 118    -7.565     4.385     1.750   78   72   86   -1
 119    -3.646    -3.753    -8.145  185  171  187   -1
 120    -9.679    -5.257    -4.035  202  184  202   -1
 121     0.603     8.137    -4.232   33   29   37   -1
 122     1.746   -10.195     3.912  252  230  257   -1
 123    -5.774    -3.438    -0.535  181  167  182   -1
 124     3.567    -7.763    -1.416  224  206  231   -1
 125    -2.417    -8.511     4.525  239  217  240   -1
 126     2.205   -10.747    -3.429  257  233  261   -1
 127    -7.248     2.940    -9.472  102   94  108   -1
 128    -6.110     1.027     3.627  124  115  132   -1
 129    -0.248    -7.938     6.042  229  212  236   -1
 130     7.898    -3.761    -4.380  184  172  188   -1
 131     8.050     9.476    -7.270   19   17   22   -1
 132     1.938    -7.532     0.071  222  203  227   -1
 133     3.325     5.496    -5.363   66   59   67   -1
 134    11.907     4.563    -4.583   81   71   81   -1
 135     0.030    -3.515    -0.506  182  170  185   -1
 136     9.189     8.868    -5.660   28   24   27   -1
 137    -8.912    -3.003    -4.039  174  163  178   -1
 138   -10.441     6.479    -7.971   50   46   56   -1
 139    -2.587    -0.387     2.709  142  131  147   -1
 140     3.658     3.781     1.660   90   82   93   -1
 141     3.553    -8.284     0.336  232  213  238   -1
 142    -2.345     9.099    -4.477   20   19   26   -1
 143    -2.758    -1.251     6.258  154  142  157   -1
 144     0.793    -4.991     0.956  195  182  201   -1
 145     6.596    -9.887    -9.793  245  222  249   -1
 146     8.451    -6.173     1.001  205  189  214   -1
 147    -3.348     4.057     2.311   84   75   90   -1
 148     8.454    -1.942     0.954  161  151  167   -1
 149     5.422    11.533     0.597    4    5    4   -1
 150    10.398     4.831    -0.703   77   68   75   -1
 151    -6.379    -1.682    -1.808  159  147  163   -1
 152    -8.161    11.173    -1.502    6    8   10   -1
 153     0.681     6.166    -2.098   57   51   57   -1
 154    -5.094    -3.034     8.837  176  164  180   -1
 155    -8.400    -7.948     5.341  235  210  233   -1
 156    -0.746     7.112    -5.592   44   39   48   -1
 157    -2.588    -2.227    -6.810  167  154  170   -1
 158    11.757     3.301    -6.338   98   90  103   -1
 159     1.432    -2.338    -1.667  168  157  172   -1
 160     2.834   -11.363    -1.224  266  238  270   -1
 161     1.315    -9.907    -9.603  246  223  247   -1
 162    -5.547     6.030     6.765   54   47   59   -1
 163    10.136     0.349    -8.363  132  123  139   -1
 164    -9.933    -6.732    -6.132  214  194  216   -1
 165    -2.859     9.736     2.107   13   13   20   -1
 166     1.842    11.465    -4.727    7    7    6   -1
 167    -1.670     6.977    -7.543   47   42   49   -1
 168   -11.259     9.434    -9.628   16   18   28   -1
 169    -7.738    -1.300     3.587  155  144  159   -1
 170    11.055     2.411    -9.663  108   98  111   -1
 171   -11.576     4.964    -5.995   70   66   78   -1
 172     9.116     7.537    -2.492   40   32   40   -1
 173    -0.011     0.611     6.098  130  121  136   -1
 174   -12.326     1.092    -6.724  123  114  131   -1
 175     6.856    -3.419     1.980  179  169  184   -1
 176     4.330     1.138    -5.757  122  113  130   -1
 177    -0.384     9.005    -5.722   21   20   29   -1
 178    -5.389     1.837     8.010  113  105  119   -1
 179   -11.379   -10.541    -5.350  259  229  253   -1
 180     8.737    -1.259     8.710  153  143  160   -1
 181    -7.419     5.271     8.420   64   58   69   -1
 182     8.290    -5.382    -2.499  201  185  207   -1
 183     1.742     7.206     7.056   38   33   43   -1
 184     9.621    -8.519    -2.202  234  216  242   -1
 185    -2.383     2.182    -6.170  109  101  116   -1
 186   -11.151    -1.943    -5.593  162  150  166   -1
 187    -6.863     0.682     6.975  126  118  135   -1
 188     1.215     0.448    -1.061  131  122  138   -1
 189     8.330    -0.717    -3.056  147  135  151   -1
 190    -3.002     5.715     8.379   60   54   64   -1
 191   -11.572     2.206     2.484  107   99  114   -1
 192    -9.149     4.453    -7.791   80   74   88   -1
 193     9.363    -1.065    -3.836  150  139  154   -1
 194    -9.810    -8.648    -8.386  238  215  237   -1
 195    -8.353     4.814     1.286   71   67   79   -1
 196     5.612    -1.624     5.560  157  146  164   -1
 197    -7.610    -7.069    -1.957  218  198  220   -1
 198    -1.710    -4.871     9.420  198  183  200   -1
 199    -1.691     6.896     9.789   41   35   46   -1
 200     5.699     6.108     2.374   58   48   55   -1
 201    -8.972    -8.272    -4.558  236  211  235   -1
 202     6.299     7.208    -6.797   45   38   45   -1
 203    10.208     7.699     4.182   36   30   38   -1
 204    -2.707     0.058     0.473  137  127  142   -1
 205    -8.891    -7.043     2.329  220  200  222   -1
 206   -10.388    -3.415    -0.716  183  168  181   -1
 207    -4.699     0.286     6.463  133  124  141   -1
 208    -5.631     4.806    -4.780   75   69   80   -1
 209    -7.715   -11.068     9.906  273  241  267   -1
 210     4.337     4.224    -9.729   86   76   89   -1
 211     5.578    -1.292    -9.451  152  141  158   -1
 212    -5.920    11.966     1.553    1    1    1   -1
 213     2.054     8.587     4.322   24   21   30   -1
 214    -3.293    -2.010     2.268  163  153  168   -1
 215     6.793    -9.972    -6.156  248  224  252   -1
 216   -11.386     0.635     2.917  129  120  137   -1
 217     9.029     9.440     4.364   17   14   19   -1
 218     8.600    -7.506     7.943  223  204  234   -1
 219    -5.963    -6.558     2.944  212  195   -1   -1
 220   -11.232    -8.739     7.321  243  219   -1   -1
 221    12.294    -6.691     0.454  210   -1  221   -1
 222   -12.831     6.827     0.311   42   -1   53   -1
 223   -13.180    -9.905    -2.942  251   -1  246   -1
 224   -12.064    -8.628     2.391  241  218   -1   -1
 225    10.182   -12.302    -9.077  272  244   -1   -1
 226     7.882   -12.286    -3.420  274  245   -1   -1
 227   -12.108    -0.174    -1.658  139   -1  145   -1
 228    11.646   -11.644     0.612  269   -1  274   -1
 229     3.361    -7.124    -4.245  217  197   -1   -1
 230    -1.886    -5.313    -7.179  200   -1  204   -1
 231    -7.693    -3.182     5.204  177  165   -1   -1
 232     1.239    -9.572    -6.516  244   -1  245   -1
 233   -12.274    -5.005     0.988  199   -1  197   -1
 234     2.803     6.772     3.226   48   40   -1   -1
 235    -1.233     1.283     6.871  117   -1  122   -1
 236    -3.378     8.961    -8.239   22   23   -1   -1
 237    -3.325    -2.139     0.908  166   -1  169   -1
 238   -10.413   -11.869    -0.801   -1  243  272   -1
 239     4.061     3.972    -9.775   89   81   -1   -1
 240   -11.290    12.162    -3.905   -1    3    5   -1
 241   -12.417    -2.087    -5.340  165  152   -1   -1
 242     2.592     8.893    -8.650   26   -1   31   -1
 243    -6.032     5.037    -4.846   -1   64   76   -1
 244   -12.467     5.313    -6.906   -1   61   73   -1
 245     7.955    -4.946     8.976  194   -1  205   -1
 246   -10.872    11.236     1.530    3   -1    9   -1
 247     4.387    -2.393    -8.649   -1  156  173   -1
