243
   1     0.928   -10.529     4.634  257  231  257   -1
   2    -5.258    -3.282     8.877  176  157  175   -1
   3    -1.600   -10.681    -8.538  255  225  252   -1
   4    10.596    -1.207    -9.569  146  130  147   -1
   5     8.184    -1.699     5.146  152  137  153   -1
   6    -7.595     5.239     8.527   63   56   62   -1
   7    11.128     1.983    -6.680  110   99  109   -1
   8     6.755     1.003     2.666  120  107  118   -1
   9    -2.896    -7.832     3.122  227  200  226   -1
  10    -1.730    -0.466    -9.002  140  126  141   -1
  11   -10.196    -8.074     2.758  232  203  227   -1
  12    -5.396    10.501    -8.222   13   13   14   -1
  13   -10.140    -4.966    -2.010  195  173  193   -1
  14    -0.628     1.132     1.468  116  106  116   -1
  15     7.672    -1.985    -3.220  154  140  156   -1
  16    -0.267    -5.529    -0.291  201  179  200   -1
  17     7.327   -10.294     5.097  253  227  256   -1
  18    -7.346     3.430    -3.538   92   81   92   -1
  19     0.367     2.005     4.632  109   98  107   -1
  20    -8.481     6.869     0.032   39   37   43   -1
  21     1.759     8.117    -0.076   29   28   32   -1
  22   -10.108    -6.912    -6.149  214  188  209   -1
  23    -1.753    -6.747    -3.161  212  186  210   -1
  24     8.068    -2.759     8.818  168  151  168   -1
  25   -11.750     1.161    -3.896  115  105  117   -1
  26     7.246     4.489    -2.813   82   72   76   -1
  27     7.193    -9.288    -3.909  241  214  240   -1
  28     1.022    -9.855    -6.470  247  218  244   -1
  29     4.101     0.774    -5.897  125  114  126   -1
  30     6.218   -11.537    -8.890  261  233  262   -1
  31    -4.081    -3.092    -1.144  172  153  169   -1
  32     6.360     3.875     8.033   84   74   82   -1
  33     9.399    -1.155     3.906  147  131  146   -1
  34    -5.926    -3.827    -0.645  183  163  183   -1
  35    -7.940    -2.669    -0.094  165  148  162   -1
  36     6.566     8.382    -2.141   28   25   28   -1
  37    -5.534   -10.429     5.739  259  229  253   -1
  38     4.306     7.870     8.800   30   27   31   -1
  39     4.187     5.350    -5.946   66   58   61   -1
  40    11.521    -2.995     2.854  170  152  172   -1
  41    -2.045     1.386     2.634  113  103  113   -1
  42   -10.514     2.315     3.638  106   94  103   -1
  43    -1.854     3.405     4.205   91   79   88   -1
  44   -10.785   -11.452     3.415  270  239  261   -1
  45    11.767    -8.271     0.395  228  204  232   -1
  46    -4.312    -6.149    -5.103  207  181  203   -1
  47     2.513    -1.342     5.895  148  132  148   -1
  48     9.829     0.502    -1.184  128  116  128   -1
  49    -2.791    -2.130     3.505  158  143  158   -1
  50     7.510    -4.745    -4.578  192  170  192   -1
  51     0.664     0.879     8.416  122  111  122   -1
  52    -6.566     3.425     3.703   88   78   89   -1
  53    -3.093    -1.113     2.640  145  129  145   -1
  54    -5.252    -4.231    -3.887  185  164  184   -1
  55    10.096     1.376     6.044  114  102  112   -1
  56    -5.124    10.951     8.510    6    7    5   -1
  57    -0.699     2.396     0.821  105   93  102   -1
  58     7.758    -6.649    -2.504  208  184  211   -1
  59    -6.916     0.872     0.818  123  112  124   -1
  60     6.029    -2.256     5.401  159  145  160   -1
  61    -7.646    -7.655    -2.524  225  197  220   -1
  62     6.889    -4.619     1.540  190  169  190   -1
  63    -8.587     2.666     6.720  102   91  100   -1
  64     9.244    -4.254    -4.048  184  165  186   -1
  65    -8.516    -8.238     5.406  235  206  230   -1
  66    11.065     6.449    -1.501   51   42   45   -1
  67    -1.780     6.997    -7.730   41   40   41   -1
  68    -0.295    -4.369    -0.727  187  167  187   -1
  69    -7.901    -4.284     1.180  188  166  185   -1
  70    -4.991    -5.391     4.261  202  176  199   -1
  71     7.650    -5.969     8.965  205  183  206   -1
  72   -11.584    -6.820    -3.918  213  187  208   -1
  73     1.128     3.057    -0.332   98   87   96   -1
  74    -5.769     7.780    -8.649   31   31   36   -1
  75     7.751    -7.557     0.990  222  198  224   -1
  76     1.988     2.822     4.736  101   88   97   -1
  77     8.454     6.082    -8.823   60   51   51   -1
  78     0.657    -0.312    -1.012  139  124  138   -1
  79     8.751    -2.362    -4.035  160  146  161   -1
  80     7.144     2.865    -9.885  104   90   98   -1
  81    -6.581     0.569     3.659  126  115  127   -1
  82     1.854    -1.431    -2.831  149  133  150   -1
  83     0.940    -4.864    -7.417  193  171  191   -1
  84    -4.888    -7.221    -7.073  218  190  213   -1
  85     2.358     8.979     6.527   19   16   18   -1
  86    -1.111     5.762     5.265   56   50   54   -1
  87    -4.460     4.749    -7.846   77   68   75   -1
  88   -12.152    10.359    -2.339   11   11   15   -1
  89    10.765    -5.915    -2.193  204  180  204   -1
  90     2.105     6.265     3.017   50   43   47   -1
  91     3.209    -8.872    -1.713  239  211  237   -1
  92    -9.508     8.840    -6.608   21   23   29   -1
  93    -6.488     7.038    -9.105   40   39   42   -1
  94    -4.407     3.480    -8.292   93   83   91   -1
  95    -8.575    -1.420     1.311  150  134  149   -1
  96    -6.506    -1.940    -1.914  155  139  155   -1
  97     9.210    -5.093    -9.921  194  172  195   -1
  98    -8.096     0.996     2.108  118  108  119   -1
  99    -6.698    -6.498     4.183  211  185  207   -1
 100    -2.250     5.618     4.618   61   53   58   -1
 101    -3.376     9.592     2.287   16   15   17   -1
 102    -8.562     4.872    -8.247   74   67   74   -1
 103     8.562     7.869    -5.798   32   29   33   -1
 104    -4.415     3.366     5.488   90   80   90   -1
 105    -3.367     5.598     8.247   59   52   57   -1
 106    -6.037     1.630     6.553  112  101  111   -1
 107   -10.507     6.458    -8.052   45   45   50   -1
 108     4.726    -2.671     3.952  164  149  165   -1
 109    -0.012     7.661    -4.233   33   30   35   -1
 110    -3.449    -0.799    -7.091  144  128  144   -1
 111     3.947    -8.031    -2.622  226  201  228   -1
 112     2.917     3.121     1.528   96   85   95   -1
 113    -9.857    -5.427    -4.036  200  175  196   -1
 114    -8.415    10.930    -1.675    7    8   11   -1
 115    -5.644     1.648     8.139  111  100  110   -1
 116    -2.949     2.818     2.902  100   89   99   -1
 117    -9.065    -7.299     2.430  224  194  218   -1
 118    -1.775    -9.614     4.693  249  220  245   -1
 119     6.662     0.155    -4.252  133  119  134   -1
 120     0.874   -10.378    -9.508  250  222  248   -1
 121    -2.691    -9.142     4.552  243  216  239   -1
 122    -4.726     0.073     7.994  134  120  135   -1
 123    -4.755     3.395     9.177   87   77   87   -1
 124    -0.608    -0.022     5.953  135  122  136   -1
 125     4.936    10.223     0.548   14   12   12   -1
 126    -7.161     0.430     7.140  129  117  129   -1
 127    -2.586    -2.345    -6.938  162  144  159   -1
 128     1.119    -3.108    -1.796  171  154  171   -1
 129     9.891    -0.323    -8.821  138  125  139   -1
 130     9.781    10.854    -1.369   12   10    6   -1
 131    -8.044     4.006     1.665   83   73   83   -1
 132     1.157   -11.754    -4.612  267  238  266   -1
 133    -9.925    -8.922    -8.358  240  209  231   -1
 134     4.917     5.322     5.437   64   55   60   -1
 135    -5.932     5.757     6.705   55   49   56   -1
 136     1.335   -11.282     3.871  266  237  264   -1
 137     2.619    11.862    -7.295    5    6    3   -1
 138    -3.035    -0.542    -2.675  141  127  142   -1
 139     5.691    -3.409     5.872  178  159  181   -1
 140     7.457     8.742    -7.418   26   24   26   -1
 141     2.079   -11.485    -3.621  264  235  263   -1
 142    -0.100     5.590    -1.936   62   54   59   -1
 143    -3.754    -3.860    -8.154  182  162  182   -1
 144     8.452    -8.620     7.827  237  213  238   -1
 145    -2.708     8.882    -4.453   22   19   27   -1
 146     1.002    -3.448    -1.623  177  158  178   -1
 147     6.318   -10.621    -9.599  251  223  254   -1
 148    -0.724     8.878    -5.757   23   20   25   -1
 149     7.771    -3.304     0.727  174  156  176   -1
 150     1.163    -7.108    -4.426  215  189  215   -1
 151     6.639    -7.130     4.597  216  192  219   -1
 152     7.020   -10.635    -9.026  252  224  255   -1
 153     2.772     5.101    -5.454   69   63   68   -1
 154     4.763    -7.496    -1.298  220  195  221   -1
 155     1.386    11.033    -4.812   10    9    8   -1
 156    -6.201    -7.012     2.869  219  191  212   -1
 157     4.549    -2.713    -8.966  163  147  163   -1
 158    12.038    -9.960    -0.516  248  221  250   -1
 159     8.668     6.845     4.306   44   35   38   -1
 160     7.073   -10.814    -3.500  256  230  260   -1
 161     8.265    -8.253     9.844  231  207  234   -1
 162    -2.431     2.095    -6.370  108   97  106   -1
 163     9.736     3.145    -1.188   97   86   94   -1
 164     8.794    -5.701    -9.048  198  178  201   -1
 165    -6.283    11.795     1.439    1    4    4   -1
 166    -0.889    -8.459     4.678  236  208  233   -1
 167    -7.667     0.979    -2.492  121  109  120   -1
 168    -7.372     2.771    -9.593  103   92  101   -1
 169     6.182   -11.327     1.699  262  236  265   -1
 170    -9.636    -7.988    -2.478  229  199  225   -1
 171    -1.713     0.838     6.766  124  113  125   -1
 172     0.810     0.192    -2.859  131  118  133   -1
 173    -3.124    -1.757     6.290  153  138  154   -1
 174    -9.194    -8.439    -4.602  234  205  229   -1
 175     2.371     8.970    -9.049   24   21   23   -1
 176     5.956     4.978     3.520   71   60   66   -1
 177     6.156    -4.607     1.863  191  168  189   -1
 178    11.648     1.161     1.694  117  104  115   -1
 179   -11.563     5.103    -2.705   65   62   71   -1
 180    -8.004    -1.589     3.566  151  136  151   -1
 181    -7.606     6.174     4.772   47   44   49   -1
 182    -3.332     9.078    -1.127   18   18   19   -1
 183    -2.043    -5.447    -7.155  196  174  197   -1
 184     3.043    -9.527     0.120  244  217  243   -1
 185    -8.788     4.527     0.657   78   70   78   -1
 186     4.994     5.014     1.986   68   59   67   -1
 187     0.218    -6.097     0.703  206  182  205   -1
 188    -0.510     4.444     1.974   79   71   77   -1
 189   -11.758     4.906    -5.609   70   66   73   -1
 190    -2.092     6.850     9.777   37   34   39   -1
 191    -9.016    -3.190    -4.066  173  155  170   -1
 192     9.275    -9.799    -2.294  246  219  247   -1
 193     3.219    -7.663    -4.443  223  196  222   -1
 194   -10.535    -3.599    -0.701  181  161  179   -1
 195     1.376     8.133     4.092   27   26   30   -1
 196     1.471    -8.703    -0.188  238  210  235   -1
 197     5.592     6.437     4.070   46   41   44   -1
 198   -11.811     2.084     2.474  107   95  105   -1
 199   -11.276     9.416    -9.621   17   17   22   -1
 200    -7.563    -0.188     1.579  136  123  137   -1
 201    -2.339   -11.890     4.223  273  243  269   -1
 202    -7.788    -7.322    -1.999  221  193  217   -1
 203    -4.022     3.566     2.297   85   76   85   -1
 204   -11.270    -2.100    -5.671  157  142  157   -1
 205    -7.301   -11.162    -3.665  263  232  259   -1
 206    -3.045     5.068    -4.352   67   64   70   -1
 207    -1.810    -5.263     9.391  199  177  198   -1
 208    -6.253     4.930    -5.136   72   65   72   -1
 209     0.995     6.699     7.086   43   36   40   -1
 210     0.979     7.741    -9.380   35   33   34   -1
 211   -11.558   -10.779    -5.337  260  228  251   -1
 212     9.836     4.967     4.004   73   61   64   -1
 213     5.720     3.582     4.585   86   75   84   -1
 214   -10.543   -11.208    -0.017  268  234  258   -1
 215     5.020     9.938     6.065   15   14   13   -1
 216    -7.311     5.914     8.741   52   47   52   -1
 217     4.899     3.506    -7.261   94   82   86   -1
 218    -7.786   -10.784    -9.015  258  226  249   -1
 219    11.574     3.166    -2.403   99   84   93   -1
 220    10.779     5.998     2.859   57   48   48   -1
 221    -2.674   -11.791     6.096  274  242  268   -1
 222    -8.528    11.763     4.423    0    2    2   -1
 223    -3.631    -2.723     2.129  166  150  164   -1
 224     9.286    12.045    -3.858    3    3    0   -1
 225     8.883     6.216     3.606   53   46   46   -1
 226   -11.315    -8.996     7.358  245  215   -1   -1
 227   -13.285   -10.173    -3.081  254   -1  246   -1
 228     4.174    11.829     6.891    2    0   -1   -1
 229   -12.015    -0.495    -1.289  143   -1  140   -1
 230    -7.457    -9.300    -9.981  242   -1  236   -1
 231     9.359   -12.173    -1.309  269  240   -1   -1
 232     1.097    -3.374     2.592  175   -1  177   -1
 233    -1.060     6.948    -5.713   42   38   -1   -1
 234   -12.417     0.969    -6.857   -1  110  121   -1
 235    -9.255     4.383    -7.916   81   -1   81   -1
 236     4.888    -2.764     5.352  167   -1  167   -1
 237    -7.890    -3.447     5.219  179  160   -1   -1
 238   -12.379    -5.182     1.007  197   -1  194   -1
 239    -3.356     9.065    -8.325   20   -1   24   -1
 240    -3.579    -2.837     0.712  169   -1  166   -1
 241   -10.633   -12.106    -0.853   -1  241  267   -1
 242   -11.435    12.258    -4.043   -1    1    1   -1
 243   -10.908    11.282     1.488    4   -1    7   -1
