200
   1    -8.934    -2.066    -1.655  143  117  139   -1
   2    -4.713    -4.461     4.163  167  135  162   -1
   3     0.821    -6.400    -5.627  180  146  177   -1
   4   -10.479     1.170    -7.709  109   88  107   -1
   5    -9.139    -0.967    -0.342  128  105  125   -1
   6     5.824    -4.244    -4.204  161  132  161   -1
   7    -5.724     9.385     6.014   17   16   24   -1
   8    -9.944     2.113    -2.785   94   76   94   -1
   9    -6.486    -7.861    -1.067  196  160  191   -1
  10     3.390    -0.865     2.463  126  103  124   -1
  11    -5.813    -2.336     3.102  145  120  142   -1
  12    -0.694    -8.383    -0.128  200  167  198   -1
  13     9.636     4.844    -1.556   63   53   64   -1
  14    -5.084   -11.510     3.733  241  204  228   -1
  15     6.777     3.733    -8.318   73   61   77   -1
  16     9.248    10.819     7.092   10    9    8   -1
  17     7.777    10.553    -7.856   15   13   14   -1
  18     3.435     2.866     4.062   83   70   85   -1
  19    -6.754    -9.242     4.298  214  178  207   -1
  20     2.053    -9.069    -3.966  208  174  204   -1
  21    -2.827     3.352     5.509   75   63   79   -1
  22     1.533    -0.739     1.431  123  101  122   -1
  23    -4.322     9.194     0.951   20   20   26   -1
  24     6.363    -2.160     1.918  144  118  141   -1
  25   -10.524    -1.203     0.877  131  107  129   -1
  26     3.971     2.334     1.441   93   74   90   -1
  27     1.633    -6.266     1.175  179  147  178   -1
  28    10.159    -3.219     4.895  154  127  153   -1
  29   -11.415   -10.095    -1.443  222  183  211   -1
  30    -1.854     2.376    -5.990   92   75   91   -1
  31   -10.994     5.065    -6.713   57   52   67   -1
  32    -4.962    -3.413     9.478  156  129  155   -1
  33     9.029    -7.027    -0.632  186  153  184   -1
  34    -9.956     4.147    -1.444   69   60   75   -1
  35    -1.323     8.770     5.849   23   22   27   -1
  36     6.187    -7.347    -9.583  188  154  188   -1
  37    -9.925    -1.623    -9.730  135  110  133   -1
  38     6.788   -11.285     7.679  234  203  231   -1
  39    -2.561     7.162    -3.734   38   34   42   -1
  40     7.246     4.491     0.252   67   57   72   -1
  41     9.066    -4.576    -3.468  163  134  164   -1
  42    -4.033   -10.525    -2.279  225  188  216   -1
  43    -7.710    -8.061     6.181  199  164  195   -1
  44     2.895    -0.814    -7.178  125  102  123   -1
  45    -6.644     8.372    -3.792   31   27   31   -1
  46     3.134     4.260     5.787   68   58   73   -1
  47     0.759     3.103     5.911   78   66   82   -1
  48    -8.771    -8.569    -6.078  204  165  197   -1
  49    -8.096   -11.784    -6.128  240  199  225   -1
  50    11.857    11.098     0.612   11   10    7   -1
  51    -5.745    -5.339    -6.304  173  141  169   -1
  52   -10.828    -7.361     3.267  193  157  186   -1
  53     7.719     7.195     2.699   39   31   36   -1
  54    -1.766     4.881     4.041   59   51   65   -1
  55    -2.030     4.262    -7.328   71   59   74   -1
  56     4.286    -4.586     1.322  166  136  166   -1
  57     7.666    -0.917     2.219  127  104  126   -1
  58    -8.871     5.000    -0.359   56   50   66   -1
  59    -3.299    -1.415     1.539  132  108  130   -1
  60   -11.738     7.651    -6.561   34   30   39   -1
  61     9.947     1.656     3.437  100   82   98   -1
  62     4.705   -11.960    -9.486  236  200  230   -1
  63     2.629     8.019    -7.090   33   28   34   -1
  64    -3.811     1.453     2.910  106   86  103   -1
  65    -6.089     0.270    -9.033  115   94  113   -1
  66    -7.015    -8.648    -5.007  205  168  199   -1
  67     2.931    -5.233     5.791  172  142  171   -1
  68    10.422    11.493    -5.772    9    7    6   -1
  69    -2.799    -9.800     7.801  220  184  212   -1
  70     3.117     6.723     6.779   43   36   43   -1
  71   -10.969   -10.648     2.067  229  192  218   -1
  72    10.945    -1.131    -3.729  130  106  128   -1
  73    -2.191   -11.222     1.353  233  197  224   -1
  74     3.669     4.787    -4.722   65   55   68   -1
  75     4.233     8.522     9.994   26   23   28   -1
  76    -7.321    -2.680     2.092  150  123  147   -1
  77   -10.952    -4.297    -2.011  162  133  160   -1
  78    -1.620     1.759    -7.715   99   81   99   -1
  79     4.072    -9.975     9.347  221  187  217   -1
  80     2.777     1.970     8.579   96   77   95   -1
  81     5.103     2.055    -5.268   97   79   93   -1
  82     1.357     6.452     6.703   46   37   46   -1
  83     1.110    -0.687    -6.334  122   99  120   -1
  84     4.669     0.255    -4.537  116   95  114   -1
  85     3.187    11.974    -4.382    3    3    1   -1
  86    -6.641    -2.552    -8.647  148  122  145   -1
  87     0.306    -0.273     5.304  118   96  117   -1
  88     2.808     9.381    -2.321   22   19   25   -1
  89   -10.017     8.345    -1.511   28   26   32   -1
  90     4.123    -3.075    -5.549  151  124  150   -1
  91     6.984    11.619    -4.157    6    6    4   -1
  92     1.473    -4.731     1.628  169  138  167   -1
  93     9.258   -10.210    -6.132  216  182  213   -1
  94    -1.704     3.540    -3.015   74   62   78   -1
  95     3.230    -1.439     3.619  133  109  131   -1
  96    -5.346    11.074     8.228    5    5    9   -1
  97    -2.685    -2.022    -9.970  141  115  138   -1
  98     6.023    -1.609    -1.897  134  111  135   -1
  99    -2.498     4.949     9.988   55   47   62   -1
 100    -3.287   -10.475     7.773  228  193  220   -1
 101     0.675    -6.891    -5.549  184  150  182   -1
 102    -2.500    10.861     2.624    8   11   11   -1
 103     3.171     5.644    -8.445   53   46   57   -1
 104     5.050   -10.932    -9.712  223  189  221   -1
 105    -8.351     1.396    -4.991  107   87  105   -1
 106     7.177    -3.385    -5.294  155  128  154   -1
 107    -3.092    -3.801    -5.806  159  130  157   -1
 108    -7.360     6.393     3.488   45   39   50   -1
 109    -4.912     7.295     7.135   35   29   37   -1
 110    -1.824    -0.428    -1.957  119   97  118   -1
 111    -4.209    -4.530     4.382  168  137  163   -1
 112     3.668    -8.899     5.803  210  176  206   -1
 113     6.964    -1.979     9.364  142  116  140   -1
 114     4.288    -6.397    -1.926  181  148  179   -1
 115   -10.909    -0.657    -5.462  121   98  119   -1
 116    -1.224    -4.768     1.995  170  140  168   -1
 117    -4.763     5.789     9.275   50   43   54   -1
 118    -3.896    10.085    -5.018   16   14   18   -1
 119    -0.175    -1.897    -1.150  140  114  136   -1
 120     3.386     5.247    -6.936   58   48   61   -1
 121    -9.936     2.469     3.631   88   72   89   -1
 122   -11.895    -6.357    -4.349  182  145  175   -1
 123    -3.166     8.395     5.782   27   25   29   -1
 124     2.352    -8.728     1.593  207  171  201   -1
 125     7.713    -5.823     2.190  175  143  174   -1
 126    -2.698    -7.969    -9.276  194  158  190   -1
 127     2.125   -11.569    -6.118  231  198  227   -1
 128   -11.034     8.745    -2.586   24   24   30   -1
 129    10.657    -8.705     0.226  202  170  202   -1
 130     1.321     4.716     0.271   62   54   69   -1
 131     0.945    10.901    -5.051   14   12   12   -1
 132     1.951    -7.650    -9.867  191  156  189   -1
 133    -4.639     7.057    -5.498   40   35   44   -1
 134     7.068     3.256     3.834   76   64   80   -1
 135    -8.101     0.594    -2.190  111   90  110   -1
 136    -9.895    -2.431    -2.529  147  121  144   -1
 137    -4.847    -8.373     8.341  206  169  200   -1
 138     6.797     0.395    -8.449  114   93  112   -1
 139     1.768   -10.711    -3.842  224  190  219   -1
 140     9.915     1.576    -8.550  104   84  101   -1
 141    -5.207    -7.161     6.589  192  155  185   -1
 142     4.545    -9.460     6.096  213  179  210   -1
 143    -5.441     6.604    -6.496   47   40   49   -1
 144    -5.753     6.477    -9.226   48   41   53   -1
 145    -4.016    -3.149    -7.828  152  125  149   -1
 146    -0.477     1.896     8.608   98   80   97   -1
 147     4.638     4.906     4.744   60   49   63   -1
 148    -6.356    -6.624    -0.434  183  149  180   -1
 149     2.984    -3.256    -6.509  153  126  151   -1
 150     0.308    -8.044    -7.753  195  159  193   -1
 151    -4.671    -2.422    -7.278  146  119  143   -1
 152    -3.607    -9.584     8.782  217  181  209   -1
 153     0.090     1.553     7.466  103   83  100   -1
 154     3.864     9.682    -9.234   21   18   22   -1
 155     9.309    -6.272    -8.977  176  144  176   -1
 156    -7.046     2.830    -3.384   85   71   87   -1
 157     2.166    -6.723     6.361  185  152  183   -1
 158     0.531    -8.830     5.158  209  175  205   -1
 159     0.743    -7.854     9.509  197  162  196   -1
 160     3.771    -3.685     3.953  158  131  158   -1
 161     2.455     0.898     6.611  110   89  108   -1
 162    -8.432     3.012    -3.431   81   68   86   -1
 163     4.435     9.876    -7.505   19   17   20   -1
 164     3.276   -11.763    -3.672  237  202  229   -1
 165    -6.110    -6.709     4.620  187  151  181   -1
 166     4.927   -10.964    -3.198  226  194  223   -1
 167    -5.831     7.258    -4.782   37   33   41   -1
 168    -0.771     9.706    -2.576   18   15   21   -1
 169     4.458    -9.903     9.485  219  186  214   -1
 170     7.201     3.048     9.948   80   65   81   -1
 171    -2.518     0.503     0.371  113   92  111   -1
 172    -1.001   -12.343    -9.763  243  206  232   -1
 173    10.241     6.012     4.962   51   42   52   -1
 174    -0.284   -11.927     3.504  242  209  233   -1
 175     5.472    11.973    -0.535    1    1    0   -1
 176     6.620     7.008     6.028   42   32   38   -1
 177     5.892     2.523     0.089   90   73   88   -1
 178    -2.502    -9.209    -1.494  212  177   -1   -1
 179     8.022    -5.865    -9.026  174   -1  173   -1
 180    -8.052     2.961     8.109   79   -1   84   -1
 181    11.961    -1.833    -7.820  136  113   -1   -1
 182    -8.917     5.699     8.496   52   44   -1   -1
 183    -3.058    -8.195     0.973  198  163   -1   -1
 184   -10.594   -11.042     4.924  238  195   -1   -1
 185     3.365    11.556    -7.789    7    8   -1   -1
 186     6.708     2.944    -2.438   84   69   83   -1
 187    -1.990     4.530     9.897   -1   56   70   -1
 188    -1.628    -0.744    -1.869  124  100  121   -1
 189     0.701     1.966     8.068   95   78   96   -1
 190     1.785   -11.788    -4.774  239  201   -1   -1
 191     5.941   -11.371     7.242  235  205   -1   -1
 192    -9.868     4.084     1.821   70   -1   76   -1
 193     7.907     3.041     0.266   82   67   -1   -1
 194    12.269   -10.186    -7.620  215  180   -1   -1
 195   -10.415     6.424     5.314   44   38   -1   -1
 196   -12.064    -8.116    -7.009   -1  161  192   -1
 197   -11.126    -4.683     4.531  171  139   -1   -1
 198    -4.438     1.478    -1.672  105   85  104   -1
 199   -12.816     1.224    -3.623  108   -1  106   -1
 200   -12.305     2.315    -2.247   91   -1   92   -1
