237
   1    -0.560    -5.946     9.863  211  193  203   -1
   2    -6.809     5.888    -6.492   68   63   68   -1
   3     2.588   -10.189    -8.274  252  230  249   -1
   4    -0.955     2.690     5.793  110  102  105   -1
   5    -5.058    -1.767     2.997  160  146  155   -1
   6    -4.477    -8.884    -3.664  246  223  236   -1
   7    -1.174     3.013    -2.068  107  100  102   -1
   8    -9.712    10.044    -1.666   26   24   28   -1
   9     0.084    -9.536     9.424  251  231  245   -1
  10    -1.150    -7.951     3.385  236  214  226   -1
  11     4.289     1.318    -5.995  125  113  117   -1
  12    -5.296     9.541     4.307   27   26   30   -1
  13    -2.059     6.749     2.293   58   54   60   -1
  14     3.876    -6.190     9.383  213  195  205   -1
  15   -11.269    -2.243    -5.898  162  148  158   -1
  16    -2.603    -2.729    -3.200  167  154  165   -1
  17     2.876    -4.875     7.126  198  182  192   -1
  18    -2.565    -4.449    -2.725  188  171  183   -1
  19     5.423    -2.222    -8.233  161  147  159   -1
  20    -1.559     4.146    -9.861   86   77   82   -1
  21     1.881     5.247    -5.807   72   66   70   -1
  22     7.590     1.516    -4.110  122  111  115   -1
  23    -5.696    -9.142    -9.919  248  224  237   -1
  24     2.529    -2.971     0.423  171  157  168   -1
  25    -9.996     3.854    -1.169   88   81   85   -1
  26     6.270     1.062     2.567  130  118  121   -1
  27    -5.473    -6.192    -2.423  212  191  202   -1
  28   -11.710    -7.799    -0.760  235  210  218   -1
  29    -5.264    -4.018     6.202  182  167  178   -1
  30     2.223     3.643    -6.738   93   87   90   -1
  31     7.483    -5.790     0.666  207  187  200   -1
  32   -10.893   -11.720    -8.480  268  242  257   -1
  33     1.376    -1.602    -5.010  158  144  152   -1
  34     3.192     6.907     9.926   55   52   56   -1
  35     1.167    -0.692     4.242  148  137  142   -1
  36     7.936     6.390    -8.326   63   60   64   -1
  37     4.736    10.753    -4.988   22   16   15   -1
  38     7.276     6.469    -4.589   62   59   63   -1
  39    -9.486    -0.221     7.125  143  132  136   -1
  40     0.353     1.629     8.694  121  110  114   -1
  41    -8.768     9.668    -6.789   29   28   34   -1
  42     6.883     0.027     4.316  140  129  133   -1
  43     8.346    -9.375     8.916  250  229  247   -1
  44    -5.218     4.193    -6.966   83   76   80   -1
  45    10.914     3.921    -0.914   89   79   81   -1
  46    -3.131     5.763    -1.747   69   64   67   -1
  47   -10.369    -3.991     0.076  180  166  176   -1
  48     7.996     7.697     2.731   51   47   49   -1
  49    -6.443    -8.187     3.182  238  217  228   -1
  50   -10.803     2.398    -0.348  113  106  109   -1
  51    -7.581    -1.280     4.821  157  142  148   -1
  52     2.001    -1.299    -1.041  154  141  149   -1
  53    -1.475     4.870     7.716   73   67   72   -1
  54     1.266     7.695     7.451   47   41   50   -1
  55    -0.542     9.157    -7.483   33   32   38   -1
  56    -2.041     8.586    -4.300   36   36   42   -1
  57     5.893    -7.043     8.765  219  200  214   -1
  58    -3.616    -0.284     4.952  144  133  137   -1
  59    -1.923    10.758    -7.784   20   18   22   -1
  60     3.800    -7.756    -6.325  226  205  219   -1
  61     4.613    -7.823     2.655  231  211  225   -1
  62    -5.636     2.560     9.915  112  104  107   -1
  63     0.471    -1.286     6.330  156  143  150   -1
  64   -11.454    -5.057    -2.371  201  181  189   -1
  65     2.692     3.562    -1.730   95   89   92   -1
  66     3.397    -5.464    -3.188  205  186  197   -1
  67     1.169     3.415     4.545   98   90   96   -1
  68    -5.781     0.018     7.649  141  130  134   -1
  69    -1.491    11.313    -7.846   13   11   13   -1
  70    -8.792    -7.528     0.393  228  204  215   -1
  71    -6.731     3.066     1.428  102   96  101   -1
  72     7.690     4.229     3.380   82   74   79   -1
  73    -3.218    -5.965     0.859  210  189  201   -1
  74     8.999    -7.510     7.490  225  207  222   -1
  75   -10.439     4.816    -6.170   76   72   78   -1
  76     4.893    -8.987     2.111  247  225  240   -1
  77     0.792     6.930    -5.763   59   55   59   -1
  78     1.098    -5.251    -5.274  200  183  196   -1
  79    -2.142    -7.287    -1.879  221  199  213   -1
  80    -6.821    -4.218    -4.895  183  168  179   -1
  81     0.579    -0.821    -6.012  149  138  143   -1
  82    -7.890     2.958     7.089  103   98  103   -1
  83    -1.867     1.248     0.541  126  114  118   -1
  84     3.401     8.070    -4.873   45   42   45   -1
  85     8.639     2.232    -8.733  116  107  110   -1
  86     2.608    -0.638     5.715  147  136  141   -1
  87     5.731    10.740     6.863   14    9    8   -1
  88     1.258     5.918     5.610   66   62   66   -1
  89     0.023    -9.403    -3.406  249  226  241   -1
  90    -7.506    -2.539     0.659  164  150  161   -1
  91    -8.173    -8.015     1.689  237  215  223   -1
  92     7.026    -8.256    -8.796  233  213  229   -1
  93    -2.533     9.420    -0.045   30   27   32   -1
  94    -8.184    -3.402     1.220  176  162  172   -1
  95     5.071    10.842     0.767   15   13   12   -1
  96    -9.940    10.873     3.106   10   10   16   -1
  97    -3.449     1.424     3.675  123  112  116   -1
  98    -6.986    11.273    -0.231    6    7   11   -1
  99     5.519     5.009    -0.531   75   68   71   -1
 100   -12.021    10.466    -4.892   16   21   25   -1
 101     4.854     6.156    -0.506   64   61   65   -1
 102     6.548     4.739     8.052   78   69   73   -1
 103    -7.932    -4.680     7.388  197  179  187   -1
 104     1.145    10.443     5.542   17   15   17   -1
 105    -8.204   -10.997     6.597  267  241  255   -1
 106   -10.741     0.561    -4.011  136  125  129   -1
 107     9.890     3.136    -3.503  106   95   98   -1
 108     6.448     7.619     8.889   49   44   47   -1
 109    -4.623     1.924     7.365  117  109  112   -1
 110    -9.973    -5.174    -0.375  204  184  193   -1
 111     7.402     6.808     8.433   57   53   57   -1
 112     4.144     3.077    -0.833  105   97   99   -1
 113    -4.242    10.755    -8.385   19   19   23   -1
 114     0.838     7.558     0.195   52   49   54   -1
 115     3.989    -4.274     1.970  184  169  182   -1
 116    -6.711    -3.449     3.625  177  164  173   -1
 117     2.023    -6.542    -5.396  214  194  206   -1
 118    11.350    -3.517    -2.159  175  163  174   -1
 119    -0.349   -11.236    -3.190  264  239  256   -1
 120     6.026     0.770    -8.184  134  122  125   -1
 121    -8.339    -9.973     3.212  256  233  246   -1
 122     9.271    11.379     1.035   11    4    1   -1
 123    -7.309    -8.621    -9.065  242  218  230   -1
 124   -11.049    -0.011    -5.998  142  131  135   -1
 125     7.323     7.348     5.228   54   51   53   -1
 126    -1.978     4.846    -4.323   77   71   75   -1
 127     1.548   -12.081    -7.227  269  245  264   -1
 128    -4.413    -3.167     3.229  174  161  171   -1
 129    -7.734    -3.012     1.576  172  158  167   -1
 130    -8.080    -5.107    -6.192  199  180  191   -1
 131    11.465     6.572     2.770   61   58   58   -1
 132    -4.611     7.448     3.583   50   50   55   -1
 133     0.018    -7.863     2.541  234  212  224   -1
 134    -5.426    -7.852    -2.738  232  209  220   -1
 135     9.212     1.157    -1.869  128  116  119   -1
 136    -2.135   -11.334    -1.984  266  240  259   -1
 137    -3.637     2.846    -4.449  109  101  104   -1
 138   -10.283    -7.335    -1.122  223  202  211   -1
 139     4.378    10.466    -2.788   25   20   21   -1
 140    -6.340    -8.535    -5.680  241  219  231   -1
 141   -11.139     5.555    -3.101   71   65   69   -1
 142     1.270    -7.144     1.254  220  198  212   -1
 143    -6.121     0.753     4.883  132  121  126   -1
 144     7.663     3.580     1.667   94   84   87   -1
 145   -10.883    10.125    -3.234   24   23   27   -1
 146     8.273    -0.528     5.762  145  134  138   -1
 147    -7.144     7.999     1.884   41   40   51   -1
 148    -8.018   -10.696     5.011  263  237  252   -1
 149   -10.868    -2.767    -9.729  168  152  162   -1
 150    -9.304     7.013    -9.977   56   56   62   -1
 151     2.543     6.585     2.470   60   57   61   -1
 152    -0.681    -4.450     0.679  189  174  184   -1
 153    -3.052    -3.603     8.399  179  165  175   -1
 154     6.955     9.442    -4.695   32   30   31   -1
 155   -11.567    -9.891    -6.276  253  228  242   -1
 156    -6.103     3.662    -7.032   92   86   93   -1
 157    -4.668     0.513    -4.160  137  126  130   -1
 158    -0.270     2.340     8.947  114  105  108   -1
 159    -1.672   -11.027    -8.965  259  235  253   -1
 160     9.596    -6.065    -1.445  208  190  204   -1
 161    -6.696     7.938    -6.644   44   48   52   -1
 162    -9.919    11.501     0.975    1    1    6   -1
 163     0.242   -11.116    -3.940  262  238  254   -1
 164    -4.059    11.295     4.303    3    3    5   -1
 165    -0.132    -8.686    -0.263  244  222  235   -1
 166   -10.127    -1.699     2.594  159  145  154   -1
 167    -2.259    -7.609    -5.413  224  203  217   -1
 168    -2.350    -7.793    -2.111  230  208  221   -1
 169     9.700    -4.935    -9.752  193  177  190   -1
 170    -3.458    -5.201     0.181  202  185  195   -1
 171   -10.407   -10.218     4.710  258  234  250   -1
 172     8.453    -2.897    -5.486  169  156  166   -1
 173    -3.725     9.332     1.634   31   29   33   -1
 174    -9.675     4.936    -5.302   74   70   76   -1
 175    -5.156     2.143    -5.626  115  108  111   -1
 176    -0.872     8.485    -7.724   40   37   44   -1
 177    -5.961     3.062     3.790  101   94  100   -1
 178    -1.588    11.337     1.908    7    5    4   -1
 179     1.489     8.426     6.410   34   34   40   -1
 180     5.405    -8.773    -3.646  243  221  238   -1
 181     4.658    -2.373     6.477  163  149  160   -1
 182    -1.797    -8.349     4.165  240  220  233   -1
 183    11.835     8.045     1.392   48   39   43   -1
 184    -7.830   -10.140    -4.431  254  232  244   -1
 185    -8.426    -0.925     4.818  151  139  144   -1
 186    -7.877   -11.409     4.430  270  244  260   -1
 187    -3.622     1.028     9.642  129  117  123   -1
 188     2.575    -6.848     5.798  217  197  209   -1
 189    -1.575     4.541     8.060   80   73   77   -1
 190    -9.808     3.764    -8.150   90   83   89   -1
 191    10.688     8.582     3.768   38   33   37   -1
 192   -10.099     7.984     5.412   39   38   48   -1
 193    -8.838    -4.441    -1.512  192  172  181   -1
 194     5.087     1.169    -1.317  127  115  120   -1
 195    10.624     1.021    -3.082  131  119  122   -1
 196    -6.775    -5.847     1.955  209  188  199   -1
 197     6.947    -4.450     6.320  187  175  186   -1
 198     0.315    -4.854    -4.703  195  178  188   -1
 199     2.000    11.257     5.779    8    2    2   -1
 200    -0.726     8.302     8.668   35   35   41   -1
 201     5.415    10.782    -7.826   23   17   18   -1
 202   -10.984     0.630     1.751  135  124  128   -1
 203    -5.050    -0.601     1.492  146  135  139   -1
 204    -7.500   -11.827     1.132  274  246  263   -1
 205    -7.780    11.839    -2.969    0    0    3   -1
 206     1.926     3.137     7.167  100   93   97   -1
 207   -11.193     4.016    -6.148   85   78   84   -1
 208    -5.357    11.354     0.162    5    6    7   -1
 209    -8.120    -3.186    -3.393  173  160  170   -1
 210    11.596     3.636    -5.570   97   85   86   -1
 211     1.491   -12.271    -5.365  273  247  265   -1
 212     5.075     0.474    -6.178  138  127  131   -1
 213    -8.815    -2.697     5.834  170  155  163   -1
 214    -0.192     9.960    -6.456   28   25   26   -1
 215   -10.288     0.276     5.707  139  128  132   -1
 216     5.058    -8.312     8.895  239   -1  234   -1
 217    -6.916    -4.354    -0.449  185  170   -1   -1
 218    11.976    -9.264     1.950   -1  227  243   -1
 219     8.989     8.599     8.840   -1   31   36   -1
 220    -2.143   -11.020     6.074  265   -1  258   -1
 221     1.919    -4.734    -1.055  194  176   -1   -1
 222    -4.211   -10.794    -2.918   -1  236  251   -1
 223     7.175    -4.519    -1.666  186   -1  185   -1
 224    -3.053    -1.254     3.002  153  140  146   -1
 225     0.487    10.308     8.876   18   14   19   -1
 226    -1.217     2.661     0.543  111  103  106   -1
 227    12.190   -11.065     1.538  260   -1  261   -1
 228    -1.818    -2.596     9.394  166  153  164   -1
 229    10.554     0.750    -6.018  133  123  127   -1
 230     8.168     0.883    -0.834   -1  120  124   -1
 231     4.468     7.909     0.326   -1   43   46    0
 232    -3.019    -1.085     7.536  152   -1  145    0
 233   -12.198    -7.359    -2.984  222  201  210    0
 234    -7.602   -10.127    -1.259  255   -1  248    0
 235    -4.278     7.666     4.047   46   46   -1    0
 236    -5.316     3.098    -8.679  104   99   -1    0
 237     1.724     3.655    -9.357   96   88   91    0
