239
   1    -7.864    -2.545    -0.066  170  153  169   -1
   2     2.723   -11.921    -1.335  273  243  274   -1
   3    -0.287     1.429     1.437  117  107  117   -1
   4   -10.123    -7.941     2.735  232  204  227   -1
   5    -4.180    -6.042    -5.069  207  184  204   -1
   6   -11.683     1.223    -3.866  119  109  120   -1
   7    -1.608    -6.491    -3.051  209  186  209   -1
   8    -3.012     9.314    -1.253   14   13   18   -1
   9     6.011     4.292     4.679   81   70   78   -1
  10   -11.509    -6.728    -3.961  215  189  210   -1
  11     6.749     4.789     8.018   71   62   71   -1
  12    -1.416   -10.536    -8.636  255  225  254   -1
  13    -6.267     3.706     3.697   86   78   87   -1
  14    -2.711    -7.466     3.203  224  201  222   -1
  15     0.721     2.242     4.717  107   98  107   -1
  16    -4.992    10.938     8.541    3    4    7   -1
  17    -7.809     4.193     1.706   79   72   81   -1
  18    -0.780     5.870     5.363   55   49   56   -1
  19    -5.420    10.433    -8.190   11   10   13   -1
  20    -2.531     8.986    -4.468   15   18   23   -1
  21    -0.059    -5.057    -0.139  196  176  194   -1
  22     4.479     5.596    -5.844   63   55   63   -1
  23    -7.224     3.511    -3.398   93   84   93   -1
  24    -1.720     1.663     2.649  115  105  116   -1
  25     2.058   -11.637     4.564  270  242  272   -1
  26    -8.282     7.006     0.097   34   35   44   -1
  27    -1.719    -0.404    -8.933  143  129  144   -1
  28     6.816     8.932    -2.035   20   16   21   -1
  29    -5.753     7.747    -8.600   31   29   39   -1
  30    -2.810   -11.489     8.184  274  244  270   -1
  31     7.136     1.649     2.810  116  106  115   -1
  32     4.656     8.679     8.787   18   15   20   -1
  33    -5.489   -10.245     5.673  257  230  256   -1
  34    -6.457     7.026    -9.061   41   38   47   -1
  35     7.242    -8.867    -3.795  237  213  240   -1
  36    -2.942    -1.513     6.279  154  140  154   -1
  37     8.527    -0.891     5.229  148  133  149   -1
  38    -5.849    -3.636    -0.596  183  165  180   -1
  39    -6.738     1.063     0.876  122  114  125   -1
  40    -9.501     8.801    -6.553   17   23   30   -1
  41    -4.768    -7.130    -7.060  218  195  216   -1
  42     7.550    -9.618     5.182  248  222  249   -1
  43    -5.174    -3.163     8.856  177  161  178   -1
  44    -3.430    -0.738    -7.023  145  130  145   -1
  45    -8.468    -1.299     1.348  152  136  151   -1
  46    -4.153     3.591     5.540   88   80   90   -1
  47     0.988    -4.755    -7.304  193  173  190   -1
  48     5.259     6.123     5.508   52   45   51   -1
  49     6.449   -10.616     1.782  256  231  260   -1
  50    -1.726     6.985    -7.661   43   39   46   -1
  51    -8.437     2.741     6.633  102   91   99   -1
  52     0.291     7.891    -4.235   30   28   33   -1
  53     2.083     8.365     0.084   26   25   31   -1
  54    11.057    -5.141    -2.148  194  177  199   -1
  55     7.551     5.031    -2.554   69   61   68   -1
  56     8.026    -6.030    -2.503  206  185  206   -1
  57     6.923    -6.484     4.769  210  188  212   -1
  58     8.005    -1.364    -3.152  151  137  152   -1
  59     1.054     7.676    -9.341   32   30   37   -1
  60     3.284     3.436     1.593   96   85   91   -1
  61    -7.534    -7.540    -2.501  225  199  221   -1
  62     2.359     3.101     4.805   99   88   96   -1
  63   -10.474     6.466    -8.014   48   44   53   -1
  64    -2.548    -8.827     4.534  243  215  239   -1
  65    -2.523    -1.761     3.535  157  143  157   -1
  66    -3.128     9.656     2.197   13   12   17   -1
  67     2.673     9.674     6.524   12   11   15   -1
  68     9.251    -4.812    -9.620  192  174  192   -1
  69    -8.502     4.896    -8.179   70   65   74   -1
  70    -7.146   -10.914    -3.704  263  232  258   -1
  71     6.342     4.013    -4.349   83   75   83   -1
  72   -10.357     2.385     3.624  106   96  106   -1
  73    -0.354     2.661     0.782  104   94  102   -1
  74     5.064    -6.876    -1.244  213  192  217   -1
  75    -4.655     3.423     9.169   91   82   92   -1
  76    -4.031    -2.840    -1.052  173  156  173   -1
  77    10.690    -0.893    -9.297  147  132  147   -1
  78    -9.769    -5.348    -4.043  202  181  195   -1
  79    -1.624    -9.253     4.672  246  219  244   -1
  80    11.355     7.395    -1.594   35   32   34   -1
  81     1.457    -2.894     2.602  174  158  175   -1
  82     5.058    -2.178     4.029  162  149  163   -1
  83     1.253   -11.456    -4.552  266  237  266   -1
  84   -10.073    -4.887    -2.017  195  175  191   -1
  85     0.289     5.868    -2.021   59   52   59   -1
  86     1.132    -9.715    -6.489  247  220  246   -1
  87    -5.182    -4.152    -3.838  190  170  184   -1
  88    -7.383     6.333     4.774   46   42   52   -1
  89     8.408    -2.026     8.773  161  148  161   -1
  90    -3.698    -3.809    -8.159  184  166  182   -1
  91    -5.847     1.798     6.490  112  103  113   -1
  92    10.071     3.962    -0.901   85   74   82   -1
  93     6.293     5.691     3.676   60   53   58   -1
  94     1.502     3.377    -0.376   97   87   94   -1
  95     6.391    -1.625     5.516  155  141  155   -1
  96    -6.349     0.791     3.643  126  117  128   -1
  97    -1.521     3.583     4.291   90   81   89   -1
  98     8.753     6.409    -8.629   53   46   50   -1
  99     5.173    10.858     0.579    9    8    9   -1
 100     8.104    -6.868     1.001  212  194  219   -1
 101    11.440     2.617    -6.516  105   95  103   -1
 102    -0.707    -8.039     4.676  230  207  231   -1
 103    -7.804    -4.123     1.201  191  171  185   -1
 104     6.459   -10.263    -9.699  249  223  251   -1
 105     0.905     1.056     8.465  124  111  122   -1
 106    -5.126     4.816    -9.528   74   68   75   -1
 107    -9.546    -7.887    -2.466  226  202  225   -1
 108     9.452    -9.164    -2.252  240  217  243   -1
 109     1.540   -10.745     3.894  261  234  262   -1
 110    -2.622     3.055     2.927  100   89   97   -1
 111     5.912     7.238     4.165   33   31   38   -1
 112    -2.956    -0.365    -2.572  142  128  143   -1
 113     9.515    -3.614    -3.964  179  164  181   -1
 114     9.062    -1.741    -3.959  156  142  156   -1
 115    10.147     1.291    -0.944  118  108  119   -1
 116     1.073    -3.064    -1.557  175  159  177   -1
 117     8.872     8.357    -5.731   29   27   32   -1
 118    -3.687     3.806     2.305   84   76   86   -1
 119    -8.292    11.046    -1.593    4    7   10   -1
 120     7.239    -4.009     1.605  187  168  186   -1
 121     2.797    11.994    -7.177    0    3    1   -1
 122    -1.910   -11.570     2.071  269  240  268   -1
 123     1.106   -10.054     4.638  253  228  255   -1
 124    -0.559     8.934    -5.741   19   19   25   -1
 125    -7.014     0.549     7.050  130  119  130   -1
 126    -1.870     5.728     5.096   56   50   60   -1
 127    -2.838    -0.759     2.675  146  131  146   -1
 128     2.449     6.503     3.119   47   41   48   -1
 129     3.048     5.287    -5.414   65   58   66   -1
 130     2.014    -1.122    -2.772  150  135  150   -1
 131    -1.768    -5.057     9.408  198  179  197   -1
 132   -10.725   -11.330     3.399  271  238  265   -1
 133     7.294     3.029    -9.637  101   90   98   -1
 134    -0.309     0.286     6.023  132  122  133   -1
 135     6.349   -11.199    -8.956  259  233  263   -1
 136     9.725    -0.247     4.027  140  127  139   -1
 137    -7.906     1.154     2.188  120  110  121   -1
 138     4.220     0.950    -5.834  125  116  127   -1
 139    11.560   -11.495     2.106  265  239  273   -1
 140     8.846     8.124     4.351   27   26   29   -1
 141   -12.065    10.328    -2.289   10    9   14   -1
 142     8.829     6.875    -2.613   44   37   43   -1
 143    -8.460    -8.097     5.370  234  209  229   -1
 144     1.698    -8.120    -0.068  227  205  232   -1
 145    -9.205     4.415    -7.851   78   71   80   -1
 146    -6.149     4.980    -5.000   68   63   73   -1
 147    10.039    11.749    -1.726    2    2    0   -1
 148    -4.856    -5.146     4.292  199  178  196   -1
 149     5.241    11.028     6.075    5    5    5   -1
 150    10.024     6.300     4.100   50   43   49   -1
 151    -7.312     2.854    -9.532  103   92  101   -1
 152    -8.960    -3.096    -4.051  176  160  176   -1
 153     5.088     3.651    -7.049   94   83   88   -1
 154     3.386    -8.328    -1.521  231  210  235   -1
 155    -0.126    -3.948    -0.619  186  167  183   -1
 156     6.950     0.654    -4.206  128  118  129   -1
 157     1.249    -6.895    -4.329  214  191  214   -1
 158   -10.015    -6.814    -6.183  216  190  211   -1
 159     8.866    -5.429    -8.773  197  180  200   -1
 160    -6.443    -1.816    -1.862  158  144  158   -1
 161    -5.742     5.888     6.740   54   48   57   -1
 162    -2.409     2.133    -6.274  110  101  111   -1
 163    -2.587    -2.290    -6.863  165  150  164   -1
 164    -1.471     1.057     6.815  123  112  123   -1
 165    -5.518     1.735     8.083  114  104  114   -1
 166     3.297    -8.914     0.232  239  214  241   -1
 167     2.142   -11.120    -3.515  262  235  264   -1
 168    10.908     2.087    -9.912  111  102  109   -1
 169     6.039    -2.787     6.010  172  157  174   -1
 170    -9.868    -8.787    -8.366  238  212  234   -1
 171     1.704     8.352     4.172   24   24   28   -1
 172    -7.560     1.085    -2.375  121  113  124   -1
 173     8.528     8.348     8.933   25   21   24   -1
 174     1.606    11.239    -4.774    7    6    6   -1
 175     6.512    -4.022     1.923  188  169  187   -1
 176     7.703    -4.260    -4.477  189  172  188   -1
 177    -7.872    -1.448     3.582  153  139  153   -1
 178   -11.444     5.123    -2.652   64   60   72   -1
 179    -6.603    -6.333     4.197  211  187  208   -1
 180     6.014     6.865    -6.975   45   40   45   -1
 181    10.013    -0.011    -8.556  137  125  137   -1
 182    -2.878     5.171    -4.270   66   59   69   -1
 183     2.464     8.920    -8.845   22   22   26   -1
 184    -7.513     5.248     8.468   62   56   65   -1
 185     7.146   -10.308    -9.076  251  224  253   -1
 186   -11.693     2.143     2.482  109   99  108   -1
 187   -11.467   -10.662    -5.348  260  229  252   -1
 188    -6.081    -6.792     2.914  217  193  213   -1
 189    -3.371     9.010    -8.295   16   20   27   -1
 190    11.959     2.309     1.894  108   97  105   -1
 191    -8.580     4.677     0.742   73   66   76   -1
 192    -4.374     3.502    -8.198   95   86   95   -1
 193    -4.593     0.198     7.982  134  123  135   -1
 194    -9.089    -8.356    -4.582  235  208  228   -1
 195    -7.261     5.914     8.703   51   47   55   -1
 196   -11.194    -2.024    -5.633  160  146  159   -1
 197    -9.623   -11.444    -8.568  267  236  261   -1
 198     7.104   -10.361    -3.372  252  227  257   -1
 199    -1.893     6.865     9.783   37   33   42   -1
 200    11.617     3.871    -4.805   89   77   84   -1
 201     4.094    -7.542    -2.481  223  200  223   -1
 202    -0.353    -8.287     6.047  236  211  236   -1
 203     4.460    -2.566    -8.804  167  152  170   -1
 204     1.272    -2.734    -1.736  171  155  172   -1
 205   -10.460    -3.512    -0.709  182  163  179   -1
 206     0.507    -5.555     0.828  204  182  201   -1
 207     0.933     0.055    -1.036  136  124  136   -1
 208     8.113    -2.635     0.862  169  154  171   -1
 209     1.366     6.936     7.075   38   34   41   -1
 210     1.114   -10.161    -9.576  250  221  248   -1
 211     0.933     0.414    -2.838  131  121  132   -1
 212    -7.683    -7.203    -2.019  221  196  218   -1
 213     2.999    -8.818     7.338  242  216  242   -1
 214    -7.407    -0.045     1.629  138  126  138   -1
 215    -8.978    -7.177     2.364  222  197  220   -1
 216     7.798    -5.463     8.967  203  183  202   -1
 217    -7.726   -10.634    -8.980  258  226  250   -1
 218     5.344     5.549     2.185   61   54   62   -1
 219    -3.467    -2.371     2.209  166  151  166   -1
 220     8.510    -8.026     7.888  228  206  237   -1
 221    -0.153     4.623     1.945   76   67   -1   -1
 222     2.876    -0.891     5.997  149  134  148   -1
 223    10.982     7.281     2.794   36   -1   35   -1
 224     7.758     9.092    -7.383   21   17   19   -1
 225    -4.403     4.764    -7.709   75   69   -1   -1
 226   -11.697     4.919    -5.546   67   64   -1    0
 227     3.294    -7.396    -4.345  219  198   -1    0
 228   -10.525   -11.988    -0.828   -1  245  269    0
 229    -0.906     7.021    -5.659   42   36   -1    0
 230     5.264    -2.212     5.455  163   -1  165    0
 231    -1.969    -5.382    -7.162  201   -1  198    0
 232    -3.228     5.650     8.052   57   51   61    0
 233    -3.448    -2.499     0.789  168   -1  168    0
 234   -11.277     9.426    -9.675   -1   14   22    0
 235   -12.379     1.012    -6.796   -1  115  126    0
 236     3.917     3.869    -9.950   87   79   -1    0
 237    -2.912    -0.275     0.439  141   -1  140    0
 238    -7.787    -3.318     5.211  178  162   -1    0
 239   -12.328    -5.097     1.005  200   -1  193    0
