217
   1    -2.914    11.138     7.750    4    4    5   -1
   2    -3.330    -6.498     9.700  195  174  202   -1
   3     4.553    -9.216    -1.332  222  201  233   -1
   4     2.663    -1.131    -3.288  143  125  143   -1
   5     3.722    -7.508    -4.058  205  183  214   -1
   6     0.204    -3.770    -9.702  168  148  174   -1
   7    -6.173    -0.129     1.804  132  116  129   -1
   8    -6.013    -3.516    -4.698  166  147  171   -1
   9     4.121    -1.871    -3.241  147  130  152   -1
  10    -9.962    -2.663     0.744  158  140  161   -1
  11    -7.196    -6.099    -2.573  190  169  194   -1
  12    -6.972     3.593    -5.603   93   80   93   -1
  13     6.364    -7.818    -9.161  207  184  216   -1
  14    -9.725    -4.432     6.317  179  158  183   -1
  15    -2.130     9.498    -7.348   34   29   31   -1
  16   -12.118     0.903    -4.585  119  103  117   -1
  17    -5.295    -5.082    -3.606  182  161  187   -1
  18    -3.738     4.774    -1.703   82   67   77   -1
  19     2.356     4.688    -6.223   84   70   78   -1
  20   -10.965    -0.610     1.951  139  122  136   -1
  21    -5.887    -1.936     2.037  151  134  154   -1
  22    -9.572    -1.886     1.037  150  131  151   -1
  23    -2.662    -9.916    -6.776  231  207  238   -1
  24     9.964     4.619     4.684   85   68   75   -1
  25    -1.230    -4.926     2.880  180  160  186   -1
  26    -5.329     7.108     8.544   48   41   48   -1
  27    -0.220    -3.722     2.239  169  152  177   -1
  28    -3.348     0.402     6.168  127  112  125   -1
  29   -11.557     3.364    -0.407   94   82   95   -1
  30    -1.273    -0.503     7.403  137  120  133   -1
  31    -7.551    -5.550    -6.082  186  167  193   -1
  32    -5.671    -6.790     3.139  198  175  203   -1
  33     7.024    -2.534     7.010  157  139  162   -1
  34     5.936     1.352    -1.443  113   96  109   -1
  35     0.335   -10.365     5.755  239  215  250   -1
  36     1.911   -12.055    -5.261  251  224  261   -1
  37    -8.957    -3.764    -0.873  171  151  175   -1
  38    -2.203    -8.387     6.999  217  195  225   -1
  39    -5.113    -9.274    -4.615  223  200  229   -1
  40    -4.212     5.517     5.905   67   55   64   -1
  41    -6.825     2.467     3.863   98   85   99   -1
  42    -4.889    11.176     0.827    8    8   12   -1
  43     1.436     9.242    -7.004   38   31   34   -1
  44    -6.993     6.064     0.661   61   50   58   -1
  45     8.577     0.911    -3.962  120  102  116   -1
  46    -6.262    -2.774    -2.815  159  141  163   -1
  47    -0.338    -8.431    -6.591  215  190  221   -1
  48     7.670    -2.106    -6.438  152  136  157   -1
  49    -9.561   -10.363     6.220  241  216  245   -1
  50     1.583   -10.594    -3.955  237  213  249   -1
  51    -9.152     6.937    -8.113   53   46   51   -1
  52     2.451     2.662    -9.944   97   84   98   -1
  53    -5.643     6.433     8.785   56   47   54   -1
  54   -11.591    -3.941    -0.740  173  153  178   -1
  55    -0.027     7.769    -3.305   47   40   44   -1
  56    -3.844     8.310    -8.206   44   37   42   -1
  57    -4.554   -10.089     1.031  233  211  243   -1
  58     9.375     1.327    -2.963  114   97  111   -1
  59    -3.249    -7.879    -3.434  210  186  217   -1
  60    -9.256    -1.210     0.040  144  126  144   -1
  61     3.419     8.906    -3.807   40   34   35   -1
  62    -9.121    -9.245     4.402  226  203  230   -1
  63    -2.287    -0.528    -3.181  138  121  134   -1
  64     2.894    -7.037     2.415  200  178  207   -1
  65    -3.512     6.656    -1.856   57   49   52   -1
  66    -9.763     4.592     6.086   81   69   79   -1
  67    -3.550    -1.960    -7.918  149  132  153   -1
  68     7.528    -4.634    -6.446  176  157  185   -1
  69    10.877     8.074    -2.557   45   38   40   -1
  70     8.249     1.395    -1.518  112   95  108   -1
  71    10.123    -8.439    -6.789  211  191  224   -1
  72     2.911     0.719     6.522  123  107  120   -1
  73    -2.639     4.592    -8.739   86   73   85   -1
  74    -0.753   -10.593    -3.600  238  214  248   -1
  75    -7.968    -6.383     1.556  193  171  198   -1
  76    -6.524   -11.380    -6.865  247  219  254   -1
  77     3.475     0.349     0.640  129  114  127   -1
  78   -11.961    -8.278    -2.306  216  189  218   -1
  79    -7.350    -2.008     2.879  153  135  156   -1
  80    -6.434     5.232     3.319   73   60   68   -1
  81    -8.104     0.225     3.609  130  115  128   -1
  82     3.068     0.402    -7.087  128  113  126   -1
  83     7.873   -11.345     4.259  245  223  259   -1
  84    -2.152     1.916     4.187  105   88  102   -1
  85    -7.106     4.121     6.744   88   76   89   -1
  86    -2.891    -3.371    -7.021  163  144  170   -1
  87     3.975    11.983    -4.941    1    2    1   -1
  88   -11.196    -5.304    -1.407  185  164  190   -1
  89    -6.356    10.120    -6.224   24   24   26   -1
  90     4.996     1.886    -4.801  107   91  104   -1
  91    -2.877     9.556     4.776   29   26   28   -1
  92     0.802    -5.142    -4.420  181  163  189   -1
  93    -9.620   -11.357     2.518  250  222  255   -1
  94    -1.578     0.971    -7.723  118  101  115   -1
  95    -0.956     6.913    -4.242   55   45   50   -1
  96     7.394     8.391     3.552   42   36   37   -1
  97     7.624     7.264     0.218   51   42   45   -1
  98     9.879    -6.885     4.235  197  177  208   -1
  99   -11.855    -5.461    -3.634  187  166  191   -1
 100    -9.746    -3.381    -4.323  164  145  169   -1
 101     6.556    10.413     6.652   20   16   14   -1
 102     7.208    -9.251     9.368  224  206  239   -1
 103    -2.274     1.210     2.210  115   98  113   -1
 104     4.450    -2.808     6.145  160  142  164   -1
 105    -2.917     6.502     4.048   60   48   53   -1
 106    -4.807     1.608     9.096  109   92  106   -1
 107    -1.266    -1.461    -1.923  145  128  148   -1
 108    11.037   -10.542     2.500  234  217  253   -1
 109     0.527    -0.430     0.579  135  119  132   -1
 110     5.066     5.716    -7.594   70   56   62   -1
 111     0.531     5.108     2.232   76   62   70   -1
 112     3.988    -0.861     5.610  142  124  139   -1
 113     5.763    -1.936    -0.809  148  133  155   -1
 114     1.502    -8.943    -6.552  220  197  228   -1
 115     0.593     4.519    -3.992   87   72   82   -1
 116    -4.197     4.934    -4.222   79   66   74   -1
 117   -10.032    -1.698     4.623  146  129  149   -1
 118   -10.966     5.320    -1.196   71   61   69   -1
 119   -11.215    -9.320     3.691  227  204  231   -1
 120    -1.149    -4.257    -2.551  174  155  180   -1
 121    -7.764     1.350     6.344  111   94  110   -1
 122   -10.593    -7.951    -2.555  212  187  215   -1
 123    -6.580    -2.956     5.542  161  143  165   -1
 124    -1.591    -7.369    -6.041  202  180  210   -1
 125     1.001    -2.212     6.699  154  138  159   -1
 126     5.467   -11.265     0.153  244  220  258   -1
 127    -5.869     1.993     0.162  104   87  101   -1
 128     8.659     4.276     4.629   89   74   84   -1
 129    -3.102    -7.333    -3.276  203  181  209   -1
 130    11.000     9.846     3.224   30   23   23   -1
 131   -12.085    -2.252    -6.392  155  137  158   -1
 132     5.265     9.432     9.632   31   25   25   -1
 133    -4.256    -5.053    -0.166  183  162  188   -1
 134   -11.437   -10.372    -7.836  236  210  241   -1
 135    -3.402     5.218     8.346   72   58   66   -1
 136    -0.428     8.387     9.249   41   35   38   -1
 137     7.392     9.043    -4.317   39   32   33   -1
 138    10.562     9.256     1.489   36   28   29   -1
 139    -0.503    -7.338    -0.402  204  182  211   -1
 140    -0.841    -0.195    -7.845  133  117  130   -1
 141    -7.766     5.274    -8.721   74   64   72   -1
 142    -6.339    10.376     3.320   17   18   20   -1
 143    -5.504     5.904    -6.117   64   54   61   -1
 144     6.652    -0.738    -1.675  140  123  137   -1
 145     5.629    10.395    -7.744   26   22   21   -1
 146    -9.703    -6.621     0.387  196  173  200   -1
 147     1.126    11.612    -7.039    9    6    4   -1
 148    -3.213   -11.286     1.103  248  221  257   -1
 149   -10.323    -3.293     3.608  165  146  168   -1
 150    -4.295    10.982     9.789    6    5    8   -1
 151    -7.636    -8.626    -0.833  221  194  223   -1
 152    -5.086     3.046     9.392   96   83   96   -1
 153    -4.779     3.704     2.525   92   79   92   -1
 154     2.657     7.229    -3.158   52   43   47   -1
 155   -11.447     1.854     1.270  106   90  105   -1
 156    -5.084     1.198     3.918  116   99  112   -1
 157    -8.916     0.736     3.472  121  106  121   -1
 158     9.747    10.510     1.121   23   17   15   -1
 159     3.455    -7.167    -6.866  199  176  205   -1
 160    -8.470     4.663    -8.503   83   71   83   -1
 161     1.497     6.813     3.977   54   44   49   -1
 162     8.876    -3.671    -2.110  167  149  176   -1
 163     9.387     1.860     2.833  108   89  103   -1
 164    -5.400    -4.426    -0.768  177  156  182   -1
 165   -11.834    -8.553    -4.566  218  192  220   -1
 166     1.063    -9.907    -4.739  228  208  240   -1
 167    -7.770     0.704    -4.758  125  108  122   -1
 168    -4.358   -10.837     1.374  242  218  251   -1
 169     0.939    11.009     1.228   14   11   11   -1
 170    -5.060   -10.736    -8.134  240  212  246   -1
 171     3.350     1.114     8.537  117  100  114   -1
 172     4.038     5.623     6.057   68   53   60   -1
 173   -10.682    11.397    -8.843    7   13   16   -1
 174    -1.883    -5.237     4.112  184  165  192   -1
 175   -11.161     5.113    -9.279   77   65   73   -1
 176    -8.225     2.418    -6.522  101   86  100   -1
 177     5.129    -6.250    -9.085  188  168  196   -1
 178     0.940     4.122     7.360   90   75   87   -1
 179    -6.247    -7.637    -2.677  209  185  212   -1
 180    -7.186     1.484     8.834  110   93  107   -1
 181   -11.531    11.277    -2.679    3   10   13   -1
 182     4.564     9.794    -4.619   32   27   27   -1
 183    -5.694    -0.223     6.782  134  118  131   -1
 184    10.893    -8.421     0.217  214  193  227   -1
 185     6.989     9.788     9.185   27   21   22   -1
 186    -6.098    -3.602     7.794  170  150  173   -1
 187    -4.590    12.015    -8.875    0    3    3   -1
 188    10.873    10.868     3.241   16   14    7   -1
 189    -1.794    -6.076     7.247  191  170  197   -1
 190     7.633    -9.774     0.826  225  209  242   -1
 191    -8.548    -9.419     3.846  230  205  234   -1
 192     6.227    11.723     0.655    5    1    0   -1
 193    -0.012     4.959     6.910   78   63   71   -1
 194    -6.435    10.448     6.834   15   15   18   -1
 195   -11.811     5.535    -6.029   69   57   67   -1
 196    -6.571     9.002    -2.937   37   33   36   -1
 197     0.106    -3.945     1.277  172  154  179   -1
 198    10.156     8.119    -7.066   46   39   41   -1
 199     9.369     4.065    -1.450   91   77   88   -1
 200     9.645    10.291     4.626   22   19   17   -1
 201     8.802    10.361    -4.950   25   20   19   -1
 202    -7.943    -6.624    -7.278  194  172  199   -1
 203    -7.122    -4.528     1.575  178  159  184   -1
 204    -1.657    -8.532     4.855  219  196  226   -1
 205    11.219    -1.298     3.718   -1  127  146   -1
 206     4.032     5.661     8.250   66   -1   59   -1
 207     0.086     0.773    -9.860  126  105  118   -1
 208     1.232    -7.056     4.164  201  179   -1   -1
 209     0.556     5.808    -0.106   65   52   -1   -1
 210    12.516     7.644    -0.551   49   -1   43   -1
 211     6.495   -12.531    -8.740  252  226   -1   -1
 212   -12.405    -7.380    -5.552  208   -1  204   -1
 213    -5.836    -3.154     9.804  162   -1  167   -1
 214    -0.779     4.006    -6.824   -1   78   91   -1
 215    -8.239    -7.937     2.634  213  188   -1   -1
 216    -2.806     6.230    -7.984   62   51   -1   -1
 217   -10.021   -12.460    -9.247   -1  225  260   -1
