236
   1    -9.845    -6.624    -6.160  205  189  210   -1
   2    -1.992    -0.975     3.594  142  137  151   -1
   3     9.225     0.810     5.344  123  120  129   -1
   4    -9.380    -7.673    -2.460  221  202  224   -1
   5     7.942    -8.256     5.398  227  213  236   -1
   6     7.315    -8.016    -3.589  220  208  232   -1
   7     2.147    -1.902     2.611  157  151  164   -1
   8     0.342    -4.072     0.125  181  172  185   -1
   9     6.547   -11.390     4.950  258  238  266   -1
  10    -9.984    -7.667     2.668  223  205  225   -1
  11     7.092    -0.300     5.693  137  133  146   -1
  12    -3.397    -0.585    -6.890  141  136  150   -1
  13     7.873     3.032     3.080   96   90  100   -1
  14    -0.678     3.990     5.597   84   78   92   -1
  15    -7.720    -2.282    -0.016  163  156  168   -1
  16    12.013     9.342    -1.857   20   15   21   -1
  17    -7.637   -10.265    -8.992  244  222  247   -1
  18    -1.047   -10.216    -8.857  241  221  249   -1
  19    -1.337    -5.946    -2.819  198  184  205   -1
  20    -2.359    -6.715     3.382  207  193  214   -1
  21    -7.875     7.316     0.234   35   35   42   -1
  22    -3.933    -5.805    -5.003  197  183  203   -1
  23    -2.795     0.030    -2.358  131  128  138   -1
  24     7.513     6.784     8.007   46   39   46   -1
  25    -8.128     2.919     6.471   95   91  102   -1
  26    -6.959     3.714    -3.123   89   83   94   -1
  27     6.655   -10.466    -9.127  243  224  256   -1
  28     5.359    10.394     8.787    9    7   10   -1
  29     0.579     5.039     1.943   65   63   71   -1
  30    -5.655     4.284     3.703   77   73   86   -1
  31     6.511     8.961     4.364   24   18   25   -1
  32     6.746     5.832     4.895   58   54   59   -1
  33     3.108     3.732     4.937   88   82   93   -1
  34     6.994    -9.183     1.955  234  219  243   -1
  35     0.349     3.255     0.687   93   89   99   -1
  36     8.164     6.252    -1.994   54   49   52   -1
  37    -3.616     4.072     5.649   80   76   89   -1
  38    -5.051    -3.969    -3.742  179  170  184   -1
  39     7.456    -5.173     5.097  193  180  200   -1
  40    -2.580    -0.974     6.244  143  138  152   -1
  41     0.402     2.074     1.381  106  102  112   -1
  42     1.501     0.861    -1.096  122  118  128   -1
  43     1.069    -4.515    -7.096  183  174  187   -1
  44    -7.086     5.944     8.629   53   51   60   -1
  45    -5.414    -9.879     5.527  245  223  250   -1
  46    -4.690    10.937     8.621    4    3    6   -1
  47    -6.370     1.488     1.003  112  109  120   -1
  48     0.951     0.388    -7.991  127  125  135   -1
  49     8.561    -4.738    -2.488  186  176  195   -1
  50     4.808     6.239    -7.860   55   52   56   -1
  51    -9.945    -4.710    -2.034  189  175  190   -1
  52   -11.551     1.366    -3.795  114  110  122   -1
  53   -10.035     2.546     3.594  100   96  106   -1
  54    -2.332    -0.006     2.733  132  129  139   -1
  55     0.183    -3.075    -0.414  169  162  176   -1
  56     3.757    -7.193    -1.393  212  198  221   -1
  57    -1.065     2.263     2.682  103   98  107   -1
  58     2.784     8.968     0.439   25   22   28   -1
  59   -11.363    -6.529    -4.028  204  188  209   -1
  60     4.394    -6.600    -2.255  202  190  212   -1
  61     7.352    10.151    -1.798   13    9   12   -1
  62     6.959     4.962    -4.070   71   66   75   -1
  63    -6.864   -10.457    -3.682  247  227  253   -1
  64     9.502     9.401    -5.571   19   17   24   -1
  65    -7.316     4.593     1.788   73   70   81   -1
  66    -4.535    -6.926    -7.032  208  192  213   -1
  67     3.583     0.073     6.199  130  127  136   -1
  68     9.345     7.168    -8.258   45   40   43   -1
  69    -2.692   -11.010     8.019  259  235  264   -1
  70     5.685    -1.151     4.226  147  143  156   -1
  71    -2.578     9.841     2.025   12   12   17   -1
  72     5.652    -5.611    -1.155  196  182  204   -1
  73     1.943    -9.633     3.948  240  220  248   -1
  74    -5.440    10.321    -8.095   11   10   14   -1
  75    -5.701     7.708    -8.503   34   31   41   -1
  76     2.357   -10.610     4.562  251  231  261   -1
  77    10.732     5.754    -0.477   59   55   61   -1
  78     1.244     0.972    -2.790  119  117  127   -1
  79     0.926     8.401    -4.226   31   27   35   -1
  80    -7.505     1.498     2.234  111  107  119   -1
  81    -3.944    -2.314    -0.851  164  157  169   -1
  82    10.392     1.714     4.215  108  104  114   -1
  83    -5.707    -3.234    -0.477  172  165  178   -1
  84    -8.248    -1.044     1.408  146  139  153   -1
  85    -0.207     9.094    -5.671   23   23   29   -1
  86     3.328    11.219     6.525    5    1    3   -1
  87     6.726    -9.495    -9.887  233  217  240   -1
  88    -0.361    -7.187     4.750  214  201  222   -1
  89    -6.314    -1.544    -1.757  151  146  158   -1
  90    -2.160     9.223    -4.488   17   20   27   -1
  91    -9.566   -11.100    -8.560  256  229  258   -1
  92    10.075    -2.286    -3.795  160  155  170   -1
  93     4.206     4.158     1.734   82   74   87   -1
  94    -9.594    -5.164    -4.032  194  179  197   -1
  95    11.360     9.890     2.653   15   11   13   -1
  96     1.355     1.452     8.576  113  108  118   -1
  97     3.813    -7.646     0.439  217  204  227   -1
  98     1.416    -6.438    -4.157  201  186  211   -1
  99     2.719    -0.470    -5.277  140  135  148   -1
 100    -2.290    -8.192     4.523  229  212  234   -1
 101    -1.335    -8.521     4.648  231  215  237   -1
 102     7.904    -2.728     1.739  165  158  172   -1
 103     2.260   -10.373    -3.338  246  226  254   -1
 104     9.312    -4.237    -9.068  180  173  186   -1
 105   -11.868    10.281    -2.189   10    8   15   -1
 106   -10.403     6.504    -7.921   48   47   55   -1
 107    -5.910     5.108    -4.704   64   64   76   -1
 108    -4.275     3.598    -8.011   91   86   97   -1
 109    -1.695    -0.259    -8.805  136  132  144   -1
 110    12.189     5.283    -4.370   66   61   66   -1
 111    -6.375     7.026    -8.956   43   43   49   -1
 112    -9.461     8.746    -6.441   26   26   34   -1
 113    -2.529     5.421    -4.112   62   60   68   -1
 114     2.176    -6.941     0.218  209  195  219   -1
 115     1.070     6.485    -2.159   49   45   51   -1
 116     8.359     9.878    -7.187   16   14   16   -1
 117    -7.625    -3.791     1.258  178  169  183   -1
 118    -8.862    -2.898    -4.023  167  160  173   -1
 119    -5.455     2.187     6.369  104  100  110   -1
 120     8.636    -0.040    -3.031  134  130  140   -1
 121     7.183    -2.797     2.032  166  159  174   -1
 122    -7.326    -7.273    -2.412  216  199  220   -1
 123    -8.014    11.313    -1.418    2    4    7   -1
 124     1.359    -2.236    -1.424  161  154  167   -1
 125     1.396    -9.051     4.662  236  218  238   -1
 126     8.779    -5.471     1.010  195  181  201   -1
 127    10.251   -11.874    -9.052  257  237  268   -1
 128    -7.320     5.305     8.356   61   58   67   -1
 129    -1.005     1.527     6.912  110  106  116   -1
 130    -4.266     4.824    -7.516   72   69   80   -1
 131    -3.594    -3.687    -8.146  176  168  181   -1
 132     1.579    -1.925    -1.588  156  150  163   -1
 133    -2.589    -2.154    -6.749  159  152  165   -1
 134     9.790    -7.876    -2.172  218  207  231   -1
 135    -5.871     1.281     3.613  116  113  124   -1
 136    -5.347     6.184     6.800   50   46   54   -1
 137    -4.602    -4.640     4.338  188  177  191   -1
 138    12.073     4.021    -6.145   87   80   91   -1
 139     6.593     7.595    -6.616   37   32   38   -1
 140    -9.753    -8.502    -8.394  230  210  233   -1
 141     6.963     7.267     3.934   38   33   39   -1
 142     1.433     2.771     4.881   99   94  105   -1
 143     2.718     8.896    -8.442   29   25   31   -1
 144    -0.092     6.163     5.557   52   48   53   -1
 145     4.434     1.344    -5.686  117  111  121   -1
 146     1.185     7.608    -9.037   36   34   40   -1
 147    -1.483     6.955     9.788   39   36   44   -1
 148     3.606     5.730    -5.310   60   56   63   -1
 149     3.129    -8.053     7.366  226  211  235   -1
 150    -7.605    -1.147     3.595  148  142  155   -1
 151   -11.449     2.279     2.497  102   97  108   -1
 152    -3.372     8.925    -8.210   27   24   32   -1
 153    10.267     0.728    -8.140  125  122  131   -1
 154    -7.342     1.326    -2.136  115  112  123   -1
 155     8.087    -3.249    -4.286  170  164  180   -1
 156    -6.424    -5.985     4.211  199  185  206   -1
 157     6.726    -1.479     6.215  150  145  159   -1
 158    10.870    -0.221    -8.802  135  131  143   -1
 159     2.092    11.718    -4.663    3    2    2   -1
 160   -11.553     4.983    -5.482   67   67   78   -1
 161    -7.181     3.032    -9.420   97   93  104   -1
 162    -2.362     2.243    -6.033  105  101  111   -1
 163    -2.319     9.796    -1.537   14   13   20   -1
 164   -11.189     5.184    -2.538   63   62   73   -1
 165     7.857   -11.845    -3.275  261  239  272   -1
 166    -5.025    -2.897     8.818  168  161  175   -1
 167    -8.385    -7.805     5.307  225  209  228   -1
 168     6.065     6.715     2.552   47   44   47   -1
 169     8.788    -1.235     1.071  149  144  157   -1
 170    -5.254     1.951     7.949  107  103  113   -1
 171   -11.076    -1.854    -5.556  155  149  162   -1
 172    -9.091     4.495    -7.737   76   71   85   -1
 173    -7.527    -6.949    -1.964  211  194  215   -1
 174    -1.941     3.581     3.047   90   85   95   -1
 175    10.783     2.975    -0.469   98   92  101   -1
 176     2.131     7.517     7.035   33   30   37   -1
 177     2.461   -10.921    -4.643  252  230  260   -1
 178     8.799    -7.011     8.007  210  200  223   -1
 179    -6.709     0.823     6.901  121  119  130   -1
 180    -0.147    -7.584     6.053  219  206  226   -1
 181     7.523     1.712    -4.141  109  105  115   -1
 182     9.176    10.687     4.386    8    6    4   -1
 183    -4.334     0.423     7.864  126  123  133   -1
 184   -11.297   -10.415    -5.344  249  225  251   -1
 185     5.925     7.892     5.564   32   29   36   -1
 186     2.410     8.898     4.350   22   21   26   -1
 187     3.414    -6.851    -4.102  206  191  217   -1
 188   -10.317   -11.731    -0.756  266  240  265   -1
 189     5.179   -11.466     9.564  264  241  273   -1
 190    -5.573     4.857    -4.717   70   68   79   -1
 191     5.501     4.080    -6.714   85   79   90   -1
 192   -10.314    -3.314    -0.724  175  166  177   -1
 193    -1.652    -4.679     9.434  190  178  193   -1
 194    -0.573     7.233    -5.552   40   38   45   -1
 195     5.938    -1.039     5.706  144  140  154   -1
 196   -10.628   -11.101     3.460  260  234  262   -1
 197    -8.803    -6.913     2.312  213  196  216   -1
 198    -5.524   -12.125    -3.932  269  242  267   -1
 199    -0.307     1.005     2.022  118  116  126   -1
 200    11.632    -3.560    -2.079  174  167  182   -1
 201   -11.319     0.705     2.933  124  121  132   -1
 202    -3.121    -1.639     2.335  152  147  160   -1
 203    10.935     2.795    -7.866  101   95  103   -1
 204    -6.857     6.666     4.988   44   41   50   -1
 205    -1.808    -5.236    -7.193  192   -1  198   -1
 206     1.338    -9.422    -6.548  238   -1  239   -1
 207    -2.816     5.783     8.467   -1   53   62   -1
 208    -4.439     3.516     9.162   -1   84   96   -1
 209    -8.106     4.954     0.822   -1   65   77   -1
 210     7.593     3.390    -9.142   94   87   98   -1
 211     4.754   -12.123     0.160  265  243   -1   -1
 212    -3.187    -1.770     0.993  153   -1  161   -1
 213    -3.005     4.319     2.323   78   72   84   -1
 214     3.167     7.070     3.324   41   37   -1   -1
 215     2.272     4.097    -0.464   -1   77   88   -1
 216    -1.607     6.986    -7.437   -1   42   48   -1
 217   -11.250     9.453    -9.671   -1   19   30   -1
 218   -12.298     1.165    -6.780   -1  114  125   -1
 219     4.189     4.067    -9.599   86   81   -1   -1
 220     4.314    -2.222    -8.489   -1  153  166   -1
 221     9.410     8.239    -2.385   -1   28   33   -1
 222     7.153    -9.425    -3.116  237   -1  245   -1
 223     1.551    -9.649    -9.653  239   -1  242   -1
 224    -2.507     0.397     0.493   -1  124  134   -1
 225     1.073    -4.408     1.053  184   -1  188    0
 226    -5.852    -6.330     2.992  203  187   -1    0
 227   -12.091     3.237     2.147   92   88   -1    0
 228    -7.679   -10.933     9.957  262  236   -1    0
 229   -12.007    -8.486     2.380  232  214   -1    0
 230    -7.599    -3.037     5.224  171  163   -1    0
 231     8.968    -4.850    -8.250  187   -1  196    0
 232   -12.227    -4.913     0.986  191   -1  194    0
 233   -11.095   -12.438    -6.252   -1  245  269    0
 234     8.102    -4.442     8.990  185   -1  192    0
 235     9.601    -0.397    -3.743  138  134  147    0
 236    -8.904    -8.182    -4.544  228   -1  230    0
