203
   1     2.381    -4.901     6.046  171  152  170   -1
   2    -5.369    -5.409    -3.190  173  155  172   -1
   3   -11.200    -5.517    -1.681  177  156  174   -1
   4    -1.451    -1.648    -2.625  138  122  135   -1
   5     2.078    -8.182     7.108  203  182  206   -1
   6    -6.319     2.488     3.627   87   82   85   -1
   7   -12.137    -2.425    -6.340  145  127  140   -1
   8    -9.631    -4.562     5.837  168  149  167   -1
   9     0.027    -3.677     3.167  157  139  156   -1
  10     4.002    -1.060    -3.831  131  115  126   -1
  11     2.513    -0.625    -4.049  127  112  121   -1
  12    10.338    -3.277    -3.188  154  136  151   -1
  13   -10.877     5.642    -0.958   49   46   47   -1
  14    -5.229     2.658    -0.433   85   78   83   -1
  15     2.069   -11.426     8.542  236  209  237   -1
  16    -2.113    -8.885     1.671  210  188  211   -1
  17    -5.714    -2.833     5.401  151  133  146   -1
  18    -3.114    -6.979     9.416  194  176  197   -1
  19    -4.623     0.933     3.673  103   93   99   -1
  20    -5.006     5.823     6.367   46   43   43   -1
  21     0.889    -6.233     0.133  182  166  188   -1
  22   -10.001     6.904    -8.417   38   36   35   -1
  23    -6.662    -1.571     2.626  137  121  133   -1
  24    -5.180   -11.798    -7.367  237  207  232   -1
  25   -10.708    -0.426     1.868  124  110  119   -1
  26     8.755   -10.429    -7.668  221  199  227   -1
  27    -9.203    -0.911     0.075  130  114  123   -1
  28     6.703     3.740    -3.915   75   69   72   -1
  29    -9.992    -8.356    -2.883  205  181  203   -1
  30     6.324     0.731     8.690  109   95  104   -1
  31    -6.747     6.903     0.250   37   35   32   -1
  32    -1.662   -10.678    -6.871  226  201  228   -1
  33     0.872    -2.757     1.530  149  130  144   -1
  34     8.127     7.592    -5.724   35   32   28   -1
  35    -2.587    -7.662    -3.352  196  179  202   -1
  36    -9.125    -3.792    -0.719  158  140  155   -1
  37     3.724   -10.696     2.324  228  204  230   -1
  38     0.707    -2.106     2.436  143  126  139   -1
  39     3.135     4.186    -9.775   72   66   68   -1
  40     0.751    -9.444    -6.871  215  193  218   -1
  41    -0.704     6.492    -0.746   42   38   36   -1
  42    -2.386    -7.141    -3.278  192  173  194   -1
  43    -7.852     3.368    -5.500   78   72   76   -1
  44   -11.901    -7.594    -5.941  197  177  199   -1
  45     4.880    11.440    -5.264    6    5    0   -1
  46   -11.381     3.496    -0.211   76   71   74   -1
  47    -0.254    -2.772     7.535  150  131  145   -1
  48    -0.727    -9.885     2.171  222  197  224   -1
  49     7.942     5.487    -6.986   56   51   46   -1
  50     1.463     4.537    -6.770   70   64   65   -1
  51     8.710     1.820     8.691   94   85   89   -1
  52   -10.049    -2.595     0.792  148  129  142   -1
  53     5.062    -2.567     2.801  147  128  143   -1
  54    -4.115     7.572    -3.084   33   31   29   -1
  55    -4.151     5.829    -8.543   50   45   45   -1
  56    -6.948    -2.973    -2.764  153  134  148   -1
  57    -8.514     5.207    -8.988   57   55   58   -1
  58    -7.716     1.569     5.765   97   88   94   -1
  59   -10.817    -4.048     3.391  162  144  160   -1
  60     9.547    -5.630     1.913  174  159  179   -1
  61    -2.025     3.180    -7.249   80   74   78   -1
  62    -3.889    -6.112     3.696  183  165  186   -1
  63     3.958   -11.474    -5.307  232  206  233   -1
  64    -2.888     0.006    -7.934  120  108  114   -1
  65    -4.246    -2.976    -8.264  152  132  147   -1
  66    -8.709   -10.385     2.447  229  202  226   -1
  67    -5.466   -10.594     1.560  230  203  229   -1
  68     5.481    -5.721    -6.500  175  158  178   -1
  69    -3.910     6.413     3.934   40   37   37   -1
  70    -6.969    -5.502     1.850  176  157  175   -1
  71    -4.112     9.250    -8.260   22   21   20   -1
  72     9.965    -1.340     0.897  133  118  131   -1
  73    -9.534   -10.059     5.976  227  200  225   -1
  74   -11.478    -8.593    -2.570  206  183  205   -1
  75    -3.194    -1.222    -3.585  132  116  128   -1
  76    -7.441     0.554     3.171  111   99  108   -1
  77   -10.075     4.871     5.555   58   57   59   -1
  78    -0.911     5.346     1.885   54   50   51   -1
  79    -7.009    11.008     3.020    5    7    6   -1
  80    -4.285     9.988     4.052   14   13   11   -1
  81    10.632    10.853     4.338   13   10    2   -1
  82    -7.640     4.545     6.590   66   60   62   -1
  83     6.476    -5.363    -8.574  172  154  173   -1
  84     4.413     2.949    -2.544   84   77   80   -1
  85   -10.043    -3.092     3.461  155  135  149   -1
  86    -0.815    -4.303    -3.159  164  145  163   -1
  87    -1.446     1.769     6.960   95   86   90   -1
  88     7.264     9.662     2.966   19   17   13   -1
  89    -5.368    -1.671     1.759  139  123  137   -1
  90    -3.430   -11.589    -8.745  234  205  231   -1
  91     0.520     7.733     7.740   31   28   25   -1
  92    -2.099     1.111     1.513  101   91   96   -1
  93    -0.303    -6.365     7.851  188  169  189   -1
  94    -7.110     6.243     8.943   41   39   39   -1
  95     5.752    -6.489    -1.342  186  168  191   -1
  96    -3.936     4.201    -9.138   71   65   69   -1
  97    11.794    -1.965     0.795  141  125  138   -1
  98    -3.395    -4.529    -0.485  167  148  164   -1
  99    -4.704     4.913    -4.771   64   59   60   -1
 100     3.270    11.492    -8.059    7    6    3   -1
 101     2.828     2.547     0.219   88   81   84   -1
 102    -3.274    -4.627    -7.300  166  147  165   -1
 103    -2.467     8.471     9.537   23   23   21   -1
 104     1.390    -9.437    -3.855  217  194  219   -1
 105   -11.530    -5.796    -3.900  179  160  176   -1
 106    -4.027     0.737     0.756  108   97  105   -1
 107     4.034     6.073    -8.084   48   44   41   -1
 108     3.731     9.644     7.740   17   14   12   -1
 109    -1.871    -9.528     2.284  220  196  221   -1
 110    -7.165    -6.884     2.779  191  170  192   -1
 111    -1.246     8.718    -4.388   26   25   24   -1
 112    -4.649     3.847     2.127   73   67   70   -1
 113     1.150     1.632    -9.842   99   89   93   -1
 114    -2.510     1.609     3.894   96   87   92   -1
 115    -0.051     4.607    -4.953   68   62   63   -1
 116     8.770    -5.947    -8.786  178  161  182   -1
 117     6.417     8.718     2.754   25   22   19   -1
 118    -7.878     1.040     8.231  102   92   97   -1
 119    -5.404     8.082    -8.978   29   29   26   -1
 120    -1.971     7.228    -5.228   36   34   31   -1
 121     1.307    10.975    -4.617   12   12    8   -1
 122     3.934     4.884     6.567   62   56   55   -1
 123    -7.173    -5.990    -2.080  181  162  180   -1
 124   -11.095     2.176     1.245   90   83   87   -1
 125    -9.880    -3.673    -4.402  156  137  153   -1
 126     9.263     6.551    -4.110   43   40   34   -1
 127     7.970    -7.149    -1.368  190  174  200   -1
 128    -5.779    -7.091    -1.832  193  172  193   -1
 129    -6.780     7.007     8.813   34   33   30   -1
 130   -10.249     9.595    -9.229   20   20   18   -1
 131    -2.004    -1.381    -7.986  134  117  130   -1
 132    -8.688    -8.702     4.214  212  186  209   -1
 133    -6.923    -6.343    -6.045  185  164  185   -1
 134    -0.977    -8.353    -5.925  202  180  204   -1
 135    -5.828     0.723     8.843  107   96  106   -1
 136   -10.835    -8.995     3.253  218  190  210   -1
 137    -4.417    -9.276    -4.595  216  189  213   -1
 138    -9.698    -1.447     4.183  135  119  132   -1
 139    -0.500     7.577     3.654   32   30   27   -1
 140     2.929     9.649     5.163   18   15   14   -1
 141    -6.879    -7.549     0.093  198  178  201   -1
 142     9.296     0.642    -8.297  110   98  107   -1
 143     4.965    -6.125    -3.836  180  163  187   -1
 144     6.996     5.067     0.956   61   54   54   -1
 145    -0.659     8.784    -7.881   27   26   23   -1
 146     5.446    -6.849     6.093  189  171  196   -1
 147    -8.314     1.192     2.906  100   90   95   -1
 148    -6.045    -3.757     9.528  159  141  157   -1
 149    -7.856    -8.614     3.760  209  184  207   -1
 150     6.352     0.199    -3.886  116  103  112   -1
 151    -5.533    -0.563     6.503  126  111  120   -1
 152     2.542     3.045     6.417   81   73   77   -1
 153     4.302     2.701    -5.878   86   80   82   -1
 154   -11.039   -10.377    -8.134  224  198  223   -1
 155     3.082    -9.319    -5.075  214  191  217   -1
 156     4.755     2.945     6.398   83   75   79   -1
 157    -3.740    -9.554    -3.281  219  195  220   -1
 158    -3.694     5.515    -2.848   53   49   49   -1
 159    -1.091    11.206    -7.859    8   11    7   -1
 160    -1.166   -11.380     2.534  235  208  234   -1
 161   -11.204    -8.959    -4.776  213  185  208   -1
 162    -9.078     2.124    -6.292   92   84   88   -1
 163    -7.268    -7.336    -7.276  195  175  195   -1
 164    -9.186     4.594    -8.644   67   63   67   -1
 165     3.273    -1.546     4.539  136  120  134   -1
 166    -1.596     5.855     6.898   47   42   42   -1
 167    -0.171    -4.923    -9.421  169  150  169   -1
 168     3.870    -9.042    -4.017  207  187  214   -1
 169     8.120     8.676    -9.779   28   27   22   -1
 170    -7.986     9.976    -6.747   15   18   16   -1
 171    -3.364     0.256     6.649  115  101  111   -1
 172    -8.833     0.466    -0.829  113  100  109   -1
 173     3.989     3.652     9.416   74   68   71   -1
 174    -9.616    11.549     2.917    0    2    1   -1
 175   -11.282     0.869    -4.534  105   94  103   -1
 176   -11.985     5.311    -6.225   55   52   56   -1
 177     5.334    -0.331    -2.453  123  109  118   -1
 178     3.280     6.463    -9.794   45   41   38   -1
 179     9.845    -0.862    -7.731  128  113  124   -1
 180    -5.922    -4.076    -1.697  161  142  162   -1
 181    -4.192   -12.050    -3.141  239  210  239   -1
 182    -9.572    -1.682     1.052  140  124  136   -1
 183    -1.149     0.033    -9.777  118  107  115   -1
 184     2.310     0.074    -7.176  119  106  113   -1
 185     7.150    11.244    -4.213    9    9   -1   -1
 186    10.705   -12.078    -1.818  238  211   -1   -1
 187     0.511     0.168     0.299  117  104   -1   -1
 188     1.797    -4.913    -4.798  170  151   -1   -1
 189    -6.306     2.384     9.261   89   -1   86   -1
 190    10.247     4.520     6.178   -1   61   61   -1
 191     5.138    -0.183     8.873  122   -1  116   -1
 192    -6.431     5.620    -6.424   52   48   50   -1
 193    -4.951     4.720     8.841   63   58   -1   -1
 194     9.277     3.520     2.533   77   70   -1   -1
 195     0.892     8.806    -3.975   24   24   -1   -1
 196     0.295    -5.050     5.648   -1  153  171   -1
 197    -5.343    -4.092    -0.657   -1  143  161   -1
 198    -8.545     0.265     8.791   -1  102  110   -1
 199    10.820     5.461     6.508   -1   47   44   -1
 200    -0.552    -3.639     4.421   -1  138  154   -1
 201    -7.992     9.730    -2.963   16   -1   17   -1
 202    -9.312   -12.431    -9.216   -1  212  238   -1
 203   -12.221    11.270    -2.784    3   -1    9   -1
