236
   1     4.524    -1.606    -1.635  159  143  163   -1
   2   -10.021    -2.015    -4.435  166  149  168   -1
   3     5.203    -7.365     1.726  208  186  213   -1
   4    -2.784    -6.854     1.799  204  183  208   -1
   5     1.499    -7.378     3.757  209  187  212   -1
   6    -9.497    -1.864    -9.046  163  147  165   -1
   7     2.521    -9.740    -2.596  234  205  235   -1
   8    -7.460     5.033    -4.220   74   66   74   -1
   9    -9.714     2.151    -9.560  116  103  119   -1
  10    11.127    -1.728     2.468  161  145  166   -1
  11    -5.400    -0.225    -1.159  143  130  148   -1
  12     1.100    -2.504     3.147  168  152  172   -1
  13    10.050    -1.415    -2.841  157  141  161   -1
  14     2.925   -10.470     4.625  246  216  252   -1
  15   -10.695     5.059    -9.088   76   70   78   -1
  16     7.936    -6.248     2.697  199  180  205   -1
  17     3.839   -10.279     5.772  242  215  249   -1
  18    -0.303    -1.908     8.353  164  148  169   -1
  19    -2.519     1.136    -1.343  130  119  135   -1
  20     1.242    -3.682     0.037  174  157  177   -1
  21    -7.432    -2.982    -0.436  169  154  174   -1
  22    -5.500     2.859     5.261  104   95  107   -1
  23    -5.199     1.149     1.978  129  118  134   -1
  24     9.472    -1.832    -5.906  162  146  167   -1
  25     4.234   -11.724    -3.983  256  227  264   -1
  26    -4.061     1.941    -0.000  117  105  121   -1
  27    12.071     8.962    -5.317   38   31   31   -1
  28     2.431     4.235    -3.380   90   80   86   -1
  29    -4.211    -8.836    -8.195  223  196  227   -1
  30     4.295    10.805     4.693   14   11   11   -1
  31     6.063    -6.221    -4.012  197  178  203   -1
  32    -2.039   -10.638    -4.727  245  214  248   -1
  33    10.361    -9.770    -3.432  229  204  239   -1
  34    -6.451     6.975     2.777   57   53   60   -1
  35    -5.703     1.021     9.252  131  120  136   -1
  36     1.538    -6.252     2.007  201  179  204   -1
  37    -8.771    -7.647    -9.512  212  185  210   -1
  38   -10.773     3.005    -5.019  103   94  106   -1
  39    -3.923    -4.004     4.617  180  161  182   -1
  40   -12.236    -3.935    -2.862  178  159  179   -1
  41     7.035     7.160     6.136   56   47   54   -1
  42    -7.861     3.657     8.561   94   86   94   -1
  43     2.809     3.585    -5.390   98   87   95   -1
  44    -8.918     3.601    -7.136   96   88   97   -1
  45     3.028    -7.750    -5.121  211  188  215   -1
  46     7.890    -8.342    -8.729  217  192  223   -1
  47     5.913     2.863     8.205  106   93  104   -1
  48     6.730    -3.494    -0.199  172  156  176   -1
  49     2.803    -8.557     9.313  224  198  229   -1
  50     6.278     5.836     2.459   69   61   68   -1
  51     0.795     8.523    -3.959   40   34   38   -1
  52    -9.926     1.634     6.606  121  110  126   -1
  53     5.782     3.274    -1.111  101   91  101   -1
  54     8.713     4.773    -6.674   83   74   79   -1
  55     3.891    -9.715     6.536  236  209  241   -1
  56    -8.691     9.209    -2.896   30   29   32   -1
  57    -8.820     7.078     2.628   53   50   59   -1
  58    -3.597   -11.004    -3.719  250  219  254   -1
  59     9.505     2.677    -4.767  109   99  110   -1
  60    -3.276    -5.246     3.234  188  170  191   -1
  61    -6.297     1.851     9.830  118  106  123   -1
  62     8.962     1.463    -3.080  126  115  130   -1
  63     1.376     1.692    -0.442  122  109  125   -1
  64    -0.896     0.418    -5.215  137  127  142   -1
  65    -6.733    -0.682     0.644  147  134  152   -1
  66    -5.099     7.229     3.771   50   48   56   -1
  67     4.333     0.957     1.214  132  121  137   -1
  68     1.469    -1.980     1.656  165  150  170   -1
  69     1.456   -11.674    -2.534  258  228  261   -1
  70    -3.046     1.515    -4.568  124  114  131   -1
  71     6.963    -1.239     9.584  154  139  159   -1
  72    -8.671    -9.499     7.921  239  207  234   -1
  73    -8.349    10.675    -5.613   17   17   18   -1
  74     2.570     5.077    -7.506   77   67   73   -1
  75    -7.131    -7.944     4.634  220  193  219   -1
  76     4.451    -1.032     0.506  150  137  157   -1
  77    -7.404    -7.397    -1.738  210  184  209   -1
  78     7.793     7.059     2.547   58   51   55   -1
  79   -11.914   -11.425    -0.336  259  226  259   -1
  80    -7.465   -11.146    -5.566  252  221  253   -1
  81    -1.799     1.468     8.417  123  113  129   -1
  82    -6.241     5.584    -2.568   70   62   70   -1
  83     3.399    11.363     8.189    7    6    4   -1
  84     3.990     6.960     3.903   59   52   58   -1
  85     6.756    -1.695    -4.629  160  144  164   -1
  86     3.070    -8.868     9.299  228  201  233   -1
  87     1.819     9.778    -3.026   26   24   27   -1
  88    -5.060   -11.253    -1.661  255  225  258   -1
  89    -1.783     0.032     1.372  140  128  145   -1
  90    -1.501    10.740     1.576   15   15   15   -1
  91    -9.621     3.235     0.738  100   92  102   -1
  92     6.594   -11.834    -4.762  257  229  268   -1
  93     4.516    10.372     1.564   20   18   16   -1
  94    -0.061     3.615    -9.137   97   89   96   -1
  95    -3.785     2.145    -3.468  115  102  117   -1
  96    -3.258     3.326     6.775   99   90   98   -1
  97     3.771     1.251    -2.895  127  117  132   -1
  98   -10.897     4.327    -2.219   86   79   87   -1
  99   -10.734    -2.132    -4.732  167  151  171   -1
 100    -0.062    11.031     9.454    9    8   10   -1
 101    -1.241    10.110     1.551   22   21   22   -1
 102    -8.566     7.705     9.393   44   41   48   -1
 103     5.099     8.459    -2.153   41   35   37   -1
 104    -0.177    -6.938    -8.228  203  182  207   -1
 105    -2.642     6.205    -5.415   64   58   67   -1
 106     1.976    -7.682    -1.001  214  189  216   -1
 107     2.263     2.104     9.327  114  101  116   -1
 108     9.276    -5.183     5.980  185  169  194   -1
 109    -0.589     7.388     6.546   49   44   51   -1
 110     7.632    -0.348     2.007  145  132  150   -1
 111    -6.491   -10.038     7.483  243  213  242   -1
 112     2.942    10.797     2.776   16   13   13   -1
 113     2.105   -10.140    -0.987  240  210  245   -1
 114     5.649    -9.597    -0.187  230  203  236   -1
 115     1.368     4.517     3.828   84   76   83   -1
 116     6.472    -1.520    -7.924  158  142  162   -1
 117    12.168    11.564    -6.682   11   10    6   -1
 118     3.478     4.025     5.562   91   82   88   -1
 119     8.002    -8.072    -4.390  215  191  221   -1
 120    -7.336     8.713    -9.827   37   36   40   -1
 121     7.563     0.975    -8.148  133  122  138   -1
 122   -12.317    -9.344    -5.514  231  200  230   -1
 123    -4.299    11.510     7.142    2    2    8   -1
 124    -7.606     2.862    -8.074  107   98  109   -1
 125    -1.169    10.408     4.990   18   16   17   -1
 126    -5.333   -10.702     8.766  253  224  255   -1
 127     8.508     6.613     1.110   62   54   61   -1
 128    -0.081    -8.659    -3.504  222  195  228   -1
 129    -7.011     9.725     5.921   23   23   26   -1
 130    -3.210    10.751     2.989   12   14   14   -1
 131     3.643     2.852    -4.283  108   97  108   -1
 132    -2.007     5.997    -3.238   66   60   69   -1
 133   -11.433     9.513    -4.035   25   26   29   -1
 134    -6.658     3.758     2.009   93   85   92   -1
 135     4.115     6.009     5.490   65   57   65   -1
 136     7.619     4.405    -5.815   88   78   85   -1
 137    -1.062     7.134     1.412   55   49   57   -1
 138    -5.965    -5.880    -1.102  196  177  200   -1
 139    -4.864    -4.347    -4.179  181  163  184   -1
 140    10.241     7.613    -4.816   52   45   49   -1
 141     5.952    -0.088    -4.760  142  129  147   -1
 142    -2.800     4.803    -0.680   79   73   81   -1
 143     5.228    -3.629     5.088  173  158  178   -1
 144     2.801     2.957    -3.843  105   96  105   -1
 145    -1.886    -3.887     7.931  176  160  181   -1
 146     0.558    11.371     5.797    6    7    9   -1
 147    -5.368   -10.972    -5.829  248  217  250   -1
 148    -5.576    -0.792    -7.315  148  135  153   -1
 149     1.501     9.252     7.547   29   25   28   -1
 150     1.369    -5.278     4.804  189  172  193   -1
 151   -10.122    -5.177     1.421  187  168  189   -1
 152    -0.355     7.769     4.505   46   42   46   -1
 153    12.116    -3.301    -1.723  170  155  175   -1
 154     0.595     8.165     2.116   42   38   41   -1
 155     5.725    -1.343     3.846  155  140  160   -1
 156    -0.004     8.755     4.655   34   30   33   -1
 157     6.864     8.718    -4.299   39   33   34   -1
 158   -10.949    -1.199    -2.639  153  138  158   -1
 159     1.699    12.264    -9.340    3    3    3   -1
 160     1.746     8.800     9.072   33   28   30   -1
 161     6.970    -9.853     7.782  238  211  247   -1
 162     5.460    12.196    -8.686    4    4    1   -1
 163    11.120     5.039    -8.798   80   71   72   -1
 164    11.595    -0.949    -7.817  149  136  154   -1
 165    11.429     0.911    -0.663  134  123  139   -1
 166    -1.833    -4.625    -9.328  182  164  185   -1
 167    -8.700    -5.704     2.531  195  176  197   -1
 168    -7.164   -10.621    -8.377  244  212  246   -1
 169     6.513    -5.805    -6.517  192  174  201   -1
 170     3.233     6.165    -7.859   67   59   66   -1
 171     6.033    10.388    -8.430   24   22   19   -1
 172   -11.662    10.397    -4.987   19   20   24   -1
 173    -2.350    -5.317     3.844  190  173  192   -1
 174    -3.168   -10.787    -0.154  247  218  251   -1
 175     9.513     1.519     4.411  125  111  127   -1
 176    -0.351   -11.067    -3.856  249  220  256   -1
 177     4.591    -5.528     7.313  191  175  198   -1
 178    -2.453    -9.796     0.196  237  206  237   -1
 179     5.616    -3.958     8.885  177  162  183   -1
 180    -8.658     0.727    -7.116  136  126  141   -1
 181    -6.627    -8.276     4.849  221  194  222   -1
 182    -9.411    -8.578     0.331  225  197  224   -1
 183     7.155     6.503     5.052   63   55   62   -1
 184    -7.835    -9.214     5.677  233  202  232   -1
 185    -0.683     4.758     8.554   78   68   75   -1
 186    -0.221     2.508    -9.945  110  100  112   -1
 187     0.698     8.470     8.113   36   32   35   -1
 188    -6.364   -11.946    -2.071  262  232  263   -1
 189    12.082    11.688     1.365    8    5    0   -1
 190     6.296    -0.373     3.021  146  133  149   -1
 191    -6.876    -4.900     9.500  184  166  187   -1
 192    -0.716    10.582    -9.028   21   19   20   -1
 193     3.900     1.820    -7.977  120  108  124   -1
 194     3.971     4.701     5.989   81   72   77   -1
 195     8.633    -5.025    -8.665  183  165  188   -1
 196     0.893     3.792     9.673   92   83   91   -1
 197    -7.085    11.749     3.118    0    1    7   -1
 198    -6.950   -10.210    -9.261  241  208  238   -1
 199     3.444     8.123     3.989   43   37   39   -1
 200    -8.245     4.054     4.218   89   81   90   -1
 201     3.187    -6.663     1.710  202  181  206   -1
 202     5.134     7.257     8.469   51   46   50   -1
 203     5.100     1.821     6.342  119  107  122   -1
 204     5.797     4.545     1.733   85   75   82   -1
 205    -6.349   -12.010    -4.439  261  230  265   -1
 206     3.464     8.358    -9.843   45   40   42   -1
 207    -3.258     5.051     2.893   73   64   71   -1
 208   -11.316     4.991    -3.459   75   65   80   -1
 209    -8.672   -12.092    -5.271  263  231  262   -1
 210     8.467    -2.554     9.950   -1  153  173   -1
 211    12.325     0.155     0.804  139   -1  144   -1
 212   -11.646     5.154     4.140   71   63   -1   -1
 213     8.386     1.220     4.815  128  116   -1   -1
 214   -13.780     8.489    -1.772   35   -1   43   -1
 215    12.099     9.646    -7.780   32   27   -1   -1
 216    12.370     8.346    -9.158   47   39   -1   -1
 217   -10.746    10.719     5.530   10   12   -1   -1
 218     6.304     3.962    -2.916   -1   84   89   -1
 219    12.671    -7.260    -2.864  206   -1  211   -1
 220     7.911   -12.345    -4.699  260  236   -1   -1
 221   -10.133    -8.668     3.398  227   -1  226   -1
 222     6.343     7.588     6.049   -1   43   47   -1
 223     1.093    -7.666     1.659   -1  190  217   -1
 224   -12.363     2.286     1.101  112   -1  115   -1
 225     3.591     1.581    -6.989   -1  112  128   -1
 226     5.681    -0.007     7.137  141   -1  146   -1
 227     5.441     7.476    -4.805   54   -1   53   -1
 228     4.236    -8.941     3.996  226  199   -1   -1
 229    -8.144     0.751    -8.504   -1  125  140   -1
 230   -12.815    -6.024    -3.723  198   -1  199   -1
 231    -1.935    -3.944     2.633  175   -1  180   -1
 232    -7.379    -8.024    -1.739  219   -1  218   -1
 233   -10.980    -1.069    -6.734  152   -1  156   -1
 234     0.685   -11.059    -1.752  251  223   -1   -1
 235     3.031     2.052    -5.916   -1  104  120   -1
 236   -12.750    -1.018    -0.268  151   -1  155   -1
