215
   1   -12.106    -2.457    -6.293  144  133  153   -1
   2    -5.286    -5.399    -3.011  176  162  187   -1
   3    -5.329    -2.756     5.400  147  135  156   -1
   4    -0.420   -10.827     2.797  230  209  237   -1
   5     4.167    -0.751    -3.907  130  119  138   -1
   6    -7.103    -5.889    -1.924  184  168  192   -1
   7    -6.649    -5.212     1.932  174  161  185   -1
   8    -3.800   -11.598    -2.894  238  213  242   -1
   9    -1.343     2.191     6.920   89   86   97   -1
  10    -9.520    -4.557     5.731  168  155  179   -1
  11    -6.063     2.469     3.607   86   82   94   -1
  12   -10.767     5.708    -0.878   46   48   55   -1
  13   -11.254     3.528    -0.142   75   73   85   -1
  14    -9.095    -0.827     0.110  131  120  139   -1
  15    10.080    -3.858     1.091  155  145  170   -1
  16    -1.034     8.557    -8.037   24   27   29   -1
  17     3.093     3.895    -9.568   74   72   82   -1
  18     0.388     8.502     7.815   21   22   25   -1
  19   -10.920     2.265     1.252   87   83   99   -1
  20     2.687    -0.428    -4.207  127  117  136   -1
  21     0.920    11.321    -4.797    7   11    8   -1
  22     4.474    -8.433    -3.873  200  184  215   -1
  23    -7.572     1.621     5.647   93   88  101   -1
  24    10.967    -1.202    -4.059  133  121  143   -1
  25     9.345    -9.621    -7.397  213  197  228   -1
  26    -3.332    -5.869     3.880  186  171  194   -1
  27    -9.482    -1.616     1.075  141  129  149   -1
  28    -5.081    -1.564     1.743  138  126  148   -1
  29   -11.738    -7.617    -6.026  198  182  209   -1
  30     6.891     4.069    -4.509   72   69   80   -1
  31    -1.345    -1.653    -2.849  140  130  151   -1
  32    -2.323    -7.509    -3.243  197  181  210   -1
  33    -4.936     2.826    -0.585   84   81   93   -1
  34     2.879    -3.362     6.092  152  141  164   -1
  35    -9.523    -1.360     4.098  136  124  145   -1
  36     6.159    -5.572    -1.312  178  165  191   -1
  37   -10.558    -0.371     1.859  126  116  135   -1
  38    -6.340    -4.326    -4.720  164  152  175   -1
  39     2.701    -6.995     7.265  193  177  207   -1
  40    -4.340     0.844     3.674  103   97  112   -1
  41    -4.805   -11.835    -7.459  239  214  244   -1
  42     4.438    11.893    -5.492    1    3    0   -1
  43    10.197     0.492    -0.076  110  102  118   -1
  44    -4.301    -3.203    -8.303  150  138  159   -1
  45    -2.990    -6.985     9.360  194  180  205   -1
  46    -7.974     3.296    -5.389   77   74   88   -1
  47     4.503   -11.132    -5.250  228  208  238   -1
  48    -6.612     7.072     0.153   32   33   39   -1
  49     6.293     1.478     9.473   95   89  102   -1
  50    -1.346    -0.176    -9.888  123  114  133   -1
  51     7.850     8.580    -6.419   25   26   27   -1
  52    -0.815     6.572    -0.837   35   36   40   -1
  53    -9.545    -9.971     5.507  225  203  230   -1
  54     5.563    -1.345     2.716  134  123  146   -1
  55     1.359    -5.818     0.349  181  167  193   -1
  56    -9.767    -8.414    -2.844  202  185  211   -1
  57     0.205    -1.646     7.478  142  131  152   -1
  58    -3.070    -0.228    -7.928  124  115  134   -1
  59     2.707   -10.902     8.643  231  210  240   -1
  60     1.224    -2.348     1.671  143  132  154   -1
  61     0.970    -9.548    -6.201  217  196  225   -1
  62     8.100     6.192    -7.556   44   42   46   -1
  63    -1.429    -8.485     1.868  203  187  217   -1
  64     5.925     9.765     2.165   15   17   16   -1
  65    -0.609    -4.225    -3.257  161  151  174   -1
  66    -9.850    -3.722    -4.387  154  142  165   -1
  67    -2.109    -6.997    -3.200  192  176  201   -1
  68    -7.112    11.097     2.907    4    7   11   -1
  69    -0.129    -5.108    -9.241  172  158  183   -1
  70    -4.147     4.078    -9.158   71   70   81   -1
  71     0.267    -5.745     8.005  182  170  195   -1
  72     2.339    -0.022    -7.092  120  112  131   -1
  73     8.617    -5.898    -1.753  180  169  196   -1
  74    -4.361     5.669    -8.605   51   51   57   -1
  75     8.339     2.911     8.704   82   77   90   -1
  76     5.483     0.097    -2.749  119  111  130   -1
  77    11.175     0.211    -2.041  116  108  126   -1
  78    -4.492     9.110    -8.431   18   21   24   -1
  79   -10.460     9.599    -9.336   16   19   20   -1
  80    -7.659     4.620     6.551   59   60   69   -1
  81     6.520    11.570    -4.642    5    5    3   -1
  82    11.377   -10.557    -1.856  222  205  236   -1
  83    -1.849     1.074     1.397  100   94  109   -1
  84    -7.052    -7.455    -7.277  196  179  206   -1
  85    -1.011     5.282     1.880   53   53   59   -1
  86     0.718     0.357     0.310  113  105  123   -1
  87    -4.176     7.723    -3.356   29   30   33   -1
  88   -11.560    -4.141    -0.866  162  150  172   -1
  89     2.196    -4.718    -4.870  166  154  180   -1
  90    -4.849    -9.993     1.688  221  202  231   -1
  91    -0.759    -8.484    -5.847  201  183  212   -1
  92    -4.709     4.867    -4.829   58   58   67   -1
  93   -11.311    -8.632    -2.587  206  188  214   -1
  94     4.336     3.251    -2.714   79   75   87   -1
  95    -7.012    -2.987    -2.698  148  136  157   -1
  96    -7.162     0.656     3.074  106   99  115   -1
  97    -1.441     8.814    -4.652   20   25   26   -1
  98    -3.734     0.768     0.626  105   98  114   -1
  99    -3.057    -4.300    -0.542  163  153  176   -1
 100    -5.288     0.226     1.398  114  107  125   -1
 101    -7.895     0.942     8.015  102   96  110   -1
 102     1.996    -8.999    -3.871  207  191  220   -1
 103    -3.313    -1.353    -3.614  135  122  144   -1
 104    -2.367     1.490     3.882   94   90  103   -1
 105    -8.634     5.155    -8.993   56   57   64   -1
 106     1.446     4.431    -6.819   67   66   76   -1
 107    -7.052     6.898     8.854   31   31   38   -1
 108    -1.367   -10.780    -6.837  227  206  234   -1
 109    -6.800    -6.567     2.850  190  174  199   -1
 110    -3.163     0.190     6.999  117  109  127   -1
 111    -9.987    -2.558     0.828  146  134  155   -1
 112    -0.052    -9.395     2.500  219  199  226   -1
 113     3.724    -0.074     4.600  122  113  132   -1
 114     4.207     6.013     6.500   40   40   44   -1
 115    -3.251    -4.885    -7.307  170  157  181   -1
 116    -6.597    -7.201     0.355  195  178  204   -1
 117     4.987     4.021     6.547   69   67   78   -1
 118    -5.692     7.963    -9.104   26   29   32   -1
 119    -6.095    -3.679     1.707  153  143  166   -1
 120    -4.479     3.822     2.071   73   71   83   -1
 121     6.665     5.695     0.234   50   47   53   -1
 122    -5.072     5.809     6.525   42   45   51   -1
 123     2.832    11.570    -8.119    6    8    6   -1
 124     4.313    -9.392     2.621  218  198  227   -1
 125    -6.458     2.187     9.187   88   85   98   -1
 126    -0.022     4.539    -5.154   64   63   73   -1
 127     1.008     1.361    -9.737   98   92  105   -1
 128     9.757     5.842     5.755   47   44   47   -1
 129   -10.162     6.852    -8.439   34   35   41   -1
 130    -8.058     1.313     2.770   97   91  107   -1
 131    -7.600    -8.383     3.788  204  186  213   -1
 132    -9.900    -3.028     3.448  149  137  158   -1
 133    -4.512     9.963     3.867   12   16   17   -1
 134    -5.915     0.485     8.795  107  101  119   -1
 135   -11.147    -5.549    -1.735  179  163  188   -1
 136     9.487    -5.228    -8.735  173  160  186   -1
 137    -6.366    -1.430     2.579  137  125  147   -1
 138    -5.307    -0.631     6.472  129  118  137   -1
 139    -7.370     6.123     8.948   37   38   45   -1
 140     5.359     0.443     9.817  111  103  120   -1
 141    -3.536     5.631    -3.052   48   49   56   -1
 142    -2.105     7.187    -5.424   33   34   37   -1
 143    -6.664     5.471    -6.429   52   52   60   -1
 144    -6.302    -3.855     9.455  160  148  169   -1
 145    -5.175     4.511     8.944   60   61   70   -1
 146    -3.984     6.281     3.962   38   37   43   -1
 147     8.930     4.716     1.978   62   59   66   -1
 148     4.473     2.920    -6.045   85   80   91   -1
 149     2.993     4.367     6.398   66   62   71   -1
 150   -10.038     4.926     5.414   55   56   65   -1
 151    -5.620    -6.837    -1.580  191  175  200   -1
 152     4.118     4.214     9.888   68   65   75   -1
 153    -0.762     7.589     3.599   30   28   31   -1
 154     2.125   -11.573     2.529  237  216  247   -1
 155    -2.430     2.969    -8.815   83   78   92   -1
 156    -1.539    10.998    -8.007    9   15   14   -1
 157     9.103   -10.706     3.625  226  207  239   -1
 158    -1.792     5.877     6.887   41   41   49   -1
 159     0.597     9.069    -4.159   19   20   21   -1
 160     6.263   -11.281     1.496  232  212  245   -1
 161     5.182   -11.534     1.899  234  215  249   -1
 162   -10.924   -10.326    -8.182  223  201  229   -1
 163     6.750     0.522    -4.330  108  100  117   -1
 164     6.660    10.827     2.417   10   13    9   -1
 165     0.815    -3.915     5.773  159  149  171   -1
 166    -9.305     4.549    -8.624   63   64   77   -1
 167     9.101     8.878    -4.568   23   23   22   -1
 168    -5.230    -3.930    -0.551  158  147  168   -1
 169     6.907    -4.899    -8.427  167  156  182   -1
 170    -9.208     2.047    -6.162   91   87  100   -1
 171    -8.513    -8.549     4.201  208  189  216   -1
 172    -4.186    -9.209    -4.504  211  193  222   -1
 173     3.628    -9.014    -5.092  205  190  221   -1
 174     9.966     1.317    -8.682   99   93  106   -1
 175     6.088    -5.111    -6.396  171  159  184   -1
 176     2.810     3.090     0.131   81   76   89   -1
 177    -2.972   -11.721    -8.864  235  211  241   -1
 178    -6.712    -6.456    -5.979  189  173  198   -1
 179    -2.797     8.337     9.596   22   24   28   -1
 180   -11.404    -5.860    -3.937  183  166  190   -1
 181    -9.093    -3.786    -0.573  156  144  167   -1
 182     4.022     6.057    -8.093   45   46   50   -1
 183    -8.292     9.911    -6.823   14   18   19   -1
 184     2.669    10.626     5.022   11   14   12   -1
 185    -8.584     0.136     8.592  118  110  129   -1
 186    -8.519     0.426    -4.213  112  104  122   -1
 187     0.469    -3.253     3.297  151  140  163   -1
 188   -11.523     5.324    -8.422   54   54   63   -1
 189    11.004     4.019     3.660   70   68   79   -1
 190   -10.151    -6.210    -3.460  188  172  197   -1
 191   -10.682    -8.871     3.151  215  192  219   -1
 192     5.405    -5.340     6.448  175  164  189   -1
 193    -3.356    12.177    -7.987   -1    1    1   -1
 194     1.070    -1.608     2.557  139  128   -1   -1
 195    -8.479   -10.111     2.451   -1  204  232   -1
 196     6.236   -12.154    -1.562  244  220   -1   -1
 197    10.319     6.938     6.159   -1   32   36   -1
 198     3.613    -9.178    -6.159  209   -1  224   -1
 199    -0.093    -3.089     4.532   -1  139  160   -1
 200    -1.194    -9.086     2.574  212  195   -1   -1
 201    -8.260     9.858    -2.897   13   -1   18   -1
 202    10.711     0.184    -8.487  115   -1  128   -1
 203     9.873   -12.412    -5.907  243  222   -1   -1
 204     3.168     6.222    -9.631   43   43   48   -1
 205     7.936   -11.900     0.989  240  219   -1   -1
 206    -5.963     5.456     3.345   -1   50   58   -1
 207     0.682   -11.873    -0.447  242  217   -1   -1
 208   -10.137     0.961     4.597  101   95  111   -1
 209    -2.163    -1.635    -7.931   -1  127  150   -1
 210    -3.458    -9.281    -3.060  216  194   -1   -1
 211    -9.128   -12.367    -9.191   -1  218  248   -1
 212   -11.732    -9.583     3.551  220  200   -1   -1
 213   -11.003    -9.000    -4.796  210   -1  218   -1
 214   -12.343    11.209    -2.798    3   -1   13   -1
 215   -12.419     0.815    -4.475  104   -1  113   -1
