256
   1    -3.060    -4.780     3.884  197  179  195   -1
   2    -3.552    -5.593     6.450  212  191  209   -1
   3    -9.976    -0.000    -3.449  140  125  132   -1
   4    10.267    -8.711    -1.411  242  221  243   -1
   5    -0.506    -7.292    -4.101  226  203  223   -1
   6     8.123    -0.794    -9.768  149  134  142   -1
   7    -0.125    -8.957    -9.168  247  220  240   -1
   8   -10.788    -2.650    -5.262  166  151  160   -1
   9    -3.613    -7.012    -1.696  225  201  217   -1
  10    -8.500    -1.177     7.836  153  139  148   -1
  11    -1.448    -3.330     3.980  175  158  173   -1
  12    -2.340    -8.297    -8.232  236  211  233   -1
  13     3.832    -1.417    -4.479  155  142  151   -1
  14    -6.238    -5.573     7.833  213  192  208   -1
  15     1.277    -4.872     9.246  201  182  198   -1
  16     0.858    -0.010     6.121  141  126  133   -1
  17    -7.118    -8.052    -7.668  233  208  229   -1
  18    -4.569     7.289     4.046   60   50   57   -1
  19    -0.567    -8.512    -0.848  243  216  238   -1
  20     5.654    -5.995     1.742  215  195  211   -1
  21     4.267    -4.340     6.680  188  172  190   -1
  22     9.350   -10.602     6.168  267  241  267   -1
  23     0.079    -3.553    -1.914  177  162  176   -1
  24    -0.826     6.534     0.459   70   60   66   -1
  25    -2.695    11.060    -8.860   14   13   14   -1
  26     0.254    -0.433     1.717  146  130  139   -1
  27    -9.350     2.649    -0.856  108   95  104   -1
  28     3.953    -5.047    -3.704  198  181  199   -1
  29    -5.666    -4.344    -3.780  187  170  186   -1
  30     5.429     2.214    -5.508  116  101  110   -1
  31     3.439   -10.965    -5.905  268  240  263   -1
  32    -0.812     3.913     2.879   95   82   88   -1
  33    -3.601     3.169    -5.583  103   90   97   -1
  34     4.644     3.715    -4.575   97   84   91   -1
  35    10.612    -9.711    -7.547  250  227  252   -1
  36     5.501    -3.905     0.624  181  166  183   -1
  37     3.208     4.721     7.168   89   76   79   -1
  38     1.519    -9.572    -2.320  253  228  250   -1
  39    -7.493    -9.423     2.023  255  229  247   -1
  40     8.150    -0.135    -4.845  143  127  135   -1
  41    11.126    -2.921    -2.852  168  154  169   -1
  42     7.523     5.549     1.585   81   67   73   -1
  43    -3.156     0.161     7.770  139  124  131   -1
  44    -5.885    -4.979     4.206  204  183  197   -1
  45    -5.225    -8.678    -8.341  245  214  235   -1
  46     7.373   -10.292     9.234  265  239  262   -1
  47    -1.421    -0.136     9.725  144  128  136   -1
  48     0.290    -7.159    -9.806  224  199  219   -1
  49     9.695    -3.609    -6.618  176  161  178   -1
  50     4.803    -3.865     5.531  182  167  184   -1
  51    10.339     3.277    -3.533  102   89   95   -1
  52    -0.479   -10.292    -7.467  261  232  254   -1
  53    -9.512    -7.613    -0.020  231  207  227   -1
  54     3.941    10.560    -6.766   21   17   19   -1
  55   -10.580     3.331    -5.349  101   88   96   -1
  56    -2.290    -2.408     5.657  164  149  159   -1
  57   -11.013   -11.310    -7.561  273  245  261   -1
  58    -5.421    -9.658     3.562  259  231  251   -1
  59    -9.308    -2.865     3.110  171  155  166   -1
  60    -9.735     4.060    -5.320   92   81   89   -1
  61    -5.271    -5.501    -0.039  210  187  206   -1
  62    -4.076    -8.508    -1.997  244  215  236   -1
  63     3.294     2.532     5.542  113   97  103   -1
  64    -0.210    -1.579     1.640  156  143  152   -1
  65     0.697     0.800    -0.814  132  118  124   -1
  66     8.853   -11.060    -3.555  269  244  270   -1
  67     6.812     7.024    -1.820   66   55   59   -1
  68    -7.641    -4.928    -5.047  200  178  193   -1
  69    -3.251     1.311    -4.624  125  112  120   -1
  70    -9.113    -4.601    -1.631  193  175  189   -1
  71    -7.626    -3.774     6.480  183  165  181   -1
  72     1.307    10.393    -9.463   25   20   21   -1
  73    -6.016    -3.984     1.286  185  168  182   -1
  74    -7.709   -10.250    -2.785  264  234  253   -1
  75     5.608     0.620     7.145  133  119  125   -1
  76    -8.893     8.964    -0.948   42   36   41   -1
  77     0.618   -11.618    -2.333  276  252  275   -1
  78    -7.864    -8.563     0.788  248  219  237   -1
  79    -5.341    -1.021     5.373  152  138  146   -1
  80   -11.020    10.641    -9.560   17   18   22   -1
  81    -0.159     9.099    -6.637   44   38   39   -1
  82    -3.937     5.198     3.581   83   71   77   -1
  83     6.252    -5.089     6.494  203  184  204   -1
  84     7.444     1.428     0.570  123  110  118   -1
  85     8.030     6.672     6.797   69   56   63   -1
  86     1.128    -1.920    -9.008  159  144  154   -1
  87     0.056    -4.511    -0.593  190  173  192   -1
  88     5.084    -9.623    -7.005  252  226  249   -1
  89    -7.264   -11.567     3.659  280  254  274   -1
  90     1.321   -11.027    -3.020  271  242  265   -1
  91     6.936     2.804     1.257  107   94  101   -1
  92    10.840     4.187    -7.195   94   80   85   -1
  93     6.761    11.616    -4.056   10    7    6   -1
  94    10.628   -10.335    -0.049  260  236  258   -1
  95   -11.060    -8.055     0.463  238  212  232   -1
  96   -12.128     7.224     1.107   59   52   60   -1
  97     2.838    10.920     3.540   13    9   10   -1
  98    -0.242    -8.102    -0.643  235  213  234   -1
  99     0.928   -10.798     2.464  270  243  264   -1
 100   -12.295     3.518    -5.087   98   87   94   -1
 101    -4.631     2.699    -5.779  109   96  102   -1
 102     3.123    -4.792    -3.096  194  177  194   -1
 103    -2.589    -0.201    -3.167  145  129  137   -1
 104    -0.837    12.084    -7.686    4    5    4   -1
 105     8.381    -2.568     0.589  165  150  163   -1
 106     3.336    -1.325    -9.761  154  140  149   -1
 107   -12.041     3.055    -7.411  105   93  100   -1
 108    -2.478     9.270     1.078   35   32   31   -1
 109    -5.838    -7.262     2.460  228  205  224   -1
 110    -5.832     9.198    -0.126   36   33   35   -1
 111    -8.874    -5.737     0.475  214  193  207   -1
 112    -1.474    -7.407     1.645  229  206  226   -1
 113     7.760     5.651     9.981   77   65   70   -1
 114     1.587    -3.305     8.565  174  159  174   -1
 115     4.931    -6.707     0.013  219  198  216   -1
 116    10.933    -8.750    -6.687  239  217  242   -1
 117    -5.220     6.069    -8.167   73   64   71   -1
 118     5.998     6.138    -3.745   74   63   68   -1
 119     6.277    -7.020    -2.537  222  200  221   -1
 120     0.220     9.581    -6.790   34   31   29   -1
 121     7.459     8.561    -3.986   53   41   44   -1
 122    10.133    -0.926    -6.733  151  136  144   -1
 123    -5.914    -8.066    -4.155  234  209  231   -1
 124     2.782   -10.310     0.809  263  237  257   -1
 125     4.608    -9.744     7.025  256  233  255   -1
 126   -10.591    -0.439     2.442  147  131  138   -1
 127     1.533     7.548    -6.159   62   51   56   -1
 128     5.147     0.308    -0.356  136  122  128   -1
 129    -6.421     5.811     1.845   75   66   72   -1
 130    -9.197     9.245     3.316   33   28   33   -1
 131     3.366     5.320     6.447   82   69   74   -1
 132    -0.152    -5.262    -1.549  205  185  203   -1
 133     3.775   -10.460     4.966  266  238  260   -1
 134    -1.894   -12.071    -4.273  281  255  278   -1
 135     2.840     7.580     6.010   57   48   52   -1
 136    -2.727     9.828    -9.247   32   25   27   -1
 137     0.244     3.494    -3.050  100   86   93   -1
 138    10.021     9.310     4.030   39   26   23   -1
 139     1.403   -10.189     0.118  262  235  256   -1
 140    -5.574     4.979    -5.183   87   75   81   -1
 141     5.087    -2.198    -3.445  162  147  157   -1
 142    -7.855     8.559    -5.512   47   42   48   -1
 143    -0.021     8.257     2.252   51   44   47   -1
 144     6.120     3.945     9.475   93   79   86   -1
 145    -7.031   -11.186    -0.628  274  246  266   -1
 146     0.251     7.079    -3.269   64   54   62   -1
 147     2.469     0.830     8.625  131  117  123   -1
 148   -12.047    -7.338    -1.992  230  204  222   -1
 149     4.587    -6.621    -4.020  217  196  214   -1
 150     4.594     9.358    -0.399   37   30   28   -1
 151   -10.187     9.449    -2.361   31   29   32   -1
 152   -10.483     4.996    -2.549   86   74   80   -1
 153     3.253     5.388    -4.529   84   70   76   -1
 154    -2.471    -0.754     4.376  150  133  141   -1
 155    -5.544    11.864    -1.094    2    4    7   -1
 156    10.170    10.703     2.740   18   12   11   -1
 157    -2.878     8.881    -7.092   45   39   43   -1
 158   -10.952    -5.358    -1.358  209  186  202   -1
 159   -11.342    -9.753    -4.869  258  230  248   -1
 160   -10.608    -3.539    -9.135  178  160  172   -1
 161    -3.072     8.965     3.950   41   34   36   -1
 162     0.415    12.266    -5.730    0    1    2   -1
 163     4.487     1.354    -8.225  124  111  119   -1
 164    10.898    10.141    -6.411   30   22   20   -1
 165    10.291    10.172     5.699   24   16   15   -1
 166    -3.545    12.305    -9.940    1    3    3   -1
 167     1.000    12.016    -9.461    8    6    5   -1
 168     4.833     2.482     3.126  115  100  106   -1
 169     9.533     9.534    -2.726   38   27   24   -1
 170     0.353     1.708    -9.261  119  107  115   -1
 171   -11.528     9.660    -3.955   28   24   30   -1
 172     6.401     1.652     9.903  118  104  113   -1
 173    -7.550    -2.314     5.508  163  148  158   -1
 174    -9.281     2.657    -7.084  111   98  107   -1
 175    -6.468    -4.372     2.170  189  171  187   -1
 176    -1.198   -12.061    -0.990  283  257  281   -1
 177     8.419     0.187     0.726  138  123  130   -1
 178    -3.548     5.411     3.983   79   68   75   -1
 179    -3.329   -11.302    -1.925  272  247  269   -1
 180    -8.470    -5.440     4.986  211  189  205   -1
 181     3.148    11.146     6.176   11    8    8   -1
 182     4.780     1.279    -8.315  126  113  121   -1
 183    10.860    -5.703    -8.862  207  188  210   -1
 184    -1.577    -6.654     1.054  220  197  215   -1
 185     5.843    12.161    -5.374    5    2    1   -1
 186    -6.506     0.988     2.041  130  116  122   -1
 187   -10.455    -0.657    -5.225  148  132  140   -1
 188     0.469    -2.912    -0.769  169  156  168   -1
 189     7.329    -8.330     6.724  240  218  239   -1
 190    -3.857     1.540    -7.227  122  109  117   -1
 191     3.554     0.329     8.193  134  121  127   -1
 192    -4.106    -3.771    -9.408  180  163  179   -1
 193    -9.309     9.808     1.378   23   23   25   -1
 194    11.513    10.853    -7.853   20   15   12   -1
 195    -9.287   -11.178     5.149  278  251  268   -1
 196    -3.621    -2.697     2.343  167  152  164   -1
 197     6.832     8.423    -7.422   54   45   46   -1
 198     8.717     7.482     5.083   61   49   53   -1
 199    -1.428     1.796    -3.388  117  103  112   -1
 200    -3.939     8.902     0.058   43   37   40   -1
 201    10.048     6.343    -3.523   72   61   67   -1
 202    -9.178    -7.981     0.089  237  210  230   -1
 203     7.486     1.676    -3.640  120  106  114   -1
 204     0.257     2.486     7.573  112   99  105   -1
 205     3.782     8.238     6.238   50   40   45   -1
 206    -3.084    -9.278    -2.677  251  223  246   -1
 207     3.186   -11.721    -4.368  275  253  276   -1
 208    12.190    -4.960    -0.530  195  180  201   -1
 209    -9.011     5.235    -8.777   85   72   78   -1
 210     6.486    -8.932    -5.456  246  222  244   -1
 211    -2.847    10.831     3.920   12   11   13   -1
 212    10.302    -3.960     4.474  184  169  185   -1
 213   -10.312     1.529    -0.028  121  108  116   -1
 214    11.329    -4.676     1.014  191  176  196   -1
 215    -4.066     9.073     0.112   40   35   37   -1
 216     1.839     7.863     8.470   55   46   50   -1
 217    -6.615    -2.791     5.426  170  153  165   -1
 218     1.162     6.839    -6.345   67   59   64   -1
 219    -5.427     6.921    -5.308   65   57   65   -1
 220    -7.163    -4.491     4.295  192  174  191   -1
 221   -10.951    -7.061     3.592  227  202  218   -1
 222     2.694     3.878     1.239   96   83   90   -1
 223    -4.224   -12.221    -5.342  284  256  279   -1
 224     9.351     7.613     6.370   58   47   51   -1
 225    -9.878    -3.130     5.853  173  157  170   -1
 226    -8.814     4.232    -4.443   91   78   87   -1
 227    -5.778    -3.543     3.624  179  164  175   -1
 228   -11.258    -9.207     2.647  254  224  245   -1
 229    -6.812    10.703    -2.394   15   14   18   -1
 230   -12.536     7.747    -2.084   56   -1   55   -1
 231   -12.936    -6.774    -3.135  223   -1  213   -1
 232    11.892     1.846     3.186   -1  102  111   -1
 233    -9.364     6.918     8.616   63   53   -1   -1
 234    -4.265    -1.294     8.197   -1  141  150   -1
 235    10.699    -5.859     5.640   -1  194  212   -1
 236    11.795    -1.926     3.559   -1  145  156   -1
 237     9.741    10.687     8.481   -1   10    9   -1
 238    11.211     0.534     7.265   -1  120  126   -1
 239     0.811     5.968     8.045   -1   62   69   -1
 240   -11.843     1.050     1.210  129  115   -1   -1
 241     2.180    -8.999     9.494  249  225   -1   -1
 242     3.541     0.254     4.954  137   -1  129   -1
 243     6.986    -0.856     0.672   -1  135  143   -1
 244    12.329     4.571     1.146   90   -1   82   -1
 245     6.369    -8.530     1.912  241   -1  241   -1
 246     9.189     3.363     9.532   -1   85   92   -1
 247    -1.548     3.105    -0.609  104   91   -1   -1
 248    -0.404   -11.151     3.783   -1  249  271   -1
 249    -5.637     1.162     4.251  127  114   -1    0
 250     0.193     2.568    -8.865  114   -1  108    0
 251    -0.214    -4.949     8.268  202   -1  200    0
 252    12.444    -6.931    -4.545  218   -1  220    0
 253    10.771     4.121     8.374   -1   77   84    0
 254     7.729     8.661    -6.678   49   -1   42    0
 255    -0.699   -11.151     4.527   -1  250  272    0
 256   -12.354    10.984    -0.582    9   -1   16    0
