214
   1    -5.515    -1.712     3.150  127  115  138   -1
   2    -4.919    -3.106     9.376  142  128  153   -1
   3     4.272     3.999     2.171   69   66   80   -1
   4     1.605    -5.360     1.350  164  143  173   -1
   5     4.393    -3.439     1.696  143  130  157   -1
   6    -9.005    -0.819    -0.216  119  108  131   -1
   7     3.540     0.398     2.994  106   95  116   -1
   8   -10.342    -1.127     0.900  122  111  133   -1
   9     1.555    -8.806    -3.798  200  172  206   -1
  10   -10.842    -4.274    -2.138  159  139  165   -1
  11     6.566    -9.984     7.537  211  187  225   -1
  12    -3.413     2.148     3.366   86   79   98   -1
  13    -2.045     2.622    -5.153   82   77   94   -1
  14    -9.839     8.327    -1.314   25   25   35   -1
  15    -6.704    -1.961    -8.882  130  117  141   -1
  16   -11.368   -10.237    -1.901  216  185  218   -1
  17    -9.908     2.067    -2.720   88   82  101   -1
  18     9.050    -5.678    -0.038  167  145  177   -1
  19   -10.517     1.599    -7.888   93   85  104   -1
  20     3.400    -0.256     4.104  110   99  122   -1
  21     5.823    -6.693    -9.061  174  152  184   -1
  22    -0.804    10.266     6.310   11    9   11   -1
  23    -5.235     9.835     6.290   15   12   17   -1
  24     1.757     0.395     1.948  107   96  117   -1
  25     1.535   -10.859    -6.385  219  192  228   -1
  26   -11.171     5.352    -6.648   53   51   66   -1
  27    12.396    -1.814    -6.050  126  116  139   -1
  28    -6.798    -8.876     4.050  205  175  207   -1
  29     3.146     3.406     9.059   72   67   83   -1
  30    -4.503    -3.837     4.037  152  134  161   -1
  31    -3.767     9.888     1.572   16   13   18   -1
  32   -11.896    -7.892    -7.404  189  160  193   -1
  33    -0.150    -1.060    -0.689  121  109  132   -1
  34    -5.910    -4.911    -6.593  162  141  169   -1
  35     0.338    -5.998    -5.490  171  148  178   -1
  36     6.016    -0.585    -1.153  115  104  126   -1
  37     8.489    -9.675    -5.328  207  182  217   -1
  38    -4.199   -10.564    -2.663  217  190  223   -1
  39    -7.930     3.216     8.204   74   69   85   -1
  40     6.412     4.222    -7.232   68   63   77   -1
  41    -8.172   -11.451    -6.738  230  200  232   -1
  42     2.415    -0.399    -6.149  113  102  124   -1
  43    -3.043    -0.645     1.789  117  106  127   -1
  44     4.436     0.978    -3.454   98   88  108   -1
  45    -8.433     1.470    -4.930   94   86  105   -1
  46     1.591    -3.756     1.833  149  131  160   -1
  47    -7.169    -8.411    -5.351  199  170  204   -1
  48    -2.703    -9.134    -1.669  204  176  208   -1
  49     4.887   -11.914    -6.683  231  204  244   -1
  50   -10.601   -10.789     4.592  226  196  227   -1
  51    -0.965    -7.995    -0.110  192  166  202   -1
  52     7.495    -5.288    -8.084  163  142  172   -1
  53    10.336     3.442     3.348   73   68   82   -1
  54    -4.481     7.697     7.359   30   26   37   -1
  55    -3.409    -3.492    -5.708  146  129  155   -1
  56     2.923     6.179    -7.281   48   44   54   -1
  57    -2.454   -10.843     1.132  223  195  229   -1
  58    -2.294     7.889    -2.715   32   27   38   -1
  59     1.160     4.400     6.429   60   58   71   -1
  60    -9.842     4.092    -1.318   66   64   81   -1
  61     8.741    -5.667    -7.975  165  144  175   -1
  62     6.519    -0.742     2.582  118  107  130   -1
  63     9.997     7.143    -1.400   39   32   41   -1
  64     2.612     8.668    -6.111   26   22   30   -1
  65    -8.751     5.897     8.588   44   42   57   -1
  66    -6.377    -6.514    -0.572  176  153  183   -1
  67   -10.284     6.644     5.367   38   35   50   -1
  68    -9.857    -2.423    -2.528  135  121  145   -1
  69     4.876     2.817    -4.152   79   75   91   -1
  70    -7.697    -7.777     5.930  194  165  196   -1
  71    -1.447     5.270     9.984   52   50   62   -1
  72   -12.221     2.253    -2.287   84   78   96   -1
  73    -8.682     5.220    -0.236   54   52   65   -1
  74    -7.095     6.960     3.751   37   33   45   -1
  75     7.669    11.574    -8.308    5    6    7   -1
  76    -2.666     9.284     6.116   18   15   22   -1
  77     7.879     6.154     0.699   47   41   53   -1
  78   -10.897    -4.511     4.311  161  140  168   -1
  79     1.829    -6.929    -9.993  177  154  186   -1
  80    -5.192   -10.948     3.529  225  198  230   -1
  81     6.288   -11.475     3.046  229  205  243   -1
  82     0.229    -3.081    -9.724  140  127  152   -1
  83     3.790    10.261    -8.685   17   14   14   -1
  84     0.624     0.713     5.828  101   92  112   -1
  85    -0.935   -12.253    -8.063  236  209  245   -1
  86   -11.742    -6.314    -4.683  173  149  180   -1
  87     6.892     4.070    -1.573   70   65   78   -1
  88    -1.589     4.254    -2.221   65   61   76   -1
  89    -2.403     4.037     5.983   67   62   79   -1
  90    -2.206     4.499    -6.359   62   60   73   -1
  91    -3.787    -9.160     8.676  209  181  212   -1
  92    -6.300     0.867    -8.994   99   89  110   -1
  93     3.402    10.981    -1.786    8    8   10   -1
  94    -2.015    11.887     3.194    2    1    3   -1
  95   -10.656    -7.264     2.980  185  157  187   -1
  96     6.709    -2.959    -4.233  139  126  151   -1
  97    -4.985   -11.955    -6.559  234  206  240   -1
  98    -1.887     2.082    -6.977   89   83  100   -1
  99    -1.620    -0.057    -1.368  109   98  120   -1
 100    -6.011    -6.232     4.408  175  150  181   -1
 101     2.724   -11.507    -3.810  227  201  237   -1
 102    -5.566     6.690    -5.752   42   38   51   -1
 103     8.833    -3.839    -2.571  148  132  162   -1
 104   -10.882    -0.563    -5.603  114  103  125   -1
 105    11.588    -1.098    -6.526  120  110  134   -1
 106    -4.880    -2.010    -7.295  131  118  142   -1
 107     7.282     4.748     4.184   55   53   68   -1
 108     3.670     5.784    -3.555   51   49   61   -1
 109    -1.316     5.772     4.368   50   47   59   -1
 110     3.892    -8.932     8.989  203  179  211   -1
 111    -5.773     7.386    -4.055   33   30   42   -1
 112   -10.964     8.684    -2.410   21   21   32   -1
 113     3.967    -2.396     4.378  134  122  146   -1
 114     3.496     8.775     7.187   20   18   28   -1
 115    -8.447     2.949    -3.230   77   72   89   -1
 116   -11.828     7.951    -6.532   29   28   40   -1
 117    -8.892    -2.032    -1.578  132  119  143   -1
 118    -6.476     8.499    -3.132   22   24   33   -1
 119    -2.818    -1.331    -9.818  123  113  137   -1
 120     0.623    -7.792     4.943  188  164  198   -1
 121     9.840     4.940    -9.355   57   55   67   -1
 122    -9.633     4.448     1.874   58   59   74   -1
 123     1.092     3.009     8.488   76   70   86   -1
 124     1.219    11.826    -4.352    4    5    5   -1
 125    -4.613     7.242    -4.616   36   31   43   -1
 126     1.851     8.214     7.227   28   23   31   -1
 127    -3.690    10.498    -3.904   12   10   13   -1
 128     8.142     9.144     2.502   19   17   21   -1
 129    10.412    -0.645    -9.514  116  105  128   -1
 130     3.185   -11.669    -7.322  228  202  238   -1
 131     9.505     2.105    -7.321   90   81   99   -1
 132     3.116    -4.085     6.079  157  138  166   -1
 133     4.754    -8.007     5.809  193  168  205   -1
 134     0.192    -6.475    -5.462  172  151  182   -1
 135    -4.203    -2.658    -7.891  137  123  147   -1
 136     3.433     5.872     6.384   49   43   55   -1
 137    -3.247    -7.860     0.849  190  162  197   -1
 138    -2.768    -9.180     8.517  208  183  214   -1
 139    -1.809     0.238    -1.439  108   97  118   -1
 140     0.657    -7.259     9.375  184  158  192   -1
 141     6.182   -11.758     1.093  233  207  248   -1
 142     3.580    -2.671    -4.578  136  124  148   -1
 143    -1.134    -3.989     2.073  155  137  164   -1
 144     0.240   -11.770     7.062  237  213  250   -1
 145     4.481    10.565    -7.161   13   11   12   -1
 146     2.708     2.089     7.156   87   80   97   -1
 147    -4.947    -8.011     8.164  196  171  203   -1
 148     3.486    12.183    -7.655    3    3    1   -1
 149     3.689     4.441     4.697   61   57   70   -1
 150     0.452     2.570     7.892   80   76   93   -1
 151     2.417    -2.856    -5.675  138  125  150   -1
 152     6.946    -0.299     9.871  111  100  123   -1
 153    10.399     7.301     5.513   35   29   39   -1
 154   -10.345     6.181    -9.993   45   45   58   -1
 155    12.190     8.834    -0.715   23   20   25   -1
 156     3.919    -5.888    -1.426  170  147  179   -1
 157     3.890    -7.501     5.590  186  159  195   -1
 158   -10.932   -10.585     1.615  222  194  222   -1
 159    -6.020     6.947    -8.540   40   36   49   -1
 160     7.904     0.701     2.762  102   93  111   -1
 161     5.370    -3.937    -3.432  150  133  163   -1
 162    -3.452    -9.913     7.587  213  186  221   -1
 163    -4.363     6.228     9.303   43   39   52   -1
 164    -6.470    -7.862    -1.341  191  161  194   -1
 165    -4.828    11.690     8.179    1    0    4   -1
 166    -8.825    -8.272    -6.493  195  167  200   -1
 167     4.740   -10.093    -9.941  210  184  219   -1
 168    10.261     0.789     2.192  100   91  109   -1
 169     2.381    -5.605     6.485  169  146  176   -1
 170     4.915     6.644     5.288   41   34   46   -1
 171    -5.098    -6.630     6.325  178  155  185   -1
 172    -2.287     1.242     0.738   95   87  106   -1
 173    11.447    -9.516    -6.611  202  180  215   -1
 174    -9.650     2.898     3.599   78   71   88   -1
 175    -8.419     0.558    -3.670  105   94  115   -1
 176     4.486   -11.112    -9.929  220  193  231   -1
 177   -11.041    -8.061     4.565  198  169  201   -1
 178     9.235   -11.254     1.799  224  203  239   -1
 179     1.830   -10.368     0.206  215  188  224   -1
 180     8.396     4.548     0.749   63   56   69   -1
 181    11.684   -12.012    -4.910  232  208  251   -1
 182     6.326   -10.239     4.050  212  189  226   -1
 183     9.808    -7.093     7.712   -1  156  191   -1
 184   -12.755     1.184    -3.766   96   -1  107   -1
 185    -7.065    -2.193     2.115  133  120   -1   -1
 186    11.719     6.407     5.849   -1   37   48   -1
 187    -0.118     2.760     8.932   -1   73   90   -1
 188    11.518    -8.652     4.678   -1  173  209   -1
 189    11.316    11.428     4.743   -1    4    2   -1
 190     6.886     8.772     4.819   -1   19   27   -1
 191     9.241     9.130     9.519   -1   16   19   -1
 192    12.695    -4.196     0.537  156   -1  167   -1
 193    11.148    -8.899     5.620   -1  177  213   -1
 194     1.245   -11.326    -5.118   -1  197  235   -1
 195   -11.709    -1.648     0.746  125  114   -1   -1
 196     9.802     2.342    -0.707   85   -1   95   -1
 197     8.944     8.089    -0.254   31   -1   34   -1
 198    10.325    -3.406     5.301  145   -1  158   -1
 199   -11.883    -8.705     3.005  201  174   -1   -1
 200    12.177    -2.077    -6.685  129   -1  144   -1
 201     7.965    -3.970     2.845  151  136   -1   -1
 202     1.116     5.976    -1.757   -1   46   56   -1
 203    -5.246   -12.402    -6.856   -1  212  247   -1
 204    -7.062     2.851    -3.097   -1   74   92   -1
 205    -4.005    -3.864     4.336  153  135   -1   -1
 206     4.239    -8.832     9.219   -1  178  210   -1
 207     0.699    -0.337    -5.429  112  101   -1   -1
 208    -4.451   -11.842     6.778   -1  214  246   -1
 209    10.767    -7.067     0.822  179   -1  188   -1
 210    -4.323     2.016    -1.263   -1   84  102   -1
 211   -11.504    -3.715     3.261  154   -1  159   -1
 212   -12.781    10.270     0.491   10   -1   15   -1
 213   -13.727    -3.475    -2.077  147   -1  154   -1
 214   -13.086    -1.844    -2.192  128   -1  140   -1
