218
   1     4.590    -2.832     9.825  152  147  164   -1
   2    -8.956     4.023     6.581   80   78   85   -1
   3     4.278    -2.085    -2.421  141  133  153   -1
   4    -2.687    -5.587     9.978  184  175  194   -1
   5    -5.593     3.496    -5.235   88   84   93   -1
   6    -5.224    -9.020    -4.331  219  202  228   -1
   7    -6.542    -7.316     2.996  203  189  211   -1
   8   -11.544     0.865    -4.450  115  109  120   -1
   9    -9.184    -4.352     6.850  170  162  177   -1
  10     4.368     3.953    -5.318   82   80   86   -1
  11    -8.532   -10.275     4.069  232  211  236   -1
  12    -4.407    -4.570    -3.475  171  163  179   -1
  13    -2.994    -8.739    -6.321  217  201  226   -1
  14    -3.248   -10.254     6.160  229  212  239   -1
  15     1.692     0.064     7.034  124  117  130   -1
  16    10.864    -4.460     0.215  168  161  184   -1
  17     0.128    -7.274     7.356  202  191  215   -1
  18     4.295   -10.711    -0.444  231  213  242   -1
  19    -6.356   -10.932     0.898  237  218  241   -1
  20    -0.948     9.869     7.584   15   17   21   -1
  21   -11.184    -3.824    -0.447  162  154  172   -1
  22    -2.085     0.056     6.023  125  118  131   -1
  23    -0.636    -0.276    -2.341  128  121  135   -1
  24    -3.530     6.459     8.177   43   43   49   -1
  25     2.745    -7.434    -6.874  198  188  214   -1
  26    -0.085    -1.638    -0.988  138  130  148   -1
  27    -4.228     0.047     2.051  126  119  132   -1
  28    -4.677     0.939     4.385  113  107  118   -1
  29    -8.407    -7.070     1.437  199  186  208   -1
  30     1.819   -12.329    -8.820  243  224  252   -1
  31    -2.762     1.978     9.021  101   95  106   -1
  32    -6.990     4.864     1.039   62   62   68   -1
  33     8.241    -4.283     0.880  165  158  178   -1
  34    -3.543     9.222     1.556   23   24   29   -1
  35     2.404     1.256    -9.263  108  103  114   -1
  36    -9.177   -10.595     6.474  236  214  240   -1
  37   -10.661     4.791    -1.277   64   65   70   -1
  38     7.802    -6.156    -3.958  187  179  199   -1
  39    -6.079    -9.646    -7.025  222  205  231   -1
  40     0.301    -5.076     1.291  176  170  189   -1
  41    -0.867    -7.911    -0.477  212  198  222   -1
  42     1.950    -2.593    -9.354  149  141  159   -1
  43     4.991    -2.156     0.859  143  137  156   -1
  44     9.238    -1.517    -0.105  136  129  145   -1
  45    -5.522    -2.287     2.543  147  140  157   -1
  46     6.913    -2.450     8.723  148  143  160   -1
  47    -0.814     6.066    -7.084   50   48   54   -1
  48    -0.115    -9.726    -4.206  223  206  233   -1
  49    -0.380    -5.404     2.370  181  172  191   -1
  50    -5.961    -0.651     2.308  132  124  137   -1
  51    -7.457   -10.672    -6.004  233  210  237   -1
  52    -8.829    -2.796     3.714  153  145  162   -1
  53   -11.316     3.054    -0.462   93   89   99   -1
  54    -3.020     4.462    -3.308   73   71   76   -1
  55     0.914   -11.147     1.338  238  220  247   -1
  56    10.939     5.625    -3.469   56   55   57   -1
  57    -3.248    -7.747    -3.010  206  195  219   -1
  58    -0.456    -6.793    -6.311  195  183  203   -1
  59     0.413     9.232    -6.201   24   26   30   -1
  60    -6.690     1.979     4.273  102   96  107   -1
  61    -3.752     5.955     8.488   46   45   52   -1
  62   -11.824    -5.147    -3.190  179  169  187   -1
  63   -10.682    10.890    -2.250    3   10   14   -1
  64    -8.085     6.615    -7.511   44   44   50   -1
  65    -2.503    -8.249     6.421  216  200  225   -1
  66     9.844    -6.715    -1.304  193  184  206   -1
  67   -12.052    -7.940    -1.727  214  197  220   -1
  68    -0.468     1.415     4.830  107  100  111   -1
  69    -4.310     2.944     3.022   94   90  100   -1
  70    -9.732    -2.032     5.194  142  134  150   -1
  71     0.738     1.580    -7.084  105   99  110   -1
  72    -8.669    -8.826     2.795  220  203  227   -1
  73    -7.537    -4.726    -5.723  173  165  182   -1
  74    -0.336    -4.146    -1.853  164  156  174   -1
  75    -1.202     0.741     3.154  117  111  123   -1
  76     4.143     8.718    -5.814   30   31   33   -1
  77     0.009   -11.142    -3.647  235  219  245   -1
  78    -2.770    10.722    -8.955   11   14   15   -1
  79     8.167     8.525    -6.180   34   33   34   -1
  80     3.612    -7.985    -3.899  209  196  223   -1
  81     0.461   -11.712    -4.709  240  221  248   -1
  82   -11.749    10.685    -3.952    8   11   18   -1
  83    -3.106    -7.194    -2.797  197  187  209   -1
  84     3.121     3.561     3.009   84   82   90   -1
  85    -1.999   -11.014    -3.009  234  216  244   -1
  86     7.620    11.419    -2.029    2    5    1   -1
  87     7.308     5.348     9.809   58   54   61   -1
  88    -2.037    -1.115    -7.202  135  127  140   -1
  89     5.097    -0.322    -6.401  130  123  136   -1
  90     7.464     0.241    -3.372  122  115  128   -1
  91     0.256    10.151     1.420   14   16   20   -1
  92     1.414     0.646    -7.239  119  112  124   -1
  93     0.842    -7.717    -6.315  204  193  217   -1
  94    -8.149    -0.273     4.168  129  122  134   -1
  95     3.824    -4.080     4.479  163  157  175   -1
  96     5.530    -8.203    -9.401  211  199  224   -1
  97    -1.604    -5.993     2.996  189  180  198   -1
  98     7.175     4.163    -6.884   81   79   83   -1
  99    -2.311    -6.448     4.035  194  182  200   -1
 100    -6.680     4.993    -8.080   63   63   69   -1
 101     6.814    -7.651    -4.600  200  192  221   -1
 102    -6.708    -6.021    -2.703  188  178  196   -1
 103    -1.790     7.935    -7.131   37   39   45   -1
 104    -1.438    -2.174    -6.304  144  136  154   -1
 105    -7.863    -9.363    -1.326  221  204  230   -1
 106    -8.965    -9.817     4.687  226  208  235   -1
 107    -4.585   -10.568    -3.554  230  209  238   -1
 108    -4.222    -5.311     0.245  180  171  190   -1
 109    -4.906     7.763    -2.624   36   41   46   -1
 110     6.018     5.749    -2.968   54   52   55   -1
 111     4.225     8.204     0.405   35   36   40   -1
 112     3.095    -1.942     8.641  140  132  151   -1
 113     5.921    -3.056    -2.270  155  148  167   -1
 114    -3.990     5.722    -5.421   53   53   62   -1
 115    -2.612     5.121    -0.684   59   60   65   -1
 116   -11.888     5.868    -3.467   49   49   60   -1
 117    11.774     7.755    -2.309   40   40   42   -1
 118     2.267     9.959    -1.717   19   19   22   -1
 119    -9.747    10.740    -7.968   10   12   19   -1
 120    11.278     1.719     1.600  103   97  108   -1
 121     1.271     4.337    -5.974   78   77   79   -1
 122    -7.078     0.911     6.959  114  108  119   -1
 123   -10.704    -7.531    -2.027  205  190  213   -1
 124     5.123    -6.095    -9.004  185  177  197   -1
 125     8.767    -6.289     6.836  191  181  202   -1
 126    -5.725     1.599     9.294  104   98  109   -1
 127    -7.240    -4.997     1.681  177  167  186   -1
 128    -2.823     4.582     5.689   68   66   71   -1
 129     2.846     4.231     0.950   79   76   80   -1
 130   -11.275     5.380    -6.880   57   58   64   -1
 131     2.054     2.279     6.554   98   94  104   -1
 132    -1.114     4.843     7.760   61   61   66   -1
 133    -1.002     8.270     5.385   31   32   36   -1
 134     4.897     3.036    -9.604   95   91   98   -1
 135     3.772     8.225     2.217   33   34   38   -1
 136    -5.508     9.241     3.534   22   23   28   -1
 137     4.683     7.486    -9.415   41   42   47   -1
 138   -11.366     1.414     1.435  106  101  112   -1
 139    -4.430     9.711    -5.411   21   22   26   -1
 140    -8.212     9.816     2.099   17   18   24   -1
 141     1.255    -5.033    -3.806  175  166  188   -1
 142   -11.776     0.357    -6.544  121  114  127   -1
 143     0.551     5.780    -3.092   51   51   56   -1
 144    -6.599     4.445    -9.996   76   74   81   -1
 145    -8.244    -5.810    -6.953  183  174  192   -1
 146    -8.955     0.108     4.109  123  116  129   -1
 147    -0.842    -4.177     8.381  166  159  176   -1
 148    10.446     3.800    -8.270   83   81   87   -1
 149     8.650     8.000    -7.372   39   38   41   -1
 150    -6.315     4.476     3.491   70   67   73   -1
 151    -3.049    10.089    -9.252   18   20   23   -1
 152     4.156    -5.524     4.237  182  173  193   -1
 153     2.278     3.533    -2.833   89   83   91   -1
 154    -9.090    -1.617     3.654  139  131  146   -1
 155    -6.194    -7.709    -2.997  207  194  216   -1
 156    -9.167    -3.128    -4.012  158  149  165   -1
 157     2.422     7.522     8.789   38   37   43   -1
 158    -1.384    -5.997    -5.685  186  176  195   -1
 159    10.967     4.478    -7.637   77   73   72   -1
 160    -0.737    10.838     5.912    4    7   10   -1
 161   -10.748    -0.942     2.151  134  125  138   -1
 162    -1.171     5.633     4.259   52   50   58   -1
 163     1.759     6.062    -2.154   48   47   53   -1
 164    -0.635     4.511    -7.990   74   72   74   -1
 165     5.046     4.809    -2.249   67   64   67   -1
 166    -8.040     8.877    -7.823   27   30   35   -1
 167    -9.475    -6.948     0.298  196  185  205   -1
 168     7.290     6.214    -3.910   47   46   51   -1
 169    -6.393    -3.182     5.808  159  151  169   -1
 170     1.731    -1.483     1.194  137  128  144   -1
 171    -8.973    -2.217     1.142  146  138  155   -1
 172   -10.518     4.632    -8.882   69   68   75   -1
 173    10.862     3.452    -9.331   91   87   92   -1
 174    -6.262   -11.722     0.792  244  222  249   -1
 175    -7.301    -2.520     3.251  150  142  158   -1
 176     9.440    -4.417     0.472  167  160  180   -1
 177   -11.956     4.556    -6.968   71   70   78   -1
 178    -5.832     1.030     0.804  111  105  116   -1
 179     2.839     8.900    -1.706   28   28   32   -1
 180     2.681    10.635     9.339    9    8    9   -1
 181    -5.326    11.696     1.538    1    2    0   -1
 182    -6.519     0.791    -4.677  116  110  122   -1
 183     4.418     1.205     8.710  110  102  113   -1
 184    -5.194     9.498     3.991   20   21   25   -1
 185    -6.936     2.490    -6.299   96   93  103   -1
 186     3.583    10.949     4.508    5    6    6   -1
 187    10.240     8.716     5.224   29   27   31   -1
 188   -11.641   -10.149    -7.272  227  207  234   -1
 189    -3.755    -2.622     3.933  151  144  161   -1
 190    10.412     2.524     4.663   97   92  102   -1
 191    -2.355     3.252     4.235   92   86   94   -1
 192     7.823     8.927     8.827   26   25   27   -1
 193   -11.775    -2.139    -6.289  145  135  152   -1
 194    -1.292    10.419    -1.145   12   13   16   -1
 195     2.351    -3.016     6.404   -1  150  168   -1
 196     3.072     9.916     8.814   16   15   -1   -1
 197    -7.460     4.401    -8.013   -1   75   82   -1
 198    12.650     7.029    -4.006   42   -1   48   -1
 199   -10.800    -5.099    -1.000  178  168   -1   -1
 200    -7.417     3.215     9.725   90   88   96   -1
 201     9.164    -6.461    -1.587  190   -1  201   -1
 202    -4.857    -2.921    -4.249   -1  146  163   -1
 203     9.499     5.387     7.535   -1   56   59   -1
 204     4.602     4.380     4.486   75   69   -1   -1
 205     5.257     1.064     6.809   -1  104  115   -1
 206     3.773    11.269    -6.002    6   -1    7   -1
 207    -5.174    -3.309     8.204  160  152   -1   -1
 208   -10.129    -3.661     3.955  161  153  170   -1
 209    11.316    -0.952     5.765   -1  126  139   -1
 210    -2.952   -10.786     3.908   -1  217  243   -1
 211    -8.229    -3.830    -0.843   -1  155  173   -1
 212    -4.810    -4.595    -0.495  172  164  181   -1
 213    -4.806    -0.255     7.155   -1  120  133   -1
 214    -6.074     3.326     6.992   -1   85   95   -1
 215     6.665     8.352    -4.210   -1   35   37   -1
 216     9.127     5.005     9.814   -1   59   63   -1
 217    11.152   -10.595     6.762   -1  215  246   -1
 218    -2.553    10.041     9.271   13   -1   17   -1
