236
   1    -9.154    -5.909     2.448  186  171  195   -1
   2   -11.261    -1.118    -3.041  143  130  151   -1
   3     0.635    -5.011    -0.336  178  165  191   -1
   4     7.109    -2.839     2.722  159  146  168   -1
   5    -3.277    -7.543     1.444  203  186  210   -1
   6     7.325     1.596    -7.090  111   98  115   -1
   7     1.393     8.279     7.646   29   27   34   -1
   8    -0.908     7.218     5.560   42   39   45   -1
   9     0.455    -3.863     3.343  167  154  179   -1
  10   -10.252    -1.964    -4.966  150  136  158   -1
  11    -0.598    -3.208     8.944  161  148  171   -1
  12    -6.092     0.841     9.321  120  107  124   -1
  13     4.812    -9.272     1.269  221  201  234   -1
  14    -6.784     6.646     2.504   50   47   53   -1
  15     4.188     5.681    -2.812   60   53   61   -1
  16     3.343    -1.103     2.092  142  132  152   -1
  17    -3.859    -5.947     2.877  185  172  198   -1
  18     9.295    -7.279     6.288  198  183  212   -1
  19     2.065   -11.296    -1.618  244  222  256   -1
  20   -10.888     3.232    -5.398   90   81   99   -1
  21     0.802     7.643    -4.266   41   38   42   -1
  22     5.016    -3.504     4.637  164  152  175   -1
  23    -7.284    -0.959     0.077  141  127  148   -1
  24     3.628   -10.825     6.211  241  219  252   -1
  25    10.760    -4.570    -8.091  170  157  183   -1
  26     1.777     1.883    -5.284  106   95  113   -1
  27    -7.654     4.902    -4.821   66   58   69   -1
  28     1.092    -6.497     4.458  191  176  203   -1
  29     2.885    -8.896    -5.843  214  195  225   -1
  30     6.191     3.868     5.282   80   69   81   -1
  31     1.734     1.483    -3.438  113  101  117   -1
  32    -3.081     0.272    -1.743  132  118  135   -1
  33     4.907     0.487    -0.693  126  113  130   -1
  34   -12.280    -9.572    -5.599  230  204  230   -1
  35    11.114    -4.821     2.718  173  163  190   -1
  36    -7.272    -4.877     9.409  180  166  189   -1
  37     3.947    -2.250     0.015  153  141  163   -1
  38    -2.157     0.371     8.867  127  114  132   -1
  39    -4.518    -4.658     4.215  174  160  185   -1
  40    -1.213     1.564    -4.527  110   99  116   -1
  41    -0.925     6.695     7.523   48   44   49   -1
  42    -1.627    -0.560    -5.354  135  122  140   -1
  43    -8.997     7.065     2.102   44   41   47   -1
  44   -10.554     4.734    -9.585   67   62   73   -1
  45    -0.298     7.286     2.676   43   40   43   -1
  46    -2.080    10.333     2.668   13   14   16   -1
  47     6.172    -5.792     0.475  183  169  197   -1
  48    -0.409    -7.606    -9.375  199  181  207   -1
  49    -8.900    -6.906    -9.194  193  177  202   -1
  50    -0.834     3.181    -9.085   93   84  100   -1
  51     1.334     2.646    -3.149   97   89  106   -1
  52    -5.742     0.714     1.398  124  111  128   -1
  53     2.400     1.964     6.210  104   93  111   -1
  54     4.694    -5.377     5.620  181  168  193   -1
  55    -6.671     1.718     9.950  108   96  114   -1
  56    11.783    -0.996    -0.727  140  128  149   -1
  57     0.324     3.243     4.878   87   80   95   -1
  58     1.150    -7.522     1.399  200  185  211   -1
  59    -1.962     6.873     2.636   47   43   48   -1
  60     0.666    -3.497     1.793  165  151  173   -1
  61     1.936     0.390    -5.556  128  115  131   -1
  62     3.572   -11.400     5.360  252  229  264   -1
  63    -4.165    -9.455    -8.965  222  200  229   -1
  64     6.250     3.291     2.593   89   79   93   -1
  65    -2.699    -4.687     9.862  176  162  187   -1
  66    -3.745   -11.277    -4.365  246  218  249   -1
  67    -5.934    -0.679    -1.802  137  125  143   -1
  68    -6.763   -10.318     7.481  239  212  240   -1
  69     0.242     0.344     0.475  129  116  133   -1
  70     5.085     0.270     8.713  131  117  134   -1
  71   -11.101     4.430    -2.486   71   65   77   -1
  72    -2.889    -6.125     3.434  188  174  200   -1
  73     5.862     8.354     3.274   31   28   33   -1
  74    -5.577     6.657     3.830   49   46   52   -1
  75    -7.984    -3.358    -0.846  163  149  170   -1
  76     5.077    -5.806     9.817  184  173  199   -1
  77     3.453     6.762     0.271   51   45   50   -1
  78    -8.804     9.104    -3.590   23   25   28   -1
  79     2.774    -0.346    -7.978  133  120  137   -1
  80    -2.167   -11.102    -5.621  242  216  247   -1
  81     6.325    -7.509    -6.657  197  180  209   -1
  82    -1.900     9.679     2.645   21   20   23   -1
  83    -0.363    -9.501    -4.310  223  203  232   -1
  84    -4.588     1.257    -0.627  116  104  121   -1
  85     8.316    11.037     1.463    8    5    4   -1
  86    -6.025     2.058     4.924  103   92  110   -1
  87     0.047    10.305     9.776   10    8   11   -1
  88    -8.106    -9.692    -9.540  227  202  231   -1
  89   -11.903     5.224    -3.743   63   56   66   -1
  90     7.578    -8.721     2.907  213  197  227   -1
  91    -9.917     3.059     0.366   92   85  101   -1
  92    10.613     0.818    -9.306  123  109  125   -1
  93    -3.568     4.179    -0.364   75   68   78   -1
  94     7.309     3.629     1.453   86   75   87   -1
  95    -7.710    -7.528    -2.181  202  184  205   -1
  96     1.770    -8.984    -1.644  217  199  228   -1
  97     1.232    -8.490     3.249  211  194  221   -1
  98    -2.261    -4.672     7.743  175  161  186   -1
  99     2.577     1.150    -3.965  118  106  123   -1
 100     5.596    -2.748     3.841  158  145  167   -1
 101    -6.408    -6.278    -1.582  189  175  201   -1
 102    -0.552   -11.452    -4.696  248  223  255   -1
 103     5.996    -7.818    -4.184  201  187  213   -1
 104     6.305     1.328    -6.271  115  103  120   -1
 105     6.023    -3.719    -4.089  166  153  178   -1
 106     2.902   -10.337     9.217  238  215  245   -1
 107     8.329     3.097     1.585   94   83   96   -1
 108    -1.419     9.826     5.896   18   18   21   -1
 109    -4.724    10.825     7.674    3    4    8   -1
 110    -6.508     5.328    -3.261   62   55   65   -1
 111     5.290     8.490     3.152   28   26   30   -1
 112    -4.241     1.486    -4.071  112  100  118   -1
 113    -0.252     7.144    -4.174   46   42   46   -1
 114    -7.347   -11.678    -5.783  259  227  254   -1
 115     2.647   -11.591     4.177  258  231  265   -1
 116    -2.915     5.757    -2.397   56   52   63   -1
 117     8.778    -4.613    -5.722  171  158  184   -1
 118    -0.455     8.075     5.503   33   32   37   -1
 119    -8.592    -8.432    -9.704  209  190  215   -1
 120     7.960    -9.907    -9.379  224  205  237   -1
 121    11.597     8.024    -6.738   40   35   39   -1
 122    -2.551    -1.332     1.142  146  133  153   -1
 123    -0.926     3.633     9.366   83   73   86   -1
 124    -3.801     2.185     6.915  102   91  109   -1
 125    12.071     8.267     1.537   35   31   32   -1
 126    -3.885     4.312     3.102   72   67   76   -1
 127     3.075     9.696     7.387   20   19   20   -1
 128     3.591    -2.981     1.252  160  147  169   -1
 129    -7.011     3.563     1.457   85   76   92   -1
 130     3.264     7.689     3.345   39   36   41   -1
 131    -5.847    -0.899    -8.169  138  126  146   -1
 132     0.445   -11.199     9.839  255  230  261   -1
 133     4.947     1.845     1.691  107   94  112   -1
 134    -7.548     8.831     5.927   24   23   27   -1
 135    -9.403    -2.291    -9.549  154  140  161   -1
 136     2.938     2.471     6.406   98   90  107   -1
 137    -3.262     6.004    -5.172   55   49   59   -1
 138     9.626     1.415    -8.902  114  102  119   -1
 139    -5.256    -4.701    -4.966  172  159  182   -1
 140     5.814     5.847    -4.384   59   51   60   -1
 141    -7.544    -8.236     4.664  210  192  217   -1
 142     1.815    -0.587     3.663  136  123  141   -1
 143     1.660     3.245    -7.776   91   82   97   -1
 144     0.495    10.374     5.766   12   11   13   -1
 145     2.480   -10.750    -3.251  237  213  244   -1
 146    10.912    -2.614    -0.976  157  144  166   -1
 147    -3.928    10.618     4.068    7    7   10   -1
 148   -11.438     9.864    -4.354   19   22   25   -1
 149     5.007    -2.164    -4.378  151  138  160   -1
 150     9.398    -4.389    -2.250  169  156  181   -1
 151     8.265     8.899     3.206   27   24   26   -1
 152    -8.573     3.799     3.635   77   71   85   -1
 153    11.557    -6.840    -1.047  192  178  204   -1
 154     5.495     2.806     1.880   96   88  103   -1
 155     6.308    -2.237    -8.467  152  139  162   -1
 156    -3.531     0.805    -5.090  122  108  126   -1
 157     5.707    10.731    -8.801   16   15   12   -1
 158     5.666   -11.539    -1.033  249  228  262   -1
 159    -7.772     2.927    -8.741   95   87  104   -1
 160    -8.171     3.573     8.545   82   74   90   -1
 161    -7.025    -8.598     4.851  218  196  220   -1
 162     4.457     4.777    -5.497   68   60   68   -1
 163     1.150    12.386    -8.463    1    1    0   -1
 164    -8.176    10.962    -6.217    5    9   15   -1
 165    -1.262    10.030    -8.641   22   21   22   -1
 166     3.034     3.735     5.561   81   72   84   -1
 167     2.685     4.571     3.773   69   61   70   -1
 168   -12.038   -11.151    -0.259  254  221  246   -1
 169     7.968    11.108    -7.308    9    6    6   -1
 170    10.984     5.999    -7.502   57   50   57   -1
 171    -5.262   -11.339    -2.020  250  224  251   -1
 172     4.259    -7.119     7.651  196  182  206   -1
 173     8.951    -1.482    -3.093  148  134  155   -1
 174     0.677     7.673     8.693   37   34   40   -1
 175     2.463     4.028    -8.591   78   70   83   -1
 176     2.616   -10.039     9.247  234  210  241   -1
 177    -2.721   -10.359    -0.139  236  209  239   -1
 178    -5.577   -10.961     8.700  251  225  250   -1
 179     6.800   -11.070     7.746  243  226  260   -1
 180    11.380     5.644    -5.133   61   54   62   -1
 181    -7.599    11.332     3.141    2    2    5   -1
 182    10.217    -2.498    -1.947  156  143  165   -1
 183    -6.517   -11.958    -2.315  262  232  263   -1
 184    -6.721   -11.039    -9.558  240  214  242   -1
 185     1.268   -12.186    -3.393  261  234  266   -1
 186    -2.522    -4.883     2.229  177  164  188   -1
 187     1.687     7.886     9.250   34   33   38   -1
 188    -7.654    -8.127    -2.153  207  189  214   -1
 189     9.251     4.585    -4.897   73   63   71   -1
 190     5.446     4.287     5.231   74   66   74   -1
 191     6.596    10.647    -4.423   15   13    9   -1
 192     7.857    -1.580     4.862  149  135  156   -1
 193    -9.010     3.713    -7.683   84   77   91   -1
 194    -8.157    -9.489     5.912  231  206  235   -1
 195   -11.017    -1.127    -7.033  144  129  150   -1
 196     4.871    -2.256     8.112  155  142  164   -1
 197     2.224     5.973     3.500   54   48   55   -1
 198    -8.238     0.677    -9.164  125  112  129   -1
 199    11.360    -8.449     2.379  208  193  224   -1
 200    10.261    10.785    -1.944   14   10    7   -1
 201     2.820    -8.108     1.140  206  191  218   -1
 202     5.799     8.679    -8.294   30   30   31   -1
 203     8.315    -0.516    -5.238  134  121  139   -1
 204   -11.594    10.736    -5.303    6   12   18   -1
 205     3.906   -10.399     3.434  235  211  243   -1
 206   -10.581    -5.354     1.410  182  167  192   -1
 207    -6.981   -11.392    -8.616  247  217  248   -1
 208     5.239     1.172    -2.838  117  105  122   -1
 209    -3.330   -11.225    -1.324  245  220  253   -1
 210    -8.901    -9.604     8.079   -1  208  236   -1
 211    10.366     9.799     8.023   -1   17   17   -1
 212    10.736   -12.104    -3.411  257  233   -1   -1
 213    11.842    -7.884     5.502   -1  188  219   -1
 214   -12.485    -3.838    -3.163  168   -1  177   -1
 215    -3.294     4.973    -9.267   -1   59   67   -1
 216   -13.846     8.799    -1.930   25   -1   35   -1
 217     5.463    -4.041    -7.946   -1  155  180   -1
 218    13.131     9.445    -4.208   26   -1   24   -1
 219    -8.805     7.490     9.601   36   37   -1   -1
 220    13.622     6.478    -3.041   53   -1   51   -1
 221     8.270    -9.935    -4.476  228  207   -1   -1
 222    10.827    -9.817     2.598  229   -1  238   -1
 223     3.778    -3.363    -1.023   -1  150  172   -1
 224     1.862     8.246     1.331   32   -1   36   -1
 225    10.995     8.705    -8.045   -1   29   29   -1
 226   -10.928    -2.078    -5.228   -1  137  159   -1
 227     9.147    -1.439     4.143  147   -1  154   -1
 228     8.340    -7.487    -8.914   -1  179  208   -1
 229    10.796     3.432     6.918   -1   78   89   -1
 230   -10.238     1.550     6.464  109   97   -1   -1
 231     0.766    -8.818     1.097   -1  198  226   -1
 232     4.151    -0.587     7.085   -1  124  142   -1
 233    12.216    -3.494     0.438  162   -1  176   -1
 234   -12.954    -5.988    -3.887  187   -1  194   -1
 235    -8.788     0.755    -7.657   -1  110  127   -1
 236   -13.080    -0.872    -0.486  139   -1  145   -1
