225
   1    -0.046    -5.254    -9.073  186  162  191   -1
   2    -1.064   -10.828    -6.786  242  212  246   -1
   3    10.628    -1.967     0.119  152  131  155   -1
   4    -0.000    -0.148     9.956  132  112  134   -1
   5    -2.855    -6.945     9.315  202  177  206   -1
   6     5.095    -7.748    -3.735  205  181  212   -1
   7     3.341   -10.303     8.747  241  213  248   -1
   8    -6.281    -4.434    -4.659  179  154  179   -1
   9    -3.220    -0.428    -7.888  138  118  140   -1
  10    -3.399   -11.088    -2.623  250  215  249   -1
  11    -4.743    -1.426     1.687  146  125  150   -1
  12    -9.382    -4.531     5.637  182  158  184   -1
  13    -5.756     2.454     3.603   96   82  102   -1
  14   -11.067    -5.553    -1.783  190  166  194   -1
  15    -1.222    -1.623    -2.840  148  127  152   -1
  16    -5.175    -5.341    -2.806  189  164  193   -1
  17    11.568     1.010    -4.793  115   97  117   -1
  18    -8.053     3.236    -5.256   88   75   93   -1
  19     4.382    -0.377    -3.949  136  116  138   -1
  20    -7.014    -5.762    -1.763  193  168  197   -1
  21   -12.055    -2.483    -6.226  154  132  157   -1
  22     4.284   -11.542     1.511  251  221  261   -1
  23    -4.224     3.792     2.016   83   69   85   -1
  24    10.707     5.346     4.237   67   52   61   -1
  25    -4.216    -9.366     1.803  229  201  233   -1
  26    -2.746    -5.584     4.080  191  167  196   -1
  27     0.647    -8.841     2.840  223  199  229   -1
  28     1.481    -1.039     2.684  143  121  145   -1
  29    -0.727    -8.022     2.089  210  183  213   -1
  30    -2.873     0.117     7.201  127  108  130   -1
  31   -11.566    -7.620    -6.099  207  180  210   -1
  32     5.063   -10.702    -5.159  240  211  247   -1
  33    -6.427     7.234     0.054   40   34   42   -1
  34   -11.092     3.568    -0.066   85   71   91   -1
  35     7.291     4.539    -5.059   78   64   76   -1
  36    -3.990     0.780     3.698  119  100  121   -1
  37    -3.930    -9.072    -4.411  225  198  227   -1
  38   -10.620     5.777    -0.793   56   49   60   -1
  39    -1.481    -0.330    -9.818  135  115  137   -1
  40    -2.690    -4.026    -0.609  169  147  175   -1
  41     1.273    -9.602    -6.043  228  200  234   -1
  42     3.348    -5.729     7.406  192  170  200   -1
  43    -4.886    -2.645     5.407  156  135  162   -1
  44    -0.493    -8.591     2.861  220  192  225   -1
  45   -10.301     6.796    -8.443   46   39   47   -1
  46    -1.342     8.320    -8.146   33   27   34   -1
  47    -4.321    -3.407    -8.316  162  140  168   -1
  48     2.616    -8.487    -3.860  212  186  220   -1
  49    -4.423   -11.836    -7.560  253  220  255   -1
  50    -0.838     6.638    -0.895   47   38   46   -1
  51    -8.950    -0.731     0.154  141  120  142   -1
  52     4.735     3.200    -6.162   90   76   92   -1
  53     0.323   -10.218     3.146  238  210  243   -1
  54    -2.017    -7.296    -3.100  203  178  207   -1
  55     1.874    -5.339     0.586  188  165  195   -1
  56     0.659    -0.395     7.399  137  117  139   -1
  57    -4.824     8.947    -8.571   28   24   31   -1
  58     4.199    -8.607    -5.048  213  188  222   -1
  59   -12.357     0.802    -4.435  118  101  122   -1
  60    -5.939     7.836    -9.205   35   31   39   -1
  61     0.526   -11.991     0.465  255  224  262   -1
  62     5.710     0.578    -3.012  122  104  125   -1
  63    -3.775    12.005    -8.092    6    5    5   -1
  64    -1.795    -6.794    -3.084  200  175  204   -1
  65    10.497     2.467    -1.112   99   83  101   -1
  66    10.632    -9.855     4.884  231  206  242   -1
  67    -4.935     0.321     1.334  125  106  128   -1
  68    -6.817    -7.552    -7.264  204  179  209   -1
  69    -6.312    -4.893     2.030  184  160  188   -1
  70   -10.711     2.366     1.272   98   84  103   -1
  71    -5.937     0.265     8.735  126  107  129   -1
  72    -5.784    -3.409     1.754  163  141  169   -1
  73    -8.546     9.784    -6.876   22   18   25   -1
  74   -11.126    -8.646    -2.616  222  191  218   -1
  75    -2.517   -11.793    -8.933  252  219  254   -1
  76    -7.370     1.689     5.551  105   88  108   -1
  77    -2.133     1.388     3.902  109   91  111   -1
  78    -9.543    -8.454    -2.890  218  185  216   -1
  79    -6.833     0.772     2.997  120  102  123   -1
  80    -6.761     5.347    -6.399   66   56   68   -1
  81    -8.227    -9.818     2.503  235  204  236   -1
  82     0.404    -2.464     4.632  153  133  160   -1
  83   -11.487    -4.154    -0.881  176  150  176   -1
  84    -7.270     6.766     8.886   44   35   45   -1
  85   -10.377    -0.306     1.870  134  114  136   -1
  86    -7.636     4.691     6.527   72   61   74   -1
  87     7.731     9.264    -7.065   27   22   26   -1
  88     8.416     6.892    -8.030   48   37   44   -1
  89    -3.333     5.761    -3.363   61   50   59   -1
  90    10.671     2.084    -9.009  103   86  105   -1
  91    -7.182    11.168     2.785   10   10   10   -1
  92     0.083     1.062     1.233  112   95  115   -1
  93    -6.310    -6.816     0.606  201  176  205   -1
  94     9.840     8.393     5.798   32   25   29   -1
  95    -4.676     9.893     3.671   20   15   19   -1
  96     2.922    -0.181    -4.324  133  113  135   -1
  97     2.465    11.601    -8.134   14   11    8   -1
  98     6.867    -9.756     1.758  230  203  239   -1
  99   -11.246    -5.889    -3.972  194  169  198   -1
 100    -8.722     5.099    -8.967   71   60   73   -1
 101    -4.582     3.005    -0.739   91   77   94   -1
 102    -7.319    -8.130     3.807  214  184  214   -1
 103    -9.298    -1.256     4.023  144  123  147   -1
 104     9.325     7.154     5.312   43   33   40   -1
 105     4.903    -7.986     2.897  208  182  215   -1
 106    -7.859     0.860     7.847  116   98  119   -1
 107    -4.670     4.813    -4.867   74   62   75   -1
 108     6.036    -0.086     2.516  130  110  132   -1
 109    12.134     2.542    -0.892   97   81   99   -1
 110     9.246    -4.586    -2.145  180  156  186   -1
 111    10.460   -11.410    -5.616  247  218  257   -1
 112     4.460     7.189     6.385   41   32   41   -1
 113     9.944    -8.705    -7.131  211  189  226   -1
 114     5.463    10.801     1.570   15   12   12   -1
 115    -1.585     8.862    -4.904   29   23   30   -1
 116     7.040    -4.332    -3.446  175  153  181   -1
 117    -0.374    -4.104    -3.314  170  148  177   -1
 118    -9.293    -6.000     0.748  195  171  199   -1
 119     4.079    -9.014    -6.013  221  194  228   -1
 120     0.864    -5.065     8.111  187  163  192   -1
 121     5.216     5.150     6.655   70   54   64   -1
 122     2.634    -4.454    -4.880  178  155  183   -1
 123    -6.260    -3.927     9.367  172  149  174   -1
 124     0.964    -2.793     3.411  158  137  164   -1
 125     6.916   -11.058    -1.289  245  216  252   -1
 126    -3.182    -5.107    -7.309  185  161  189   -1
 127    -1.004     5.213     1.902   68   55   66   -1
 128     0.299     9.141     7.863   24   19   24   -1
 129     3.458     5.706     6.359   59   47   56   -1
 130     0.603    11.606    -4.970   11    8    6   -1
 131    -7.042    -2.976    -2.631  159  138  165   -1
 132     4.132     6.071    -8.090   57   46   53   -1
 133     2.438    -0.104    -7.046  131  111  133   -1
 134    -9.361    -1.534     1.112  147  126  151   -1
 135     1.001     0.595     0.362  121  103  124   -1
 136     1.323    -2.695     5.846  157  136  163   -1
 137    -6.402    -6.216     2.923  197  172  201   -1
 138     0.086     4.462    -5.315   79   65   78   -1
 139     0.360     9.291    -4.323   25   21   27   -1
 140    -5.737     5.423     3.410   62   51   62   -1
 141     5.765    -5.002    -3.500  183  159  190   -1
 142    -1.162     2.634     6.898   94   79   97   -1
 143     6.493     6.287    -0.533   52   40   49   -1
 144   -10.807   -10.252    -8.217  236  205  237   -1
 145    -5.030    -0.665     6.440  140  119  141   -1
 146    -8.317    -8.376     4.160  219  190  217   -1
 147     3.357    -1.763     6.029  149  128  154   -1
 148     8.585   -10.276     1.218  234  209  245   -1
 149     4.156     1.435     4.667  108   90  109   -1
 150     6.045    11.769    -5.064   12    6    4   -1
 151     6.408    -3.718     6.895  164  145  173   -1
 152    -9.734    -2.944     3.439  161  139  166   -1
 153    -8.483     9.968    -2.811   21   16   21   -1
 154    -9.796    -3.754    -4.368  166  142  170   -1
 155    -8.566     0.029     8.441  128  109  131   -1
 156    -2.182     7.118    -5.599   45   36   43   -1
 157    11.280     1.374    -8.482  110   92  112   -1
 158     1.517     4.328    -6.828   80   67   82   -1
 159    -5.456    -6.530    -1.294  199  174  203   -1
 160    -0.528    -8.558    -5.726  215  187  219   -1
 161    -3.376     0.819     0.500  117   99  120   -1
 162     2.429    11.543     4.882    8    4    3   -1
 163     6.590    -4.567    -1.213  181  157  185   -1
 164    -3.037     8.148     9.631   31   26   32   -1
 165    -6.543     1.992     9.104  101   85  106   -1
 166    -1.937    10.761    -8.136   16   14   16   -1
 167    -3.975     6.126     4.014   51   41   50   -1
 168    -0.209   -11.675     0.728  254  222  260   -1
 169     4.347     3.575    -2.940   86   73   89   -1
 170    -9.881    -2.500     0.964  155  134  158   -1
 171    -6.436    -6.591    -5.844  198  173  202   -1
 172     2.873   -10.725     2.856  244  214  250   -1
 173     2.957    11.955     1.074    4    2    1   -1
 174    -7.746     1.451     2.644  107   89  110   -1
 175     8.648     5.939     1.287   58   44   51   -1
 176    -2.341     2.739    -7.270   95   80   98   -1
 177    -9.305     1.983    -6.041  102   87  107   -1
 178    -5.083    -3.720    -0.439  165  143  172   -1
 179    -9.013    -3.746    -0.595  167  144  171   -1
 180    -9.396     4.494    -8.593   76   66   81   -1
 181    -5.079     5.769     6.693   55   45   58   -1
 182    -7.574     5.985     8.954   50   42   52   -1
 183   -10.509    -8.769     3.047  226  197  223   -1
 184    -8.542     0.400    -4.105  124  105  127   -1
 185    -9.382    -9.833     5.880  237  207  238   -1
 186     8.869    10.911    -5.050   17   13   14   -1
 187     5.811   -10.143     2.224  233  208  244   -1
 188     3.158     3.613    -9.344   87   74   90   -1
 189     3.162     5.987    -9.386   60   48   57   -1
 190    -5.327     4.293     9.009   77   63   80   -1
 191    -5.138    11.656     7.989    2    1    2   -1
 192     7.284     1.025    -4.743  114   96  116   -1
 193   -10.649     9.583    -9.433   23   20   28   -1
 194    11.006    -4.286    -0.919  173  152  182   -1
 195    -4.176     7.854    -3.656   34   28   38   -1
 196    -1.892     5.857     6.922   54   43   54   -1
 197    -6.004    -1.276     2.627  145  122  148   -1
 198    -4.516     5.479    -8.589   65   53   65   -1
 199   -11.347     5.138    -2.455   69   58   72   -1
 200     1.579   -11.135    -0.349  249  217  251   -1
 201    12.031    -8.918    -1.882  217  195  232   -1
 202     7.377    -4.351    -8.098  174  151  180   -1
 203    -9.918     1.062     4.670  111   93  118   -1
 204     9.167     7.387     8.259   38   30   37   -1
 205     6.287    11.992     0.635    5    0    0   -1
 206    -9.725    11.655     3.190    1    3    7   -1
 207   -11.276    11.612    -6.132    7    9   11   -1
 208   -11.906     5.360    -3.420   63   57   67   -1
 209   -11.562    -9.483     3.436  232  202   -1   -1
 210   -12.440    11.122    -2.787   13   -1   15   -1
 211    12.886     3.862    -0.819   84   -1   83   -1
 212    -2.271    -1.867    -7.907  150  129   -1   -1
 213    -0.911     7.549     3.554   37   29   -1   -1
 214     8.065     3.960     8.869   81   68   -1   -1
 215    -3.396    -1.442    -3.600   -1  124  149   -1
 216    -4.306     3.950    -9.149   82   -1   84   -1
 217     2.878     3.651     0.158   -1   70   86   -1
 218     9.516    -8.652     3.657   -1  193  230   -1
 219     0.923     1.104    -9.617  113   -1  114   -1
 220    -8.942   -12.278    -9.164   -1  223  259   -1
 221    -3.134    -8.963    -2.817  224  196   -1   -1
 222   -12.125     5.240    -6.262   -1   59   71   -1
 223     1.633    -1.858     1.827  151  130   -1   -1
 224    11.559     7.697    -0.723   39   -1   35   -1
 225   -10.802    -9.023    -4.800  227   -1  224   -1
