256
   1    -9.703    -7.502    -0.265  227  202  225   -1
   2    -0.969    -7.284    -4.430  222  200  222   -1
   3    -0.537    -3.278    -2.209  175  161  177   -1
   4   -10.884    -2.539    -5.421  164  149  164   -1
   5   -10.132     0.147    -3.596  135  125  139   -1
   6    10.337    -1.829    -3.161  154  141  157   -1
   7    -9.478     2.924    -0.935  105   93  106   -1
   8     5.957   -11.555     7.751  277  255  283   -1
   9     8.870    -9.163     6.439  247  229  254   -1
  10    -5.354    -8.742    -8.724  241  217  239   -1
  11     0.516    -4.645     9.436  197  179  199   -1
  12    -2.701    -0.209     4.223  139  129  142   -1
  13     4.171    -8.639     7.072  242  219  243   -1
  14     1.566    -8.096     9.559  236  215  238   -1
  15    -3.432    -9.121    -2.921  246  221  245   -1
  16     6.888     9.077    -4.182   43   38   39   -1
  17     6.868    -8.943     9.286  244  224  250   -1
  18    -4.702     7.812     4.104   51   44   53   -1
  19    -4.066    -6.764    -1.890  216  195  217   -1
  20    -1.813    -2.799     3.762  167  152  169   -1
  21    -3.964    -5.195     6.419  205  187  205   -1
  22     6.987   -10.681     7.747  265  244  274   -1
  23    -0.634    -0.901     1.391  146  135  148   -1
  24     3.068    -1.219    -4.835  149  138  151   -1
  25    -8.720    -0.948     7.688  147  136  149   -1
  26    -7.180    -8.140    -8.008  231  208  230   -1
  27    -0.565    -8.818    -9.561  240  218  241   -1
  28    -6.343    -3.616     1.134  182  166  184   -1
  29     3.007     0.991     4.856  126  116  129   -1
  30     9.628     4.021    -3.751   92   81   90   -1
  31     2.708   -11.758    -4.538  276  252  279   -1
  32     5.446   -10.141     9.942  263  239  265   -1
  33    -5.943    -4.270    -4.042  187  170  189   -1
  34    -1.060     4.577     2.755   84   73   85   -1
  35     0.464     0.662     6.055  128  118  131   -1
  36     4.032     4.097    -4.819   91   80   89   -1
  37    -5.645    -5.182    -0.159  203  183  203   -1
  38     3.567    10.964    -6.874   18   14   15   -1
  39    -3.369    -4.360     3.756  190  173  192   -1
  40     9.826    -9.287     0.183  245  225  253   -1
  41    -6.737    -4.024     2.015  185  168  187   -1
  42    -8.080    -8.291     0.667  239  214  235   -1
  43    -3.964     3.414    -5.912  100   89  101   -1
  44    -9.872     4.235    -5.532   88   77   91   -1
  45     2.526    11.743     3.580    5    7    5   -1
  46    -1.475   -11.854    -1.217  278  253  280   -1
  47    -9.494    -2.576     2.984  166  150  167   -1
  48    -5.715    -9.267     3.465  254  228  248   -1
  49     4.947    -5.161     1.472  201  184  206   -1
  50    -0.103     0.296     1.468  132  122  135   -1
  51    -5.396     6.520    -8.535   66   60   68   -1
  52     6.304     0.110     0.298  136  126  140   -1
  53     0.322   -11.482    -2.545  272  251  276   -1
  54     5.765    -8.623    -5.655  238  216  242   -1
  55    -1.900     0.164     9.719  134  124  137   -1
  56     6.323     7.846    -2.012   53   46   52   -1
  57     7.638     7.615     7.651   55   45   51   -1
  58    -1.168     7.190     0.321   59   51   58   -1
  59     4.702    -3.196     0.223  174  156  176   -1
  60    -6.935   -11.540     7.043  280  254  277   -1
  61   -11.623     9.831    -4.173   28   26   33   -1
  62     5.471     4.628     9.566   83   71   82   -1
  63    -2.627    -8.276    -8.622  232  211  233   -1
  64   -10.895    11.145    -9.823   15   13   21   -1
  65    11.648     6.195     1.201   71   62   67   -1
  66    -0.147     9.937    -6.980   34   25   28   -1
  67    10.954     3.209     3.072  102   90  100   -1
  68    -0.736    -7.852    -0.942  229  206  231   -1
  69     4.425    -9.579    -7.335  249  226  252   -1
  70    -9.138    -5.567     0.272  209  189  209   -1
  71    -0.829   -10.394    -7.825  260  235  260   -1
  72    -6.090    -4.591     4.079  193  176  193   -1
  73    -4.604    -0.967     8.081  148  137  150   -1
  74     9.555    -7.596    -1.420  223  204  229   -1
  75    -7.786   -10.172    -3.153  262  234  257   -1
  76    -7.681    -9.075     1.908  250  223  244   -1
  77   -10.994   -11.392    -7.791  274  246  267   -1
  78    -0.537    -4.123    -0.858  184  169  188   -1
  79     8.725    -3.166    -6.977  170  155  174   -1
  80     4.207    -1.963    -3.793  158  143  158   -1
  81     3.924    -2.918     5.261  168  153  171   -1
  82    -1.035    -8.278    -1.159  235  213  237   -1
  83   -10.612     5.131    -2.682   79   70   80   -1
  84     4.142     1.809    -8.594  117  104  118   -1
  85     5.464     6.594    -3.966   67   58   66   -1
  86    -6.051    -8.109    -4.496  233  210  232   -1
  87    -9.052     9.214    -1.103   37   34   44   -1
  88     2.874     3.360     5.557   99   87   98   -1
  89    -1.204    -2.541    -9.470  162  147  165   -1
  90     9.670    -9.206    -7.827  243  220  247   -1
  91     2.310     4.767     1.018   82   72   83   -1
  92     0.290     1.331    -1.085  120  111  124   -1
  93     4.215    -6.104    -0.280  211  191  212   -1
  94     8.001   -10.423    -3.568  259  237  264   -1
  95     3.252    -4.980    -4.077  198  180  201   -1
  96    -0.719    -4.997    -1.835  200  181  200   -1
  97     4.579     1.103    -0.664  125  115  127   -1
  98     2.780     5.466     7.250   78   65   75   -1
  99     0.989   -10.982    -3.259  267  242  269   -1
 100     0.728     7.171    -6.568   61   53   61   -1
 101     0.544    -1.405    -9.347  150  139  152   -1
 102     1.169    11.001    -9.606   17   15   17   -1
 103    -3.477     0.577     7.676  129  119  132   -1
 104   -11.172    -6.860     3.422  221  196  218   -1
 105     7.173     6.547     9.985   64   55   64   -1
 106     9.390    -2.656     4.037  165  151  168   -1
 107    -6.550     6.317     1.846   65   59   70   -1
 108     7.286     0.275    -5.085  133  123  136   -1
 109     2.910   -11.107    -6.226  266  241  271   -1
 110     5.427    -3.791     6.345  183  167  186   -1
 111     5.836    -7.496     1.976  224  203  226   -1
 112     1.008    -9.768     0.015  257  232  256   -1
 113   -11.223    -7.960     0.183  234  209  228   -1
 114    -5.529    -0.586     5.290  143  133  146   -1
 115    -6.078    -6.895     2.332  219  197  219   -1
 116    -7.102     1.916     7.518  113  101  114   -1
 117     2.429    -4.686    -3.463  192  175  196   -1
 118     3.945    -6.503    -4.367  214  193  215   -1
 119    -7.898    -3.509     6.342  181  165  181   -1
 120     4.352     3.459     2.994   98   86   96   -1
 121   -10.398     1.717    -0.196  116  105  119   -1
 122   -10.696     3.495    -5.545   97   88   99   -1
 123    -3.568   -11.144    -2.165  270  245  270   -1
 124     9.859    -4.388     5.435  189  174  194   -1
 125   -10.643    -3.344    -9.302  176  159  173   -1
 126    -4.061     5.725     3.601   74   64   72   -1
 127     7.583    -1.589     0.067  152  140  153   -1
 128    -7.759    -4.914    -5.327  199  178  198   -1
 129     0.676   -10.131     2.505  261  236  261   -1
 130    -7.548   -11.161     3.563  275  250  273   -1
 131     1.091    -9.467    -2.596  252  227  251   -1
 132    -6.088     9.661    -0.148   32   28   30   -1
 133    -0.251     3.846    -3.329   93   83   94   -1
 134   -12.373     3.670    -5.274   95   85   97   -1
 135     8.322     4.113     9.739   89   76   86   -1
 136    10.233     4.737    -7.452   85   74   84   -1
 137     8.978    10.419    -2.887   26   18   20   -1
 138    -9.352     9.620     3.264   30   24   32   -1
 139    11.588    -3.455    -0.785  177  162  183   -1
 140    -1.918    -7.020     1.454  220  198  220   -1
 141   -10.325     9.600    -2.553   33   30   35   -1
 142     2.890     0.687     8.302  127  117  130   -1
 143    -6.846    -2.411     5.323  163  148  163   -1
 144     1.088     7.882    -6.408   52   47   54   -1
 145     5.598    -6.564    -2.713  215  194  216   -1
 146    -4.961     2.923    -6.066  108   94  107   -1
 147    -8.045     8.795    -5.792   42   42   47   -1
 148    10.668    -3.231     0.627  173  160  179   -1
 149    -4.414    -8.306    -2.204  237  212  236   -1
 150     2.501     8.236     5.953   49   43   48   -1
 151     6.917     4.104    -2.011   90   78   88   -1
 152    -1.878     3.730    -0.849   94   84   95   -1
 153     2.423    -9.634     0.969  255  231  255   -1
 154    10.388    10.776    -6.721   22   16   14   -1
 155     6.732    -6.961     6.732  218  199  223   -1
 156    -0.236     7.440    -3.529   58   49   56   -1
 157    -0.551     9.438    -6.847   38   32   36   -1
 158     5.757   -11.137     1.126  268  249  275   -1
 159     9.593    10.602     4.255   20   12   10   -1
 160    -7.025    10.930    -2.370   16   11   18   -1
 161    -5.832     5.197    -5.445   80   69   79   -1
 162     4.716     2.580    -5.774  109   97  110   -1
 163     3.423    -3.408     6.608  179  163  182   -1
 164     4.160    10.183    -0.576   27   20   23   -1
 165    11.839     0.577    -7.857  130  120  133   -1
 166    -2.820    11.659    -9.078   11   10    8   -1
 167    -9.066     5.631    -9.034   77   66   77   -1
 168    -6.638    -5.333     7.737  207  188  208   -1
 169     1.897     1.238     8.701  122  113  125   -1
 170    -3.263     9.510     4.033   35   27   29   -1
 171     8.275     8.645     5.212   48   39   42   -1
 172    -7.158    -4.225     1.642  188  171  190   -1
 173     6.869     2.551     0.319  110   96  109   -1
 174    -0.339     8.939     2.179   41   35   41   -1
 175   -11.391    -9.766    -5.217  258  230  249   -1
 176     4.757     1.204     7.126  123  114  126   -1
 177    -8.706    -5.160     4.853  204  186  204   -1
 178    -5.691     7.162    -5.622   60   52   62   -1
 179    -9.380     2.910    -7.343  107   95  108   -1
 180    -3.184     9.259    -7.352   39   36   43   -1
 181    -0.590   -10.354     3.680  264  238  262   -1
 182     6.741     2.126    -3.882  112   99  112   -1
 183    -2.249   -12.191    -5.577  282  256  282   -1
 184   -12.098    -7.310    -2.273  225  201  221   -1
 185     9.198    -0.465    -7.120  141  130  144   -1
 186    -1.927     2.095    -3.658  111  100  113   -1
 187     3.433    -9.649     5.137  256  233  258   -1
 188    -3.043     0.010    -3.414  137  127  141   -1
 189     6.994     6.778     1.482   62   56   63   -1
 190    -9.553   -10.933     5.055  273  248  268   -1
 191     3.431     8.956     6.155   40   33   37   -1
 192     6.433     8.960    -7.637   47   41   45   -1
 193    -3.066    11.395     4.041    7    8    7   -1
 194    -7.760    -1.982     5.352  159  144  160   -1
 195   -10.671     7.352     0.934   56   48   60   -1
 196    -2.033    -6.253     0.847  213  192  213   -1
 197    -7.163   -10.915    -0.790  269  243  266   -1
 198    10.001    -8.014    -6.957  226  205  234   -1
 199     2.896    11.796     6.212    2    4    2   -1
 200    -9.601    -4.413     0.659  191  172  191   -1
 201   -11.059    -5.265    -1.603  206  185  202   -1
 202    -6.535     1.440     1.861  119  109  122   -1
 203     3.001     6.080     6.482   69   61   69   -1
 204    -9.378    -7.851    -0.120  230  207  227   -1
 205     0.495     6.513     8.186   63   57   65   -1
 206    -2.585    -1.896     5.441  157  142  159   -1
 207    -4.192     1.895    -7.571  114  102  116   -1
 208    -3.685     5.939     4.020   70   63   71   -1
 209    -5.683     1.609     4.078  118  107  120   -1
 210     8.954     8.733     6.426   45   37   38   -1
 211    -0.153     3.207    -9.258  103   92  103   -1
 212    -0.880    -4.595     8.335  195  177  197   -1
 213    11.289    11.918    -8.136   12    9    6   -1
 214    -4.404    -3.390    -9.723  178  158  178   -1
 215     1.548     8.429     8.554   46   40   46   -1
 216     6.322    12.140    -4.020    4    5    1   -1
 217     3.853     1.872    -8.499  115  103  117   -1
 218    11.543    -5.918    -4.762  208  190  211   -1
 219    11.114    10.056     1.480   31   22   22   -1
 220    -0.847    12.417    -6.294    0    2    0   -1
 221   -10.063    -2.973     5.498  171  154  170   -1
 222    10.827    -0.637     3.002  144  134  147   -1
 223    -2.777     9.909     1.114   29   23   26   -1
 224    -8.983     9.985     5.046   21   21   25   -1
 225    -8.980     4.381    -4.565   87   75   87   -1
 226    -0.378    -3.169     0.316  172  157  175   -1
 227   -10.673    -0.209     2.264  138  128  143   -1
 228    -4.247     9.466     0.020   36   31   34   -1
 229    -3.389     7.463    -3.322   57   50   57   -1
 230    -3.978    -2.195     2.160  160  145   -1   -1
 231   -12.931    -6.743    -3.412  217   -1  214   -1
 232     9.822    -5.357    -9.263   -1  182  207   -1
 233    13.184    -9.746    -0.736  253   -1  259   -1
 234   -10.569    -0.492    -5.397  142  131   -1   -1
 235     9.801     4.931     8.500   -1   68   78   -1
 236   -12.078     3.261    -7.690   -1   91  104   -1
 237    13.468    -3.719    -2.665  180   -1  185   -1
 238     7.747     1.325     0.419   -1  110  123   -1
 239    -5.715    12.245    -1.155   -1    0    4   -1
 240    10.246    11.790     2.879    9    6   -1   -1
 241   -11.949     1.215     1.250  124  112   -1   -1
 242     2.252   -11.705     9.631  283   -1  284   -1
 243     2.740     5.758    -4.781   76   -1   74   -1
 244     0.007     2.233    -8.536   -1   98  111   -1
 245    11.288     0.315     4.377   -1  121  134   -1
 246    -2.570    10.774     7.533   14   -1   11   -1
 247    -2.849    10.447    -9.496   24   -1   24   -1
 248     7.246     9.120    -6.902   44   -1   40   -1
 249    -7.183    -3.567    -2.769   -1  164  180    0
 250     9.411     7.084    -3.737   -1   54   59    0
 251    -3.682     1.520    -4.876   -1  108  121    0
 252    -4.356     9.598     0.165   -1   29   31    0
 253   -12.625     7.866    -2.234   50   -1   55    0
 254    -0.066     3.110     7.477  101   -1  102    0
 255    -0.984   -10.385     4.434   -1  240  263    0
 256   -12.427    11.098    -0.729   10   -1   16    0
