238
   1    -8.251    -4.637     9.284  183  173  193   -1
   2    -6.992     0.161    -0.085  127  124  137   -1
   3     4.019    -7.713     5.098  216  205  231   -1
   4     6.181    -7.475    -1.974  209  197  226   -1
   5     3.458    -3.336     1.766  168  160  178   -1
   6     1.961     0.211    -4.369  124  121  134   -1
   7   -11.953    -0.703    -3.956  136  131  145   -1
   8    -0.183    -4.343    -8.248  179  169  188   -1
   9    -1.202     4.243    -5.941   84   85   89   -1
  10    -1.411    -0.426    -2.476  133  129  143   -1
  11    -7.261    -1.431    -3.156  147  138  154   -1
  12    -0.713    -2.653    -5.063  163  155  171   -1
  13     4.949     4.912    -7.641   83   83   84   -1
  14     6.682    -7.543     5.355  213  199  230   -1
  15     7.894   -11.242    -0.484  246  226  265   -1
  16    -4.565    -9.053     0.668  232  212  239   -1
  17    -0.980    -7.801    -1.277  218  201  228   -1
  18    -7.179     6.286     1.835   61   61   66   -1
  19     0.111     2.003     1.168  107  105  114   -1
  20    -8.628    -8.777     4.779  231  210  238   -1
  21     2.115    -1.143     7.562  141  134  151   -1
  22    -6.316   -11.525     8.516  263  239  269   -1
  23     7.521    -4.076    -0.422  175  166  186   -1
  24    -0.746    -3.865     5.743  173  164  184   -1
  25     9.393    -1.449    -5.253  145  139  156   -1
  26     0.949    -5.206     3.574  187  178  200   -1
  27     3.889    -2.929     4.455  164  156  173   -1
  28    -8.476    -8.377    -3.299  225  207  234   -1
  29    11.971     0.305     1.636  121  117  129   -1
  30     1.913     9.854     7.795   22   22   22   -1
  31     8.708     1.369    -7.259  111  109  119   -1
  32    -2.829     6.788     5.337   58   56   58   -1
  33    -9.001     7.383     0.882   51   53   55   -1
  34    -2.326     9.183     4.555   33   32   33   -1
  35    -0.592    -0.336    -8.092  132  128  142   -1
  36     4.796   -11.246     1.147  248  230  264   -1
  37     4.475    -3.248     1.749  166  158  176   -1
  38     0.001    -9.178     3.957  233  213  244   -1
  39     1.979    -7.251    -0.377  208  194  223   -1
  40    11.584    -7.372    -4.387  206  195  224   -1
  41    -9.341    -4.043    -1.845  177  165  183   -1
  42     7.099     9.015     7.852   37   33   29   -1
  43    -0.885    -1.526    -2.790  150  143  157   -1
  44    -0.913     3.288    -0.904   99   98  105   -1
  45     2.814     0.203     0.693  125  122  135   -1
  46     2.840    -6.108    -3.589  193  182  207   -1
  47     3.953    -5.117    -7.975  184  175  197   -1
  48    -9.052    -9.955     6.145  242  221  250   -1
  49    -8.605     9.194    -4.964   35   36   40   -1
  50    -3.607    -2.532    -5.857  162  153  169   -1
  51     1.346     5.849     6.871   68   63   68   -1
  52     8.317     8.044     4.134   46   45   46   -1
  53   -10.515     2.833    -0.517  104  103  111   -1
  54     2.901     8.466    -8.486   44   44   47   -1
  55    -6.154    -6.000     3.515  194  183  206   -1
  56    -0.749    -1.251    -5.125  142  136  152   -1
  57     6.241     8.713    -4.035   42   42   41   -1
  58     6.087    10.235     8.716   19   17   16   -1
  59    10.001     4.135    -1.208   88   86   88   -1
  60    -7.897     5.086    -6.055   79   80   83   -1
  61    11.955     4.238    -1.620   86   84   86   -1
  62     1.905    -0.787    -7.493  137  132  146   -1
  63     3.342    -9.293     6.661  235  215  247   -1
  64    -3.262    -6.356     7.474  199  186  211   -1
  65     0.034   -10.416     0.333  243  223  255   -1
  66    -2.444     2.618    -8.845  105  104  112   -1
  67     7.200     4.019     4.190   89   87   90   -1
  68     3.196    -9.243    -8.430  229  211  241   -1
  69     9.139     1.696     5.667  108  106  116   -1
  70   -11.047     4.010    -6.215   87   90   94   -1
  71     7.313     5.199    -5.449   80   76   79   -1
  72    -4.350    -7.779     2.645  220  204  229   -1
  73     8.262     3.714    -9.073   96   93   95   -1
  74    -2.406    -2.304     1.946  160  151  165   -1
  75    -3.392     0.176    -3.923  126  123  136   -1
  76    -5.423    -7.320     2.198  211  196  222   -1
  77    -1.017     6.167     7.461   63   60   65   -1
  78    -4.215    -6.807     1.296  204  190  216   -1
  79     6.013    -8.453     3.838  224  208  237   -1
  80    -1.295   -11.376    -6.306  249  224  260   -1
  81   -11.410     4.881    -3.047   82   81   85   -1
  82   -12.269   -10.264    -5.983  241  218  248   -1
  83    -9.186     4.184    -8.938   85   88   92   -1
  84     3.387    -8.017     5.900  221  206  235   -1
  85     4.433    -7.950    -3.200  217  203  232   -1
  86    -8.465     6.893     5.610   55   55   57   -1
  87     6.591     1.453     7.384  110  107  117   -1
  88     3.657     0.094     0.766  128  125  138   -1
  89    -7.393    11.692    -7.220    7    9    9   -1
  90     1.376     7.872    -6.156   50   49   49   -1
  91     7.764     7.793     9.816   48   47   48   -1
  92     6.610    -2.320    -5.755  159  150  166   -1
  93    -8.601    -7.807    -3.362  219  200  227   -1
  94    -7.752     3.502    -0.613   94   95  100   -1
  95     1.620    -7.141     2.059  207  193  221   -1
  96    -5.790     0.295    -1.903  122  118  130   -1
  97    10.166    -5.965    -8.443  190  180  205   -1
  98     3.217    -0.239    -5.677  129  126  139   -1
  99    -4.879    -0.572    -6.294  135  130  144   -1
 100    -0.371    -3.827    -6.485  171  162  181   -1
 101     3.494     7.201    -1.826   56   54   56   -1
 102    -3.794    -6.298     8.430  198  185  210   -1
 103    -2.200     8.666     4.554   38   39   42   -1
 104     1.469     8.954    -2.734   39   38   38   -1
 105     2.899    -4.892     0.584  182  174  196   -1
 106     3.883    11.560    -4.174   10    8    3   -1
 107     9.817     3.382     5.808   97   96   98   -1
 108   -10.303    -6.240     2.283  196  184  208   -1
 109   -11.629     5.977    -4.324   66   67   71   -1
 110     8.185    -1.519    -7.098  148  142  158   -1
 111    -4.423    -3.581     0.280  170  161  180   -1
 112    -7.534   -10.906     7.497  253  227  259   -1
 113     0.057    -2.073    -3.574  158  148  162   -1
 114    -5.447     9.123     8.489   31   31   34   -1
 115     8.673    -9.807    -0.963  236  217  252   -1
 116     7.987     8.576     5.230   41   40   39   -1
 117     9.788     0.744    -6.305  116  113  124   -1
 118     0.559    -1.398     7.863  146  140  155   -1
 119    10.181     8.174    -0.640   47   46   45   -1
 120    -6.045   -11.701    -3.098  260  231  263   -1
 121     5.909     8.081     7.519   45   43   44   -1
 122     5.200     9.948    -5.578   28   27   27   -1
 123   -10.690    11.644     2.610    2    4    7   -1
 124   -11.449    -1.838    -6.348  154  146  161   -1
 125    -4.647    -1.318    -2.498  144  137  153   -1
 126     8.449    -7.722     3.897  214  202  233   -1
 127    -5.112    10.051     5.985   17   21   23   -1
 128     1.911    -6.657     1.240  201  189  215   -1
 129    -2.616     5.401    -3.461   74   75   78   -1
 130     0.761     7.617     4.625   49   48   50   -1
 131    11.206    10.044     2.071   26   23   19   -1
 132   -11.692    -5.550     0.998  191  179  201   -1
 133    -0.574     9.776     5.863   23   25   24   -1
 134     9.391     9.987    -9.094   32   29   26   -1
 135    -6.308    -5.310    -6.885  188  177  199   -1
 136     1.910     5.567     4.138   72   70   73   -1
 137    -1.394    11.159     8.964    9    5    6   -1
 138    -5.402     0.371    -5.335  119  116  128   -1
 139   -10.863    -1.696    -6.213  152  145  160   -1
 140     3.562     3.807     2.806   91   91   93   -1
 141     2.682    -3.815     2.386  172  163  182   -1
 142    -0.390     6.678     6.744   59   57   59   -1
 143     0.215   -11.173     2.266  250  228  261   -1
 144     3.288    11.171    -1.791   11   12   10   -1
 145     7.542   -10.396    -4.926  239  220  256   -1
 146    -0.722     5.214     9.207   75   72   77   -1
 147     9.682   -10.242    -0.302  238  222  257   -1
 148     8.464    10.264     8.880   20   16   15   -1
 149    10.639    -8.856    -1.338  226  209  240   -1
 150   -11.156    10.728    -5.019   15   18   21   -1
 151     5.700   -11.866    -6.848  254  232  270   -1
 152    -2.140     9.308    -7.233   36   35   37   -1
 153    11.061    -2.089    -7.729  156  147  163   -1
 154    -6.341     5.686     3.874   70   68   74   -1
 155    -4.604    -7.637    -0.435  215  198  225   -1
 156    10.259     7.510    -2.151   54   52   52   -1
 157     6.009     6.755    -7.695   60   58   61   -1
 158     3.499     5.366     2.450   76   71   75   -1
 159     2.811    -2.409     4.582  161  152  168   -1
 160     7.061     0.634     0.993  118  115  126   -1
 161     8.583    -4.234     4.735  178  170  190   -1
 162    11.847   -11.664     0.658  252  235  276   -1
 163    -8.087    -9.249     4.877  237  214  242   -1
 164    -0.649    -6.457     6.778  200  187  213   -1
 165     1.848   -11.744     1.870  259  237  272   -1
 166     0.426    -0.285     6.323  130  127  140   -1
 167     4.471     7.366     6.706   52   50   53   -1
 168     2.607     9.577    -8.011   34   34   30   -1
 169    -6.624    -0.894    -9.998  138  133  147   -1
 170    -4.977     0.240     7.320  123  119  132   -1
 171   -11.207    11.638    -5.896    6    7   12   -1
 172     7.029     3.344     1.039   98   97  101   -1
 173    -9.188     1.018    -9.009  114  112  123   -1
 174    -0.531     2.899     3.338  103  102  109   -1
 175     8.453    10.046    -9.943   30   28   25   -1
 176     2.093   -11.598    -7.347  251  229  262   -1
 177     7.067    10.006     3.010   24   24   20   -1
 178     6.144    -3.352    -0.291  167  159  179   -1
 179     1.679     5.549     8.843   71   69   72   -1
 180     3.184    -4.822    -6.927  181  172  194   -1
 181    -4.408     6.052    -4.546   67   65   69   -1
 182   -11.211    -1.239    -8.145  143  135  150   -1
 183    -3.683   -11.719    -1.086  261  234  266   -1
 184     3.799     3.986     2.897   90   89   91   -1
 185     9.888    11.401    -4.961   14   11    4   -1
 186     0.104    -1.524     8.131  151  144  159   -1
 187     2.922    11.094    -0.198   12   13   11   -1
 188    -0.987     8.328     7.218   40   41   43   -1
 189    -1.320     6.086     4.005   65   62   67   -1
 190    -7.627    -6.960    -2.773  205  192  218   -1
 191    -6.960     0.625     9.632  117  114  127   -1
 192     7.549    -7.122    -9.734  203  191  220   -1
 193    -1.638     1.253     7.211  113  110  121   -1
 194    -8.824     3.495     8.551   93   94   99   -1
 195     8.138     7.513     1.323   53   51   51   -1
 196     9.528   -12.148    -8.360  257  236  279   -1
 197    -8.343    10.633     2.856   13   15   18   -1
 198     3.027    -4.135    -2.127  176  168  185   -1
 199    -4.034   -12.162    -4.011  265  241  275   -1
 200     8.226    -4.064     1.064  174  167  187   -1
 201    -5.081     3.027     0.283  102  101  108   -1
 202    -7.282     5.140    -7.112   78   79   82   -1
 203   -12.642     9.585    -2.300   25   30   35   -1
 204     8.527     6.330     4.493   64   59   62   -1
 205    10.960    11.968    -2.789    8    3    1   -1
 206     7.730     3.109     9.925  101   99  103   -1
 207     6.631    12.043    -0.692    5    1    2   -1
 208     1.891    -4.927     9.465  185  176  198   -1
 209    10.718   -11.603     6.006  256  240  277   -1
 210     3.998     5.519    -7.070   77   74   76   -1
 211     7.372    -3.207    -8.683  165  157  175   -1
 212    -6.723   -12.081    -1.426  266  242  274   -1
 213     6.199    -6.270    -9.518  192  181  209   -1
 214     0.226   -11.471     2.281  255  233  268   -1
 215     5.307    10.719    -7.230   18   19   17   -1
 216   -13.106    -3.520    -3.950  169   -1  177   -1
 217   -10.923     1.401     5.844  109  108   -1   -1
 218     2.357    12.334    -3.359    0    0   -1   -1
 219    10.554    10.402     9.516   -1   14   13   -1
 220    12.875    -1.014    -2.805  140   -1  148   -1
 221    13.295    -5.313    -1.973  186   -1  202   -1
 222   -11.612     2.447    -3.737  106   -1  113   -1
 223    -0.394     1.131     4.257   -1  111  122   -1
 224    -7.238     0.717     3.990  115   -1  125   -1
 225    -2.745   -12.475    -7.799   -1  243  278   -1
 226     5.697    -6.776    -5.343   -1  188  217   -1
 227     0.772     0.215    -1.566   -1  120  133   -1
 228    -4.613     5.906    -0.281   -1   66   70   -1
 229     4.309     3.150     7.120   -1  100  106   -1
 230    -8.612    -1.466    -1.172  149  141   -1   -1
 231    -5.068     3.143     3.774  100   -1  107   -1
 232     3.139   -10.744     8.712  244  225   -1   -1
 233   -12.350    11.900    -7.873   -1    6    8   -1
 234   -12.419   -10.625    -0.240  245   -1  254   -1
 235   -12.887   -11.307    -0.736  258   -1  258   -1
 236    10.852    -2.260    -5.890  157  154  164   -1
 237     1.042     5.799     9.039   69   64   -1   -1
 238    10.128     4.889     9.322   -1   77   80   -1
