214
   1    -0.023    -1.207     4.833  134  118  138   -1
   2    -4.936    -5.048     4.220  177  152  176   -1
   3     3.207    -2.077     1.924  144  126  145   -1
   4     1.642    -7.117     0.939  192  165  194   -1
   5     3.261     1.388     3.472  106   90  106   -1
   6    -5.047    -3.695     9.562  168  145  166   -1
   7     6.280    -4.598    -5.228  172  148  174   -1
   8    -8.996    -2.091    -1.801  145  125  144   -1
   9    -9.296    -1.087    -0.502  133  117  136   -1
  10    -6.256    -7.109     4.809  196  167  193   -1
  11   -10.734    -1.256     0.828  136  119  139   -1
  12     3.058    -2.612     3.125  152  133  151   -1
  13     3.309    -1.317    -8.354  135  120  140   -1
  14    -2.740   -10.370     7.893  232  198  231   -1
  15     7.450    -7.561     1.566  197  169  200   -1
  16     4.182    -5.663     0.895  181  157  184   -1
  17     2.544    -9.352    -4.367  218  186  219   -1
  18    -6.739    -9.594     4.529  223  190  220   -1
  19    -3.166   -11.040     7.902  241  206  237   -1
  20    -9.089     4.809    -0.535   66   60   72   -1
  21     1.313    -6.805    -5.960  188  162  190   -1
  22    -9.177    -9.738    -9.948  222  188  218   -1
  23   -10.406     0.779    -7.598  118  101  119   -1
  24    -5.553    -5.736    -6.118  183  156  181   -1
  25    -5.833    -0.314    -9.211  128  112  131   -1
  26    -1.663     2.125    -6.946   98   83   97   -1
  27    -7.748    -8.313     6.426  211  179  205   -1
  28     7.753     9.272    -7.177   33   28   28   -1
  29    -4.849     8.536     0.319   38   33   35   -1
  30     0.425    -9.794     5.388  224  192  224   -1
  31   -12.202    -8.295    -6.635  206  173  201   -1
  32     3.914     9.303     8.433   28   25   26   -1
  33    -2.769    -4.103    -6.057  169  146  170   -1
  34    -6.129    -2.908     3.056  156  136  154   -1
  35     9.555    -0.166     3.450  125  109  128   -1
  36    -0.475    -8.755    -0.240  213  184  215   -1
  37    -8.451     3.059    -3.706   84   74   88   -1
  38    -9.999     2.170    -2.912   96   81   96   -1
  39   -11.628     7.361    -6.719   46   41   50   -1
  40     9.969   -10.762    -7.171  226  196  232   -1
  41    11.711     1.785     0.165  103   88  102   -1
  42     3.758     0.803     0.638  117   99  117   -1
  43    -4.214     0.785     2.438  116  100  118   -1
  44     2.891     2.746     5.244   91   77   91   -1
  45     4.601     1.760     9.882  102   87  103   -1
  46     4.592    -0.091     9.990  123  107  127   -1
  47     9.836    -3.025     0.408  155  137  157   -1
  48     1.285    -1.828     0.909  139  123  142   -1
  49    -1.806     7.455     5.383   44   40   44   -1
  50   -10.266     2.073     3.668   97   82   98   -1
  51     2.438     0.596     8.056  121  105  122   -1
  52     0.383     1.865     5.309  100   85  100   -1
  53    -6.214     8.932     5.716   30   26   32   -1
  54    -5.322    -7.632     6.793  199  171  198   -1
  55     1.905    10.517     7.060   14   14   12   -1
  56    -1.625    -1.347    -2.480  137  121  141   -1
  57   -11.470    -9.925    -1.018  225  191  222   -1
  58     2.830     4.860     6.367   65   57   68   -1
  59     7.329     5.301     2.751   63   55   65   -1
  60     1.168    -7.309    -5.842  193  166  195   -1
  61     3.390     5.061    -9.508   69   59   69   -1
  62     8.995    -8.286    -1.391  204  174  209   -1
  63    -9.946    -2.244    -9.392  147  128  147   -1
  64     3.751     3.919    -5.790   79   69   80   -1
  65     2.621     7.367    -7.862   49   43   47   -1
  66     2.130    -8.349    -9.987  203  172  204   -1
  67     4.248   -11.014     9.735  240  207  240   -1
  68     1.353    -5.666     1.359  182  158  182   -1
  69    -9.895    11.774    -9.965    7    8    9   -1
  70     9.399     2.864    -1.824   90   76   89   -1
  71   -10.551     6.216     5.180   52   48   60   -1
  72    -7.598    -3.119     2.052  158  138  156   -1
  73    -0.289     0.619     6.945  120  103  121   -1
  74    -2.327    -9.282    -1.453  220  187  217   -1
  75     0.932     4.803     6.209   67   58   70   -1
  76    -5.164     5.383     9.129   60   53   64   -1
  77    -2.747     6.542    -4.790   53   47   57   -1
  78     1.853    11.993     0.228    1    4    2   -1
  79     4.635    -6.882    -2.606  189  164  191   -1
  80     9.453    11.281    -7.114   13   11    7   -1
  81    -6.379    -6.714    -0.359  191  163  189   -1
  82    -1.786     2.902    -3.881   87   75   90   -1
  83     6.619     1.965    -3.323   99   84   99   -1
  84    -8.683    -8.859    -5.731  216  181  212   -1
  85    -2.232     4.051     3.536   75   66   77   -1
  86     6.231    -3.511     1.207  161  142  161   -1
  87    -8.338     0.632    -3.933  119  104  123   -1
  88    -1.392     1.361    -8.629  108   92  108   -1
  89   -10.079     4.203    -1.612   74   65   76   -1
  90     0.215     0.955     8.244  114   96  114   -1
  91    -6.830    -8.851    -4.744  215  182  213   -1
  92    -8.139    -6.007    -9.494  184  159  183   -1
  93     9.699    -5.329     4.373  178  154  180   -1
  94     6.883     1.824     3.554  101   86  101   -1
  95    -3.004     9.894     2.071   22   21   25   -1
  96    10.497     9.894    -4.497   27   23   23   -1
  97   -10.598   -11.277     5.154  244  208  235   -1
  98    -3.598    -2.131     1.288  146  127  146   -1
  99    -5.323     6.476    -7.335   55   49   58   -1
 100     3.938     5.927     9.953   57   50   59   -1
 101     3.500    -3.694    -7.508  165  143  163   -1
 102   -11.024   -10.703     2.477  237  201  229   -1
 103     5.729   -11.073    -8.626  231  199  234   -1
 104     3.778    -1.878     9.521  143  124  143   -1
 105   -10.926    -0.731    -5.392  130  114  133   -1
 106    -1.873     3.939    -8.392   78   70   82   -1
 107    -6.511    -7.859    -0.864  200  170  199   -1
 108     7.003    -2.458    -2.366  149  132  150   -1
 109    -0.211    -2.681    -1.697  153  134  152   -1
 110    -1.986   -11.585     1.527  242  209  242   -1
 111    -2.748    -0.254    -0.089  127  111  130   -1
 112    -9.101     5.524     8.321   59   52   63   -1
 113     2.318     7.965    -2.944   42   37   39   -1
 114     3.385   -10.240     6.269  228  197  230   -1
 115    -6.806     8.281    -4.518   41   36   37   -1
 116    10.379     1.020    -9.630  115   97  113   -1
 117    -4.635     6.949    -6.454   51   46   56   -1
 118    -0.329    10.529     1.031   16   15   18   -1
 119    -3.893   -10.489    -2.021  230  195  226   -1
 120    -3.652     7.604     5.395   43   38   41   -1
 121     3.584     4.611    -7.997   73   64   73   -1
 122     5.373    10.300     0.353   21   19   19   -1
 123    -7.621     5.860     3.201   58   51   61   -1
 124     2.644   -12.190    -5.740  245  212  246   -1
 125     0.758     3.656    -4.014   80   72   84   -1
 126   -11.028    -7.438     3.537  198  168  197   -1
 127     5.281   -11.723    -9.734  239  204  241   -1
 128    -9.945    -2.424    -2.599  150  130  148   -1
 129   -10.218     8.371    -1.746   39   35   36   -1
 130    11.746     7.668     1.732   45   39   38   -1
 131     0.692    10.107    -5.615   24   22   24   -1
 132    -8.267     1.332    -5.151  107   93  109   -1
 133    -4.016     9.869    -6.158   25   24   27   -1
 134   -11.074    -4.303    -1.950  171  147  171   -1
 135     1.502    -1.102    -7.388  132  116  137   -1
 136     2.449    -9.565     1.571  221  189  223   -1
 137     9.136     8.736     8.071   36   27   29   -1
 138     0.309    10.257    -0.081   20   20   21   -1
 139     2.675    11.035    -4.052   10   12   11   -1
 140   -12.031    -6.364    -4.067  187  160  186   -1
 141     3.797     8.998    -9.534   37   32   33   -1
 142     4.293   -10.819     6.568  234  203  236   -1
 143     4.690    -3.489    -6.662  160  139  159   -1
 144     6.898    12.186    -7.581    6    7    0   -1
 145    -0.646    10.262     3.123   18   18   20   -1
 146     3.780   -11.985    -3.722  243  210  245   -1
 147     3.548    -4.946     3.524  174  150  175   -1
 148    -5.850    10.482     8.296    9   13   16   -1
 149   -10.140     3.744     1.753   77   71   83   -1
 150   -11.118     8.828    -2.805   31   31   34   -1
 151     2.252    -0.216     6.049  126  110  129   -1
 152     5.191    10.838     8.335    8    9    8   -1
 153     2.697    -6.367     5.458  186  161  188   -1
 154    -4.782    -8.706     8.504  217  185  216   -1
 155    -2.500     3.867     9.854   76   67   78   -1
 156    10.720    10.820     4.717   15   10    6   -1
 157    -4.431    -5.151     4.440  179  153  177   -1
 158     9.321    -5.187    -4.505  175  151  178   -1
 159    -1.830    -1.015    -2.571  131  115  135   -1
 160    -3.483    -9.992     8.854  229  194  225   -1
 161    -4.420    -2.822    -7.406  154  135  153   -1
 162     4.646   -10.957     9.824  238  205  239   -1
 163    -1.323    -5.504     1.879  180  155  179   -1
 164     3.083    10.838    -7.662   17   16   13   -1
 165     4.992    -0.404    -5.672  129  113  132   -1
 166    -5.870     7.150    -5.597   50   45   53   -1
 167     6.594    10.545    -3.128   19   17   15   -1
 168    -3.787    -3.620    -7.892  163  140  160   -1
 169   -10.807     4.758    -6.942   70   62   74   -1
 170     7.248    -0.103    -9.755  124  108  126   -1
 171     4.272     9.106    -7.574   35   30   31   -1
 172     5.420   -11.244    -3.682  235  202  238   -1
 173    -8.106     2.829    -3.747   89   79   93   -1
 174    -0.874     1.112     8.125  110   94  111   -1
 175   -10.876    -8.809    -9.838  214  177  206   -1
 176     7.583     1.565    -0.371  105   89  104   -1
 177    -8.004   -12.066    -5.534  248  211  243   -1
 178     0.771    -8.413     9.601  210  183  214   -1
 179     7.119     3.189    -9.241   85   73   86   -1
 180    -4.467     1.005    -2.913  111   95  115   -1
 181     7.626    -3.787    -6.487  167  144  167   -1
 182    -5.530    11.935     1.757    0    3    3   -1
 183     6.546    -2.407     1.194  148  131  149   -1
 184    -2.912    -8.527     1.035  209  180  210   -1
 185    -2.551    -8.647    -8.872  208  176  207   -1
 186    -5.569     0.316    -7.280  122  106  124   -1
 187     0.707    -8.580    -7.784  205  175  208   -1
 188    11.329    -3.544     1.707  162  141  162   -1
 189     6.757     0.913     7.395  112   98  116   -1
 190     6.514     5.429     7.540   61   54   62   -1
 191   -11.644    -1.736     9.151  141  122   -1   -1
 192     4.416     0.640     7.725   -1  102  120   -1
 193    13.901    -6.313    -2.072  185   -1  187   -1
 194   -12.403     2.402    -2.221   95   -1   95   -1
 195    12.785     3.441    -1.234   81   -1   85   -1
 196     2.238   -10.956    -3.982   -1  200  233   -1
 197   -11.907     5.398    -8.385   -1   56   66   -1
 198   -11.374    -4.824     4.743  176  149   -1   -1
 199   -10.134    12.060    -2.418   -1    6    5   -1
 200    -6.466    -3.092    -8.479  157   -1  155   -1
 201    -8.209     2.727     7.999   88   -1   92   -1
 202    -3.024     4.338     9.971   71   63   -1   -1
 203     6.825     2.982    -0.328   86   -1   87   -1
 204    -5.341     6.931     6.865   48   44   -1   -1
 205    -3.265     2.700     4.984   92   80   -1   -1
 206     5.412     1.405    -6.436   -1   91  107   -1
 207    10.475     8.749     4.763   -1   29   30   -1
 208     1.934    -7.866     6.316  201   -1  203   -1
 209     2.085   -12.275    -6.397  247  214   -1   -1
 210    10.015    -9.902     7.885   -1  193  227   -1
 211   -12.723     7.174    -0.777   47   -1   51   -1
 212    12.493    -8.260    -0.512  202   -1  211   -1
 213   -10.383    -4.021    -0.056  170   -1  169   -1
 214   -12.888     1.282    -3.542  109   -1  110   -1
