219
   1    -6.154    -4.738     9.613  170  160  178   -1
   2    -9.330    -5.066    -8.769  172  159  179   -1
   3    -1.883    -5.417     2.524  181  166  187   -1
   4    -7.895    -5.106     2.705  175  163  184   -1
   5     0.305     2.407    -4.841  114  106  114   -1
   6   -10.517     2.674    -4.275  110  102  111   -1
   7     9.732    -5.661    -3.296  179  169  192   -1
   8   -10.397    -1.280    -1.871  145  134  147   -1
   9     5.953     1.768    -3.002  118  110  118   -1
  10     2.342    -0.564     0.719  138  128  140   -1
  11    -0.163   -10.369    -2.308  233  207  240   -1
  12     4.813   -11.529    -9.468  239  217  251   -1
  13    -9.622    -2.107    -3.461  149  138  153   -1
  14    -6.952     5.673    -2.960   66   63   67   -1
  15    -9.009     3.729     1.489   95   91   98   -1
  16   -11.846    -4.085    -2.348  167  155  176   -1
  17     2.417    -5.139     0.431  173  162  185   -1
  18     7.903     1.150    -2.023  122  114  123   -1
  19     4.188    -7.996     6.726  206  188  214   -1
  20    -5.452     2.269     9.787  113  107  115   -1
  21     6.297     0.358     3.720  131  122  133   -1
  22     6.199    -9.658    -2.863  221  198  230   -1
  23     1.729    -5.176     5.170  174  164  186   -1
  24     8.687    -1.179     1.708  143  133  146   -1
  25    -2.904    -2.589     5.651  155  144  159   -1
  26    -9.157    -6.216    -9.485  188  175  196   -1
  27    11.002     8.257    -2.310   38   37   36   -1
  28    -4.013     8.722     3.654   29   29   33   -1
  29     1.509     9.765     2.142   20   18   21   -1
  30    -4.149     2.446     3.102  112  105  112   -1
  31    -7.141     3.944     8.624   90   86   94   -1
  32   -11.627     9.785    -4.318   18   22   26   -1
  33    -0.980    -1.839     3.601  148  136  152   -1
  34     0.447    -0.289    -9.325  136  126  138   -1
  35    -8.135   -11.244    -9.985  241  214  246   -1
  36     4.145    -7.225     7.420  196  180  206   -1
  37     2.096    -3.794     3.038  164  153  174   -1
  38     2.103    10.756     8.063   10    7   11   -1
  39    -8.110     9.696    -1.426   19   21   25   -1
  40    -8.722    -7.413    -9.227  197  179  203   -1
  41    -9.298    -4.749     1.666  169  156  177   -1
  42     6.157    -3.443    -3.425  158  148  166   -1
  43     1.586   -10.505    -1.117  236  209  244   -1
  44     8.021     3.754     7.685   97   89   95   -1
  45    -3.499   -10.618    -2.680  238  211  242   -1
  46    -8.293    -9.235     7.547  224  196  226   -1
  47    11.360     4.950     2.317   80   72   75   -1
  48     1.716    10.800     2.820   11   11   13   -1
  49     6.163     3.056    -1.549  105   98  105   -1
  50    -9.359     1.847     7.140  117  109  117   -1
  51     8.817     5.034     0.522   79   70   74   -1
  52    -1.060     4.193     7.888   87   83   89   -1
  53     2.568    -7.592    -1.223  199  183  209   -1
  54    -6.901    -7.177    -1.031  195  178  202   -1
  55     3.491    -0.643    -9.428  139  129  141   -1
  56     6.243     5.491    -0.925   70   66   66   -1
  57    -5.697    -0.044     1.819  134  124  136   -1
  58    -4.784   -11.308    -1.127  245  218  249   -1
  59    -1.413     6.952    -5.877   50   49   54   -1
  60     8.003    -9.923     1.181  225  203  238   -1
  61     9.387   -11.660    -7.726  242  220  252   -1
  62    -4.879     1.548     9.279  120  112  121   -1
  63    -8.274     7.305     3.617   44   45   50   -1
  64    -4.422     0.844     0.231  125  117  127   -1
  65    -7.820   -10.298    -5.238  234  204  236   -1
  66    -6.387    -7.300     4.565  200  181  205   -1
  67     7.387    -9.639    -2.855  220  197  231   -1
  68     3.597     7.760     1.692   43   39   45   -1
  69    -1.173    -2.203     8.487  152  141  157   -1
  70   -10.989     5.776    -8.198   65   64   69   -1
  71     5.737     7.032    -4.636   51   48   52   -1
  72    -1.648    -6.157    -9.307  187  173  197   -1
  73    -5.711   -10.073    -5.002  228  201  232   -1
  74     8.410     4.508    -7.635   88   81   84   -1
  75    -0.823     8.977     9.459   24   26   28   -1
  76    -1.917   -10.029    -3.199  227  202  234   -1
  77     6.566     4.072    -2.669   93   88   92   -1
  78    -1.778    -3.262    -7.241  157  147  163   -1
  79    -6.375    -2.118     0.327  150  139  154   -1
  80    -4.448     4.887     5.771   75   71   77   -1
  81    -5.857     4.503     3.051   84   77   85   -1
  82    -1.437     3.423    -0.471   99   93  101   -1
  83     9.359     7.295     5.046   48   44   47   -1
  84     6.686   -10.133     5.978  230  208  243   -1
  85    -5.901    -7.560     4.812  202  185  208   -1
  86     2.220    -7.940     0.210  204  187  212   -1
  87     4.108     9.096     9.264   25   24   24   -1
  88     3.325    -5.565     9.784  184  172  193   -1
  89     4.307     9.343    -6.704   28   27   27   -1
  90     4.525     7.924    -3.873   42   40   42   -1
  91    -6.956    -7.909    -1.109  205  186  211   -1
  92     1.373   -11.451     5.043  248  223  253   -1
  93    -7.480     4.799     5.142   77   73   80   -1
  94     1.603     8.531     8.857   30   31   32   -1
  95    11.294    11.826    -6.536    7    4    0   -1
  96    -9.287   -11.163    -9.061  240  213  245   -1
  97    -5.632     7.943     3.309   37   38   44   -1
  98     6.546    -0.254     6.859  135  125  137   -1
  99    -9.749    -1.062    -8.221  142  132  144   -1
 100     7.384    -5.885    -7.433  183  171  194   -1
 101     7.143     3.386     1.885  100   94  100   -1
 102     0.302    -6.885    -2.017  192  176  200   -1
 103     0.285     1.066     7.611  123  115  124   -1
 104     2.870    11.235     1.583    8    6    8   -1
 105    -8.750     3.329    -6.008  101   95  102   -1
 106    -1.181     6.295    -1.365   60   56   61   -1
 107     5.748     9.718     5.671   21   17   18   -1
 108    -8.357    10.503    -4.239   15   15   17   -1
 109    -2.136     0.632    -9.087  128  120  130   -1
 110     0.826    -9.629    -0.616  223  199  229   -1
 111   -10.419    -2.233    -3.875  151  140  156   -1
 112     5.880    -3.739     2.409  163  152  172   -1
 113   -11.706     2.474     1.327  111  104  113   -1
 114    -7.074   -11.215     5.391  249  221  250   -1
 115     5.939    -5.938     1.422  186  174  199   -1
 116     5.078     6.223    -6.430   64   60   63   -1
 117    -7.366     2.824    -6.722  109  101  109   -1
 118     1.257     8.625    -1.052   34   33   34   -1
 119     3.316    -8.242     5.697  208  191  218   -1
 120     2.682     4.164     8.307   89   84   88   -1
 121     4.809     7.690    -5.501   46   42   46   -1
 122     9.456    -0.631     4.726  140  130  142   -1
 123     1.475     4.916    -9.308   81   76   79   -1
 124    -4.490    -7.757    -6.973  201  182  207   -1
 125     7.144    -7.398     8.123  198  184  210   -1
 126     0.163     7.308     6.927   47   43   49   -1
 127     0.685    11.664    -0.433    4    3    6   -1
 128     6.085     6.976    -7.563   54   52   53   -1
 129    -2.853   -10.134     0.434  232  205  237   -1
 130    -7.182     8.457    -8.586   35   35   40   -1
 131     4.839     6.469    -4.716   59   54   58   -1
 132     7.731     4.421     1.166   86   80   83   -1
 133    11.902    -8.548     1.388  209  192  223   -1
 134    11.877     1.237    -0.089  121  113  122   -1
 135     7.200     8.566     7.943   33   30   29   -1
 136    -7.270    -8.713     5.513  214  195  221   -1
 137    -1.866     7.116     2.386   49   47   51   -1
 138   -11.226     8.916    -3.350   27   32   35   -1
 139     3.139     1.690     1.167  119  111  120   -1
 140     2.099    11.462     6.795    3    2    3   -1
 141    -4.177    -3.518    -2.769  160  149  165   -1
 142     7.811     4.905    -5.181   82   75   76   -1
 143    -8.062     0.983    -7.249  124  116  126   -1
 144     7.116     5.283     5.535   72   67   68   -1
 145    -7.448    -8.674    -8.995  210  190  215   -1
 146    10.255     8.014     5.267   39   36   37   -1
 147    -0.100    -5.645    -5.985  182  168  189   -1
 148    10.201    11.193    -5.179   12    9    9   -1
 149   -10.967     2.240    -9.356  115  108  116   -1
 150     3.445     5.472     7.143   69   62   65   -1
 151     6.425    -8.987    -8.266  211  194  224   -1
 152     4.984     5.116     0.672   74   68   72   -1
 153     7.193    10.806     2.823   14   10   10   -1
 154    -5.200    -0.489    -5.623  137  127  139   -1
 155   -10.916    -0.992    -6.042  141  131  143   -1
 156     5.442     8.688     4.467   31   28   30   -1
 157    12.019     9.566    -3.923   26   25   22   -1
 158    -2.038    -8.659     0.829  212  193  219   -1
 159    -0.246     6.907    -4.707   52   51   55   -1
 160    -9.979     2.952    -8.526  106  100  108   -1
 161    -3.437     5.064    -9.757   78   74   78   -1
 162    -5.213    -4.982    -0.268  171  161  181   -1
 163     4.133   -10.255    -2.201  229  206  239   -1
 164     9.351     0.072    -8.466  133  123  135   -1
 165     4.766    10.701    -6.060   16   13   15   -1
 166     1.661     6.584     7.629   55   50   56   -1
 167    10.064     7.887    -6.788   45   41   41   -1
 168     1.441     4.146    -5.667   91   87   93   -1
 169    -2.256    -3.705     4.146  165  151  171   -1
 170    -6.059    -9.440     7.437  226  200  228   -1
 171     2.376     0.750     2.810  126  118  128   -1
 172     1.559    -5.431     3.045  178  167  188   -1
 173   -10.408     4.268    -1.680   85   85   91   -1
 174     9.605   -11.905    -3.595  247  224  258   -1
 175     1.096     3.737    -9.566   98   92   99   -1
 176     7.384     9.745    -0.870   22   20   20   -1
 177     1.833    -2.732     5.134  156  145  161   -1
 178     3.729    -3.857     2.718  166  154  175   -1
 179     8.300    10.461    -2.506   17   14   16   -1
 180     1.298    10.549     6.421   13   12   14   -1
 181     5.125    -2.354     6.369  153  142  158   -1
 182     0.754     9.414     4.217   23   23   23   -1
 183    -5.358    -5.862    -9.474  185  170  190   -1
 184    -7.976     8.226     9.014   32   34   38   -1
 185     4.035    -5.385     3.374  177  165  191   -1
 186    -2.959     3.798    -2.166   96   90   97   -1
 187     3.915     5.617     8.645   67   61   64   -1
 188    -6.123     6.837    -9.955   53   53   57   -1
 189     0.673     6.335    -3.725   61   57   59   -1
 190     5.725     6.307    -7.071   63   59   60   -1
 191    -4.980   -10.171     8.840  237  212  241   -1
 192    -8.442     0.659    -5.882  127  119  129   -1
 193     7.546    -4.959    -3.796  168  157  182   -1
 194    -5.472     6.350    -1.089   57   55   62   -1
 195   -11.150   -11.338    -8.078  244  216  247   -1
 196    -0.274     3.126     1.441  104   97  104   -1
 197    10.941     0.433     0.737  130  121  132   -1
 198    11.899    -6.941    -0.306  191  177  204   -1
 199     8.178     2.971    -5.448  108   99  106   -1
 200    10.927    -2.575     0.782  154  143  160   -1
 201    -1.543    -3.671    -7.118  161  150  168   -1
 202    -6.454   -12.072    -2.154  251  225  256   -1
 203   -12.105    -1.210     0.144  144   -1  145   -1
 204   -10.975     4.598    -2.885   83   78   86   -1
 205   -11.938    -8.958     0.303  217   -1  220   -1
 206    -2.131     6.010     6.575   62   58   -1   -1
 207     6.740     7.247     5.244   -1   46   48   -1
 208     3.444     4.398    -2.193   -1   82   87   -1
 209    -7.633    -9.243    -8.148  216   -1  222   -1
 210    -1.229    11.087     0.401    9    8   -1   -1
 211    -2.187     3.255    -3.374  102   96   -1   -1
 212    11.074     4.583    -5.626   -1   79   82   -1
 213    -1.482    -3.465     2.263  159   -1  167   -1
 214    -0.684   -11.746    -9.695  246  219   -1   -1
 215    -3.000     3.810     1.078   94   -1   96   -1
 216     6.786    -2.953    -6.191   -1  146  162   -1
 217     9.207     2.541     8.050   -1  103  110   -1
 218   -11.600   -10.773     4.133  243  215   -1   -1
 219   -12.580    -6.125    -3.528  190   -1  195   -1
