249
   1   -11.042    -2.392    -5.640  167  145  160   -1
   2    -7.216    -5.009     7.598  202  179  193   -1
   3    -6.088    -8.752     3.335  248  219  233   -1
   4    -1.546    -4.680    -2.238  193  170  184   -1
   5    -6.305    -4.202    -4.425  185  163  178   -1
   6    -4.935     8.577     4.193   39   37   40   -1
   7    -5.115    -0.515     7.896  143  126  134   -1
   8    -4.553    -4.646     6.339  195  172  186   -1
   9    -3.034     0.543     3.996  130  114  122   -1
  10   -10.563     2.025    -0.269  113  101  110   -1
  11    -9.970    -7.390    -0.636  229  199  212   -1
  12     4.812    -8.201    -5.947  233  208  226   -1
  13     0.641    -6.966     9.689  223  197  213   -1
  14    -1.441    -2.963    -2.653  172  152  168   -1
  15    -2.673     2.420    -3.973  106   93  104   -1
  16    -4.709    -6.463    -2.142  215  188  204   -1
  17    -9.053    -0.618     7.455  145  128  135   -1
  18     2.072    -2.298     6.503  165  146  161   -1
  19     1.925     6.291    -5.184   64   57   63   -1
  20    -0.585    -4.410     9.708  190  168  182   -1
  21     1.963    -0.985    -5.365  147  130  138   -1
  22    -3.913    -8.976    -3.260  246  218  234   -1
  23    -4.514    -2.462     3.338  168  148  163   -1
  24     6.200    -6.918     9.294  220  193  215   -1
  25     2.180     6.483     7.365   60   54   59   -1
  26    -9.042    -4.777     4.652  199  175  188   -1
  27     6.002     0.806    -5.492  127  112  120   -1
  28     3.112     4.636    -5.222   84   73   79   -1
  29    -3.009    -8.304    -9.166  237  209  225   -1
  30    -3.823    -3.796     3.551  180  160  176   -1
  31    -1.588    -7.350    -4.886  224  194  214   -1
  32    -2.401     4.641    -1.222   81   71   80   -1
  33    -9.694     3.335    -1.045   95   82   93   -1
  34    -1.468     5.537     2.565   70   63   69   -1
  35     6.180     8.562     1.224   40   38   38   -1
  36     8.030    -0.926     3.373  146  129  137   -1
  37     8.603     5.098    -4.096   78   68   74   -1
  38    -1.213     0.087     1.028  137  120  128   -1
  39     1.839     1.149     8.470  126  111  119   -1
  40    11.695    -8.036    -1.026  231  207  227   -1
  41    -9.772    -2.171     2.805  164  142  155   -1
  42     7.277    -2.634    -7.538  169  149  164   -1
  43     8.557    -6.124    -1.491  211  185  202   -1
  44     3.051    -6.428    -4.845  213  187  205   -1
  45     3.480    -2.263    -0.340  163  144  159   -1
  46     1.453    -4.678    -3.992  192  169  185   -1
  47    -3.039    -1.128     5.227  148  131  139   -1
  48     4.506     5.616     9.694   68   60   67   -1
  49    -7.928    -8.592     1.743  245  216  228   -1
  50   -10.384     0.343    -3.811  133  116  125   -1
  51     2.081   -11.899    -4.869  279  245  262   -1
  52     8.300     6.149     8.660   62   56   61   -1
  53    -5.519    -8.884    -9.267  244  213  229   -1
  54     8.098    -7.089     6.758  221  198  216   -1
  55    -1.720     8.153     0.138   44   42   44   -1
  56    -0.297    -0.639    -9.825  144  127  136   -1
  57    -7.845   -10.108    -3.700  261  228  246   -1
  58    -6.192    -4.768    -0.330  196  171  187   -1
  59    -0.704     3.046    -9.086  101   88   99   -1
  60     8.717    -7.697     0.384  227  202  221   -1
  61    -5.672     7.215    -9.080   55   52   57   -1
  62    -2.359    -2.081     3.424  161  141  154   -1
  63    -6.245     5.507    -5.939   72   64   73   -1
  64     3.916    -4.117     1.062  183  164  180   -1
  65     5.355     1.440    -0.195  121  106  114   -1
  66     2.960    11.575    -7.088    9    7    7   -1
  67     4.615     7.261    -4.331   56   49   54   -1
  68     3.635     3.078    -6.166  100   86   97   -1
  69    -4.511     3.754    -6.373   94   79   90   -1
  70   -10.960   -11.523    -8.111  275  240  255   -1
  71    -7.579    -3.364    -3.049  177  156  171   -1
  72   -11.497    -6.615     3.180  219  191  208   -1
  73    -0.041   -11.331    -2.834  274  241  258   -1
  74    -6.838    -3.113     0.917  174  154  169   -1
  75    -1.129     9.977    -7.224   27   26   26   -1
  76     2.261    -4.994    -4.612  197  176  191   -1
  77    -2.891    11.360     7.843    2    2    5   -1
  78     8.590    -2.354     4.962  166  147  162   -1
  79    10.626    -1.360    -1.263  151  133  141   -1
  80    -4.329     1.814    -5.205  116  103  112   -1
  81    -1.659    -8.007    -1.595  234  205  222   -1
  82     6.484    -8.988     8.231  249  221  242   -1
  83     5.526     9.027    -2.332   38   35   35   -1
  84     0.404     8.415    -6.841   43   41   41   -1
  85    -0.582     1.363     1.088  122  107  116   -1
  86    -7.920    -4.947    -5.725  198  174  189   -1
  87     0.585   -10.991    -3.571  268  236  254   -1
  88    10.474     1.413    -8.264  123  108  115   -1
  89     8.404    -8.646    -8.261  240  212  230   -1
  90   -10.099     4.494    -5.825   83   74   82   -1
  91    10.182    -4.533    -5.085  188  167  183   -1
  92     9.895    -3.318     6.308  176  157  172   -1
  93    -9.513    -5.361    -0.025  206  180  195   -1
  94   -11.229    -5.145    -1.947  203  178  192   -1
  95   -11.451    -7.859    -0.238  235  203  219   -1
  96    -1.819   -11.593    -1.548  277  243  261   -1
  97    10.626     8.535     1.173   41   39   36   -1
  98    -0.711    10.507    -7.316   21   21   19   -1
  99     2.222   -11.443    -6.683  273  239  259   -1
 100    -0.355    -2.827     9.067  171  151  166   -1
 101     9.288     5.513    -7.823   76   65   70   -1
 102    -3.966     1.179     7.544  124  110  118   -1
 103     8.334    -4.993    -9.822  194  173  190   -1
 104     4.628    -5.999    -2.935  210  184  200   -1
 105     2.388     7.139     6.494   53   48   51   -1
 106    -7.925   -10.613     3.410  269  233  251   -1
 107    -2.523    -6.506     1.189  216  190  207   -1
 108    -0.703     4.153    -9.900   88   77   85   -1
 109     9.158    -0.279    -3.554  140  124  132   -1
 110     5.828    -4.941     6.663  200  177  194   -1
 111    -9.321     9.580    -1.348   28   31   34   -1
 112     9.665     2.127     3.936  110   97  107   -1
 113   -10.826     5.323    -2.871   74   67   75   -1
 114    -1.000     4.305    -3.757   86   75   84   -1
 115     5.251    -9.641     1.808  258  227  247   -1
 116     0.948    11.929    -9.857    4    4    4   -1
 117    -9.597    10.168     3.193   15   19   22   -1
 118     6.473    -0.309    -0.589  142  125  133   -1
 119    -1.419    -3.623    -1.246  178  159  174   -1
 120   -10.551     9.826    -2.847   26   25   31   -1
 121    -6.602     2.152     1.664  108   96  108   -1
 122    -8.347     9.164    -6.221   36   36   37   -1
 123     7.598    10.298     5.385   22   14   13   -1
 124    -3.748     0.257    -3.764  134  117  126   -1
 125     0.778   -11.511     9.976  281  247  264   -1
 126    -7.155    -3.553     1.820  179  158  173   -1
 127     1.911    -8.558     1.151  242  214  231   -1
 128    -3.578    10.304     4.141   14   16   15   -1
 129    -1.371    -9.418     4.306  259  225  243   -1
 130     8.392     8.153    -4.109   46   43   42   -1
 131     3.195    -5.385    -0.640  204  181  196   -1
 132     0.429    -9.158     2.557  253  220  238   -1
 133    -8.303    -3.143     6.138  175  155  170   -1
 134    -0.989     7.946    -3.822   47   44   46   -1
 135     6.768     2.966    -0.014  102   87   98   -1
 136     6.787     9.016     6.823   37   34   33   -1
 137    -7.181    -1.894     5.110  160  140  153   -1
 138    -0.907    -9.277     2.964  256  222  240   -1
 139    -1.867    -4.120     8.388  186  166  181   -1
 140     5.580     5.787     0.783   69   61   66   -1
 141     7.821     0.146    -7.563  136  119  127   -1
 142    -2.627     0.574     9.698  129  113  121   -1
 143     3.189     2.595    -9.014  105   91  102   -1
 144     2.257     2.063     4.617  114   99  109   -1
 145    -3.276    10.805     1.158   12   10   12   -1
 146     4.158    -2.197     6.067  162  143  158   -1
 147    -7.593   -11.286     6.610  280  244  260   -1
 148   -10.721    -3.074    -9.519  173  153  167   -1
 149    -3.643     9.876    -7.786   29   28   29   -1
 150    -3.878   -10.961    -2.503  270  238  253   -1
 151    -6.774     7.058     1.853   54   51   56   -1
 152     5.993     4.183    -0.048   87   76   83   -1
 153     9.182     5.510     5.295   73   62   68   -1
 154    -9.158     6.229    -9.449   63   59   65   -1
 155    -2.679    -5.736     0.551  209  183  198   -1
 156     2.196     4.542     5.556   82   70   78   -1
 157     1.950     9.200     5.797   34   33   32   -1
 158    -2.995    11.406    -9.895   10    9    9   -1
 159     8.572     3.032     7.755   99   85   94   -1
 160     5.560   -10.763     1.218  265  235  256   -1
 161     1.136     9.257     8.697   31   29   30   -1
 162     8.151    11.715    -3.144    6    3    2   -1
 163     1.687     6.013     0.691   66   58   64   -1
 164    -4.476    -1.481     1.861  152  135  144   -1
 165    -4.273     6.483     3.606   58   55   60   -1
 166     8.334    10.391     6.494   18   13   11   -1
 167   -10.891     3.734    -5.844   92   80   91   -1
 168     5.639     2.762    -4.268  103   89  100   -1
 169     5.780     9.781    -8.005   33   32   27   -1
 170    -7.358   -10.550    -1.022  266  232  248   -1
 171   -11.463    -9.807    -5.711  260  226  241   -1
 172    -1.397    -7.551    -1.373  228  200  217   -1
 173   -11.779    10.099    -4.483   23   23   28   -1
 174    -9.278     4.642    -4.938   80   72   81   -1
 175     5.035    -6.054     2.028  212  186  201   -1
 176    -7.274    -8.300    -8.358  239  210  223   -1
 177    -0.855     9.961     2.054   25   22   23   -1
 178    -9.934   -10.596     4.918  271  234  250   -1
 179     2.844     9.983     5.973   24   20   18   -1
 180    -6.471    10.355    -0.185   16   17   20   -1
 181     3.505    11.395    -0.857    8    6    6   -1
 182    -1.954    -1.857    -9.958  159  138  151   -1
 183    -9.562     3.286    -7.715   96   83   96   -1
 184     8.699    -7.131    -7.404  217  192  210   -1
 185    -0.135     1.583     5.919  117  104  113   -1
 186    -9.657    -7.702    -0.432  232  201  218   -1
 187     2.905     2.661    -8.944  104   90  101   -1
 188    -7.333    11.333    -2.627    5    8    8   -1
 189     9.699    11.804    -7.230    7    5    3   -1
 190    10.898     0.508    -0.609  131  115  123   -1
 191    -6.370    -4.064     3.875  184  162  177   -1
 192    -7.593    -3.835     1.444  182  161  175   -1
 193     6.485     9.830    -7.284   32   30   25   -1
 194    -5.792     0.005     5.089  138  121  131   -1
 195    -5.459     3.241    -6.493   97   84   95   -1
 196   -12.170    -7.303    -2.670  226  196  209   -1
 197    -6.113     7.500    -6.063   51   47   55   -1
 198    -7.431   -11.203     5.122  278  242  257   -1
 199    -9.927    -4.211     0.256  187  165  179   -1
 200    -3.919     6.703     4.102   57   53   58   -1
 201     5.960     9.857    -4.519   30   27   24   -1
 202     0.044     7.723    -7.045   49   46   48   -1
 203     3.589     4.858     2.772   79   69   76   -1
 204     9.486   -10.370     2.433  262  231  252   -1
 205     6.824    -9.614    -3.579  255  224  245   -1
 206    -8.398    -7.938     0.521  238  204  220   -1
 207     9.675     5.192     2.937   77   66   72   -1
 208     3.615    -9.677    -7.159  257  223  244   -1
 209     9.628    -1.319     0.051  150  132  140   -1
 210     2.881    -1.747    -4.289  157  137  149   -1
 211    -8.062    -1.510     5.132  156  136  145   -1
 212     9.004   -11.528     8.255  276  246  268   -1
 213     9.433     1.225     2.570  125  109  117   -1
 214     3.702     2.191    -1.117  109   98  106   -1
 215     1.001     1.765     8.787  115  102  111   -1
 216   -10.345    -2.762     5.016  170  150  165   -1
 217     6.866    -0.022    -5.701  139  122  129   -1
 218    -0.701     3.629     7.915   93   78   87   -1
 219     2.980    -8.438     5.500  241  215  232   -1
 220    -1.278   -10.637    -8.268  264  229  249   -1
 221   -10.814    10.687     1.043   11   12   14   -1
 222    -6.511     2.314    -0.359  107   95  105   -1
 223    -4.762    10.321     0.039   17   18   21   -1
 224    -5.769    -8.119    -2.216  236  211  224   -1
 225    10.763    -5.477    -3.546  205  182  197   -1
 226    12.138    -1.560    -2.381  154  134  147   -1
 227   -11.850     1.476     6.024  118  105   -1   -1
 228   -12.414     7.503     0.841   48   -1   52   -1
 229   -12.779     8.047    -2.454   42   -1   47   -1
 230    -9.928     7.475     8.572   45   45   -1   -1
 231     4.673    -8.396     9.724  243  217   -1   -1
 232   -10.761    -0.267    -5.665  141  123   -1   -1
 233    -2.988    12.557    -9.434   -1    1    0   -1
 234    12.801     7.627    -1.320   52   -1   45   -1
 235     3.563    -7.012     7.133  222  195   -1   -1
 236    13.287    -5.798    -1.672  207   -1  199   -1
 237    12.387     0.385    -0.203  132   -1  124   -1
 238    -0.319     2.093    -1.499  112  100   -1   -1
 239     2.620    -1.775     4.779  158   -1  152   -1
 240    -0.644     3.901     7.552   89   -1   86   -1
 241     0.549    -9.384    -2.968  254   -1  239   -1
 242    -6.407    -6.397     2.157   -1  189  203   -1
 243    -3.070     8.171     1.668   -1   40   43   -1
 244    -0.002     7.313     8.403   50   -1   49   -1
 245   -10.803     0.123     2.006  135  118  130   -1
 246    11.069     6.882     8.553   -1   50   53   -1
 247    -9.764    10.106     9.670   13   15   -1   -1
 248    -2.081    -1.741     7.710   -1  139  150   -1
 249   -12.556    11.268    -0.955    3   -1   10   -1
