202
   1    -0.368    -2.126     4.356  141  127  148   -1
   2    -9.257   -10.352    -9.456  219  194  224   -1
   3    -7.815    -8.533     6.666  201  177  206   -1
   4   -11.238    -4.272    -1.601  166  147  169   -1
   5    -9.078    -2.108    -2.018  140  125  146   -1
   6     4.391    -2.052     9.511  139  126  147   -1
   7    -8.170    -6.675    -9.017  182  162  189   -1
   8    -6.459    -3.427     3.003  152  136  159   -1
   9    -8.398     2.510     7.863   84   79   91   -1
  10    -5.341     7.891    -0.320   36   36   41   -1
  11    -2.208    10.506     6.622    7    6   11   -1
  12     6.777    -4.953    -6.364  168  150  174   -1
  13   -10.969    -1.288     0.738  129  117  135   -1
  14    -9.899    -2.832    -9.110  144  129  152   -1
  15     5.005     9.402     1.382   18   16   19   -1
  16     3.557    -0.615    -0.192  119  108  125   -1
  17    -5.177    -3.958     9.632  164  146  167   -1
  18   -10.070     2.239    -3.091   91   82   96   -1
  19    -3.929    -2.789     1.020  145  130  153   -1
  20     4.358    -0.415     9.590  118  107  124   -1
  21     3.029    -3.248     1.369  149  134  157   -1
  22    -2.876     6.085    -5.846   58   54   60   -1
  23     1.035    -2.880     0.420  146  131  154   -1
  24    -0.314    -9.106    -0.446  206  184  212   -1
  25     3.111     0.020     2.882  114  103  120   -1
  26    -1.518     1.779    -7.991   95   87  100   -1
  27    -2.447    -4.413    -6.457  165  148  172   -1
  28    -2.269     6.269     4.934   55   50   58   -1
  29     9.363     9.082    -6.042   30   24   24   -1
  30     2.488   -10.360     1.507  220  197  228   -1
  31     9.288     1.072    -2.188  101   92  108   -1
  32     2.593     3.175     6.013   79   74   85   -1
  33    -6.245    -3.621    -8.442  153  138  161   -1
  34    -3.863    11.083     4.499    2    3    6   -1
  35    -7.898    -3.517     1.997  154  139  160   -1
  36    -3.004     3.281     9.759   75   70   81   -1
  37     1.636    -7.904     0.656  195  173  203   -1
  38     0.253   -10.732     5.693  225  200  233   -1
  39    -0.228    -3.364    -2.360  150  135  158   -1
  40     3.018    -9.671    -5.024  214  191  221   -1
  41     7.414     2.480    -9.982   89   80   93   -1
  42    -3.539     3.791     9.925   67   63   74   -1
  43    -2.677     3.282     2.978   77   73   84   -1
  44    -9.328     4.642    -0.723   64   60   66   -1
  45    -5.568     5.013     8.989   62   57   64   -1
  46    -2.185    -9.362    -1.534  212  188  216   -1
  47     7.455    10.368     8.127    9    7    9   -1
  48     7.141    -4.960     8.095  170  153  176   -1
  49     1.818    -7.230    -6.520  185  166  195   -1
  50   -11.514     7.067    -6.909   46   44   52   -1
  51     5.376    -0.988    -6.866  124  113  131   -1
  52     4.865     7.900     0.807   40   34   38   -1
  53    -6.688     8.498     5.367   28   27   32   -1
  54   -11.536    -9.743    -0.645  216  192  219   -1
  55     6.218    -3.149    -3.688  147  132  156   -1
  56    -8.194     1.266    -5.422   99   90  106   -1
  57    11.317     8.996     2.156   27   19   21   -1
  58   -10.306     0.409    -7.575  108   98  115   -1
  59     0.706     2.684    -5.112   85   78   90   -1
  60     3.612    -3.360     8.877  151  137  162   -1
  61     1.098    10.000     0.406   13   12   15   -1
  62     2.895    -3.747     2.613  155  140  163   -1
  63    -3.396   -10.407     8.915  224  198  231   -1
  64     5.886   -11.495    -4.381  228  204  237   -1
  65     3.709    -1.919    -9.617  134  123  142   -1
  66    -6.091    11.447     1.147    0    1    4   -1
  67     4.963    -7.303    -3.473  186  167  196   -1
  68    -3.507     9.022     1.484   20   18   26   -1
  69     8.644    11.208    -5.719    8    4    5   -1
  70    -7.873     5.361     2.897   61   56   61   -1
  71    -6.420    -6.806    -0.359  184  165  192   -1
  72     6.112    -4.804     0.499  167  149  173   -1
  73     0.716    -8.953     9.736  208  189  215   -1
  74     3.860     3.099    -6.735   82   76   87   -1
  75    -5.551    -0.927    -9.495  123  111  129   -1
  76    -8.479     3.132    -4.073   80   75   88   -1
  77    -3.081   -11.603     8.053  235  210  240   -1
  78     8.036     8.945     2.832   25   21   23   -1
  79     1.517     8.452     7.084   31   26   29   -1
  80     7.119    -9.208     1.081  205  186  218   -1
  81     9.632    -5.787    -5.625  172  156  181   -1
  82     9.169    -7.374     3.885  188  168  200   -1
  83     3.957     8.229    -7.365   37   33   36   -1
  84    -9.478    -1.184    -0.714  127  115  133   -1
  85    -7.087     2.847    -4.247   83   77   89   -1
  86    -4.611     0.140     1.988  113  102  119   -1
  87     6.729     0.363     3.293  109   99  116   -1
  88    -1.611    -1.861    -3.190  136  122  141   -1
  89     0.387     1.805     9.986   93   84   98   -1
  90     2.542     6.696    -8.433   53   49   56   -1
  91    10.391     8.233    -3.061   38   30   33   -1
  92    -8.322     0.656    -4.185  105   96  112   -1
  93    -7.065   -10.234    -9.520  217  193  223   -1
  94    -0.667    -0.292     6.449  117  106  123   -1
  95    -4.678     0.609    -2.711  106   97  113   -1
  96    -6.338     9.916     8.390   10    9   16   -1
  97     9.616    -4.940    -0.256  169  151  175   -1
  98   -12.157    -6.339    -3.839  180  161  185   -1
  99     7.269    -3.890     0.703  157  142  166   -1
 100     0.542     3.286     5.695   76   71   83   -1
 101     1.680    -7.740    -6.358  191  169  199   -1
 102     1.919     6.705    -3.496   52   48   53   -1
 103     4.107    -6.690     0.405  183  164  193   -1
 104     0.411     9.405    -6.009   19   17   22   -1
 105    -4.631     6.824    -7.461   50   47   54   -1
 106    -4.083     9.770    -7.259   17   15   20   -1
 107    10.570   -11.340    -8.405  223  201  236   -1
 108    -0.342     8.521    -0.614   34   28   31   -1
 109    -5.783     6.541     6.595   49   45   55   -1
 110     3.579     8.213    -9.602   39   35   37   -1
 111   -11.103   -10.739     2.874  227  199  229   -1
 112    -5.441    -8.056     6.980  198  175  205   -1
 113   -10.928    -0.792    -5.393  122  110  127   -1
 114     0.501    11.058     7.603    3    2    2   -1
 115    -4.153    -3.228    -7.682  148  133  155   -1
 116     2.641    10.874     0.504    6    5    8   -1
 117     3.806     6.994     8.862   45   39   44   -1
 118     1.215    -6.554     1.043  181  163  191   -1
 119    -4.748    -9.021     8.628  213  190  213   -1
 120    -3.754   -10.453    -1.873  221  196  226   -1
 121    -3.720     2.068     4.380   92   83   97   -1
 122   -10.434     8.409    -2.023   32   29   35   -1
 123     3.311    -6.125     3.061  178  159  187   -1
 124     6.984     3.462     2.746   74   67   78   -1
 125   -10.617     4.453    -7.097   65   62   69   -1
 126    -6.931     8.214    -5.317   35   32   39   -1
 127     2.057    10.143    -3.560   14   13   14   -1
 128    10.298   -11.535    -1.346  229  205  239   -1
 129   -11.025    -9.355    -9.409  211  183  210   -1
 130     8.178    -4.227    -7.782  160  145  171   -1
 131    -4.117     6.888     4.953   48   41   47   -1
 132     3.968    -4.199    -8.613  161  144  168   -1
 133    -6.628    -9.047    -4.580  204  180  207   -1
 134    -1.842   -11.929     1.640  237  211  246   -1
 135    -1.759     3.548    -9.478   73   69   79   -1
 136    -1.433    -6.194     1.727  179  160  186   -1
 137    -1.203     0.878    -9.648  102   93  109   -1
 138    -3.538    -4.088    -8.118  159  143  165   -1
 139   -10.009    -2.401    -2.742  142  128  149   -1
 140     5.747     0.756    -7.564  103   94  110   -1
 141    -1.843     2.330    -4.856   90   81   95   -1
 142     3.110   -11.464     6.681  232  208  241   -1
 143     7.609     7.833    -6.380   42   37   40   -1
 144     0.018     0.688     4.657  104   95  111   -1
 145    -1.260     0.312     7.688  110  100  117   -1
 146   -10.619     1.707     3.703   94   86  102   -1
 147   -11.219     8.938    -3.066   21   25   30   -1
 148    -3.005    -0.999    -0.533  125  114  132   -1
 149    -1.822    -1.509    -3.286  130  119  137   -1
 150    10.808    10.444     0.170   11    8   10   -1
 151    -2.710   -10.944     7.991  231  203  235   -1
 152     2.185    -0.694     7.517  120  109  126   -1
 153     9.151    -1.966     3.211  138  124  145   -1
 154     8.583    10.114    -0.660   15   11   12   -1
 155     2.444    -7.496     5.136  192  171  201   -1
 156     1.860    -1.622    -8.569  131  120  139   -1
 157     1.678    -8.999     6.420  207  185  214   -1
 158     5.215    -3.954    -7.887  156  141  164   -1
 159     3.750     3.924    -8.896   70   65   75   -1
 160     6.997    -1.155     9.587  126  116  134   -1
 161    10.766     6.598     2.606   54   46   50   -1
 162     0.114    -0.010     5.816  116  105  121   -1
 163     2.089    -1.287     5.466  128  118  136   -1
 164     2.653    10.054    -7.331   16   14   18   -1
 165   -10.427     3.420     1.676   72   68   82   -1
 166    -5.169    -5.613     4.234  174  157  178   -1
 167    -6.746    -9.938     4.730  218  195  225   -1
 168    -6.412    -7.502     4.981  193  172  197   -1
 169    11.418    -1.779     0.263  132  121  140   -1
 170     6.549     1.571    -1.031   97   88  103   -1
 171    -5.893     7.108    -6.468   47   43   49   -1
 172     7.377     0.150    -1.096  112  101  118   -1
 173    -0.978     8.930     0.519   23   23   28   -1
 174    -7.567    -8.919     0.306  203  181  208   -1
 175    -8.004    -5.804    -9.922  173  154  177   -1
 176    -4.782   -12.013    -1.272  238  209  242   -1
 177    -2.807    -8.838     1.079  202  179  209   -1
 178   -11.996    -8.358    -4.668  199  174  204   -1
 179    10.119     3.308     4.967   78   72   80   -1
 180    -1.470     7.678    -4.714   41   38   42   -1
 181     6.637     1.149    -4.196  100   91  107   -1
 182    -5.266     6.312    -8.495   56   53   59   -1
 183    -5.036    -6.062    -6.038  177  158  183   -1
 184     5.494   -12.513    -9.879  234  213   -1   -1
 185     2.696     1.300     4.745   -1   89  104   -1
 186     4.214   -12.179    -4.000  233  212  247   -1
 187   -10.232     4.259    -1.812   66   -1   71   -1
 188     5.094     8.691     9.560   26   22   25   -1
 189    -1.071     8.905     2.681   22   -1   27   -1
 190   -11.267    -7.502     3.796  194  170   -1   -1
 191     8.960    -9.379    -2.369   -1  187  220   -1
 192    -6.544    -7.855    -0.740  196   -1  202   -1
 193    -5.341    -0.004    -7.645  115  104   -1   -1
 194     4.269     1.750     3.939   -1   85   99   -1
 195     3.744     3.555     9.900   69   66   77   -1
 196    -7.903   -12.302    -4.997   -1  214  244   -1
 197     6.097     9.134    -2.053   24   20   -1   -1
 198     6.191   -11.716    -9.107  230   -1  238   -1
 199    -9.316     5.371     8.251   60   55   -1   -1
 200   -10.637   -11.489     5.548  236  207   -1   -1
 201   -11.642    -4.931     4.951  171  152   -1   -1
 202   -12.510     2.504    -2.264   87   -1   94   -1
