225
   1     5.554    -5.510     2.133  185  174  186   -1
   2     8.300    -3.748     2.327  169  156  167   -1
   3    -7.511     3.779     8.587   94   88   97   -1
   4     1.723    -0.960     2.950  148  137  146   -1
   5     4.062    -9.159     6.207  223  206  228   -1
   6     1.792    -2.231     0.424  159  147  157   -1
   7   -10.786     1.639    -9.688  127  117  126   -1
   8   -10.644     2.823    -4.642  110  101  111   -1
   9     5.259     0.087    -2.233  143  131  139   -1
  10    -4.667     1.730     2.559  125  115  125   -1
  11     1.633    -6.268     4.450  193  179  192   -1
  12    -5.889     2.033     9.775  121  111  121   -1
  13    -6.891    -2.570    -0.050  161  150  158   -1
  14    -8.280    -5.422     2.621  187  173  184   -1
  15    -6.499    -4.836     9.558  181  168  179   -1
  16     1.554   -11.097    -1.772  246  223  247   -1
  17     2.486     6.055     2.663   66   56   64   -1
  18     9.335    -3.023     5.460  165  152  163   -1
  19     3.085    -6.664    -4.317  196  181  198   -1
  20     7.531     1.129     8.573  135  124  132   -1
  21    -2.314    -6.146     2.155  192  176  190   -1
  22    -9.816    -2.063    -3.937  155  143  153   -1
  23     4.210   -11.012    -3.040  244  221  244   -1
  24    -7.223     5.314    -3.597   74   68   73   -1
  25   -12.040    -4.015    -2.584  174  158  168   -1
  26    -7.943   -11.974    -9.796  257  228  251   -1
  27    -6.732    -7.632     4.605  210  191  205   -1
  28    -9.319     3.454     1.116   99   92  100   -1
  29   -10.840     5.419    -8.627   73   67   74   -1
  30    10.011    -7.624    -3.414  203  188  208   -1
  31     0.047     7.668     0.183   49   42   49   -1
  32    -0.661    11.239     0.489    7    7    8   -1
  33    -5.193    -6.605    -9.882  195  178  191   -1
  34    -0.001    -0.472     7.946  146  135  143   -1
  35     6.411   -10.724    -3.789  237  216  241   -1
  36    -6.059     7.408     3.043   51   46   52   -1
  37    -4.894     0.297    -0.479  142  130  138   -1
  38    10.070     8.206    -6.429   48   39   40   -1
  39     4.067    -8.515     6.902  217  199  221   -1
  40     2.534    -8.692    -1.933  216  198  219   -1
  41    -4.898   -11.243    -1.351  248  224  245   -1
  42     2.948    -6.975     9.503  201  185  202   -1
  43    -8.573     7.166     3.129   55   48   55   -1
  44    -4.322    -8.268    -7.516  214  195  213   -1
  45     0.137    -7.781    -2.740  208  190  206   -1
  46     6.601     5.674     7.993   70   61   67   -1
  47     1.748    10.300     7.222   19   15   21   -1
  48     4.681     4.790    -4.478   81   73   78   -1
  49    -1.059     7.592     9.820   47   40   44   -1
  50     0.719     4.199    -9.195   92   86   92   -1
  51     7.710    -6.983    -8.105  198  184  200   -1
  52     7.298    -1.154    -1.096  150  139  149   -1
  53    -0.330    10.712     0.494   15   14   17   -1
  54    -2.308    10.876     1.759   13   10   16   -1
  55    -3.520   -10.790    -3.157  243  218  239   -1
  56    -3.388    -3.312     5.098  167  154  165   -1
  57    -9.834     2.546    -9.010  114  105  114   -1
  58     0.471     8.626     3.380   37   32   37   -1
  59    -2.541    -4.468     4.952  176  164  174   -1
  60    -8.459     9.390    -2.154   32   29   34   -1
  61    -8.965    -6.914    -9.440  199  183  196   -1
  62     3.502     5.988    -3.682   68   59   66   -1
  63     7.770    10.588     7.032   17   12   12   -1
  64     1.850    -5.000     2.575  180  169  181   -1
  65    -1.957   -10.290    -3.907  235  211  233   -1
  66    -8.516    -8.136    -9.215  212  193  209   -1
  67    -4.568     7.910     3.705   45   38   43   -1
  68    -0.256     1.406    -5.056  131  120  129   -1
  69     2.193    -6.401    -0.320  194  180  193   -1
  70    -1.424    -2.932     3.092  164  151  161   -1
  71    -7.400    -9.913    -8.211  232  208  229   -1
  72    -6.204    -0.387     1.222  145  134  142   -1
  73     6.116    -2.096     7.817  157  145  155   -1
  74     8.895     4.186     4.816   89   80   86   -1
  75    -8.407    10.511    -4.952   18   20   25   -1
  76     3.464     7.105    -7.184   57   50   56   -1
  77     6.110    -4.774    -3.745  178  166  177   -1
  78     5.307     3.108     0.106  105   95  104   -1
  79    -5.298     1.259     9.240  132  121  130   -1
  80    -0.013     8.284     5.464   42   34   38   -1
  81    -7.023    10.950     9.854    6    4   11   -1
  82   -10.661     4.275    -1.967   87   81   90   -1
  83     5.770    -1.728     4.395  154  142  152   -1
  84     3.821     5.491    -5.476   75   64   71   -1
  85     4.998     4.268    -7.862   91   83   89   -1
  86     4.493     6.290     4.903   62   51   60   -1
  87    10.809     1.711    -3.075  126  116  124   -1
  88    -8.836     3.472    -6.571  100   93  101   -1
  89     6.599     6.385    -1.168   63   53   59   -1
  90     7.669   -10.975    -3.773  241  220  246   -1
  91    -7.246     8.583    -9.255   39   35   41   -1
  92     3.158    -9.364     5.145  228  207  231   -1
  93     0.772     9.635     3.714   29   27   29   -1
  94    -2.597     2.321    -3.986  117  107  117   -1
  95    -1.993     2.166    -0.871  120  110  119   -1
  96     9.994     4.765    -2.832   83   72   76   -1
  97     8.218     2.227     1.203  118  108  116   -1
  98     3.713     7.479     9.771   50   41   46   -1
  99    -8.470    -9.375     7.748  231  209  227   -1
 100    -7.625   -10.690    -5.381  242  215  235   -1
 101     3.214    -7.301     9.474  205  189  203   -1
 102   -11.669    10.078    -4.651   22   26   31   -1
 103     6.437   -11.335     5.558  249  229  254   -1
 104     1.869     9.728     8.631   26   23   28   -1
 105    -6.265     4.076     2.540   88   85   93   -1
 106    -0.077    -6.269    -7.084  189  175  189   -1
 107     2.329     2.470     9.410  115  104  113   -1
 108    -2.700     4.623     6.666   80   71   79   -1
 109    -1.032     1.487     1.548  129  119  128   -1
 110     3.823     4.569    -4.253   85   77   84   -1
 111     8.915    10.376     2.660   21   18   18   -1
 112    -5.899     5.926    -1.842   67   60   68   -1
 113    -7.874     4.412     4.675   84   78   85   -1
 114     5.927    11.332    -1.404   10    6    6   -1
 115     5.755    -7.764     0.634  207  192  211   -1
 116     6.549     7.542     2.076   53   44   48   -1
 117   -12.042     2.351     1.214  116  106  115   -1
 118    -2.001     5.498    -1.004   71   63   70   -1
 119     5.064     8.525     5.661   38   33   36   -1
 120    -4.504    -3.960    -3.445  170  157  169   -1
 121     1.342     7.324     9.806   52   43   50   -1
 122     8.802     4.336    -7.599   90   82   87   -1
 123     7.004     2.048     2.106  122  112  120   -1
 124     2.789     3.683     8.237   97   90   98   -1
 125   -11.163     4.760    -3.170   79   74   82   -1
 126    -0.225   -10.720    -3.007  240  217  240   -1
 127    -9.698    -4.977     1.554  182  167  178   -1
 128   -10.563    -2.181    -4.279  158  144  154   -1
 129    -9.628    -1.465    -8.654  153  141  151   -1
 130     7.083    11.048     6.928   11    5    5   -1
 131    -7.233   -11.527     5.534  258  232  252   -1
 132     4.920     7.128     5.704   56   47   53   -1
 133     0.780   -10.345    -1.144  236  213  236   -1
 134    -3.353     2.912    -2.838  108   98  107   -1
 135     9.499   -12.093    -8.221  251  231  257   -1
 136    -7.473     2.842    -7.399  112  102  110   -1
 137     2.130    -9.034    -0.399  219  201  225   -1
 138    -6.265    -9.745     7.462  234  210  232   -1
 139     6.478    10.380    -4.363   25   22   24   -1
 140   -10.670    -1.265    -2.244  152  140  150   -1
 141    -5.368    -0.647    -6.461  147  136  144   -1
 142     4.061     4.001    -6.195   96   87   95   -1
 143     6.740    -9.668    -9.556  222  205  230   -1
 144   -11.356     9.187    -3.695   34   31   35   -1
 145    -9.155    -5.647    -8.841  188  172  185   -1
 146     1.227     5.125     8.683   76   66   72   -1
 147    -2.232    -9.233     0.520  225  204  226   -1
 148    11.224     1.500     2.278  130  118  127   -1
 149     5.703     1.884    -1.817  123  113  122   -1
 150   -10.947    -1.025    -6.374  149  138  147   -1
 151    -1.541    -3.063     8.165  166  153  162   -1
 152     2.275    -0.213     1.469  144  133  141   -1
 153     7.478     0.525    -5.039  139  129  136   -1
 154     6.986     9.178     3.289   35   30   33   -1
 155     1.356    -6.524     2.326  197  182  197   -1
 156     3.985     3.139     1.832  104   94  102   -1
 157     8.242    10.819     3.654   16    8    9   -1
 158    -7.130    -7.282    -1.357  204  186  201   -1
 159    -3.533     2.793     0.579  111  100  109   -1
 160    -8.291     7.947     9.220   43   36   42   -1
 161    -9.148   -11.781    -8.824  252  225  249   -1
 162    -6.251    -7.932     4.851  215  197  212   -1
 163   -11.809   -11.730    -0.466  261  230  250   -1
 164    -1.889    -3.733    -8.349  168  155  166   -1
 165    11.088    10.799    -5.074   20   16   14   -1
 166     8.945     7.732    -5.353   54   45   47   -1
 167    -7.148    -7.954    -1.374  211  194  210   -1
 168     3.972     8.393    -7.001   44   37   39   -1
 169     4.681     3.822    -7.054   98   91   99   -1
 170     0.900    11.344     9.877    5    1    3   -1
 171    10.229     1.266    -5.897  134  123  131   -1
 172     6.881     2.258    -5.089  119  109  118   -1
 173     7.081    -8.634     7.899  218  200  224   -1
 174     5.280     0.991    -0.313  137  126  133   -1
 175     2.389   -11.471     0.921  250  227  253   -1
 176    10.771     6.083    -4.284   69   58   63   -1
 177   -11.104   -11.799    -7.813  255  226  248   -1
 178     4.501    10.748     4.814   14    9   13   -1
 179     5.074     9.839     4.497   28   24   26   -1
 180    -6.379    10.658     5.826   12   11   19   -1
 181     7.766    -6.404    -4.138  191  177  194   -1
 182   -10.209    11.451     5.794    1    2    7   -1
 183     1.629    -4.033     5.040  173  161  171   -1
 184     7.340     7.068    -2.789   58   49   54   -1
 185    11.943     4.534    -0.049   86   76   80   -1
 186    -4.975     3.809     5.576   95   89   96   -1
 187    -7.553    -8.953     5.701  226  203  222   -1
 188    -7.202    -9.429    -9.076  227  202  223   -1
 189     7.860    11.655    -4.722    8    3    4   -1
 190     1.715     9.442     1.741   33   28   32   -1
 191    -0.314     5.968     7.784   64   55   65   -1
 192    -2.006     6.517    -5.745   59   52   61   -1
 193     8.986    -2.552    -8.522  160  148  159   -1
 194     0.495     3.105    -9.749  106   97  106   -1
 195    -8.550     0.686    -6.536  138  128  135   -1
 196    -1.623    -4.147    -8.308  172  159  170   -1
 197    -1.450     2.765     8.000  109   99  108   -1
 198    -5.138   -10.444     8.808  245  219  238   -1
 199     3.781    10.243    -8.857   27   25   27   -1
 200    11.621    -2.160     0.768  156  146  156   -1
 201     7.609    -4.187     1.808  175  162  172   -1
 202    -5.509   -10.511    -5.449  238  212  234   -1
 203     1.882     3.136    -5.546  103   96  105   -1
 204     6.429     2.552     6.208  113  103  112   -1
 205    -9.639     1.731     6.927  124  114   -1   -1
 206     7.955   -12.060     0.363  256  235   -1   -1
 207     6.419     1.029     2.978  136  125   -1   -1
 208     4.884    -3.929     6.905  171  160   -1   -1
 209    -0.322     5.595    -2.787   -1   62   69   -1
 210    -2.973   -10.454     0.174  239  214   -1   -1
 211     0.900     9.418     7.316   30   -1   30   -1
 212    -1.119     6.391    -3.973   61   54   -1   -1
 213     5.969     4.513     5.743   -1   75   81   -1
 214    11.592   -12.078     1.550  254  236   -1   -1
 215    -2.595     6.002     2.680   65   57   -1   -1
 216     3.482    -5.223     2.288  183  170   -1   -1
 217    -8.088     0.863    -7.872   -1  127  134   -1
 218     3.432     3.964     9.744   93   84   91   -1
 219     4.466    -7.533     4.483  206   -1  207   -1
 220    -5.571    -5.443    -0.640  186  171   -1   -1
 221   -12.076    -8.770     0.432  221   -1  216   -1
 222   -12.429    -1.140    -0.066  151   -1  148   -1
 223     8.869    -0.116     8.966   -1  132  140   -1
 224   -11.755   -10.750     4.366  247  222   -1   -1
 225   -12.693    -6.067    -3.600  190   -1  188   -1
