241
   1    -9.435     3.643    -4.762  102   84   93   -1
   2    -6.161     4.519     1.869   89   74   85   -1
   3    -5.343    -6.052     4.525  226  186  207   -1
   4    -4.962    -4.638    -3.089  199  166  187   -1
   5    -1.543    -8.444    -7.177  252  209  237   -1
   6   -12.134     3.132    -4.607  105   87   97   -1
   7    -0.505    -4.867     4.429  205  170  192   -1
   8     4.073     2.637     6.996  109   92  101   -1
   9     3.282    -5.617     8.704  217  181  203   -1
  10     6.191     2.730    -4.073  110   93  100   -1
  11    -2.414    -7.803    -1.124  242  202  228   -1
  12     0.780    -7.483    -3.209  240  198  225   -1
  13    -5.223    -4.993     1.675  207  172  195   -1
  14    -0.347     1.063    -3.577  127  107  122   -1
  15    10.336    -1.302    -4.161  159  132  152   -1
  16    -9.633    -0.399    -3.044  149  123  141   -1
  17    -4.312     5.936     3.883   70   61   73   -1
  18     5.067    -1.645     5.240  161  134  154   -1
  19    -2.254    -6.001     4.158  225  184  206   -1
  20    -2.487    -6.744     6.521  235  193  219   -1
  21     0.894    -3.324     2.264  183  151  173   -1
  22     7.511    -6.045     1.598  221  183  213   -1
  23   -11.433     9.483    -8.903   28   25   30   -1
  24    -3.430    -2.239     1.741  172  142  161   -1
  25    -2.683     2.537    -4.867  114   95  104   -1
  26     0.150     7.223    -9.663   60   50   58   -1
  27     0.731    11.496    -8.715    6    8   10   -1
  28     4.911    -2.832    -8.978  177  145  166   -1
  29     8.516    -4.262    -9.212  191  161  183   -1
  30   -10.597    -2.963    -4.816  179  146  167   -1
  31    -2.337     8.371    -8.696   42   36   43   -1
  32    -2.119     8.079    -6.546   47   39   45   -1
  33    -2.109    -9.750    -1.982  269  226  255   -1
  34    -7.972    -1.764     8.196  164  135  155   -1
  35    -8.562     8.328    -0.591   40   34   42   -1
  36    -0.020     4.821     0.815   83   68   80   -1
  37     4.929   -10.946    -5.033  276  235  266   -1
  38     5.823    -5.576    -2.719  213  178  201   -1
  39    -4.930     4.453    -4.454   93   78   88   -1
  40     4.505     4.472    -4.014   94   76   86   -1
  41    -8.771    -5.030     1.255  209  173  194   -1
  42     4.988    -5.447    -2.113  211  176  198   -1
  43    -8.659    -8.400     0.626  259  214  238   -1
  44   -10.710    -5.645    -0.705  218  179  199   -1
  45     7.779     2.169     9.235  118   98  108   -1
  46     6.916   -10.038    -6.137  268  229  258   -1
  47     8.903    -3.583     1.793  186  153  176   -1
  48    -0.314    11.061    -7.593   13   12   15   -1
  49     3.839    -0.380     8.386  148  122  142   -1
  50     8.286    -8.578     6.816  257  218  246   -1
  51    -7.402   -10.578    -1.853  278  233  261   -1
  52     7.331    10.614    -0.400   18   13   14   -1
  53     2.055    10.759     8.390   12    6   13   -1
  54   -10.341     2.924    -4.802  108   90   99   -1
  55     0.129    -7.480    -9.074  239  196  223   -1
  56     3.472     8.837     3.552   36   28   29   -1
  57    -4.543   -10.825     3.819  284  237  265   -1
  58     2.594     6.710    -5.669   64   54   62   -1
  59     1.739     0.388    -7.325  138  115  129   -1
  60    -5.914   -10.938    -9.303  279  234  263   -1
  61    -2.380    -0.930     7.995  154  128  148   -1
  62     7.751    10.189     4.641   20   14   17   -1
  63     4.182     0.481     5.477  137  114  128   -1
  64    -7.312    -9.349     1.149  267  224  251   -1
  65    -2.473    -8.963     9.841  265  223  249   -1
  66    -0.305     2.202     3.168  117   99  109   -1
  67    -2.787    -6.652    -9.550  231  190  217   -1
  68    11.076     5.864     3.462   76   63   70   -1
  69     1.672    -8.074    -8.707  243  203  231   -1
  70    -7.347    -5.064    -4.293  206  171  191   -1
  71    12.105    -4.947    -5.760  202  169  196   -1
  72     7.219     4.893    -3.290   85   69   79   -1
  73     8.997    -1.574     1.273  160  133  153   -1
  74     5.797    -2.016    -3.646  166  138  159   -1
  75     1.395    -6.155    -0.805  224  185  209   -1
  76    -4.296    -6.432     0.298  232  191  214   -1
  77    -4.870    -8.620    -7.306  256  211  240   -1
  78     4.777     9.572    -6.677   33   23   24   -1
  79     0.773    -9.313     0.049  264  222  253   -1
  80     8.456    -9.908    -4.972  266  227  257   -1
  81     3.585     5.846     6.041   72   62   72   -1
  82    -0.829     1.538    -0.036  123  103  114   -1
  83    -1.546    -3.911     6.073  190  158  179   -1
  84     1.206    11.559    -5.808    5    5    7   -1
  85     1.346     6.136    -2.825   71   60   71   -1
  86    -8.885    -3.646     3.454  188  155  175   -1
  87    -0.488    11.188     8.990    2    1    6   -1
  88    -1.259   -12.073    -3.440  296  246  275   -1
  89     7.484    -8.543     2.353  253  216  243   -1
  90   -10.606    -8.366     1.192  260  213  236   -1
  91    -0.237    -8.536     2.142  258  215  242   -1
  92     0.757     8.354    -6.282   43   35   39   -1
  93    10.320    -2.907     1.754  178  147  169   -1
  94    10.329    -5.335     1.824  210  174  200   -1
  95    -1.777     7.736     0.993   49   41   48   -1
  96     3.527     1.645     1.734  122  102  113   -1
  97     0.625    -4.240    -8.180  195  160  180   -1
  98     7.703    -0.762     7.160  152  126  145   -1
  99    -6.033    -3.775     5.807  189  156  177   -1
 100    10.877     7.255    -2.482   59   49   54   -1
 101    -5.161    10.926    -1.049   11   11   16   -1
 102     1.103     8.771    -6.514   38   32   37   -1
 103     1.766    -1.822     6.289  163  136  157   -1
 104     1.611    -5.979     7.984  223  187  208   -1
 105     1.221    -2.302     2.323  173  143  163   -1
 106    -2.949    12.023   -10.003    0    2    5   -1
 107     8.768     2.319     1.755  116   97  106   -1
 108    -5.183    -8.301     2.819  254  212  239   -1
 109     1.435     2.518    -2.445  115   94  103   -1
 110     1.648     8.914    -9.252   37   31   36   -1
 111     0.525    -7.809     9.654  247  208  235   -1
 112     9.506     3.144    -9.895  107   88   96   -1
 113     7.199     1.204    -4.938  124  105  119   -1
 114     4.315   -11.974    -6.201  289  243  274   -1
 115    -8.893     8.277     3.441   39   33   41   -1
 116     0.562   -10.132    -6.494  271  230  256   -1
 117     6.737    -1.956     0.374  165  137  158   -1
 118   -10.200     4.663    -2.196   86   72   83   -1
 119    -9.071     1.970    -0.660  121  101  112   -1
 120   -10.376    -1.140     2.517  158  131  151   -1
 121   -11.229    -9.763    -3.959  272  225  254   -1
 122     9.772     4.518     4.803   91   73   82   -1
 123    -9.887     9.107    -1.888   32   27   33   -1
 124     1.644    -4.441    -1.153  198  165  185   -1
 125    -1.470    -0.877    -2.520  153  127  147   -1
 126    -3.540    -6.217    -9.185  222  182  205   -1
 127     6.329    -7.174    -3.094  236  195  221   -1
 128     6.321    -7.111     6.825  238  197  224   -1
 129     2.672    -3.229    -8.150  181  148  171   -1
 130    -0.280    -0.991     9.729  156  129  149   -1
 131   -10.218    -1.072    -4.720  157  130  150   -1
 132     2.348     3.587    -9.848  103   85   94   -1
 133     9.161     4.282     6.853   95   77   84   -1
 134    -9.002    -7.982     0.617  250  206  230   -1
 135     1.075    -9.465    -8.095  263  221  252   -1
 136    -3.598    10.650    -9.506   17   15   21   -1
 137     9.943    -2.340    -8.858  169  141  164   -1
 138    -6.948    -4.501     6.830  200  167  186   -1
 139     8.215    10.932     0.098   16    9   12   -1
 140    -0.343    -7.864     1.602  245  204  232   -1
 141     2.207     5.987    -5.687   75   64   75   -1
 142     5.219    -0.664     7.925  151  125  144   -1
 143     7.030    11.752    -4.153    4    3    3   -1
 144    -2.304     9.660    -8.460   30   22   27   -1
 145    -6.152    -5.382     2.072  215  177  197   -1
 146     7.309    -3.172    -2.606  180  149  172   -1
 147    -3.137    -9.162    -1.389  262  220  248   -1
 148     5.587     7.243    -0.038   57   47   55   -1
 149     7.152    11.544    -5.048    7    4    4   -1
 150     2.356   -11.329    -2.317  285  238  267   -1
 151    -3.855   -11.895    -4.484  291  242  269   -1
 152     8.544    -0.036     9.158  142  118  135   -1
 153    -1.737     5.089     1.935   80   65   77   -1
 154   -11.930    -7.998     1.031  251  207  229   -1
 155   -10.584    -4.075    -8.645  192  157  178   -1
 156    -5.520    -8.094    -3.285  248  205  233   -1
 157     1.147    10.554    -9.433   19   16   20   -1
 158     9.314     0.346    -3.133  139  116  130   -1
 159    -8.132    -6.271     1.036  227  188  210   -1
 160    -6.966    -7.895    -6.746  244  200  227   -1
 161     1.584    -5.679     0.085  216  180  202   -1
 162    -3.355     9.292    -9.838   35   30   31   -1
 163    -2.678     7.568     3.756   50   43   51   -1
 164     1.509   -12.075    -1.752  297  248  277   -1
 165     0.393    -4.153     8.118  196  164  184   -1
 166     7.574   -11.374     1.545  287  240  270   -1
 167    -3.710     3.802     3.596  101   82   92   -1
 168    -9.647     3.075    -9.537  106   89   98   -1
 169     3.476    -4.038     8.076  194  162  182   -1
 170     2.810   -10.103    -1.574  273  231  259   -1
 171     4.510     6.342     6.289   67   57   67   -1
 172     8.204    -0.312     1.712  147  121  140   -1
 173   -11.927    -7.471    -1.249  241  199  222   -1
 174     8.056    -8.412    -2.101  249  210  241   -1
 175   -10.100     0.958     0.031  129  108  124   -1
 176    -6.280    -4.241    -1.999  197  163  181   -1
 177   -11.043   -11.135    -6.937  286  236  264   -1
 178    -5.284     8.053    -0.087   44   37   44   -1
 179     2.577   -11.491     0.379  288  241  268   -1
 180    -6.351    -0.233     2.350  146  120  139   -1
 181    -5.471    -0.023     4.496  141  117  134   -1
 182     9.700     7.952     2.620   48   38   40   -1
 183    11.284     7.537     2.183   54   44   46   -1
 184     1.788    11.441    -7.693    8    7    9   -1
 185    -6.405     9.999    -1.914   21   18   22   -1
 186     7.848    10.259    -4.081   22   17   19   -1
 187     1.170    -8.879     0.211  261  219  245   -1
 188     5.940    -0.054     3.471  143  119  136   -1
 189    -2.159     0.790    -3.977  132  111  125   -1
 190     0.672     6.548     2.381   63   53   63   -1
 191   -10.405    -7.621     3.988  246  201  226   -1
 192     1.134     1.045     7.578  126  106  120   -1
 193    -3.326     4.016     4.132   99   81   89   -1
 194     3.121     7.655    -5.053   53   46   52   -1
 195    -3.155     0.731    -9.912  133  112  127   -1
 196    -4.804     5.024    -7.210   82   66   81   -1
 197    -9.432    -3.545     6.803  187  154  174   -1
 198    -4.789     6.372    -4.650   68   58   68   -1
 199     7.099    -6.738     7.031  234  194  220   -1
 200    -2.294     9.259     6.793   26   21   26   -1
 201    -7.410     8.012    -4.860   46   40   47   -1
 202    11.754   -11.422    -1.681  282  239  271   -1
 203    -3.172    -4.665     4.114  203  168  189   -1
 204     3.650     9.407     6.155   27   20   23   -1
 205    -6.702     6.434    -9.879   69   59   69   -1
 206     4.184     3.161     6.334  104   86   95   -1
 207    -9.035     8.884     1.613   34   29   35   -1
 208    -7.024    -3.168     5.919  182  150  170   -1
 209    11.504     4.361    -3.125   97   79   87   -1
 210    -6.701   -11.956    -0.165  299  247  272   -1
 211    12.167     1.189    -3.112  125   -1  118   -1
 212     3.853   -11.992     0.435  293  249  278   -1
 213     7.905     4.847    -1.428   87   70   -1   -1
 214    -5.182    -6.273     8.128  230  192  215   -1
 215    -3.343    -4.794    -8.520  201   -1  188   -1
 216    -8.613   -11.866     5.346   -1  250  273   -1
 217    12.311     2.781    -6.569  111   91   -1   -1
 218    -6.936   -10.396     2.351  277  232  260   -1
 219    -2.983     0.696    -6.372  134   -1  126   -1
 220    -3.807     2.114    -5.044  119  100   -1   -1
 221     2.443     6.379     8.205   65   -1   64   -1
 222    -2.609   -11.830    -1.226  292  244   -1   -1
 223    -4.879    -2.202     5.573   -1  140  160   -1
 224     8.806     7.274    -3.722   58   48   56   -1
 225     1.776    -0.626    -0.145  150  124   -1    0
 226     1.508     4.515     7.649   90   71   -1    0
 227     6.775    11.136    -5.481   15   10   11    0
 228     7.741     7.135    -7.047   61   51   -1    0
 229    12.325     8.698    -5.829   41   -1   34    0
 230     6.337    -0.095    -7.624  144   -1  137    0
 231    -8.436     3.895    -4.135  100   83   91    0
 232     6.030     0.005    -7.546  140   -1  133    0
 233    12.932    -6.028    -2.215  219   -1  211    0
 234    -5.806    -5.332     2.526  214  175   -1    0
 235    -7.853    -6.212     5.347  228   -1  212    0
 236    -3.276     7.578    -0.025   51   45   53    0
 237    -3.400     7.733     0.077   -1   42   49    0
 238    -2.408     9.381     3.616   25   -1   25    0
 239     6.733    -8.619     0.549  255  217   -1    0
 240    -8.909     4.281    -8.028   96   80   -1    0
 241     8.864     7.594    -6.294   55   -1   50    0
