243
   1    -9.012    -4.829     1.065  194  166  187   -1
   2    -0.889    -4.216     4.259  186  162  182   -1
   3    11.542    -1.690    -6.284  155  134  151   -1
   4    -0.700     1.380    -2.978  119  100  114   -1
   5     2.172     7.048    -5.836   64   50   58   -1
   6     4.007     4.838    -4.188   87   68   79   -1
   7    -2.582    -5.484     4.063  206  176  197   -1
   8     0.246    -7.372    -3.571  227  190  219   -1
   9    10.840   -11.388    -9.826  272  233  263   -1
  10    -7.218    -4.198     6.690  189  163  178   -1
  11     3.302     6.568     6.048   66   52   61   -1
  12   -10.581    -3.858    -8.864  181  155  172   -1
  13    -2.902    -7.459    -1.368  231  195  221   -1
  14   -10.665    -2.833    -4.997  171  146  162   -1
  15    -9.761    -0.237    -3.217  139  119  131   -1
  16    11.432     2.059    -3.254  114   95  109   -1
  17    -0.519    11.459    -7.590   11    9    8   -1
  18     0.455    -2.613     2.017  169  144  160   -1
  19    -0.195    -7.382     9.815  233  198  224   -1
  20    -4.405     6.485     3.952   65   53   62   -1
  21    -3.046    -8.703     9.929  252  214  242   -1
  22    -0.487     2.889     3.054  105   86   97   -1
  23     5.004    -1.760    -3.959  158  137  154   -1
  24     1.972    11.408     8.466    2    0    1   -1
  25     6.867    -0.224     7.154  138  118  132   -1
  26     3.756     3.502     7.062   97   79   89   -1
  27     2.462    -5.293     8.935  204  174  196   -1
  28     1.013    -4.051    -1.462  182  158  177   -1
  29     6.097    -5.538     5.857  205  178  201   -1
  30     9.451    -0.810    -4.438  145  125  141   -1
  31    -2.685    -0.488     7.904  142  122  137   -1
  32    -5.247    -4.501    -3.366  190  164  184   -1
  33     0.105     7.859    -9.921   53   43   50   -1
  34     3.416   -11.307     0.590  277  235  264   -1
  35     7.109     2.897     9.333  104   85   95   -1
  36     4.270    -2.224    -9.275  164  141  158   -1
  37     7.487     5.734    -1.564   76   60   68   -1
  38    -5.490    -7.864     2.674  238  203  229   -1
  39    -5.540    -4.577     1.518  193  165  186   -1
  40    -0.332     5.518     0.675   77   61   70   -1
  41    -2.517    -9.528    -2.275  256  216  247   -1
  42     2.051    -2.705    -8.509  168  143  161   -1
  43    -6.029   -10.964    -9.740  274  228  255   -1
  44    -7.462    -4.994    -4.598  196  167  189   -1
  45     7.590    11.283     4.917   10    6    3   -1
  46     8.293     3.637     1.703   96   78   87   -1
  47     7.635    -9.493    -5.165  253  215  248   -1
  48     4.425    -0.867     5.120  146  127  143   -1
  49     3.067   -10.527     9.422  273  232  260   -1
  50     0.971     2.920    -2.674  106   87   98   -1
  51    -0.373    -7.079    -9.495  224  189  213   -1
  52    -1.097     2.164    -0.259  113   94  108   -1
  53     1.418   -11.896     2.367  290  249  274   -1
  54     3.297     0.135     8.476  134  116  129   -1
  55   -10.177     1.188    -0.010  121  102  117   -1
  56    -1.534   -12.043    -3.787  291  246  272   -1
  57     3.242     9.676     3.524   27   16   20   -1
  58     5.559     3.124    -4.250  103   83   93   -1
  59    -3.049     2.788    -5.154  107   88   99   -1
  60   -10.001     9.238    -2.075   31   24   30   -1
  61     4.456     9.963    -6.677   28   18   22   -1
  62   -10.794    -8.229     0.896  246  207  233   -1
  63     3.838     1.304     5.501  120  101  115   -1
  64    -2.917    -6.262     6.494  221  187  211   -1
  65     1.129   -11.874    -1.991  286  243  271   -1
  66     1.423    -1.096     6.206  151  130  145   -1
  67     7.417    10.804    -4.031   17   12   11   -1
  68     7.679     0.627     9.418  130  111  124   -1
  69    -8.178    -1.527     8.053  153  132  147   -1
  70     0.964    -5.179    -0.177  201  172  193   -1
  71     0.200    -8.952    -0.331  250  211  243   -1
  72     0.633    11.996    -8.682    3    3    2   -1
  73    10.363     8.170    -2.536   49   38   39   -1
  74     5.494    -5.935     6.760  213  184  209   -1
  75   -12.189     3.286    -4.805   99   82   92   -1
  76    -5.563    -5.610     4.390  212  179  199   -1
  77    -5.620    -5.988     7.982  219  186  207   -1
  78    11.328   -10.369    -1.581  263  224  256   -1
  79    -2.113    -1.606     4.639  156  133  149   -1
  80    -1.871    -8.375    -7.613  244  205  236   -1
  81     2.731    -3.705     8.265  180  156  175   -1
  82    -8.681     8.581    -0.723   38   30   36   -1
  83     6.073    -1.010     0.083  149  129  144   -1
  84    10.661     7.254     3.678   61   45   52   -1
  85     6.157    -9.828    -6.490  255  218  249   -1
  86     0.770    -5.765    -1.112  211  180  202   -1
  87    -9.046    -3.324     3.308  174  148  167   -1
  88    -1.843    -3.294     5.903  173  149  168   -1
  89    -9.549     3.804    -4.987   95   77   88   -1
  90    -3.654    -4.384    -8.860  188  160  180   -1
  91    -6.260    -3.364     5.672  175  150  169   -1
  92    -0.724    -0.628     9.724  144  124  139   -1
  93     0.832    -1.551     2.078  152  131  148   -1
  94     9.571    -4.189     1.354  184  159  183   -1
  95     6.987    11.618    -0.270    9    2    0   -1
  96    -7.533    -9.017     0.997  254  213  241   -1
  97    10.848     8.829     2.401   40   26   28   -1
  98    -8.881   -11.580     5.276  292  244  267   -1
  99    11.728     3.346    -6.818  101   81   90   -1
 100    -4.018   -11.999    -4.881  289  242  269   -1
 101     4.220    -5.117    -2.520  197  170  192   -1
 102   -11.033   -11.196    -7.196  278  231  257   -1
 103   -10.306     4.795    -2.336   86   69   81   -1
 104     3.894     4.078     6.384   93   75   85   -1
 105    -7.175    -9.983     2.218  266  222  250   -1
 106    -0.752    -8.060     1.938  242  204  235   -1
 107     0.923     6.521    -2.986   68   55   63   -1
 108   -10.799    -5.522    -0.973  208  175  195   -1
 109     1.807     6.324    -5.895   70   56   65   -1
 110    -4.967     5.432    -7.611   80   64   76   -1
 111     6.766    -7.453     2.149  228  197  227   -1
 112     0.918    11.830    -5.768    7    4    4   -1
 113    -4.694    -6.040     0.157  215  182  205   -1
 114    -3.849    -5.827    -9.569  210  177  198   -1
 115    -2.043     8.348     1.027   43   33   38   -1
 116    -8.997     8.667     3.391   34   28   33   -1
 117     5.208     8.094    -0.162   48   39   41   -1
 118    -6.255     5.039     1.857   84   67   78   -1
 119    -3.338     1.028    -6.704  123  104  118   -1
 120     9.214    -1.720    -9.239  157  136  152   -1
 121     8.722     5.233     6.863   82   62   71   -1
 122     3.221     2.550     1.544  109   90  103   -1
 123     0.761     9.083    -6.584   36   27   31   -1
 124    -6.832   -11.641    -0.351  287  239  265   -1
 125     4.307   -10.902    -5.410  270  229  258   -1
 126     7.676     0.940     1.516  126  107  121   -1
 127    -8.872    -8.217     0.408  245  206  234   -1
 128    -8.830     2.269    -3.962  112   93  106   -1
 129   -10.429     3.082    -5.027  102   84   96   -1
 130    -2.821     8.131     3.831   44   34   43   -1
 131     9.366     5.694     4.910   75   58   67   -1
 132    -8.421    -6.031     0.811  217  183  204   -1
 133    -1.914    -0.584    -2.779  143  123  138   -1
 134    -7.023    -7.949    -7.132  236  199  226   -1
 135    -3.788     4.373     3.593   92   74   84   -1
 136    -4.135     2.348    -5.336  110   91  105   -1
 137     0.401     8.636    -6.387   42   32   34   -1
 138    -9.211    -7.822     0.368  237  202  228   -1
 139    -5.040     6.591    -4.903   67   54   64   -1
 140    -2.424     8.375    -6.736   45   37   44   -1
 141    -3.594    11.293    -9.660   15   10   12   -1
 142     2.213     6.985     8.318   62   49   57   -1
 143    -5.306    11.295    -1.055    8    8   10   -1
 144     4.561    -0.247     8.001  140  120  133   -1
 145     9.939     5.904     6.327   72   57   66   -1
 146    -7.581     8.224    -5.112   46   40   47   -1
 147     8.111    -2.462     1.321  167  142  159   -1
 148     6.750     5.405    -3.457   81   63   72   -1
 149    -2.919   -11.598    -1.525  283  237  266   -1
 150     3.975   -11.795    -4.028  282  240  270   -1
 151     1.257     0.890    -7.702  128  109  123   -1
 152     1.097    11.133    -9.424   16   11   13   -1
 153    11.148    -4.369    -6.080  185  161  185   -1
 154     5.601    -6.898    -3.468  222  188  214   -1
 155     4.270   -11.773    -9.912  279  236  268   -1
 156    -5.061    -1.724     5.551  159  138  153   -1
 157     8.283     7.779    -3.775   54   42   49   -1
 158     1.339    -0.040    -0.391  136  117  130   -1
 159     1.256     5.109     7.812   83   65   75   -1
 160    -5.485     8.510    -0.104   41   31   35   -1
 161   -10.302    -0.905    -4.924  148  128  142   -1
 162    -5.013    -8.633    -7.729  248  208  237   -1
 163    10.938     5.177    -3.268   85   66   73   -1
 164    -6.566    10.260    -2.039   18   14   16   -1
 165     0.572    -8.534    -0.145  247  209  238   -1
 166     1.514     9.496    -9.290   33   23   27   -1
 167     0.074    -3.746    -8.571  179  154  171   -1
 168    -2.485    10.209    -8.604   23   15   21   -1
 169   -11.271    -9.751    -4.331  261  219  246   -1
 170    -5.196     4.667    -4.808   88   72   83   -1
 171    -2.497     8.934    -8.910   39   29   32   -1
 172     8.336    -0.323     0.973  141  121  136   -1
 173     8.214   -10.463     6.628  267  230  259   -1
 174     4.245     7.120     6.288   60   47   54   -1
 175    -7.221    -2.835     5.679  172  147  165   -1
 176     6.398    11.522    -5.378   14    7    7   -1
 177    -1.973     5.732     1.887   74   59   69   -1
 178     0.418     7.230     2.386   58   46   56   -1
 179     1.928     1.643    -0.159  117   98  112   -1
 180    -6.419     0.247     2.193  133  115  128   -1
 181    -3.520    -8.879    -1.655  249  210  240   -1
 182    -6.434    -5.008     1.897  200  169  191   -1
 183    -8.245     9.491     1.979   26   19   25   -1
 184    -5.542     0.453     4.388  132  113  127   -1
 185    -6.528    -4.025    -2.228  183  157  176   -1
 186     7.389     7.639    -7.164   56   44   51   -1
 187    -0.853    -7.349     1.372  229  193  220   -1
 188    -3.135    -6.227    -9.929  214  181  206   -1
 189     6.695    -5.113     1.146  198  171  194   -1
 190    11.764     9.286    -6.009   37   25   26   -1
 191    -9.572     3.539    -9.883   98   80   91   -1
 192     3.468    10.121     6.148   19   13   15   -1
 193    -2.597     0.994    -4.241  124  106  120   -1
 194     6.426    -2.726    -2.932  170  145  164   -1
 195    -3.395     4.573     3.969   89   71   82   -1
 196    -4.913   -10.306     3.700  269  227  252   -1
 197     2.247    -9.854    -1.843  258  220  251   -1
 198     5.705     0.473    -8.076  131  114  126   -1
 199   -10.489     9.248     1.369   30   21   29   -1
 200   -11.970    -7.413    -1.559  232  192  216   -1
 201   -10.623    -7.399     3.826  235  196  218   -1
 202     2.691     8.001    -5.130   50   41   48   -1
 203     7.327    -7.828    -2.346  234  200  231   -1
 204     7.494    -7.137     6.642  226  191  223   -1
 205     1.989   -11.141    -2.609  276  234  262   -1
 206    -8.583     4.022    -4.270   94   76   86   -1
 207    11.131    -6.245    -0.566  218  185  210   -1
 208   -12.297    -9.616    -3.995  259  217  245   -1
 209     2.084   -10.925     0.265  275   -1  261   -1
 210    12.144   -10.674    -7.156  265  226   -1   -1
 211     6.491     1.622    -5.193   -1   99  113   -1
 212    10.251   -12.110    -3.443  284  248   -1   -1
 213     0.580    -9.241    -8.540  251  212  244   -1
 214     5.057    -5.296    -3.122  202  173   -1   -1
 215     5.419     0.551    -7.879   -1  112  125   -1
 216     9.508    -1.642     1.305  154  135  150   -1
 217    11.971     9.429    -7.425   35   -1   23   -1
 218    12.255    -4.740    -2.443  191   -1  190   -1
 219     8.062     1.638     9.660  116   97   -1   -1
 220     1.107    -7.685    -9.153  230  194   -1   -1
 221    11.895   -11.841    -0.286  281  245   -1   -1
 222    -6.073    -4.930     2.391  199  168   -1   -1
 223     0.119   -10.187    -6.882  262  221   -1   -1
 224     4.344   -11.656     4.646  285  247  273   -1
 225    12.168    -6.945     1.517  223   -1  217   -1
 226    -5.687    -8.058    -3.630  239   -1  230   -1
 227    -7.549   -10.424    -2.202  268  225   -1   -1
 228     8.580     0.934    -3.398  125  108  122   -1
 229    -8.098    -5.894     5.205  216   -1  203   -1
 230   -11.182     9.996    -9.118   24   17   -1   -1
 231    -3.568     8.143    -0.015   47   36   45    0
 232     5.289   -11.386     6.894  280  241   -1    0
 233     7.742    -3.731    -9.626  178  153  174    0
 234    -2.571     9.966     3.743   20   -1   17    0
 235   -10.478    -0.812     2.702  147  126  140    0
 236     7.110   -10.191     1.714  264  223  254    0
 237     6.016    -7.800     0.393   -1  201  232    0
 238    -8.941     4.657    -8.312   90   73   -1    0
 239     5.491     0.972     3.306   -1  105  119    0
 240    -3.764    -1.836     8.395  162  140   -1    0
 241     0.853    -5.546     8.120  209   -1  200    0
 242    -3.422    -4.196     3.975  187   -1  179    0
 243     8.415     8.001    -6.410   52   -1   46    0
