244
   1    -8.032    -8.892     1.695  253  226  249   -1
   2     5.190    10.967    -8.160   15   13   12   -1
   3     0.259    -0.946     3.684  146  134  148   -1
   4    -3.283    -7.828     8.380  237  212  234   -1
   5    -8.290    -5.124     4.171  191  172  194   -1
   6     8.009    -3.246     7.395  173  158  177   -1
   7    -9.845     4.195    -1.594   87   87   93   -1
   8     7.781    -5.602    -7.484  193  179  204   -1
   9    -4.121    -4.575     6.295  183  168  190   -1
  10     1.739    -0.532    -1.895  140  130  144   -1
  11     2.528    -9.328    -6.928  251  229  255   -1
  12    -9.896     0.074     0.407  132  123  135   -1
  13   -11.854     6.423     1.869   57   64   69   -1
  14    -1.552     7.628    -8.284   48   52   51   -1
  15    -0.920    -5.127     5.638  189  173  195   -1
  16    -8.995     3.131    -3.801  103   98  107   -1
  17    -9.193    -1.134    -2.334  147  135  150   -1
  18     8.834     6.217    -1.266   65   68   68   -1
  19    -5.075    -5.737     6.424  204  182  205   -1
  20    -2.031    -7.278     4.540  225  201  226   -1
  21   -11.104   -10.807    -5.480  271  239  266   -1
  22   -10.450    -3.541    -3.888  175  160  179   -1
  23     9.309     2.534    -3.391  108  103  111   -1
  24     3.730     8.393     1.159   40   44   42   -1
  25     0.904     1.529     1.371  119  112  122   -1
  26    -8.165     5.278     8.586   71   74   81   -1
  27    -8.811     2.848    -6.684  104  100  109   -1
  28     3.181    -5.280     6.685  192  178  201   -1
  29     9.013    10.477     6.585   16   10   11   -1
  30    -1.155    -2.964     8.511  169  156  173   -1
  31     1.997     7.718     8.053   43   46   47   -1
  32    -6.880    -5.468    -2.903  195  177  197   -1
  33    -3.867    -7.105     2.430  221  198  222   -1
  34    -6.024    -2.307     3.001  160  148  163   -1
  35    -3.710     1.253     3.692  122  114  124   -1
  36     3.084   -10.992    -9.973  264  240  272   -1
  37     4.128   -11.796    -8.554  277  251  281   -1
  38   -10.057     2.343    -3.812  110  104  113   -1
  39   -12.201     1.803    -5.762  116  109  119   -1
  40    -5.637    -0.583     8.441  141  131  145   -1
  41    -6.722    -7.737    -4.874  232  204  228   -1
  42     0.298   -10.598     9.313  270  247  275   -1
  43     8.790     0.969    -3.984  125  118  129   -1
  44   -10.148     5.880    -9.907   67   72   78   -1
  45     4.113     5.268    -5.630   75   77   83   -1
  46     9.577    -7.936    -0.851  231  209  236   -1
  47     9.292    -6.164    -8.474  201  183  210   -1
  48     8.070    -5.158     5.621  188  174  198   -1
  49    -5.371   -10.964    -7.203  268  242  268   -1
  50     6.719    -6.247     7.292  208  191  215   -1
  51    10.435    -0.827    -1.733  143  133  147   -1
  52    10.462    -0.413    -9.335  139  129  142   -1
  53    -8.461    -4.723    -9.855  182  167  189   -1
  54     9.848    -9.367    -1.384  252  231  260   -1
  55    -2.020    -3.944     9.036  180  164  186   -1
  56    -9.778    -9.184     2.480  256  230  252   -1
  57    -0.016   -11.229    -0.503  274  249  277   -1
  58   -11.998     2.545    -3.684  107  102  112   -1
  59    -6.866    -7.523     1.948  229  203  227   -1
  60    -4.208     3.413     3.592   94   94  104   -1
  61     6.671     2.909    -3.902  105   99  108   -1
  62     1.245    -8.023     5.096  238  213  237   -1
  63     5.296    -9.235    -7.505  249  227  254   -1
  64    -2.258    10.161    -8.932   20   24   24   -1
  65     4.492     9.369    -1.169   25   30   31   -1
  66    10.882     4.939    -4.035   81   83   88   -1
  67    -3.649    -5.517    -1.784  196  180  200   -1
  68     9.803     8.004    -5.166   45   47   46   -1
  69    -4.653     6.106    -0.472   62   70   75   -1
  70    -7.810    -6.138     2.114  210  188  208   -1
  71     7.977   -11.610    -3.193  275  253  286   -1
  72     9.856    -1.240     1.237  149  139  154   -1
  73    -0.704    -8.780     4.667  250  225  251   -1
  74     3.195     3.434     7.587   95   92  101   -1
  75     5.390    -5.436    -6.569  190  175  199   -1
  76    -1.896    -6.457    -6.594  211  190  214   -1
  77    -2.402    11.439     8.714    0    0    1   -1
  78    -3.779     5.668    -3.833   69   73   79   -1
  79    -7.699    -5.832    -8.751  199  181  203   -1
  80    -2.001     7.153     5.867   50   53   54   -1
  81    -9.938    -1.738    -3.798  153  142  158   -1
  82     3.119    -1.255    -6.598  148  138  152   -1
  83     4.011    -1.780    -6.118  152  143  159   -1
  84   -10.043     8.510     5.433   37   40   44   -1
  85   -11.640    10.878    -7.836   11   14   16   -1
  86   -11.299    -8.817     2.203  254  224  246   -1
  87     4.474    -9.825    -6.520  257  233  264   -1
  88     4.427     2.053     5.926  115  108  116   -1
  89     5.978     7.827    -7.416   47   49   50   -1
  90    10.194    -9.107    -8.387  248  223  253   -1
  91     2.368    -1.877     7.788  154  144  160   -1
  92     3.315     0.667    -1.775  130  122  133   -1
  93    -2.489    -2.151    -7.950  157  146  161   -1
  94    -1.009     1.594    -3.870  118  111  121   -1
  95     4.511   -11.484     1.875  278  255  285   -1
  96     0.269     4.683    -8.730   83   84   90   -1
  97     4.159   -10.286     8.380  263  241  270   -1
  98    -8.718     6.479     3.586   55   62   67   -1
  99     7.187    11.160     5.905    4    4    3   -1
 100    -0.751     4.972     0.807   79   81   89   -1
 101     2.524     9.688    -8.633   24   28   30   -1
 102     9.472     0.866    -1.254  127  119  130   -1
 103     2.421     7.507    -6.876   52   54   52   -1
 104    -7.224   -11.919    -9.993  282  252  278   -1
 105     1.546    -2.941     9.883  168  155  174   -1
 106     2.856     0.809    -8.441  128  121  132   -1
 107     3.651    -3.686     0.761  177  161  183   -1
 108     1.882     6.410    -9.332   61   67   70   -1
 109    10.622   -11.510    -4.392  273  250  283   -1
 110     3.110    -8.636     0.708  246  222  247   -1
 111   -10.398    -6.247     0.561  212  189  209   -1
 112     8.642    -2.416    -6.696  159  149  164   -1
 113     9.964    -6.763     1.775  215  196  219   -1
 114    -0.197    -6.931     6.669  219  197  221   -1
 115    -6.059     2.180     1.982  112  105  115   -1
 116     9.749     6.372    -0.986   60   65   64   -1
 117    -5.852    11.117     5.004    3    5    9   -1
 118    -3.878   -10.645     3.495  269  246  269   -1
 119    -8.481     7.879     9.141   41   45   48   -1
 120    -6.268   -11.107     1.914  276  248  276   -1
 121     2.352     1.654     7.208  117  110  120   -1
 122    -6.171    -4.811     6.544  185  171  191   -1
 123     6.074    -3.077     8.006  170  157  176   -1
 124     3.719    -1.452    -9.816  150  140  156   -1
 125    -0.828     7.106    -6.284   54   58   60   -1
 126    -2.886   -11.878    -2.750  287  259  284   -1
 127     4.271     4.975     3.343   80   80   85   -1
 128     0.278    -1.405     0.857  151  141  155   -1
 129    -9.538     8.671    -1.221   38   41   45   -1
 130   -11.050     8.805    -2.640   35   39   43   -1
 131    -5.811    10.725    -0.561   12   12   13   -1
 132   -11.561     7.757    -7.726   44   50   53   -1
 133     1.595     3.358     2.459   98   97  105   -1
 134    -0.419    -9.241     6.693  255  232  258   -1
 135    11.586     9.487    -2.620   27   27   26   -1
 136    -8.793     0.850    -0.319  126  120  131   -1
 137     5.799    -3.295     5.505  174  159  178   -1
 138    -4.614    -8.598    -1.673  247  219  242   -1
 139    -7.170    -2.801     8.894  167  154  170   -1
 140    -7.768     3.443    -3.102   96   96  106   -1
 141    -6.709    -7.807     5.921  236  210  233   -1
 142    -3.286     8.092    -9.151   42   48   49   -1
 143     4.789    11.018     5.915    7    6    6   -1
 144     7.508    -0.247    -9.068  136  128  140   -1
 145   -10.778    -5.081    -7.504  187  170  192   -1
 146    -5.782    -5.960     7.399  206  187  206   -1
 147     2.512    10.471    -6.840   17   17   17   -1
 148     8.729    -7.893    -0.272  230  208  235   -1
 149    -0.531     8.883     8.299   28   32   35   -1
 150     2.526   -11.453     3.069  279  256  282   -1
 151    -7.663    -9.527     1.622  259  234  256   -1
 152     3.799     4.537    -5.399   85   85   91   -1
 153    -1.068     2.108     2.126  114  107  117   -1
 154    11.272    -2.121    -8.672  156  145  162   -1
 155    10.049     6.892    -2.505   56   60   59   -1
 156    -8.241     7.208    -0.113   49   56   58   -1
 157    -3.848     3.804    -3.503   91   90   98   -1
 158    -5.214    -5.382    -0.926  194  176  196   -1
 159    -0.252    -0.190    -2.990  134  124  137   -1
 160     4.367    -8.365     0.474  241  216  243   -1
 161     3.695   -10.511    -6.027  262  238  267   -1
 162    -2.088    -7.954    -7.237  233  206  231   -1
 163    11.493    10.320    -5.556   21   19   14   -1
 164    -2.462     5.372     0.046   72   75   80   -1
 165    -7.391    10.102    -7.208   18   23   25   -1
 166    -0.273    -9.701     0.088  258  235  263   -1
 167     4.454    -6.717    -0.100  216  193  217   -1
 168   -12.137    10.365     0.285   14   15   21   -1
 169     7.066     3.403     0.022  100   95  103   -1
 170     2.425    11.735    -1.072    1    1    0   -1
 171     0.130   -11.930    -9.689  281  254  280   -1
 172    11.054    -6.079    -1.189  202  186  213   -1
 173    -1.383    -0.686    -4.963  142  132  146   -1
 174     3.026     4.321    -2.574   88   86   92   -1
 175    -3.018     9.305    -9.952   31   36   37   -1
 176     2.943     8.972     4.765   32   33   34   -1
 177     9.236    -3.819    -2.471  178  163  184   -1
 178    -3.134     6.716    -9.143   58   63   65   -1
 179    11.111    -5.944     2.925  200  184  212   -1
 180   -11.024    -9.941    -2.194  261  236  261   -1
 181     6.958    -8.026     7.590  235  214  241   -1
 182    -4.833    -0.215    -8.249  135  126  138   -1
 183     2.345   -10.627     2.644  266  243  273   -1
 184    -4.665     9.423    -1.367   22   29   32   -1
 185    -2.322     1.235    -3.964  123  116  126   -1
 186    -8.843     7.333     1.912   46   51   55   -1
 187    -6.701   -11.673    -0.391  285  257  279   -1
 188     4.009   -11.900     1.754  286  262  288   -1
 189    -1.568    -6.639     3.641  218  194  216   -1
 190    -1.284   -10.760    -0.153  267  244  271   -1
 191    -5.846     8.927    -1.748   34   37   39   -1
 192    -1.144    -8.611    -7.562  243  215  240   -1
 193    -4.987    -8.400     0.110  245  217  238   -1
 194   -11.758    -7.878     0.120  239  207  230   -1
 195     5.284     2.141     6.121  113  106  114   -1
 196     5.763     3.612    -9.511   97   93  100   -1
 197    11.154    11.398    -7.365   13    9    5   -1
 198     0.572     9.412    -8.282   29   34   33   -1
 199    -3.246     1.394     3.943  120  113  123   -1
 200     6.048   -12.238    -7.701  284  261  290   -1
 201     2.162     7.217    -6.507   53   57   57   -1
 202     4.715    -2.548     2.493  163  153  168   -1
 203    10.736     5.887    -6.590   70   71   76   -1
 204     4.863    -8.230     7.274  242  218  245   -1
 205     8.402    -4.817     4.154  184  169  193   -1
 206     2.999    -6.231    -6.318  205  185  211   -1
 207    -2.263     5.003     3.250   76   79   87   -1
 208    10.600    -0.184     3.288  133  125  139   -1
 209     9.508    -7.440     5.257  224  205  232   -1
 210   -10.552     1.281    -4.164  121  115  125   -1
 211     4.040     8.545     6.021   39   38   38   -1
 212   -10.197    -2.421     3.013  162  151  165   -1
 213     0.473    -2.427    -1.452  161  150  166   -1
 214     8.808     9.705    -6.496   23   26   27   -1
 215     2.846     3.946    -9.187   90   89   96   -1
 216     2.801    -7.060     8.410  220  199  224   -1
 217    -8.863     1.184    -5.135  124  117  127   -1
 218     8.336     5.077     3.364   78   78   82   -1
 219     0.048    -8.757    -5.167  244  221   -1   -1
 220    11.331   -11.540     3.294   -1  258  287   -1
 221     9.137     5.034    -7.285   -1   82   86   -1
 222    12.018    -6.879    -7.200  214  192   -1   -1
 223     7.200     8.560    -1.350   -1   43   41   -1
 224    10.867    -3.692     2.074  176  162   -1   -1
 225     3.904    10.653    -9.905   -1   16   15   -1
 226    -1.692     6.329    -8.008   -1   69   72    0
 227     2.344     9.790     9.036   19   -1   20    0
 228     5.748   -12.064     0.018  288  263   -1    0
 229    -4.969    -7.323     2.813  226  200  225    0
 230     8.953    -2.559    -6.793   -1  152  167    0
 231    12.653    -2.851    -2.617  164   -1  172    0
 232     2.902    -5.895     3.296  203   -1  207    0
 233    10.246    10.307    -9.442   -1   21   18    0
 234    -2.297     5.143     0.043   74   -1   84    0
 235    -2.569    -8.538     1.110   -1  220  244    0
 236     5.126    -1.198     6.806   -1  137  153    0
 237    11.214   -11.853    -1.125  280  260  289    0
 238    -6.679     7.358    -4.037   -1   55   56    0
 239    -1.939     6.799     2.954   -1   59   63    0
 240     4.145     6.085     6.013   64   66   -1    0
 241    11.542    -1.181     3.742   -1  136  151    0
 242    -3.902     3.735    -5.911   92   -1   99    0
 243    -5.139    -2.192     5.007  158  147   -1    0
 244    -9.415    -8.815     4.731   -1  228  248    0
