201
   1     4.076   -10.899    -7.343  226  198  231   -1
   2     6.249    -8.264     7.294  199  172  201   -1
   3     4.724    -3.338    -2.511  149  131  152   -1
   4     8.331    -1.296     3.791  126  112  128   -1
   5    -6.720    -1.101    -9.408  124  111  127   -1
   6     1.539    -4.090     1.493  153  133  158   -1
   7     7.925    -4.910    -6.873  165  140  164   -1
   8    -5.171    -0.801     3.223  121  108  124   -1
   9     0.864    -8.460    -3.890  200  170  198   -1
  10     3.695     2.262     3.683   87   77   87   -1
  11    -4.280    -2.938     3.994  147  130  149   -1
  12    -5.923    -5.559     4.127  170  145  170   -1
  13    -0.290   -11.311     8.997  246  213  245   -1
  14    -4.090    -8.579     8.477  208  179  203   -1
  15     6.745    -4.535    -7.112  159  137  162   -1
  16    -0.306    -5.433    -5.565  167  143  169   -1
  17     0.997     2.088     6.507   92   81   92   -1
  18     6.679     1.331     3.339  101   91  102   -1
  19   -11.382     5.733    -6.594   49   46   53   -1
  20   -10.146    -0.980     0.873  123  110  126   -1
  21     3.552     1.433     4.671   98   88  101   -1
  22    -1.399    -7.472    -0.208  186  160  189   -1
  23   -10.516     2.253    -8.218   89   78   91   -1
  24     6.155   -11.469     7.372  245  214  246   -1
  25     5.945     4.913    -5.692   59   54   58   -1
  26     1.617     7.746    -0.337   28   23   27   -1
  27     1.747    -2.402     2.036  139  123  142   -1
  28     0.781    -9.875    -6.889  215  184  212   -1
  29     9.021    -3.712     0.665  151  132  154   -1
  30    -6.416    -6.354    -0.870  176  151  177   -1
  31    -8.865    -0.579    -0.116  119  106  122   -1
  32     0.932     3.917     8.373   65   58   65   -1
  33    -3.927     8.314     7.670   22   16   24   -1
  34    -1.812     9.003    -1.405   19   14   18   -1
  35    -3.695    -9.129     7.490  212  182  209   -1
  36    -7.112     2.913    -2.799   78   72   82   -1
  37     3.859     7.363    -2.098   33   28   30   -1
  38     7.294     5.778    -0.440   51   44   49   -1
  39    -1.305   -11.080    -9.236  232  200  230   -1
  40    11.994    -0.466    -4.550  118  105  121   -1
  41   -11.637    -7.529    -7.986  187  158  184   -1
  42    -9.743     4.031    -1.212   64   59   66   -1
  43    -8.881    -1.943    -1.546  133  118  136   -1
  44     3.706     5.480     9.631   52   45   50   -1
  45     4.524    -1.814     2.130  131  116  134   -1
  46    -6.892    -8.361     3.693  203  171  197   -1
  47    -8.498     0.555    -3.688  110   96  111   -1
  48     2.522   -10.630    -8.074  222  191  225   -1
  49     5.293    -5.841    -8.674  168  144  171   -1
  50    -1.860     4.975     6.548   57   51   57   -1
  51     3.566    10.915    -7.558   12    8    8   -1
  52     8.808     8.480     0.978   26   18   21   -1
  53     8.133    -9.477     5.998  213  185  214   -1
  54    -7.725    -7.353     5.588  189  162  187   -1
  55     4.121     6.697     5.546   40   35   39   -1
  56    -7.348    -8.054    -5.930  195  168  194   -1
  57    10.491    10.671    -1.564   13    7    6   -1
  58   -10.137     6.968     5.411   32   32   38   -1
  59    -6.718   -11.365     3.420  248  211  243   -1
  60    -9.311     3.562     3.615   70   64   70   -1
  61    -8.227   -10.960    -7.558  236  199  227   -1
  62    10.889     3.324     1.505   74   65   72   -1
  63   -12.131     2.203    -2.417   88   79   93   -1
  64     0.188    -2.155    -9.564  134  119  137   -1
  65     5.686     1.479    -5.601   99   89  100   -1
  66     1.788     0.113    -4.992  112   98  114   -1
  67    -9.872     2.029    -2.731   94   84   95   -1
  68    -3.095    -8.414     7.434  205  175  200   -1
  69    -8.576     6.204     8.714   44   42   47   -1
  70    10.854     5.892     3.175   48   43   48   -1
  71    -3.892     6.888     9.602   35   31   37   -1
  72   -10.815    -0.388    -5.903  117  104  118   -1
  73   -11.307   -10.387    -2.575  227  190  216   -1
  74   -10.486    -7.113     2.570  183  157  183   -1
  75    -7.818     3.584     8.310   69   63   69   -1
  76     7.434    -9.004    -4.752  206  178  208   -1
  77   -10.907     8.628    -2.252   21   17   25   -1
  78    -5.421   -10.211     3.253  225  193  219   -1
  79    -6.231    -4.393     9.950  163  138  161   -1
  80    -3.413   -11.133     3.936  241  207  239   -1
  81    -4.363    -1.943    -8.193  132  117  135   -1
  82    -1.962    10.585     6.489    8    5    9   -1
  83    -3.215   -11.549    -8.968  239  205  238   -1
  84     0.733     1.250    -9.694  104   93  105   -1
  85     4.759     6.367     3.112   46   40   45   -1
  86    -6.748     7.750     4.055   27   22   28   -1
  87     4.222    -2.738    -8.640  143  126  145   -1
  88     4.259     2.149    -2.227   93   82   90   -1
  89    -1.616     0.930    -0.845  108   94  109   -1
  90     0.023    -7.213     9.863  184  161  190   -1
  91    -6.060    -4.261    -7.097  156  134  157   -1
  92    -1.024    -2.900     2.156  145  128  147   -1
  93    -3.560    -7.395     0.628  185  159  188   -1
  94    -0.450    -5.880    -5.614  171  147  172   -1
  95    -2.920     3.127     3.930   75   67   76   -1
  96     2.681     9.682    -4.567   16   10   14   -1
  97     7.552     6.929     4.724   37   33   33   -1
  98     9.057     3.004    -5.725   80   70   78   -1
  99     3.983     8.277     7.184   25   19   23   -1
 100     1.612     4.475     8.913   62   56   62   -1
 101     9.291     5.530    -7.884   54   49   52   -1
 102     5.989     0.927    -0.259  109   95  108   -1
 103    -2.318     2.916    -4.258   79   73   80   -1
 104     1.941   -11.097    -4.275  235  203  233   -1
 105     4.018    -8.988    -8.412  204  176  205   -1
 106    -5.452   -11.496    -7.911  240  204  234   -1
 107    -2.244     2.405    -6.166   85   76   86   -1
 108    -8.545     1.596    -5.007   97   87   99   -1
 109    -3.056    10.902     2.405    4    4    7   -1
 110   -10.731    -4.211    -2.379  157  135  156   -1
 111     0.627    -6.457     4.674  179  154  180   -1
 112   -11.533    -6.197    -5.190  175  149  175   -1
 113     6.061    -2.390    -3.119  138  122  141   -1
 114    -3.064    -2.986    -0.887  146  129  150   -1
 115    -3.002    -9.008    -2.079  210  180  206   -1
 116   -10.660   -10.425     4.134  234  197  222   -1
 117     4.449    11.415    -6.288    3    3    3   -1
 118     5.817   -10.285     1.224  221  192  226   -1
 119    -1.418     5.368    -1.281   53   50   55   -1
 120    -2.745     0.431     2.114  111   97  112   -1
 121   -11.887     8.383    -6.331   24   21   26   -1
 122    -5.266   -11.098    -7.536  238  201  229   -1
 123     6.146    -9.855     3.005  216  187  218   -1
 124     0.980     5.256    -9.470   58   52   56   -1
 125     6.133     2.930    -9.322   82   74   79   -1
 126    -6.513     1.701    -9.062   96   86   98   -1
 127     4.683     4.050    -2.764   66   60   64   -1
 128     3.288    -2.505     6.461  141  124  143   -1
 129    -5.117    -7.477     7.875  191  165  192   -1
 130    -5.690     7.554    -3.257   29   24   31   -1
 131     0.175     0.099    -4.483  113   99  115   -1
 132    -0.416     3.435    -9.603   72   66   73   -1
 133     2.646    10.797     7.975    6    2    4   -1
 134     0.578   -10.112    -4.143  218  186  215   -1
 135    -2.917    -0.387    -9.798  116  103  119   -1
 136    -0.674     7.024     5.121   36   30   34   -1
 137     3.516   -10.207    -2.760  219  188  221   -1
 138     3.637    -7.540     8.669  190  167  195   -1
 139    -5.734     6.834    -4.938   38   38   43   -1
 140     3.958    -7.429     8.899  188  164  193   -1
 141     2.221    -6.568     3.796  180  155  182   -1
 142     9.331     6.861     1.113   41   34   36   -1
 143    -2.461     4.765    -5.276   60   55   61   -1
 144    11.104     0.046    -4.862  114  101  117   -1
 145    -9.823    -2.377    -2.621  140  121  139   -1
 146    11.102    -6.395    -0.924  174  152  179   -1
 147     4.172    -0.700     4.900  120  107  123   -1
 148     5.015    -6.032     5.670  173  150  176   -1
 149     3.373    -5.211    -1.013  166  142  167   -1
 150    -4.965    -5.830     6.004  172  148  174   -1
 151    -4.217     2.783    -0.822   83   75   84   -1
 152     7.552    11.068     4.662    5    1    2   -1
 153    -2.095   -11.213     3.625  244  208  242   -1
 154     8.560    -2.647    -1.597  142  125  144   -1
 155    -9.357     4.958     1.940   56   53   59   -1
 156    -6.252     8.796    -2.369   20   15   22   -1
 157     0.038   -10.520     6.790  231  202  232   -1
 158     2.578    -4.117     6.623  154  136  160   -1
 159    -3.225   -11.407     4.218  247  212  244   -1
 160     3.074     3.751     7.774   68   61   67   -1
 161    -4.448   -10.628    -3.280  229  196  223   -1
 162   -11.779    -8.632     2.232  209  177  199   -1
 163    -6.783    -1.469     2.131  128  115  130   -1
 164     8.194     3.065     3.430   77   68   75   -1
 165     2.822    -2.213    -3.626  135  120  138   -1
 166    -2.141     3.174    -9.823   76   69   77   -1
 167     5.676    -8.309     6.692  202  174  202   -1
 168    -4.613    10.407     6.653    9    6   10   -1
 169     2.605     6.887    -5.580   42   37   40   -1
 170    -0.798    -0.886    -9.942  122  109  125   -1
 171    -4.922    -2.691     9.219  144  127  146   -1
 172    -0.300    -6.609    -8.565  177  153  178   -1
 173    -8.484     2.891    -3.036   81   71   83   -1
 174    10.849    -8.476    -0.133  196  173  204   -1
 175     5.432     9.113     5.936   17   12   16   -1
 176    11.654    -4.751    -2.682  164  139  163   -1
 177     1.746     6.268     6.992   45   41   46   -1
 178     5.335   -11.856     4.384  251  216   -1   -1
 179    -0.136     0.091    -0.203   -1  100  116   -1
 180    -6.482    -7.788    -1.858  194  166  191   -1
 181    -8.831    -7.788    -7.102  192  163   -1   -1
 182     3.048     6.928    -4.151   39   36   -1   -1
 183    -4.555     7.514    -3.598   30   25   -1   -1
 184    -1.789     1.211    -0.910  103   92  106   -1
 185     8.149   -12.303    -8.779  250  215   -1   -1
 186     1.672    -2.372    -4.853  137   -1  140   -1
 187    -2.862   -10.332     0.739  224  195   -1   -1
 188     4.176    -5.602     5.496  169  146   -1   -1
 189     6.049     2.235    -8.835   91   80   89   -1
 190    12.347     1.400    -6.380  100   90  103   -1
 191    -4.811   -11.011     6.603  242  206  235   -1
 192    -3.294    11.277    -2.524    2   -1    5   -1
 193     9.810    -0.017    -7.832  115  102   -1   -1
 194    -2.025     2.295     1.255   86   -1   88   -1
 195    -5.046    -1.439    -7.293  127  113  129   -1
 196     7.286   -12.300    -3.698  252  217   -1   -1
 197    -8.552   -11.281     4.656  249  210  240   -1
 198     2.013     2.003     2.635   -1   83   94   -1
 199    -6.361     7.539    -7.817   31   27   -1   -1
 200     0.492   -10.586    -5.585  223  194  224   -1
 201   -12.659     1.176    -4.023  105   -1  107   -1
