246
   1    -1.032    -7.187    -5.516  204  193  210   -1
   2    -0.535    -6.827     5.936  202  190  208   -1
   3    -6.791    -3.332     9.263  163  156  165   -1
   4    -2.216     3.533     2.931   85   85   92   -1
   5     9.390    -7.010    -6.785  199  188  209   -1
   6     2.747    -1.427    -1.696  142  138  146   -1
   7    11.644    -2.009    -5.055  146  143  154   -1
   8     1.181    -0.302     1.463  130  127  133   -1
   9     9.664     3.974    -2.052   80   80   84   -1
  10    -2.907    -6.094    -1.131  192  183  200   -1
  11    -8.729     0.329    -0.168  123  120  126   -1
  12     5.092    -9.797    -0.600  241  229  251   -1
  13     3.865     3.347    -2.949   92   90   96   -1
  14    -0.541    -4.062     8.776  175  166  177   -1
  15     4.486    -5.735     1.077  184  177  194   -1
  16    -7.549    -9.572     2.252  246  226  244   -1
  17    -9.882    -0.344     0.607  132  129  134   -1
  18   -10.474    -3.806    -3.361  173  163  172   -1
  19    -8.293    -9.199    -9.572  237  216  234   -1
  20     0.465    -2.714     4.039  152  147  157   -1
  21    -1.424    -8.866     4.824  234  220  237   -1
  22     3.997    -7.190     7.061  207  197  215   -1
  23     4.485     2.860     3.050   99   94   99   -1
  24     4.856     4.542    -6.228   73   74   80   -1
  25     0.405     3.514    -8.602   88   88   94   -1
  26    -5.299    -1.295     8.684  141  137  145   -1
  27    -6.655     4.541    -9.952   72   76   82   -1
  28     8.612     2.200     2.645  104  101  103   -1
  29    -6.669    -5.766    -2.169  185  176  191   -1
  30     7.762     2.019    -4.513  108  105  108   -1
  31     0.850    -3.084     1.222  154  152  161   -1
  32    10.310    -1.142    -1.629  137  134  142   -1
  33    -8.600    -5.879    -9.014  186  175  190   -1
  34    -0.828    -6.611    -9.223  196  184  201   -1
  35   -11.161   -10.703    -4.575  265  246  257   -1
  36    -8.398     7.294     9.010   37   41   47   -1
  37    -2.275    -8.835     8.556  238  222  238   -1
  38    -0.076     1.197    -3.692  115  112  116   -1
  39     9.365    -4.854     7.247  176  168  184   -1
  40    -1.155     6.697    -8.603   50   54   60   -1
  41   -12.171     6.992    -0.845   39   44   53   -1
  42     1.801     5.978     7.715   57   60   64   -1
  43    -3.226    -8.338     2.855  224  210  226   -1
  44   -12.339     1.497    -5.130  111  109  113   -1
  45    10.957    -5.181    -2.379  179  170  188   -1
  46     3.842    -8.489     3.669  225  214  233   -1
  47    -8.790     3.002    -3.392   97   93  100   -1
  48    -3.553    -9.513     5.298  245  228  245   -1
  49    -4.373     2.029     3.479  106  103  107   -1
  50     0.187   -10.492     5.055  263  251  266   -1
  51    -3.867    -0.134     3.755  128  125  131   -1
  52    -9.453   -11.061     7.225  271  256  272   -1
  53    10.918    -2.283    -9.357  148  145  155   -1
  54     1.085    -9.227    -4.040  235  221  239   -1
  55     0.440     2.587    -9.991  101   98  102   -1
  56    -9.971     7.996     5.453   30   34   42   -1
  57     4.313   -10.290    -8.640  247  234  252   -1
  58    -6.018    10.049     4.753   10    9   14   -1
  59    -9.460     8.514    -1.024   23   27   36   -1
  60   -10.983    -5.549    -6.780  183  173  187   -1
  61     6.505     6.836    -8.416   49   51   52   -1
  62    -4.639    -1.346    -7.172  140  136  144   -1
  63     3.755    -7.785     3.756  214  204  223   -1
  64    -1.661    -9.886     1.684  251  233  250   -1
  65    -8.040    -5.903     4.599  193  180  197   -1
  66     2.360    -9.983     5.296  253  241  255   -1
  67     4.898     7.694    -2.263   38   40   44   -1
  68     8.753    10.435     5.344    9    6   11   -1
  69    -8.786     5.523     3.604   60   63   69   -1
  70     3.243    -0.445    -8.046  133  131  137   -1
  71    10.722     6.943    -6.416   48   48   48   -1
  72     0.737    -0.840    -2.742  136  133  141   -1
  73   -11.027    -9.313     2.820  242  225  240   -1
  74    -3.279     3.500    -3.320   86   86   93   -1
  75    -1.297    -8.739    -6.092  227  211  231   -1
  76    -1.621   -11.301    -9.098  269  252  270   -1
  77    -6.325    -8.315     2.415  226  208  225   -1
  78     4.613     3.811    -5.913   84   83   89   -1
  79     5.312   -11.222    -4.648  267  253  274   -1
  80     6.634    -5.300     5.617  182  174  189   -1
  81   -11.869     6.203     2.114   53   59   65   -1
  82    -2.696    10.373     8.419    7    5   13   -1
  83     8.010    -1.765    -9.001  144  141  152   -1
  84    -0.370     3.399     0.608   89   87   95   -1
  85     4.279    -2.369    -6.249  149  146  156   -1
  86     5.806    11.336    -9.736    6    4    7   -1
  87    -9.036    -1.467    -1.992  143  139  147   -1
  88    -6.638    -7.752    -3.818  212  199  217   -1
  89     0.591    -8.645     6.994  232  217  236   -1
  90     4.536    -0.259     5.754  129  126  132   -1
  91    -1.277    -4.974     9.287  181  171  185   -1
  92    -2.133     5.922     5.320   58   61   67   -1
  93     6.940    -6.540    -5.849  195  185  204   -1
  94    -6.226     0.959     2.050  116  113  118   -1
  95    -5.082   -10.867    -5.940  264  250  263   -1
  96   -11.991     2.336    -3.207  102   99  104   -1
  97    -1.942    -3.372    -6.931  160  153  163   -1
  98     2.898     8.686    -9.673   29   28   33   -1
  99     4.231    -0.338    -1.756  131  128  135   -1
 100     5.639     5.921     1.838   59   62   66   -1
 101    -4.529     8.695    -1.800   22   22   32   -1
 102     9.005     6.689     5.693   47   46   49   -1
 103    -8.753     0.826    -4.473  119  116  122   -1
 104    10.333    -3.880    -6.685  171  164  176   -1
 105    -7.490     3.227    -2.797   93   91   98   -1
 106   -10.440     0.556    -7.251  121  118  124   -1
 107    -5.834    10.030    -0.923   12   10   18   -1
 108    10.857   -10.004     0.603  244  236  259   -1
 109     1.833     5.118    -9.706   66   70   76   -1
 110     2.416     9.855    -1.684   14   12   17   -1
 111     5.532    -3.396     6.753  162  158  168   -1
 112     1.802     1.554     2.400  110  108  111   -1
 113   -10.325    -6.559     1.244  201  187  202   -1
 114   -11.879     9.893    -7.287   13   14   23   -1
 115    -9.737     4.057    -1.354   75   79   88   -1
 116     4.301   -10.738    -3.515  261  249  267   -1
 117    -5.995    -1.769    -9.155  145  142  150   -1
 118    -9.353    -9.779     3.194  255  232  246   -1
 119    -9.854    -2.015    -3.330  147  144  153   -1
 120     5.296    -2.826    -5.830  150  148  158   -1
 121     5.242    -4.998     2.662  178  169  186   -1
 122     9.111    11.677     1.765    1    0    3   -1
 123    -0.785     7.622     7.855   35   39   43   -1
 124     8.743   -10.038     6.958  252  242  262   -1
 125    -1.967     9.079    -9.550   18   21   28   -1
 126    -6.078    -8.774     6.180  236  218  235   -1
 127     2.844    -3.636     7.971  170  162  174   -1
 128     4.306     4.002     5.811   78   77   83   -1
 129    -3.292     5.416    -3.786   63   65   73   -1
 130    -6.316     7.163    -3.933   40   43   50   -1
 131     4.301     8.024     4.889   34   33   38   -1
 132    12.104   -10.820    -6.982  257  247  269   -1
 133     7.852     6.524    -2.383   55   56   57   -1
 134    -0.223    -9.498    -6.395  240  224  242   -1
 135     7.077   -10.583    -6.209  256  243  264   -1
 136     3.911     6.374     0.302   56   58   62   -1
 137     1.503    -3.308    -1.025  159  154  164   -1
 138     2.607    -0.081     7.011  126  123  129   -1
 139    12.237     7.415    -3.756   41   42   45   -1
 140    -0.447    -1.282    -4.472  139  135  143   -1
 141    -0.962    -8.293     3.995  222  209  227   -1
 142    10.442     1.338    -4.090  114  111  115   -1
 143    -7.140     9.169    -7.052   17   19   27   -1
 144    11.745   -10.005     0.030  243  235  260   -1
 145    -2.900     5.520    -8.993   62   67   72   -1
 146    -5.886    -8.090    -9.889  218  202  219   -1
 147     5.916    -8.275     0.529  221  207  228   -1
 148    10.878    -7.887    -7.584  211  200  221   -1
 149     6.211   -10.797    -5.270  260  248  268   -1
 150    -3.884    -8.735    -4.076  229  213  230   -1
 151   -10.952     8.666    -2.353   19   25   34   -1
 152     7.647     1.358    -0.160  113  110  114   -1
 153    10.021    -3.706    -6.635  166  160  173   -1
 154     0.980    11.024     6.245    3    2    5   -1
 155    11.581     4.871    -7.503   70   73   78   -1
 156    -0.979     0.483     2.179  122  119  125   -1
 157    -1.817     5.373     2.492   61   64   71   -1
 158    -5.109     0.858    -9.135  118  115  120   -1
 159    -5.775    -5.701     6.925  187  178  192   -1
 160     3.373     1.675     7.286  109  106  109   -1
 161   -11.697    -8.146     0.843  223  205  222   -1
 162    -7.413    -6.846     2.675  203  189  206   -1
 163    -4.625    -6.860     6.694  205  194  207   -1
 164    10.939     4.990    -3.408   68   71   75   -1
 165    -7.914     4.720     8.537   65   72   79   -1
 166   -10.320     4.579    -9.364   71   75   81   -1
 167    -5.692     8.419    -1.943   27   29   37   -1
 168    -7.139   -10.337     2.145  262  245  256   -1
 169     2.697     6.748     4.223   44   45   51   -1
 170     6.486    -9.977     4.679  248  240  261   -1
 171     4.297    -8.872     8.320  233  223  241   -1
 172     3.962   -10.255    -5.771  250  237  253   -1
 173    10.246    -0.102    -0.686  127  124  130   -1
 174     7.188    -4.816     7.974  177  167  182   -1
 175    -0.250   -11.889     0.555  272  258  278   -1
 176    -2.084     4.048    -0.091   77   78   85   -1
 177   -12.177    10.250     0.467    8    8   16   -1
 178    12.013   -11.242    -0.428  266  255  276   -1
 179     2.090    -7.611    -9.783  209  196  214   -1
 180   -10.966   -10.095    -1.184  258  238  249   -1
 181    -5.891    -3.404     3.422  164  155  166   -1
 182    -9.943     2.165    -3.280  103  102  106   -1
 183     4.015     8.631     8.798   20   18   25   -1
 184    -0.997     8.573     0.997   25   23   31   -1
 185   -11.619     6.986    -7.247   42   47   56   -1
 186    -3.389     3.240    -5.551   94   92   97   -1
 187    -0.114     8.285    -1.228   32   31   40   -1
 188    -1.492     0.904    -3.661  117  114  119   -1
 189    -4.668    -6.033    -0.347  191  181  199   -1
 190     0.068     6.535    -2.078   52   55   59   -1
 191    -7.623    -6.723    -7.868  198  186  203   -1
 192     4.624     8.600     0.499   26   24   29   -1
 193    -3.031     6.926    -9.230   45   49   54   -1
 194    -3.749    -5.875     6.559  189  182  198   -1
 195    11.935     3.633    -4.868   87   84   91   -1
 196     9.638    -7.343     5.740  208  198  218   -1
 197     3.044     9.802    -8.242   15   16   21   -1
 198    -3.393    -0.020     4.038  125  121  127   -1
 199    -4.183     0.657    -9.891  120  117  123   -1
 200    -1.317     5.374    -8.048   64   68   74   -1
 201    11.794    12.037    -6.680    2    1    0   -1
 202     0.828   -10.994     0.749  268  254  271   -1
 203    -1.923     3.786    -0.053   81   82   90   -1
 204    10.601     3.923    -1.819   83   81   86   -1
 205    11.443    -2.809     2.825  151  149  159   -1
 206    -2.032    -3.692    -7.203  168  159  171   -1
 207    -4.437    -8.463     3.216  228  212  229   -1
 208     3.809     6.412     0.768   54   57   61   -1
 209    10.998     2.686     4.067  100   96  101   -1
 210   -10.225    -3.064     3.345  156  151  160   -1
 211     9.611     8.694    -7.137   31   26   30   -1
 212    -8.406     6.574     1.903   46   50   63   -1
 213   -10.457    -0.721     2.184  134  132  140   -1
 214     9.741     1.605     6.231  112  107  110   -1
 215   -11.511    -5.977    -2.885  188  179  195   -1
 216    10.864     9.653    -5.914   16   17   20   -1
 217     6.094   -10.010     3.425  249  239  258   -1
 218    -7.138   -12.326    -8.938  275  259  277   -1
 219     8.556     8.103    -0.387   36   35   35   -1
 220     8.390    -7.956     7.035  219  206   -1   -1
 221     3.601    11.175    -0.089   -1    3    6   -1
 222     8.539    -7.553     9.620   -1  203  224   -1
 223     5.618     2.063    -9.698  107  104   -1   -1
 224    -4.324     5.032    -0.152   -1   69   77   -1
 225    12.252     9.106    -7.050   24   20   -1   -1
 226   -11.966    10.425     3.166    5    7   -1   -1
 227    11.976    -4.165    -3.055  174   -1  178   -1
 228     7.005     7.875     5.314   -1   37   39   -1
 229   -10.859     3.304    -3.172   91   89   -1   -1
 230    12.750     7.180    -1.343   43   -1   46   -1
 231    10.086    -0.057    -4.526   -1  122  128   -1
 232    -4.054    -9.063    -0.825  239  219   -1   -1
 233     5.747    10.169    -9.447   -1   11   15   -1
 234     3.062    -3.604     8.288  169  161   -1   -1
 235     4.068    -3.010    -9.105  153  150   -1   -1
 236     9.813    -7.481     4.590  210   -1  220   -1
 237     9.810     3.967    -7.962   82   -1   87   -1
 238    12.012    -9.778     2.554   -1  231  254   -1
 239     5.359    -0.372     5.940   -1  130  136   -1
 240     2.032     8.093     9.084   28   32   -1   -1
 241    13.141    -8.372    -0.461  220   -1  232   -1
 242     4.365    -7.205    -5.342   -1  195  211   -1
 243   -11.652    -6.836     6.452  206  191   -1   -1
 244     2.979     6.783    -7.630   -1   52   55   -1
 245    -8.877    -9.513     5.125   -1  227  243   -1
 246   -13.117    -7.563    -0.424  215   -1  212   -1
