233
   1    -7.123    -4.313    -5.219  182  161  177   -1
   2    -1.388    -5.519     9.952  201  177  194   -1
   3   -11.008     0.699    -4.203  130  114  122   -1
   4    -4.322     3.118    -4.753   98   90   98   -1
   5    -8.409    -4.509     7.221  188  165  180   -1
   6    -5.121     2.443     7.236  106   96  106   -1
   7    -4.820    -2.801     3.030  168  149  162   -1
   8     6.409    -2.617     7.082  165  146  161   -1
   9    -8.175    -2.677     1.423  167  147  159   -1
  10    -5.416    -1.328     2.761  150  132  141   -1
  11    -5.959    -6.073    -2.566  205  182  199   -1
  12     6.433     2.554    -4.539  109   97  105   -1
  13    -6.254     0.367     7.436  133  118  125   -1
  14     5.148   -11.657     0.411  262  235  257   -1
  15    -5.725    -3.647     6.086  178  157  172   -1
  16    -6.943    -3.069     3.481  172  151  166   -1
  17    -7.218   -11.525     1.023  264  234  255   -1
  18   -10.673    -3.889    -0.121  179  158  173   -1
  19     3.026     1.532    -6.365  123  107  117   -1
  20    -1.380    -7.141     3.258  215  188  211   -1
  21     0.958     5.593    -6.248   65   62   68   -1
  22     8.265    -5.652     7.924  198  179  198   -1
  23   -11.607    -5.045    -2.669  194  169  183   -1
  24    -7.375    -4.107    -0.658  180  159  176   -1
  25    -3.259    -4.399    -3.037  184  162  178   -1
  26   -11.445    -2.173    -6.068  157  138  148   -1
  27     6.583    -4.450     0.782  183  164  181   -1
  28     1.036    -0.778    -1.502  145  129  137   -1
  29     5.020     2.320     1.908  115   99  109   -1
  30    -2.763     1.998     3.452  117  104  114   -1
  31    -8.245     3.355     6.927   95   89   97   -1
  32    -3.511    -0.736     2.678  143  128  135   -1
  33     4.698    -7.105     9.355  214  193  213   -1
  34    -2.535     7.603     2.063   48   46   54   -1
  35    -5.727     4.501    -7.375   76   74   81   -1
  36    -6.248     2.841     9.823   99   91   99   -1
  37   -10.819   -11.878    -8.707  266  233  254   -1
  38     4.138    -2.166    -8.674  155  137  149   -1
  39    -8.596   -10.832     6.568  260  231  247   -1
  40     2.422    -3.227     7.091  174  154  169   -1
  41     5.441    -5.624     9.147  200  180  197   -1
  42   -10.232     4.208    -1.231   79   77   85   -1
  43     0.390    -5.635    -5.701  196  174  192   -1
  44     7.805    -7.798     9.419  229  205  227   -1
  45     6.301     5.687     3.015   64   58   65   -1
  46     0.256    -0.110     3.885  139  124  131   -1
  47    12.056    -9.564     0.841  240  213  241   -1
  48    -8.601    -3.152     1.077  173  153  167   -1
  49     6.249     7.385    -4.994   51   48   57   -1
  50     9.934    -1.972    -2.493  154  136  147   -1
  51    -2.058    -7.624     4.105  224  199  221   -1
  52     3.826    11.339    -5.365   15   13   13   -1
  53    -0.192    -6.960     2.506  211  186  207   -1
  54    -0.328    -7.770     9.052  230  204  225   -1
  55    -9.784     0.031     6.821  137  122  130   -1
  56     4.621    -8.385    -3.715  233  206  229   -1
  57     8.204   -10.697    -2.450  249  226  248   -1
  58    -2.216   -11.193    -2.323  259  229  251   -1
  59     0.370     4.311     4.419   78   73   80   -1
  60     0.538     8.505     7.515   36   35   44   -1
  61    -7.235     6.158    -6.871   59   57   64   -1
  62    10.927     5.425    -8.002   69   64   70   -1
  63     1.521     0.250     5.457  134  119  127   -1
  64    -0.080     7.326    -6.223   50   49   58   -1
  65   -10.409    -7.369    -2.171  220  190  209   -1
  66     1.044    -4.423    -1.324  185  163  179   -1
  67     0.099   -10.742     8.098  256  230  250   -1
  68    -2.681     5.203    -4.732   68   67   74   -1
  69    -0.195    -9.479    -3.689  241  212  234   -1
  70    10.778    -7.297     1.724  212  191  216   -1
  71     0.319    -1.662    -5.486  152  134  143   -1
  72    -0.486    -8.376    -0.330  234  207  228   -1
  73     3.544    11.442    -3.158   12    9   10   -1
  74     5.156     8.644     9.036   35   31   39   -1
  75     7.494   -10.709    -3.263  250  224  246   -1
  76    -3.646    -5.668     0.629  202  176  193   -1
  77   -10.026    10.363    -1.866   17   21   30   -1
  78     5.553     1.501     3.834  122  106  116   -1
  79    -2.535    11.360    -8.227   13   15   17   -1
  80   -11.864    -7.809    -1.115  231  200  217   -1
  81     8.171    -4.817    -1.678  187  166  185   -1
  82    -6.841     3.719     1.306   90   85   92   -1
  83     6.813     9.484     2.484   28   27   32   -1
  84    -8.157   -11.005     4.315  261  232  249   -1
  85    -7.973    -2.185     0.465  158  139  150   -1
  86   -11.159    10.334    -3.485   18   23   31   -1
  87     1.217     4.003    -7.166   88   82   88   -1
  88    -2.139     5.499     7.869   63   59   67   -1
  89    -6.088     3.595     3.668   91   86   93   -1
  90    -5.594    10.207     4.408   19   19   27   -1
  91    -8.332    -7.653     1.496  228  197  215   -1
  92   -10.715     5.034    -6.420   71   69   77   -1
  93     3.250    -7.557    -6.556  217  192  214   -1
  94     3.765     0.679    -6.550  131  115  123   -1
  95    -3.701     6.503    -2.087   55   54   62   -1
  96     6.259    -8.167    -9.108  227  202  226   -1
  97    -3.160    10.358    -0.173   20   20   24   -1
  98    -3.339   -11.625     5.646  267  236  256   -1
  99   -11.626    -9.973    -6.662  246  216  236   -1
 100     2.552    -5.213    -3.373  193  172  189   -1
 101     3.198    -3.109     1.768  170  152  168   -1
 102     2.404    -5.633     6.065  199  178  196   -1
 103     1.919     4.435    -2.189   77   72   79   -1
 104    -6.594    -7.845     3.080  232  203  223   -1
 105    -7.828    -0.884     4.599  148  131  139   -1
 106     5.939     7.858     8.623   46   43   49   -1
 107     8.133     2.842    -2.326  102   93  100   -1
 108     0.514     6.807     5.593   52   51   59   -1
 109    -2.102    11.941    -8.260    5    6    6   -1
 110    -8.547    -9.556     3.056  243  215  235   -1
 111     1.425    -6.806    -5.766  209  185  204   -1
 112     4.236    -6.549     3.305  208  184  203   -1
 113   -10.212    11.381     3.050    4    7   15   -1
 114     1.510    -2.346    -0.089  159  140  154   -1
 115     0.865    -6.304     1.289  206  183  201   -1
 116    -7.790   -10.245    -5.012  248  218  240   -1
 117    -3.976    -4.913    -0.086  190  168  184   -1
 118    -9.174    -2.447     5.632  162  144  155   -1
 119    -6.345    -8.858    -6.143  238  209  230   -1
 120    -2.379   -10.014     6.104  247  220  242   -1
 121    -7.141     8.267    -7.059   44   44   52   -1
 122     2.109   -10.801    -8.530  252  222  245   -1
 123     3.627     9.379    -0.064   29   30   36   -1
 124     3.779    -0.598     6.384  141  126  133   -1
 125     3.297     4.212    -1.289   83   76   83   -1
 126    -0.412    -5.140    -5.058  191  170  187   -1
 127    -7.474     8.658     1.932   34   37   46   -1
 128     0.863     3.855     7.297   85   80   87   -1
 129    -9.991     5.133    -5.545   67   68   76   -1
 130   -10.365    -1.395     2.443  151  133  142   -1
 131    -0.391   -11.203    -3.282  257  228  252   -1
 132    -8.399   -10.367     4.905  255  223  243   -1
 133   -10.717    -9.984     4.545  251  219  238   -1
 134     6.025     8.587     5.046   39   36   41   -1
 135     4.493    -7.767     2.755  222  201  224   -1
 136     4.001     7.526    -0.889   49   47   56   -1
 137     1.768     7.803     2.160   47   45   53   -1
 138   -11.288     0.145    -6.201  136  121  129   -1
 139     9.344     2.094    -6.299  118  102  112   -1
 140    -4.393   -10.710    -3.168  253  225  244   -1
 141    -4.893     8.094     3.605   43   42   51   -1
 142     4.559    11.473    -8.150   14   12   12   -1
 143    -2.799    -2.527     9.575  164  145  158   -1
 144     7.391     9.800     8.932   25   24   23   -1
 145   -11.386     5.696    -3.243   62   61   69   -1
 146    -9.084    10.047    -7.205   23   26   34   -1
 147    -6.990    -5.500     1.853  197  175  191   -1
 148    -4.830    -8.875    -3.912  239  210  231   -1
 149     6.130    -3.532    -1.899  176  156  171   -1
 150    -6.344     1.246     4.719  126  110  119   -1
 151    -1.286     9.707    -7.984   26   29   37   -1
 152     0.491    11.339     5.366    7    5    7   -1
 153     5.015     5.919     8.333   61   56   63   -1
 154    -2.653    -7.892    -5.765  226  198  222   -1
 155     5.019    -2.395     9.019  160  142  157   -1
 156     7.216    -1.865    -5.774  153  135  146   -1
 157    -5.758    -7.766    -2.888  225  196  218   -1
 158    10.014     8.695     2.553   41   33   40   -1
 159    -4.693    11.432    -8.851   11   14   18   -1
 160    -4.008     0.218     4.722  135  120  128   -1
 161    -1.235     2.672     9.056  103   94  102   -1
 162     6.292    -6.113    -8.418  203  181  200   -1
 163    -2.571    -7.194    -2.208  213  187  208   -1
 164    10.650    10.490     1.328   22   17   20   -1
 165    -2.273     5.114     8.200   66   63   73   -1
 166   -10.982     2.647    -0.410  104   95  104   -1
 167     4.740     1.072    -8.608  128  111  120   -1
 168   -12.221    10.735    -5.188   16   18   25   -1
 169    -9.730    -4.057     4.219  181  160  175   -1
 170    -3.853    -3.370     8.371  177  155  170   -1
 171    -0.761     1.852     8.822  120  105  115   -1
 172    -5.773     2.325    -5.886  113  100  110   -1
 173    -0.466    -0.744     6.203  144  130  136   -1
 174     4.624     6.405    -0.905   57   55   61   -1
 175     5.876    10.236    -5.151   24   25   26   -1
 176     8.797     4.976    -3.749   74   70   75   -1
 177     9.294    10.441     3.715   21   16   21   -1
 178    -8.493    -3.112    -3.617  171  150  165   -1
 179     7.054     1.345     5.291  125  108  118   -1
 180   -10.034     4.092    -8.425   84   81   90   -1
 181    10.445     5.355    -5.707   70   66   71   -1
 182     0.839     4.380    -9.983   82   75   82   -1
 183   -11.443     4.228    -6.452   80   78   86   -1
 184    -8.654    -0.538     4.587  140  125  132   -1
 185    -0.067    11.060     9.034    9    8   11   -1
 186    -3.418    -2.703    -3.573  166  148  160   -1
 187    -6.569     3.951    -7.390   86   84   91   -1
 188    -3.672    -0.700     7.414  142  127  134   -1
 189     3.177     3.927    -5.202   89   83   89   -1
 190     4.088     2.120    -1.875  116  101  111   -1
 191    -1.635     3.425     5.724   96   87   96   -1
 192    -2.857     9.016    -4.734   33   32   42   -1
 193    -9.136    -7.276     1.028  219  189  210   -1
 194     9.765     6.522    -1.281   56   53   60   -1
 195   -10.994    -2.586    -9.841  163  143  156   -1
 196   -10.299    -5.112    -0.698  195  171  186   -1
 197   -11.128     0.931     1.636  129  112  121   -1
 198    -7.364    11.944    -0.258    0    4    5   -1
 199   -11.948     8.461    -2.961   37   41   50   -1
 200    -7.754    -9.858    -1.359  245  217  237   -1
 201     0.767     9.305     6.260   27   28   35   -1
 202    -4.569     8.338     4.072   40   39   48   -1
 203     2.428     8.609    -5.355   42   40   47   -1
 204    -1.844   -11.413    -9.234  258  227  253   -1
 205    11.422    -8.718     1.327  235  211  232   -1
 206     7.309     2.618    -9.056  107   98  103   -1
 207     9.500     2.854    -3.406  101   92  101   -1
 208   -11.003    -2.371     4.077  161  141  151   -1
 209   -12.305     4.229    -4.937   81   79   84   -1
 210    -5.344     0.628    -4.529  132  116  124   -1
 211    -4.512     3.550    -1.414   93   88   95   -1
 212   -11.605    -7.453    -0.049  223  194  212   -1
 213   -12.869    -6.837    -4.606  210   -1  202   -1
 214     3.439    -4.659     9.138   -1  167  182   -1
 215    10.662     5.455     8.617   -1   60   66   -1
 216    -5.397     0.014     1.249  138  123   -1   -1
 217     6.857     6.881    -8.711   54   52   -1   -1
 218   -12.818     7.824     0.417   45   -1   55   -1
 219   -10.555    10.789     9.822    8   11   -1   -1
 220    -7.289    -8.893    -9.435  237  208   -1   -1
 221    13.484     9.345    -1.097   32   -1   33   -1
 222    10.586     6.952     2.393   53   50   -1   -1
 223    -0.376    -0.825    -6.449  147   -1  138   -1
 224    12.271    -5.018     0.896  189   -1  190   -1
 225     7.102     2.363    -1.397  114   -1  107   -1
 226     0.148     8.617    -0.194   -1   38   45   -1
 227     6.466     5.224     1.215   -1   65   72   -1
 228    -2.748    -7.715    -2.448  221   -1  219   -1
 229     4.048    11.677    -8.880   10   -1    9   -1
 230    -4.251    10.170     1.574   -1   22   29   -1
 231    -8.182    -5.300    -6.508   -1  173  188   -1
 232    -4.346     1.298     9.539  124  109   -1   -1
 233   -12.939    11.642    -1.483    3   -1   14   -1
