198
   1     1.892    -8.981    -3.888  207  174  202   -1
   2    -5.709    -2.134     3.119  141  116  137   -1
   3     1.925   -11.336    -6.148  232  196  223   -1
   4    -2.482     7.400    -3.386   36   30   34   -1
   5     7.750    -0.393     2.420  118   96  114   -1
   6     3.508     3.387     4.256   77   65   75   -1
   7     3.441    -0.453     2.638  119   97  115   -1
   8     4.581     0.486    -4.188  110   91  107   -1
   9     5.670    -4.133    -3.903  158  131  156   -1
  10   -11.399   -10.145    -1.596  222  187  209   -1
  11    -5.112   -11.322     3.666  238  204  225   -1
  12    -8.806     5.071    -0.321   57   49   59   -1
  13    -8.919    -2.053    -1.615  140  115  136   -1
  14    10.207    -0.494     1.074  120   98  116   -1
  15    -1.917     2.457    -5.691   89   74   85   -1
  16   -10.460    -1.181     0.893  129  106  125   -1
  17    -9.931     2.096    -2.756   95   79   91   -1
  18     0.277    -3.547    -9.900  153  127  151   -1
  19    -4.643    -4.256     4.141  163  135  158   -1
  20    -0.166    -1.623    -0.985  134  111  131   -1
  21    -0.780    -8.254    -0.114  197  165  194   -1
  22    -9.905    -1.408    -9.855  131  108  128   -1
  23    -2.830    -9.604     7.750  220  182  208   -1
  24     9.002   -10.029    -5.826  214  181  213   -1
  25     0.658    -6.266    -5.564  178  146  174   -1
  26    -8.859     5.762     8.523   50   41   49   -1
  27     1.515    -4.411     1.695  166  137  162   -1
  28     7.754    10.922    -8.022   11    8    8   -1
  29     6.070    -7.125    -9.391  185  153  182   -1
  30    -7.700    -7.969     6.101  198  163  191   -1
  31    -9.091    -0.919    -0.292  126  103  123   -1
  32   -11.054     5.160    -6.684   56   51   60   -1
  33     4.064     2.878     1.688   84   70   80   -1
  34   -10.497     1.307    -7.778  104   87  102   -1
  35     1.625    -5.972     1.238  176  145  171   -1
  36     7.851     7.822     2.642   32   25   26   -1
  37   -10.915    -4.290    -2.049  164  133  157   -1
  38     4.321    -4.217     1.453  161  132  159   -1
  39     2.898     2.440     8.743   88   73   84   -1
  40    -4.943    -3.313     9.446  154  128  150   -1
  41    -8.127   -11.674    -6.331  239  202  224   -1
  42     1.514     7.030     6.890   40   31   35   -1
  43    -4.746    -2.285    -7.268  142  117  138   -1
  44    -5.561     9.532     6.106   14   14   16   -1
  45     6.727   -10.854     7.681  227  199  226   -1
  46    -4.136     9.420     1.154   18   17   18   -1
  47    -6.588     8.405    -3.561   27   22   22   -1
  48   -11.841    -6.347    -4.457  181  148  173   -1
  49     1.612    -0.370     1.596  117   95  113   -1
  50     9.035    -6.587    -0.416  179  150  181   -1
  51     1.899    -7.414    -9.905  188  154  185   -1
  52    -7.230    -2.522     2.095  147  120  141   -1
  53    -4.400     1.651    -1.527  100   84   97   -1
  54    -3.674     1.680     3.070   99   82   96   -1
  55    -2.272   -11.097     1.296  233  197  222   -1
  56     2.736    -0.669    -6.824  125  102  120   -1
  57     4.631   -11.691    -9.622  234  201  228   -1
  58     7.441     5.031     0.415   61   50   56   -1
  59    -6.767    -9.122     4.214  212  178  205   -1
  60    -0.096   -12.286    -9.645  243  208  230   -1
  61    -7.271     6.579     3.576   44   34   42   -1
  62    -4.634     5.935     9.326   48   39   45   -1
  63    -3.198    -3.701    -5.752  156  129  153   -1
  64    -4.085   -10.538    -2.390  224  190  216   -1
  65     3.234     7.393     6.912   35   28   30   -1
  66    -3.212    -1.166     1.630  128  105  126   -1
  67     9.768     1.743    -8.152  101   83   95   -1
  68     4.166    -6.227    -1.737  177  147  175   -1
  69    -5.804    -5.201    -6.388  172  141  166   -1
  70     7.807    -5.227     2.402  171  142  167   -1
  71     6.653     3.895    -7.977   71   60   69   -1
  72    -2.320     5.171     9.995   54   45   54   -1
  73     2.563   -12.261    -9.666  241  206  231   -1
  74    -3.004     8.683     5.899   22   18   19   -1
  75    -2.683     3.578     5.677   74   62   72   -1
  76    -1.705     1.876    -7.436   97   81   94   -1
  77    10.123     4.556    -9.946   66   55   64   -1
  78    10.079     2.254     3.409   94   76   87   -1
  79     4.014    -9.627     9.207  217  185  211   -1
  80     6.752     3.296    -2.155   80   66   76   -1
  81     2.623     8.237    -6.786   30   23   23   -1
  82    -6.669    -2.358    -8.743  144  118  139   -1
  83     5.906   -10.940     7.195  230  200  227   -1
  84    -4.083    -2.987    -7.831  149  123  143   -1
  85     6.416    -1.695     2.152  135  113  133   -1
  86     0.968    -0.569    -6.015  123  100  118   -1
  87    -1.626    -0.522    -1.689  122   99  117   -1
  88    -2.564    -9.187    -1.539  211  176  204   -1
  89   -11.768     7.751    -6.545   31   29   32   -1
  90    10.305    -2.530     5.105  146  121  142   -1
  91    -8.379     1.419    -4.957  103   85   99   -1
  92     7.018    -3.244    -4.913  151  125  147   -1
  93    -6.160     0.480    -9.030  111   92  108   -1
  94   -10.768    -7.329     3.176  191  156  184   -1
  95     2.874     9.936    -3.084   15   12   13   -1
  96     3.290    -1.046     3.790  127  104  124   -1
  97    -1.159     9.244     6.008   20   16   17   -1
  98    -2.739    -1.794    -9.899  137  114  132   -1
  99    -3.665    -9.440     8.733  216  180  207   -1
 100     3.321     5.457    -6.455   55   46   53   -1
 101     0.514    -6.755    -5.495  182  151  180   -1
 102    -8.792    -8.472    -6.213  201  166  193   -1
 103   -11.008     8.725    -2.523   23   20   20   -1
 104    -3.836    10.206    -4.640   12   10   12   -1
 105    -7.068    -8.570    -5.105  204  169  195   -1
 106     6.018    -1.288    -1.632  130  107  127   -1
 107    -4.768     7.420     7.213   33   27   31   -1
 108     2.793    -3.120    -6.215  150  124  145   -1
 109     3.419    11.772    -7.786    6    5    2   -1
 110     4.340     9.411     9.982   17   13   14   -1
 111     0.892     3.522     6.099   75   63   73   -1
 112    -2.085     4.351    -6.992   67   56   65   -1
 113     0.566    -8.483     5.011  206  173  200   -1
 114    -5.839     6.632    -8.986   46   38   44   -1
 115    -2.726    -7.727    -9.450  190  157  186   -1
 116    -2.334    11.197     2.805    7    6    6   -1
 117     4.745   -10.848    -3.076  225  194  221   -1
 118     3.743    -8.436     5.702  202  172  201   -1
 119     3.661     5.107    -4.348   59   52   58   -1
 120     9.756     5.563    -1.488   53   44   51   -1
 121     3.101   -11.679    -3.689  237  205  229   -1
 122    -0.364     2.182     8.689   92   77   89   -1
 123   -10.902    -0.626    -5.497  124  101  119   -1
 124     4.947   -10.664    -9.736  221  189  219   -1
 125    -9.954     8.338    -1.438   26   21   24   -1
 126    -1.193    -4.513     2.028  168  138  164   -1
 127     8.984    -4.349    -3.156  162  134  161   -1
 128    -4.881    -8.254     8.278  205  171  196   -1
 129    -1.666     3.765    -2.733   70   61   71   -1
 130     2.310    -8.435     1.616  200  170  199   -1
 131    -1.801     4.771     9.956   60   53   62   -1
 132     6.940    -1.432     9.566  132  109  129   -1
 133     3.216     4.781     5.978   62   54   61   -1
 134     1.034    11.194    -4.820    8    7    7   -1
 135     2.240    -6.347     6.409  180  149  178   -1
 136     0.830     2.307     8.215   90   75   86   -1
 137    -9.882    -2.431    -2.524  145  119  140   -1
 138    -4.134    -4.313     4.351  165  136  160   -1
 139     3.086     5.822    -8.067   51   42   50   -1
 140     5.018     2.294    -4.900   93   78   88   -1
 141     0.412     0.041     5.460  113   93  110   -1
 142     4.643    -4.020    -9.905  157  130  155   -1
 143   -10.957   -10.629     1.906  229  193  217   -1
 144     0.217     1.879     7.661   96   80   93   -1
 145    10.703    -8.173     0.443  195  164  197   -1
 146     2.997    -4.853     5.892  170  140  165   -1
 147    -6.119    -6.534     4.547  184  152  179   -1
 148    -6.479    -7.864    -1.155  194  160  189   -1
 149     6.646     0.547    -8.026  109   90  106   -1
 150     7.839    -5.673    -8.694  173  143  169   -1
 151     4.618    -8.983     5.973  208  177  206   -1
 152    -5.482     6.632    -6.235   45   37   43   -1
 153    -1.820    -0.210    -1.775  116   94  112   -1
 154     7.141     3.737     3.944   73   59   70   -1
 155     9.123    -6.073    -8.633  174  144  172   -1
 156     3.941    -2.939    -5.209  148  122  144   -1
 157    -8.447     2.970    -3.356   83   69   81   -1
 158     4.651     2.991     8.339   82   68   78   -1
 159     3.852     9.886    -9.072   19   15   15   -1
 160    -4.631     7.114    -5.194   41   33   38   -1
 161    -5.814     7.299    -4.529   37   32   37   -1
 162     7.270     3.839     9.998   69   58   67   -1
 163    -7.997     3.054     8.139   81   67   79   -1
 164     0.974     5.178    -2.318   58   48   57   -1
 165     2.535     1.287     6.787  105   86  100   -1
 166     4.723     5.469     4.920   52   43   52   -1
 167     3.839    -3.255     4.088  152  126  148   -1
 168    -5.175    -6.990     6.481  189  155  183   -1
 169     0.194    -7.858    -7.808  192  158  188   -1
 170    -5.174    11.283     8.215    2    4    3   -1
 171     4.384    -9.544     9.358  215  183  210   -1
 172    11.111     6.530    -0.366   47   36   40   -1
 173    -9.829     2.634     3.661   85   72   83   -1
 174    -2.434     0.737     0.459  108   88  104   -1
 175    12.002    -9.968    -7.236  213  179  212   -1
 176    -9.911     4.141    -1.397   68   57   68   -1
 177     0.718    -7.671     9.490  193  161  190   -1
 178    -3.330   -10.262     7.750  223  192  218   -1
 179     8.052     3.528     0.422   76   64   74   -1
 180    11.305    -9.930     3.565  218  186  215   -1
 181     6.792     7.561     6.483   34   26   28   -1
 182     5.291   -12.351    -6.417  244  210   -1   -1
 183    -9.788     4.203     1.837   65   -1   66   -1
 184   -10.373     6.494     5.345   43   35   -1   -1
 185   -12.015    -8.045    -7.150   -1  159  187   -1
 186   -10.595   -10.962     4.821  236  198   -1   -1
 187   -11.047    -4.631     4.461  169  139   -1   -1
 188    -1.608     5.172     4.211   -1   47   55   -1
 189    -6.364    -6.584    -0.472  183   -1  177   -1
 190     3.526   -12.155    -6.974  240  207   -1   -1
 191    11.827    -1.601    -7.363  133  110   -1   -1
 192    -4.828   -12.356    -6.049   -1  211  232   -1
 193    -3.114    -8.085     0.935  196  162   -1   -1
 194    -8.389     0.585    -3.734   -1   89  105   -1
 195     1.608   -11.657    -4.846  235  203   -1   -1
 196    -7.049     2.837    -3.288   -1   71   82   -1
 197   -12.796     1.210    -3.663  106   -1  103   -1
 198   -12.277     2.293    -2.252   91   -1   90   -1
