203
   1     3.087    -2.865     1.561  146  129  146   -1
   2    -9.049    -2.104    -1.931  139  124  141   -1
   3    -0.252    -1.823     4.517  137  123  139   -1
   4     9.676    -4.307    -0.012  164  145  163   -1
   5     5.247    -0.787    -6.468  124  112  126   -1
   6    -8.466     3.108    -3.928   78   73   83   -1
   7     2.861    -9.558    -4.771  212  188  210   -1
   8    -9.236   -10.151    -9.609  216  191  214   -1
   9     6.272     9.642    -2.442   24   18   19   -1
  10     9.309     1.649    -2.050   96   86   99   -1
  11    -5.181     8.107    -0.104   36   35   37   -1
  12     4.440    -1.426     9.685  132  120  135   -1
  13     3.623    -0.150     0.077  117  104  118   -1
  14    -7.792    -8.462     6.590  203  175  195   -1
  15     1.119    -2.535     0.584  142  126  144   -1
  16   -10.888    -1.278     0.771  128  115  131   -1
  17    -1.560     1.900    -7.633   93   84   96   -1
  18    -6.531     8.639     5.488   29   27   29   -1
  19    -5.903    11.606     1.342    0    1    5   -1
  20    -0.362    -8.992    -0.365  204  184  205   -1
  21    -6.403    -6.776    -0.351  183  161  182   -1
  22     3.825     3.376    -6.457   77   72   82   -1
  23    -3.688    11.450     4.591    1    2    4   -1
  24    -2.837     6.220    -5.489   55   50   54   -1
  25    -2.551    -4.309    -6.300  165  143  162   -1
  26     8.011    -4.076    -7.341  161  141  160   -1
  27    -3.563     2.273     4.588   88   79   93   -1
  28     0.318   -10.427     5.598  221  196  221   -1
  29     6.167    -2.936    -3.369  147  130  147   -1
  30     6.609    -4.843    -5.987  169  148  166   -1
  31     1.649    -7.088    -6.305  184  163  184   -1
  32    -6.357    -7.365     4.923  192  167  188   -1
  33     5.180    10.288     1.108   13   11   11   -1
  34   -11.513    -9.803    -0.766  215  190  211   -1
  35    -2.228    -9.332    -1.492  211  187  209   -1
  36     2.482   -10.100     1.535  217  193  217   -1
  37    -5.647    -0.721    -9.407  122  109  123   -1
  38     9.287    -1.357     3.327  129  117  133   -1
  39   -10.694     4.563    -7.023   63   60   69   -1
  40    -2.118     6.652     5.083   51   45   51   -1
  41     1.516    -7.594    -6.164  190  166  190   -1
  42     2.581     6.921    -8.261   53   46   50   -1
  43    -3.795   -10.462    -1.916  219  194  218   -1
  44     2.278    10.438    -3.746   12   12   12   -1
  45   -10.346     0.530    -7.559  110   97  112   -1
  46    -5.434     5.132     9.029   59   55   62   -1
  47     3.163     0.467     3.072  111   98  113   -1
  48     0.714     2.988    -4.739   80   74   85   -1
  49   -10.047     2.214    -3.029   90   81   94   -1
  50     3.813    -4.023    -8.229  160  140  159   -1
  51    -4.642     0.734    -2.524  105   93  108   -1
  52     1.768    -8.631     6.370  199  181  203   -1
  53    -8.335     2.579     7.910   82   76   88   -1
  54     4.128    -6.355     0.576  179  160  181   -1
  55     3.393    -5.739     3.226  175  154  176   -1
  56     7.334     2.745    -9.750   83   77   87   -1
  57     3.659    -2.885     9.091  148  131  149   -1
  58    -6.892     8.229    -5.059   35   36   38   -1
  59    -7.790     5.525     3.002   58   53   59   -1
  60     1.346    10.652     0.376    8    9    9   -1
  61     2.669     3.726     6.127   72   67   77   -1
  62     4.422     0.294     9.698  114  100  115   -1
  63    -6.694    -8.980    -4.624  205  179  199   -1
  64     9.388     9.795    -6.433   25   17   18   -1
  65    -9.916    -2.640    -9.199  144  127  143   -1
  66    -6.280    -3.263     3.020  151  134  151   -1
  67     6.629     2.025    -0.771   91   82   95   -1
  68    -3.817    -2.578     1.111  143  128  145   -1
  69   -10.498     1.825     3.692   92   83   98   -1
  70     6.786     0.851     3.389  104   92  107   -1
  71   -11.167    -4.281    -1.859  167  144  161   -1
  72    10.445     8.808    -3.538   33   30   27   -1
  73    -6.178    10.100     8.360   11   10   14   -1
  74    -3.622    -3.929    -8.027  159  139  157   -1
  75     5.039     8.696     0.654   30   29   28   -1
  76    -1.395    -5.969     1.786  177  156  177   -1
  77     7.671     8.322    -6.626   38   34   33   -1
  78     3.669     8.483    -9.596   37   33   34   -1
  79    -3.966     7.121     5.107   44   40   43   -1
  80    -8.217     1.288    -5.320  100   88  103   -1
  81    11.449    10.008     1.660   16   13   13   -1
  82    -3.339     9.300     1.686   23   24   25   -1
  83     2.262    -0.275     7.702  119  105  119   -1
  84    -4.479     0.352     2.138  112   99  114   -1
  85    10.381   -11.146    -7.981  220  197  225   -1
  86     0.743    -8.767     9.689  206  185  207   -1
  87    -0.225    -3.145    -2.124  150  133  150   -1
  88    -5.130    -3.874     9.619  162  142  158   -1
  89    -1.618    -1.700    -2.943  134  122  137   -1
  90     7.324    -3.399     0.979  152  135  155   -1
  91    -0.134     9.088    -0.411   27   25   26   -1
  92     3.800     4.286     9.944   64   58   68   -1
  93    -7.797    -3.388     2.018  155  136  153   -1
  94    -3.105   -11.417     7.996  234  205  232   -1
  95    -9.246     4.694    -0.656   62   57   66   -1
  96    -6.742    -9.823     4.667  218  192  215   -1
  97     2.043     7.111    -3.319   47   42   44   -1
  98     9.352    -6.697     4.051  182  162  183   -1
  99     5.043    -3.790    -7.465  158  138  156   -1
 100     5.727   -11.406    -4.134  228  202  231   -1
 101     7.228    -8.675     1.135  198  176  204   -1
 102    -1.263     1.049    -9.303  102   90  105   -1
 103     3.692     4.162    -8.615   68   64   73   -1
 104    -9.414    -1.157    -0.638  127  114  129   -1
 105     0.669     3.780     5.870   71   65   76   -1
 106    -2.764     3.532     3.162   76   69   80   -1
 107    -0.544     0.005     6.615  116  103  117   -1
 108   -11.184     8.900    -2.984   28   28   30   -1
 109     1.739    -1.438    -8.164  131  118  134   -1
 110    -2.008    11.051     6.699    4    6    7   -1
 111     1.641    -7.653     0.754  193  169  191   -1
 112     0.509     9.633    -5.898   22   22   20   -1
 113     1.637     9.130     7.104   26   23   23   -1
 114    -5.090    -5.416     4.211  173  152  169   -1
 115     5.099     9.424     8.884   19   16   17   -1
 116     9.523    -5.594    -5.243  172  151  172   -1
 117     8.722    10.832    -1.057   10    7    8   -1
 118    -8.166    -6.452    -9.169  180  157  179   -1
 119    -1.790     3.691    -9.118   75   70   78   -1
 120    11.516    -0.580     0.258  121  108  122   -1
 121    -1.883   -11.817     1.607  237  207  234   -1
 122    -7.073     2.850    -4.081   81   75   86   -1
 123    -7.075    -9.998    -9.692  214  189  212   -1
 124     3.590    -1.707    -9.205  133  121  138   -1
 125    -3.369     3.962     9.951   67   62   74   -1
 126   -12.115    -6.349    -3.908  181  158  178   -1
 127     7.137    -4.490     8.292  168  147  165   -1
 128     1.264    -6.264     1.155  178  159  180   -1
 129    -3.416   -10.271     8.896  222  195  219   -1
 130   -10.986    -9.175    -9.537  208  180  197   -1
 131     6.620     1.387    -3.920   99   87  101   -1
 132    -1.829     2.512    -4.516   86   78   89   -1
 133   -10.930    -0.774    -5.386  125  111  124   -1
 134    -1.127     0.565     7.837  108   96  111   -1
 135   -10.171     4.237    -1.739   65   61   72   -1
 136   -10.359     8.394    -1.935   31   31   35   -1
 137     2.812    10.323    -7.464   14   14   16   -1
 138     2.754     1.768     4.912   94   85   97   -1
 139     3.195   -11.071     6.584  230  203  230   -1
 140     8.150     9.885     2.974   17   15   15   -1
 141   -11.560     7.152    -6.749   45   43   49   -1
 142   -11.185    -7.481     3.697  194  168  187   -1
 143     2.528    -7.120     5.233  187  165  186   -1
 144   -10.327     3.525     1.698   73   71   81   -1
 145    -2.715   -10.738     7.976  227  200  223   -1
 146    -5.403    -7.918     6.915  196  171  193   -1
 147    -0.924     9.370     2.842   21   21   22   -1
 148     7.434     0.610    -0.862  107   95  110   -1
 149     2.905    11.606     0.256    3    3    1   -1
 150    -4.245    -3.090    -7.574  149  132  148   -1
 151     4.852    -7.174    -3.173  185  164  185   -1
 152     8.974    -9.049    -1.988  202  183  208   -1
 153     2.138    -0.926     5.662  126  113  127   -1
 154    -1.825    -1.354    -3.033  130  116  132   -1
 155     4.162   -11.655     6.767  233  209  237   -1
 156     0.142     1.071     4.888  101   89  104   -1
 157    -4.754    -8.919     8.592  209  186  206   -1
 158    -4.632     6.873    -7.111   52   47   52   -1
 159    -9.978    -2.413    -2.677  141  125  142   -1
 160     7.089     4.044     2.736   69   63   71   -1
 161    -6.533    -7.859    -0.771  195  170  192   -1
 162    -2.918    -0.751    -0.372  123  110  125   -1
 163   -11.074   -10.726     2.741  229  198  220   -1
 164     5.437   -12.255    -9.809  232  206  236   -1
 165    -5.420    -5.995    -6.052  176  155  173   -1
 166    -8.327     0.647    -4.071  106   94  109   -1
 167     4.311     2.249     4.062   89   80   92   -1
 168     6.152    -4.385     0.735  166  146  164   -1
 169     7.472    11.112     7.661    5    4    3   -1
 170     4.078     8.524    -7.455   34   32   32   -1
 171   -11.958    -8.329    -4.722  197  172  194   -1
 172    -8.616    -9.058    -5.585  207  182  198   -1
 173     5.639     0.968    -7.182  103   91  106   -1
 174    10.438     7.004     4.565   48   41   42   -1
 175   -11.559     4.950    -7.244   60   56   65   -1
 176    -4.062     9.792    -6.920   18   19   21   -1
 177    -1.385     7.962    -4.401   40   38   40   -1
 178    -2.836    -8.726     1.053  201  178  200   -1
 179    -5.297     6.379    -8.198   54   49   53   -1
 180     8.940     7.458     7.249   42   39   41   -1
 181     9.505   -11.008     2.198  224  201  229   -1
 182     6.500    -0.476     5.424  120  107  120   -1
 183     2.949    -3.378     2.789  153  137  154   -1
 184     4.356   -11.684     9.879  238  212   -1   -1
 185    11.737     5.406     2.259   -1   54   58   -1
 186     3.826     7.764     8.722   39   37   36   -1
 187     4.082   -12.120    -3.872  235  208  239   -1
 188     4.772   -11.663     9.959  236  213   -1   -1
 189    -0.710     9.455     0.641   20   20   -1   -1
 190     6.045   -11.495    -8.935  226   -1  227   -1
 191    -2.834     3.471     9.790   74   -1   79   -1
 192     0.054     0.295     7.253  113  101  116   -1
 193    -4.598    -5.540     4.518  174  153   -1   -1
 194    -5.421     0.107    -7.480  115  102   -1   -1
 195    -5.909     7.083    -6.177   46   44   47   -1
 196    -2.376    -9.060    -8.746   -1  177  202   -1
 197    -7.936   -12.239    -5.161   -1  210  233   -1
 198    -6.337    -3.443    -8.441  154   -1  152   -1
 199    -9.245     5.421     8.296   57   52   -1   -1
 200   -10.627   -11.422     5.453  239  204   -1   -1
 201   -11.550    -4.897     4.881  170  150   -1   -1
 202    10.334   -11.112    -1.041  225   -1  228   -1
 203   -12.476     2.471    -2.248   85   -1   91   -1
