249
   1     3.225    -3.504     0.758  175  159  177   -1
   2   -10.134    -7.345    -0.876  225  198  217   -1
   3     5.349    10.307    -4.750   28   21   21   -1
   4     2.712    -1.743    -0.704  160  142  156   -1
   5    -4.921    -4.315     6.275  187  167  186   -1
   6     2.497     4.960    -5.507   79   70   80   -1
   7     3.215    -5.961     7.124  211  186  206   -1
   8    -5.614    -9.003    -9.602  247  216  238   -1
   9    -9.272    -0.412     7.290  147  131  142   -1
  10    -1.284    -4.324     9.863  188  169  187   -1
  11     6.177    -7.983     8.509  237  212  235   -1
  12   -11.154    -2.311    -5.774  166  147  163   -1
  13    -2.766     5.221    -1.477   77   69   79   -1
  14    -8.070    -8.293     1.653  241  213  233   -1
  15    -5.110     9.068     4.250   38   32   36   -1
  16    10.667    -7.010    -1.220  220  195  218   -1
  17    -9.844     3.601    -1.107   93   82   91   -1
  18    -1.145     3.598    -9.468   95   83   92   -1
  19    -2.030    -2.820    -2.932  169  150  169   -1
  20     8.430     6.013     8.255   67   61   68   -1
  21   -10.560     0.462    -3.931  134  119  128   -1
  22    -4.794    -2.100     3.166  164  146  162   -1
  23    -4.868     3.974    -6.673   90   79   88   -1
  24     5.144     1.093    -5.746  128  114  122   -1
  25     4.001    -5.701    -3.062  207  183  202   -1
  26     5.814    -5.612     9.208  209  184  203   -1
  27     2.509    -6.453    -5.136  214  190  209   -1
  28     8.666   -10.442     8.599  260  236  262   -1
  29   -10.679     2.218    -0.315  116  104  113   -1
  30    -2.068    -4.539    -2.493  190  168  189   -1
  31     1.225    -1.740     6.418  161  143  157   -1
  32    -5.957     0.401     4.952  138  121  129   -1
  33    -1.558     0.689     0.778  132  116  125   -1
  34     7.880    -5.273    -1.559  201  180  200   -1
  35     1.105     1.405     8.582  127  113  121   -1
  36   -10.158    -4.081     0.212  183  165  183   -1
  37     5.419     5.197    -0.281   78   68   77   -1
  38     6.100   -10.896     9.439  268  241  268   -1
  39    -6.524     5.702    -6.221   72   65   74   -1
  40    -2.885    -6.213     1.018  213  188  208   -1
  41    -6.289    -8.454     3.251  244  214  236   -1
  42    -7.173    -2.812     0.779  170  153  168   -1
  43    -2.024    -7.877    -1.859  231  205  225   -1
  44    -5.231     2.340     9.967  113  101  109   -1
  45    -1.105    -2.692     9.238  168  151  167   -1
  46    -0.549     2.159     5.864  118  105  112   -1
  47    -5.451    -0.239     7.777  145  129  139   -1
  48     8.655     3.211     3.643  100   87   96   -1
  49     7.945     5.799    -4.333   73   64   73   -1
  50    -7.857   -10.103    -4.064  258  229  251   -1
  51    12.249    -4.602    -1.932  186  171  192   -1
  52    -8.564    -2.922     5.993  172  154  171   -1
  53    -0.221   -11.271    -2.998  269  238  266   -1
  54    -9.513     9.816    -1.502   29   29   35   -1
  55     7.581    -5.764     6.940  210  185  204   -1
  56     6.332    -2.382    -7.896  165  148  164   -1
  57    12.383     2.449    -5.421  115  102  108   -1
  58     8.815     6.452     2.855   65   56   64   -1
  59    -1.523    10.362    -7.496   24   23   27   -1
  60     1.951     7.799     6.470   48   41   48   -1
  61     7.149     0.107     2.976  141  125  134   -1
  62     2.920     3.370    -6.453   97   86   95   -1
  63   -10.929   -11.618    -8.301  274  240  263   -1
  64     3.854     6.262     9.800   64   57   67   -1
  65    -3.240    -8.354    -9.503  238  208  230   -1
  66    -7.294    -8.456    -8.793  240  210  231   -1
  67   -11.586    -7.819    -0.503  236  204  223   -1
  68     2.520    11.984    -7.257    7    4    4   -1
  69     6.103    -9.148    -3.606  249  222  245   -1
  70     2.136    -1.634    -4.676  157  139  154   -1
  71    -2.115     8.789     0.034   40   35   41   -1
  72    11.655     2.173    -0.599  119  106  111   -1
  73     4.019     7.681    -4.596   53   45   52   -1
  74    -8.600    -7.714     0.447  232  201  222   -1
  75    -7.389    -1.575     4.968  158  140  153   -1
  76     9.553     1.863    -8.495  123  111  119   -1
  77     4.957     9.770    -2.564   36   31   32   -1
  78    -1.511     8.272    -4.058   44   38   46   -1
  79   -10.979     5.444    -2.992   74   66   78   -1
  80    -1.993   -11.448    -1.765  272  242  267   -1
  81    -6.585    -4.194    -4.668  184  166  184   -1
  82     1.730     5.258     5.586   76   67   75   -1
  83     9.949     9.990     1.101   34   25   22   -1
  84    -0.064     8.784    -7.153   41   37   43   -1
  85     3.227     2.902    -1.420  104   91  100   -1
  86    -0.888     2.037     0.828  120  108  116   -1
  87     9.484    -8.850     7.209  246  223  246   -1
  88     5.633     9.717     1.000   35   30   30   -1
  89    -0.743     2.568    -1.783  112   99  106   -1
  90     7.666    -8.396    -8.542  235  209  234   -1
  91    -9.953    -1.924     2.697  163  145  158   -1
  92     8.624     5.979    -8.081   71   63   71   -1
  93     4.263    -7.962    -6.145  228  202  229   -1
  94     3.362    -1.352     5.882  154  138  150   -1
  95    -6.546    -4.537    -0.432  191  170  188   -1
  96     7.106    11.376     5.491   11    5    3   -1
  97    -8.146   -10.283     3.306  262  231  255   -1
  98     7.741    -1.121     4.617  151  135  146   -1
  99     9.932    -0.064    -1.559  142  126  136   -1
 100    -9.226     6.625    -9.706   61   59   69   -1
 101    -3.943    10.310    -8.086   26   27   29   -1
 102   -10.900    -0.132    -5.839  143  127  137   -1
 103    -5.849     7.697    -9.471   52   47   57   -1
 104    -9.749    -5.254    -0.207  203  181  198   -1
 105     6.279     9.888     6.846   31   19   23   -1
 106    -1.498   -10.794    -8.638  261  232  257   -1
 107     1.855    -1.177     4.503  152  136  147   -1
 108    -5.112    -6.312    -2.322  215  189  207   -1
 109    -7.481   -10.328    -1.152  259  230  254   -1
 110     1.743   -12.085    -5.117  275  245  272   -1
 111     1.848   -11.736    -6.963  271  244  269   -1
 112     7.350     6.919     8.772   57   51   59   -1
 113   -10.263     4.660    -6.010   81   72   84   -1
 114    -7.909   -11.131     6.608  273  243  265   -1
 115     8.076    -6.713     0.510  217  194  213   -1
 116    -9.256    -4.544     4.523  193  172  190   -1
 117    -1.500     4.583    -4.048   83   74   82   -1
 118    -2.475    -3.843     8.410  182  164  182   -1
 119    -4.293     1.561     7.452  125  112  120   -1
 120    -3.603    11.410     1.185    8    7    7   -1
 121    10.683    -5.243    -9.282  195  178  199   -1
 122    -9.766    10.525     3.148   17   17   20   -1
 123     1.579    -7.810     1.219  229  206  228   -1
 124     7.917    -6.688    -7.702  216  191  212   -1
 125     3.067     5.743     2.632   69   62   72   -1
 126     5.957    10.307    -7.541   33   26   24   -1
 127     7.874    11.514     6.554    9    3    0   -1
 128     8.234     6.469     5.285   63   55   63   -1
 129    -6.950     7.537     1.863   50   44   54   -1
 130    -1.052     4.405     7.621   84   73   83   -1
 131     1.739     7.106     7.379   55   49   58   -1
 132     3.022    -9.890    -8.056  255  226  250   -1
 133    -9.682     3.530    -7.934   94   84   93   -1
 134     0.853    -4.743    -4.327  192  173  191   -1
 135     2.544    -5.018    -0.845  196  176  196   -1
 136    -7.436    -3.269     1.691  174  156  173   -1
 137   -11.343    -5.092    -2.154  202  177  195   -1
 138     0.259    -9.383    -3.189  254  224  247   -1
 139    -4.431     6.986     3.583   56   52   60   -1
 140   -10.712     9.977    -3.040   25   28   33   -1
 141    -4.057   -10.869    -2.717  265  235  258   -1
 142     8.507     2.432     2.034  114  100  107   -1
 143     5.027     6.869     0.577   58   53   61   -1
 144     0.030    -6.393     9.768  218  193  211   -1
 145    -6.301    -8.369    -5.357  239  211  232   -1
 146    -7.827    -3.258    -3.225  173  155  172   -1
 147    -7.549    11.593    -2.796    6    6    8   -1
 148     4.926    -8.711     2.238  243  218  240   -1
 149     0.187    -8.512     2.559  242  215  237   -1
 150    -1.754     6.148     2.448   66   60   70   -1
 151    -3.810    10.808     4.218   13    9   13   -1
 152     5.216    -9.847     1.677  256  228  253   -1
 153    -1.078    10.899    -7.576   20   18   18   -1
 154    -8.557     9.413    -6.508   37   33   37   -1
 155     1.276     6.802     0.452   59   54   62   -1
 156    -3.152     2.649    -4.174  111   98  104   -1
 157     1.556     9.831     5.661   30   24   28   -1
 158    -4.197    -8.911    -3.555  250  219  239   -1
 159     2.755    -7.625     5.615  227  203  226   -1
 160    -6.663     2.611     1.535  108   97  105   -1
 161     7.938     3.919     5.750   92   78   86   -1
 162    -7.585    -4.823     7.497  199  174  194   -1
 163    -4.114    -3.455     3.429  176  158  175   -1
 164     2.577     3.099    -9.305  103   90   99   -1
 165   -11.518    -9.843    -5.996  257  227  248   -1
 166   -10.790    -2.913    -9.626  171  152  166   -1
 167    -5.168    -7.944    -2.618  234  207  224   -1
 168    -5.875     2.675     3.826  106   94  103   -1
 169    -6.604    -6.107     2.038  212  187  205   -1
 170    -9.475     4.795    -5.131   80   71   81   -1
 171   -10.176   -10.396     4.807  263  233  256   -1
 172     5.284    -9.157     8.569  253  225  249   -1
 173    -3.330    -0.695     5.101  148  132  143   -1
 174    -7.737   -10.938     5.068  270  239  260   -1
 175     1.368     6.617    -5.461   62   58   66   -1
 176    -7.881    -3.605     1.278  179  161  178   -1
 177    -6.404     7.717    -6.350   51   46   55   -1
 178     4.915     3.152    -4.534  101   88   97   -1
 179   -11.894    10.282    -4.695   22   22   31   -1
 180    -4.218     0.397    -3.978  139  122  130   -1
 181    -4.747     1.991    -5.424  121  109  117   -1
 182     0.158    -8.945    -0.121  251  220  241   -1
 183    -4.777    -1.032     1.683  149  134  145   -1
 184    -3.080    -5.446     0.353  206  182  201   -1
 185     5.233    -3.599     6.600  178  162  180   -1
 186    -8.252    -1.206     4.972  153  137  148   -1
 187    -5.783     3.454    -6.769   96   85   94   -1
 188    -3.140    11.723     8.046    2    2    1   -1
 189    10.616     1.856    -3.287  122  110  118   -1
 190    -1.132     4.110     7.979   85   75   85   -1
 191     5.779     0.450    -0.968  135  120  127   -1
 192     0.824     9.787     8.785   27   20   26   -1
 193    -3.385     8.756     1.651   39   34   42   -1
 194    -1.937    -7.470    -5.147  222  197  220   -1
 195    -0.406     8.096    -7.378   47   43   49   -1
 196     9.087    -1.893     6.026  162  144  159   -1
 197    -1.952   -11.804     6.107  280  247  273   -1
 198     2.301     3.168    -9.233  102   89   98   -1
 199     5.763     3.985     1.932   89   77   87   -1
 200     7.689     8.823    -4.393   42   36   39   -1
 201     2.431    10.634     5.873   18   10   11   -1
 202    -6.727    10.815    -0.212   14   14   17   -1
 203     1.652    -5.099    -4.950  197  175  197   -1
 204    -3.239     0.985     3.844  129  115  123   -1
 205    -1.203    10.644     1.979   19   16   15   -1
 206    -9.829    -7.640    -0.635  230  200  221   -1
 207     1.701     2.737     4.676  105   92  101   -1
 208    -2.702    -1.640     3.208  159  141  155   -1
 209     9.299    -3.674    -5.292  177  160  179   -1
 210    -6.549    -3.747     3.739  181  163  181   -1
 211     0.402   -11.049    -3.768  266  237  261   -1
 212   -10.536    -2.632     4.716  167  149  165   -1
 213     8.386     0.654    -3.881  133  117  126   -1
 214     4.734     2.263    -0.609  117  103  110   -1
 215    11.437    -0.278    -5.850  144  130  141   -1
 216   -11.040     3.862    -5.928   91   80   90   -1
 217   -12.340    -7.292    -0.710  226  196  216   -1
 218    -0.359     7.816     8.535   46   39   47   -1
 219    -7.652   -11.696     4.494  279  246  270   -1
 220    -9.868     7.811     5.649   45   42   50   -1
 221    -9.773    11.119     1.057   10    8   12   -1
 222   -12.329    -6.721    -4.060  221  192  210   -1
 223    -5.064    10.827     0.075   15   13   16   -1
 224    -8.368     2.690     3.130  107   93  102   -1
 225    -9.847     3.989     3.982   86   76   89   -1
 226   -10.858     0.374     1.861  136  123  131   -1
 227     9.071    -0.207     1.161  146  128  138   -1
 228     5.981     0.319    -5.839  137  124  132   -1
 229    10.828    10.461     9.923   -1   11    9   -1
 230     1.256    -0.878    -5.698   -1  133  144   -1
 231     4.232    -7.260     9.581  224  199   -1   -1
 232   -11.501     0.880    -8.846  130   -1  124   -1
 233     3.068    12.184    -1.063    3    1   -1   -1
 234     0.418   -10.544     9.710  264   -1  259   -1
 235    -0.983    -8.578     3.485  245  217   -1   -1
 236     0.368     2.073     8.883   -1  107  114   -1
 237    -8.012    -5.008    -5.967  198   -1  193   -1
 238     4.512    -5.148     2.031  200  179   -1   -1
 239    11.659     7.304     3.781   -1   48   53   -1
 240    -1.593    -8.855     4.236   -1  221  242   -1
 241    -1.998    -3.341    -1.489   -1  157  174   -1
 242     2.683     2.626     7.124  109   95   -1   -1
 243    -7.621   -12.079     1.264   -1  248  271   -1
 244    -4.090     7.201     4.088   54   50   -1   -1
 245    10.030     7.753     8.722   -1   40   44   -1
 246    -9.976    10.313     9.718   16   15   -1   -1
 247    -2.559    -1.395     7.627  156   -1  151   -1
 248     5.326    10.332    -8.259   32   -1   25   -1
 249   -12.659    11.380    -1.106    5   -1   10    0
