249
   1     1.034    -0.243     0.070  155  142  156   -1
   2     1.870    -8.388    -6.841  238  219  242   -1
   3    -0.806     2.520     2.916  122  112  124   -1
   4     1.407    -0.897     0.702  160  147  162   -1
   5    -3.638     6.251     3.843   56   52   60   -1
   6    -6.558     8.527     0.691   30   29   33   -1
   7    -7.446    -9.172    -9.003  247  226  247   -1
   8    -0.639    -6.240     4.802  218  201  221   -1
   9     8.492    -4.752     2.307  197  182  206   -1
  10     3.489    -7.262    -0.321  225  208  231   -1
  11     2.470     4.411     1.122   92   83   94   -1
  12    11.390     2.256    -7.500  125  115  126   -1
  13    -6.121    -9.117    -3.594  250  229  251   -1
  14    10.091    -7.700     2.244  233  215  239   -1
  15     5.508     3.208     6.618  109   96  107   -1
  16    -9.094     3.208     3.521  104   99  110   -1
  17     2.982    -6.090     4.259  214  198  219   -1
  18    -5.336    10.231    -7.752   18   16   18   -1
  19    -3.896    -6.158    -6.962  212  195  216   -1
  20    11.130    10.263    -7.174   21   15   14   -1
  21     9.179    -2.362    -7.604  175  161  177   -1
  22    -5.067     5.770    -3.791   68   61   70   -1
  23   -10.369   -10.222     3.323  269  244  264   -1
  24    -1.184   -11.538     9.830  283  260  288   -1
  25   -11.155     1.930    -3.609  128  118  131   -1
  26     2.287    -5.929     4.892  211  196  217   -1
  27     0.939     4.423     2.789   91   82   92   -1
  28    11.232    -2.069    -8.277  171  158  174   -1
  29     7.394    -5.258    -2.962  203  189  210   -1
  30    -1.407    -4.333     3.878  192  179  197   -1
  31    -3.332     0.072    -6.524  151  139  153   -1
  32    -1.955     5.843     6.171   65   56   65   -1
  33     2.058     2.896    -2.648  117  106  116   -1
  34    -3.352    -4.971    -4.876  200  184  204   -1
  35    -1.222     7.335    -6.834   46   40   48   -1
  36     7.057    -9.374    -1.641  251  231  258   -1
  37   -10.989    -5.828    -4.248  209  191  213   -1
  38    -5.497   -10.756     9.956  274  255  277   -1
  39    -5.389    -1.922    -0.125  170  156  172   -1
  40     0.525    -4.492     5.056  196  181  200   -1
  41     6.841     5.888    -5.911   69   60   67   -1
  42    -2.939   -10.354     4.521  268  246  271   -1
  43    -4.793    -3.223    -3.555  183  168  184   -1
  44     2.564     5.553     0.324   72   64   73   -1
  45    -8.955    -6.917    -2.522  223  204  224   -1
  46     9.938    -0.586    -2.457  156  143  157   -1
  47   -10.083    -9.314    -0.874  253  230  255   -1
  48     6.366   -10.427    -7.912  261  240  270   -1
  49     6.952     8.764    -4.843   33   27   30   -1
  50    -7.311    -1.392     0.139  166  153  169   -1
  51    -5.271    -8.781     5.105  246  228  249   -1
  52     2.523    -7.944    -2.824  234  216  238   -1
  53    -1.360    -3.262     9.494  184  169  186   -1
  54    -1.764   -11.780    -7.134  279  256  284   -1
  55    -7.930     5.340    -7.627   77   72   82   -1
  56     3.505     4.917     5.314   84   77   84   -1
  57    -7.130     3.729     6.058   99   90  101   -1
  58    -5.951    -0.623    -1.423  157  144  158   -1
  59    11.351     4.192    -3.215   97   87   95   -1
  60   -11.928     7.041     0.528   45   41   54   -1
  61     3.568    -5.002    -3.498  199  187  207   -1
  62     7.448     2.292     4.552  123  113  125   -1
  63   -10.773    -1.214    -5.391  165  151  166   -1
  64    -5.311     8.043     5.044   36   30   35   -1
  65    -3.574    -0.648    -0.269  158  145  159   -1
  66    -3.523    11.292     8.821    1    3    5   -1
  67     2.423     2.901     8.886  113  102  112   -1
  68     1.208     5.769     5.108   66   58   66   -1
  69    -9.610    -4.079    -2.068  191  176  191   -1
  70    -0.486    -8.015     2.282  236  218  240   -1
  71   -10.118     6.755    -7.697   51   48   58   -1
  72    -4.939   -11.515    -8.360  276  252  279   -1
  73     8.909    -2.881    -6.893  178  164  181   -1
  74    -0.151    11.635    -2.051    3    4    4   -1
  75    -6.029     4.611    -2.321   90   81   91   -1
  76    -1.749     6.518     8.912   52   46   55   -1
  77    -5.289    -4.864     3.175  201  186  203   -1
  78    -4.680   -10.349    -3.936  264  241  265   -1
  79     2.839     6.856     1.900   49   44   51   -1
  80     5.201    11.646     1.605    4    2    1   -1
  81    -9.165    -4.484    -4.025  195  180  195   -1
  82    11.863    -9.825     1.508  254  237  266   -1
  83     9.050     0.116    -3.844  150  138  152   -1
  84     1.709    -9.017    -4.354  245  227  252   -1
  85     4.719     6.891    -0.676   50   45   50   -1
  86     7.245    -1.626    -0.998  169  155  171   -1
  87    -9.933    -2.688    -0.665  177  162  178   -1
  88    -0.799    -4.072    -2.164  189  175  192   -1
  89    -7.234    -2.727     1.393  179  163  179   -1
  90     0.953     1.009    -7.503  142  131  144   -1
  91    -1.613     0.394    -8.466  149  136  149   -1
  92     8.938     8.695    -2.795   34   26   29   -1
  93     2.057     7.685     5.883   40   34   39   -1
  94     7.519   -11.171    -1.400  271  251  282   -1
  95    -5.428     7.845    -8.121   41   36   43   -1
  96     1.879     3.174     6.689  110   98  109   -1
  97    -6.037     7.240    -8.606   47   43   52   -1
  98     6.425     1.111     9.735  139  129  142   -1
  99    -4.061     7.353     7.033   42   38   45   -1
 100     5.356     6.348     5.144   58   50   56   -1
 101     4.087     1.289     2.531  138  126  139   -1
 102     3.099    -7.343     4.651  227  211  234   -1
 103    -9.436    -7.539    -8.542  229  209  229   -1
 104   -11.137    10.304    -1.871   13   12   17   -1
 105   -11.101     5.293    -5.238   75   73   83   -1
 106     0.554   -11.471     3.901  280  258  286   -1
 107     7.242    -6.446    -2.400  216  202  223   -1
 108    -9.224     8.768    -6.114   29   28   32   -1
 109     3.939    -1.110    -7.686  161  148  164   -1
 110    10.440     4.384    -2.659   94   84   93   -1
 111    -6.333     2.804     2.435  115  107  122   -1
 112    -0.534     9.732    -9.530   25   19   23   -1
 113    11.379   -10.131    -3.212  255  239  269   -1
 114     9.639     1.402     1.937  136  125  138   -1
 115    -0.042    -9.024    -9.531  243  222  248   -1
 116    -3.562     1.555     7.522  133  122  136   -1
 117    -0.972    10.189    -4.427   19   14   16   -1
 118    -0.446     1.707     3.759  130  120  134   -1
 119    11.467    -9.277     3.041  249  232  261   -1
 120     7.603    -8.857    -2.416  242  224  253   -1
 121    -5.726     6.088     2.100   61   55   64   -1
 122   -10.748     2.841     2.519  114  104  121   -1
 123    -3.812     4.088     9.102   93   85   97   -1
 124    -3.913     4.107    -7.419   95   88   98   -1
 125     9.098     4.067     5.833   96   86   96   -1
 126    -2.377     1.557    -1.729  135  124  137   -1
 127     3.141    10.522    -4.028   14   11   13   -1
 128     1.621     7.789    -8.240   43   39   42   -1
 129    -7.139    -2.082     5.242  173  159  175   -1
 130    10.089     7.925     3.958   39   31   34   -1
 131    -6.682     6.235     1.210   57   53   62   -1
 132     5.417    -8.337     0.840  239  220  245   -1
 133    -1.674    -6.176     4.646  217  200  220   -1
 134     1.038     9.975    -5.339   20   17   19   -1
 135     0.470     8.176    -5.098   37   33   36   -1
 136    -0.147     7.742     9.815   38   32   37   -1
 137     7.102    -7.476     5.107  228  213  236   -1
 138     2.441     0.778    -1.323  145  133  146   -1
 139    10.707    -3.832    -2.089  188  174  190   -1
 140     5.432     5.372     9.837   73   62   72   -1
 141    -4.617    -1.902     8.729  172  157  173   -1
 142     1.730    -4.915    -3.659  198  183  205   -1
 143     3.229     3.752    -1.372  101   92  100   -1
 144     8.524     5.011    -7.685   87   78   85   -1
 145    -4.237     3.769     6.147   98   89   99   -1
 146     7.186    -5.376    -9.865  204  188  209   -1
 147     4.689    10.181     6.847   16   10   12   -1
 148    -9.387    -5.960    -6.293  210  192  214   -1
 149    -7.635    -0.168     1.633  154  141  155   -1
 150     7.970    -7.220    -9.194  220  206  228   -1
 151     3.109     1.816    -2.479  129  119  132   -1
 152    10.439    -1.155     1.046  163  150  167   -1
 153     3.727     9.477    -7.197   26   21   24   -1
 154    -8.640    -2.175    -3.993  174  160  176   -1
 155     3.280   -10.389     2.895  265  245  273   -1
 156     6.406    11.010    -8.872   12    8    9   -1
 157     8.516    10.691    -5.373   15    9   10   -1
 158     3.587    -3.162     0.962  182  167  185   -1
 159     2.181     0.497    -1.097  147  135  147   -1
 160    -2.601    -1.517    -6.451  167  154  170   -1
 161    -0.586    10.935     1.565    8    7    8   -1
 162    11.597     2.194    -3.471  126  116  127   -1
 163     8.736    -1.084     5.901  162  149  165   -1
 164    -3.967    -3.038     4.463  181  166  183   -1
 165     5.229     5.212    -8.348   83   75   80   -1
 166    -6.836    -6.328    -2.166  219  199  218   -1
 167    -1.545     0.977     6.179  141  130  143   -1
 168    -0.789     6.167     2.404   60   54   61   -1
 169     1.140    -3.692    -6.588  186  171  188   -1
 170     8.823    -4.157     6.079  190  177  196   -1
 171   -11.965    -4.277     0.960  193  178  193   -1
 172   -11.367     5.537    -2.722   70   66   77   -1
 173     7.817     2.865     6.014  116  103  114   -1
 174     2.653    -7.832    -9.866  230  212  235   -1
 175     9.320     5.557    -3.626   74   67   71   -1
 176   -11.056     9.652    -9.586   23   20   25   -1
 177    10.212    11.095    -0.338   11    6    6   -1
 178    -8.335    -6.027     2.145  215  197  215   -1
 179     6.276     6.978     2.206   48   42   49   -1
 180     5.529     9.519     3.986   24   18   21   -1
 181   -12.060     1.702    -6.755  131  121  135   -1
 182    -2.152     2.883    -5.445  118  108  118   -1
 183     8.563     2.744     6.494  119  109  117   -1
 184    -6.678     2.231    -1.507  124  114  128   -1
 185    -6.607     5.760     7.988   64   57   68   -1
 186     4.914     2.809    -5.269  121  110  120   -1
 187     4.886     4.973    -8.577   88   79   86   -1
 188    -6.767     3.714    -9.051  102   93  103   -1
 189     9.780     9.006    -9.226   32   24   28   -1
 190     2.662    -0.791     1.413  159  146  161   -1
 191    -4.422     2.966     7.576  112  101  113   -1
 192     0.727    -9.842    -0.011  258  236  263   -1
 193    -9.801   -10.878    -0.560  273  247  274   -1
 194   -10.831   -11.344    -5.926  277  250  275   -1
 195     4.840    -9.215     9.485  252  233  260   -1
 196    -9.376   -11.459    -6.587  278  254  278   -1
 197    -3.775     5.251    -6.850   81   74   81   -1
 198     9.402     5.378    -9.080   82   71   76   -1
 199   -11.740    -7.596     2.311  235  214  232   -1
 200    -3.348    -3.122    -8.177  180  165  182   -1
 201    10.930     6.666     1.672   55   47   53   -1
 202     1.022   -10.229     1.211  263  242  268   -1
 203    -1.210     2.725     0.659  120  111  123   -1
 204     0.686     9.260    -9.277   27   22   27   -1
 205    -5.247     3.151     1.432  111  100  111   -1
 206     1.445    10.514    -9.313   17   13   15   -1
 207     5.015     5.083     9.605   80   69   78   -1
 208    12.081   -11.698    -0.141  275  259  290   -1
 209    -8.394    -7.499    -4.418  231  210  230   -1
 210     0.333    -5.327     6.168  205  190  211   -1
 211    -9.523   -10.026    -8.375  260  234  259   -1
 212    10.680     3.323     1.556  108   95  106   -1
 213    -5.717     1.935     6.410  127  117  130   -1
 214   -11.364     3.724     2.197  100   91  102   -1
 215     4.672    -3.608    -0.613  185  172  189   -1
 216    -6.412     6.295     8.363   54   49   59   -1
 217     4.864    11.536     4.945    2    1    0   -1
 218    -8.690     4.890    -7.458   86   80   90   -1
 219    -8.185    -6.815     5.356  224  207  225   -1
 220   -11.199     6.069    -9.083   63   59   69   -1
 221   -10.882     1.238     3.047  137  127  140   -1
 222     4.045   -11.930     2.283  282  262  291   -1
 223     0.258     3.461     2.194  103   94  104   -1
 224     8.326    11.194     3.726    7    5    3   -1
 225    10.902    -8.608    -1.707  240  221  250   -1
 226    -4.385     3.220     3.601  106   97   -1    0
 227     3.460     8.962    -2.337   28   23   -1    0
 228    -1.423    -4.619    -7.356  194   -1  199    0
 229     7.416    -7.921    -9.689  232   -1  237    0
 230    -6.021    -4.840     4.248  202  185  202    0
 231    11.133     3.479    -6.944  105   -1  105    0
 232     0.747   -10.641     8.975  272  248  276    0
 233     0.176     5.494     3.252   71   63   74    0
 234     5.897   -11.286    -2.536   -1  253  283    0
 235    -7.455    -9.939     9.687  266  243   -1    0
 236    -1.926     0.832     2.557  143  132  145    0
 237    -3.261     8.961    -7.879   -1   25   31    0
 238    -2.242     0.687     1.446  146  134   -1    0
 239     8.940     1.146     2.157  140  128  141    0
 240     0.799     7.468     5.410   44   35   41    0
 241     5.325     7.732    -4.893   -1   37   40    0
 242    -9.664    -6.785     2.509  221  205   -1    0
 243     0.232     3.209     7.319  107   -1  108    0
 244    -3.085   -10.768    -4.560  270   -1  272    0
 245    -2.990   -12.106    -1.866  286  261  289    0
 246     9.512   -10.681     9.424   -1  249  280    0
 247    -4.559   -10.456    -2.728  267   -1  267    0
 248   -10.375     5.535    -2.266   -1   65   75    0
 249     5.362    -3.687     0.971  187  173   -1    0
