244
   1     2.730    -6.052    -6.521  204  188  211   -1
   2   -10.457    -3.482    -3.990  177  163  181   -1
   3     3.015    -4.884     6.635  188  174  195   -1
   4    -3.950     3.874    -3.578   90   90  101   -1
   5     1.530    -0.351    -1.962  140  130  142   -1
   6     2.300     7.649    -6.755   50   53   52   -1
   7     7.717    -2.924     7.433  170  160  178   -1
   8    -4.008    -6.861     2.345  221  200  221   -1
   9     8.673     6.700    -1.138   61   63   66   -1
  10    -3.488    -7.638     8.345  236  213  236   -1
  11     1.039    -7.644     5.038  234  210  237   -1
  12    -9.232    -1.058    -2.414  149  140  151   -1
  13     0.207    -0.593     3.626  144  136  146   -1
  14    -9.907     0.164     0.364  133  124  137   -1
  15     3.691     8.806     1.313   38   38   39   -1
  16     3.818   -11.464    -8.868  274  252  278   -1
  17     4.118   -11.082     1.718  273  254  279   -1
  18    -6.758    -7.733    -5.093  233  209  230   -1
  19     4.410     9.728    -0.984   21   24   29   -1
  20    -9.039     3.166    -3.898  103   97  108   -1
  21    -3.677     1.534     3.689  120  112  125   -1
  22     2.897    -1.015    -6.703  147  139  150   -1
  23    -1.623     7.825    -8.257   47   49   51   -1
  24    -3.801    -5.404    -1.917  195  180  200   -1
  25   -11.540     7.919    -7.835   43   48   53   -1
  26     7.464    -5.310    -7.647  191  177  199   -1
  27    -2.052    -6.303    -6.816  212  192  213   -1
  28    -2.177    -3.745     8.978  179  166  185   -1
  29    -8.136    -8.773     1.573  252  229  252   -1
  30    -4.196    -4.301     6.230  182  168  188   -1
  31    -1.014    -4.789     5.573  187  173  192   -1
  32    -7.829     3.491    -3.194   99   95  105   -1
  33     4.154    -6.415    -0.148  214  196  218   -1
  34    -6.927    -5.413    -3.055  196  179  198   -1
  35    -2.156    -6.972     4.496  223  202  225   -1
  36    -9.875     4.234    -1.660   87   85   96   -1
  37   -10.073     8.616     5.423   35   39   41   -1
  38    -6.783   -11.523    -0.545  283  258  280   -1
  39     3.634     4.694    -5.357   84   83   93   -1
  40     2.024     8.065     8.100   40   42   44   -1
  41    -5.172    -5.513     6.352  203  185  204   -1
  42    -0.016   -10.378     9.365  267  248  273   -1
  43    -5.714    -0.434     8.393  141  131  143   -1
  44     9.084     2.788    -3.316  107  100  110   -1
  45    -3.010   -11.839    -2.943  284  261  283   -1
  46    -4.212     3.697     3.622   93   94  104   -1
  47   -10.084     2.393    -3.919  114  106  118   -1
  48     9.603     8.242    -4.970   44   44   45   -1
  49    -8.229     5.391     8.603   70   74   82   -1
  50    -0.963     7.196    -6.251   53   59   63   -1
  51    -6.989    -7.369     1.861  230  205  229   -1
  52    -8.350    -4.962     4.083  192  175  193   -1
  53     6.366    -5.931     7.355  206  191  214   -1
  54    -7.902    -6.001     2.024  210  190  210   -1
  55    10.665     5.203    -3.946   80   79   87   -1
  56     3.122     0.873    -1.819  129  121  132   -1
  57     4.173     5.417     3.360   73   75   81   -1
  58    -2.309    10.391    -8.854   17   20   24   -1
  59     6.440     3.081    -3.839  105   98  107   -1
  60    -6.055    -2.082     2.925  158  151  161   -1
  61   -11.095   -10.831    -5.654  271  245  269   -1
  62     9.154    -7.587    -1.038  228  208  235   -1
  63     2.790     1.087    -8.565  127  118  130   -1
  64     5.630    -2.883     5.490  169  159  176   -1
  65     7.749    -4.770     5.591  185  172  194   -1
  66     0.158    -1.066     0.774  148  141  152   -1
  67     1.356    -2.703     9.852  166  156  172   -1
  68    -6.384   -10.888     1.823  277  250  274   -1
  69    -2.246    -7.774    -7.463  231  207  231   -1
  70    -5.905    -5.791     7.344  207  189  208   -1
  71     8.891    -3.582    -2.635  176  164  183   -1
  72     2.250    -9.140    -7.161  251  231  257   -1
  73     5.863     8.027    -7.272   45   47   49   -1
  74     6.576    -7.667     7.753  232  214  238   -1
  75   -11.359    -8.721     2.076  253  228  246   -1
  76    -5.427   -10.964    -7.450  268  247  272   -1
  77    -2.586    -1.863    -8.146  155  147  160   -1
  78    -5.833    11.329     5.052    2    2    6   -1
  79     3.745    -1.561    -6.222  151  143  156   -1
  80     9.577     6.877    -0.843   59   60   64   -1
  81     4.957    -8.958    -7.753  248  227  254   -1
  82     2.438     9.878    -8.465   23   27   30   -1
  83    -0.656    -8.937     6.672  254  234  258   -1
  84     3.737    -9.945     8.589  261  241  267   -1
  85    -9.960    -1.676    -3.898  154  145  158   -1
  86   -11.859     6.471     1.819   58   65   73   -1
  87    -6.042     2.431     1.964  112  105  117   -1
  88   -12.174     1.873    -5.879  117  109  122   -1
  89     3.381   -10.392    -6.244  259  240  266   -1
  90    10.914   -10.824     3.152  266  249  277   -1
  91    -1.325    -8.402    -7.790  241  218  241   -1
  92    -1.988     7.393     5.980   48   50   54   -1
  93     3.955     5.417    -5.554   78   78   84   -1
  94     1.527     3.717     2.457   97   93  102   -1
  95     8.976    -5.804    -8.661  199  184  206   -1
  96     7.408     0.073    -9.125  134  125  138   -1
  97   -11.582    11.100    -7.954    8    9   17   -1
  98   -11.075     8.840    -2.710   34   40   42   -1
  99    -8.716     6.675     3.578   56   61   70   -1
 100     2.315    10.576    -6.762   15   18   18   -1
 101     4.137    -9.643    -6.772  255  235  263   -1
 102     3.636   -11.525     1.592  279  260  285   -1
 103    -0.854     5.286     0.837   76   77   86   -1
 104     9.826    -0.601    -4.656  143  135  147   -1
 105    -9.565     8.706    -1.282   36   41   43   -1
 106     5.085    -5.205    -6.742  190  176  196   -1
 107    -4.723    -8.517    -1.848  246  222  245   -1
 108     9.028    11.225     6.747    6    4    5   -1
 109     0.850     1.904     1.268  116  108  121   -1
 110     9.806    -8.762    -8.653  243  224  253   -1
 111    -0.455    -0.062    -3.073  136  128  141   -1
 112     3.462    -3.303     0.678  175  162  180   -1
 113    10.763    -5.309     2.781  193  181  203   -1
 114    11.081    -1.751    -8.717  153  146  159   -1
 115   -10.208    -2.267     2.985  162  154  164   -1
 116    10.892   -11.415    -1.231  275  257  284   -1
 117     2.448    10.227     9.189   14   11   16   -1
 118   -12.006     2.599    -3.788  109  102  114   -1
 119     2.265    -1.536     7.841  152  144  157   -1
 120    -4.027   -10.344     3.425  264  243  268   -1
 121    -1.281    -2.740     8.452  168  158  173   -1
 122     3.929    10.945    -9.721   13   12   11   -1
 123    -0.884    -8.446     4.590  247  226  247   -1
 124    -0.348    -6.595     6.614  218  199  220   -1
 125    -8.510     7.999     9.169   39   43   46   -1
 126    -6.257    -4.632     6.474  186  170  190   -1
 127    -9.865    -9.078     2.337  256  233  256   -1
 128    -8.817     2.981    -6.829  106   99  109   -1
 129    -6.836    -7.621     5.864  235  211  233   -1
 130    10.648    -5.681    -1.356  197  186  207   -1
 131    -7.245    -2.690     8.796  167  155  171   -1
 132   -11.042    -9.913    -2.407  262  238  264   -1
 133     2.209   -11.052     2.964  276  255  276   -1
 134     5.033    -0.781     6.845  145  137  148   -1
 135     9.572    -6.184     1.602  208  194  215   -1
 136    10.366    -0.035    -9.372  135  127  140   -1
 137    -7.721    -5.635    -8.912  201  182  201   -1
 138    11.310    10.576    -5.299   19   16   12   -1
 139     1.317     8.278    -9.915   42   46   47   -1
 140   -10.421    -6.180     0.421  215  193  212   -1
 141    -1.102     2.436     2.110  113  104  116   -1
 142    -4.326    -8.596    -5.480  245  221  244   -1
 143    -5.327    -5.250    -1.048  194  178  197   -1
 144    -5.820    10.874    -0.504   10    6   13   -1
 145     0.251     4.940    -8.792   81   81   89   -1
 146    -1.763     6.505    -8.072   64   68   74   -1
 147     8.361    -2.153    -6.762  157  149  163   -1
 148     2.282     1.990     7.244  115  107  119   -1
 149    -0.261   -11.037    -0.675  272  251  275   -1
 150     3.658    -1.126    -9.981  150  142  153   -1
 151     8.257     5.621     3.563   71   71   78   -1
 152     5.086    11.133    -7.947   12    7    9   -1
 153    11.633    -6.574    -7.421  213  195  219   -1
 154     4.379     2.500     5.950  110  103  112   -1
 155    10.617    -3.032     2.038  171  161  179   -1
 156     1.867     9.849     9.877   18   19   21   -1
 157    -8.816     0.964    -0.356  128  120  131   -1
 158     1.883     6.677    -9.286   62   66   71   -1
 159   -10.743    -4.975    -7.648  189  171  191   -1
 160     7.060     9.001    -1.170   37   37   38   -1
 161     3.130    -8.533    -1.662  244  223  248   -1
 162    -0.505    -9.467    -0.052  257  237  261   -1
 163    -7.423    10.312    -7.267   16   21   27   -1
 164    -3.335     8.343    -9.149   41   45   48   -1
 165    11.434     9.918    -2.401   22   23   22   -1
 166    11.051    11.710    -7.153    7    5    4   -1
 167    -4.649     6.311    -0.055   63   67   75   -1
 168     2.018   -10.270     2.531  263  242  270   -1
 169     8.316    -7.536    -0.458  227  206  234   -1
 170     9.003     5.264    -7.174   79   80   88   -1
 171    -2.557     5.640     0.055   69   72   79   -1
 172    -3.884     5.726    -3.889   68   73   80   -1
 173    -1.194     1.677    -3.958  119  111  124   -1
 174     5.390   -11.785    -0.150  282  262  286   -1
 175     6.926     3.821     0.044   96   89   99   -1
 176     3.138     3.773     7.649   92   88   97   -1
 177     4.523    -7.946     7.362  239  219  242   -1
 178     5.785     3.936    -9.507   94   92  100   -1
 179     8.503     1.177    -3.856  125  117  129   -1
 180    -8.258     7.324    -0.163   49   54   61   -1
 181     2.024     7.351    -6.414   52   57   58   -1
 182     3.964    -8.089     0.413  238  216  240   -1
 183     4.494     9.134     3.513   32   32   33   -1
 184    -3.047     9.582    -9.871   28   34   37   -1
 185     9.436    -9.048    -1.582  250  232  259   -1
 186    -0.493     9.147     8.360   26   29   32   -1
 187     7.618   -11.499    -3.398  278  256  282   -1
 188    -5.036    -7.099     2.739  224  204  226   -1
 189     2.713    -5.486     3.208  198  183  205   -1
 190     4.338    11.364     8.927    3    1    2   -1
 191     0.259    -2.239    -1.554  160  152  165   -1
 192    -7.774    -9.378     1.515  258  236  260   -1
 193     5.842    -2.746     8.036  165  157  175   -1
 194    -1.489   -10.558    -0.296  265  244  271   -1
 195    -1.563    -0.546    -5.094  142  134  144   -1
 196   -12.136    10.397     0.234   11   14   23   -1
 197    -3.170     6.978    -9.193   57   62   68   -1
 198    -5.894     9.036    -1.732   31   36   40   -1
 199     2.526    -6.710     8.357  219  201  223   -1
 200     2.851     4.521    -2.541   86   84   94   -1
 201    10.942     3.133     5.968  104   96  106   -1
 202     2.986     9.416     4.864   24   26   31   -1
 203    -2.485     1.311    -4.057  122  115  128   -1
 204    -4.370    -7.984     4.981  242  217  239   -1
 205     5.242     2.638     6.146  108  101  111   -1
 206    10.206   -11.327    -4.638  270  253  281   -1
 207    -2.309     5.292     3.313   75   76   85   -1
 208    10.572     0.310     4.767  132  122  134   -1
 209     8.124    -4.307     4.122  180  167  189   -1
 210    -8.849     7.498     1.876   46   51   57   -1
 211     9.094    -6.986     5.238  222  203  228   -1
 212    10.775    -3.660     4.948  178  165  186   -1
 213     8.674    -2.275    -6.814  159  153  167   -1
 214     4.586     6.356    -5.343   65   69   72   -1
 215   -10.486     1.428    -4.368  121  113  126   -1
 216     9.856     7.294    -2.304   54   56   55   -1
 217    -3.223     1.681     3.956  118  110  123   -1
 218    -2.346    -6.061    -9.219  205  187  209   -1
 219     2.432    11.760     2.766    1    0    0   -1
 220     2.865     4.224    -9.224   89   86   95   -1
 221     9.382     5.980     0.434   67   70   76   -1
 222    -4.846     0.006    -8.397  137  126  139   -1
 223    -8.872     1.285    -5.336  124  116  127   -1
 224    -0.147    -8.773    -5.349  249  225  251   -1
 225   -11.771    -7.822    -0.032  240  212  232   -1
 226     9.329     1.298    -1.251  123  114   -1    0
 227    11.954   -11.974    -4.073  280  263   -1    0
 228    12.277    -2.445    -2.613  161   -1  169    0
 229     4.597    -2.088     2.351   -1  150  162    0
 230    -2.400     5.414     0.053   72   -1   83    0
 231    10.225    10.718    -9.130   -1   17   14    0
 232     4.104     6.484     6.050   60   64   69    0
 233    -2.754    -8.280     1.006   -1  220  243    0
 234    -6.754     7.411    -4.099   -1   55   59    0
 235     5.678   -11.937    -8.009  281  259   -1    0
 236    -4.708     9.574    -1.281   20   28   -1    0
 237    11.354    -0.514     3.838   -1  132  145    0
 238     4.141    -7.996     1.169  237  215   -1    0
 239    -1.973     7.080     3.036   -1   58   62    0
 240    -5.172    -1.947     4.947  156  148   -1    0
 241    -1.693    -6.324     3.557  216  197  216    0
 242    -4.034     3.862    -6.080   91   -1  103    0
 243    10.360    -0.801     9.088   -1  138  149    0
 244    -9.523    -8.679     4.642   -1  230  249    0
