242
   1     9.225    -1.422     6.627  165  149  166   -1
   2    11.065    -0.629    -7.453  153  136  154   -1
   3   -10.921     2.419    -3.507  126  114  132   -1
   4    -7.363    -8.339    -9.020  235  215  242   -1
   5     3.818     6.319     0.853   69   55   66   -1
   6     0.571    -8.029    -9.945  230  212  239   -1
   7    -5.180    10.389    -7.478   14   10   15   -1
   8    -9.734    -2.148    -0.628  172  155  173   -1
   9     2.755    -3.727     5.082  186  169  192   -1
  10    -0.306    -4.677     4.961  198  179  203   -1
  11    -8.512     3.800     3.483  108   93  111   -1
  12    11.727     4.154    -6.776  107   89  102   -1
  13     8.436     4.774     4.536   95   78   91   -1
  14     2.225    -7.533    -7.165  227  209  236   -1
  15   -11.386     7.327     0.629   45   44   58   -1
  16    -3.124    -4.341    -4.831  196  175  199   -1
  17     6.594     5.462     6.693   84   66   78   -1
  18     0.422   -11.460    -7.900  275  252  282   -1
  19     7.346    -3.292    -2.437  180  163  184   -1
  20   -10.564    10.482    -1.649   10    8   14   -1
  21     2.264     6.126     2.873   70   57   69   -1
  22     8.876    -1.020    -6.812  159  142  159   -1
  23     3.682    -0.355    -7.279  151  134  152   -1
  24     5.673    -9.267    -2.091  244  229  260   -1
  25     2.754     4.816     7.115   93   76   90   -1
  26   -10.807    -5.294    -4.337  205  184  209   -1
  27     3.872    -4.815     0.360  199  180  206   -1
  28    -9.889    -8.611    -0.801  242  221  249   -1
  29     1.605   -10.477     7.814  268  247  278   -1
  30    -6.909    -1.350     5.259  164  148  164   -1
  31     5.923    -5.634     1.365  209  191  217   -1
  32    -1.565   -10.773    -7.246  266  245  276   -1
  33    -3.245    -2.584    -8.296  174  158  176   -1
  34    -5.075    -3.843     3.234  189  172  195   -1
  35    -7.096    -0.742     0.257  156  139  156   -1
  36    -5.201    -1.030     0.088  160  144  158   -1
  37    -5.463    -9.983     9.687  261  242  272   -1
  38    -5.615     9.556     1.042   18   13   21   -1
  39     2.466     7.334     5.464   53   39   50   -1
  40   -11.920     2.161    -6.727  129  116  133   -1
  41     1.871     8.249    -7.762   37   30   37   -1
  42     4.010     7.536    -0.012   51   38   46   -1
  43     1.148    -7.837     0.116  231  213  240   -1
  44     9.382     1.760     6.209  134  119  135   -1
  45     7.470    -4.790     5.376  200  182  208   -1
  46    -9.171    -5.457    -6.331  208  186  211   -1
  47   -10.591    -0.686    -5.335  155  138  155   -1
  48    -5.202     8.148    -7.870   36   32   43   -1
  49    -6.247     2.964    -1.158  118  104  121   -1
  50    -9.447    -3.571    -2.063  184  165  185   -1
  51    -4.839   -10.677    -8.385  265  241  275   -1
  52     9.670     5.656     6.391   78   61   73   -1
  53     2.133     8.886     5.437   27   21   27   -1
  54     1.032    -3.098    -6.332  179  162  182   -1
  55    -2.338     7.829     4.029   38   31   42   -1
  56    -1.296   -10.493     9.499  270  250  277   -1
  57     2.073     1.384     0.893  137  123  140   -1
  58     0.047    -6.159     2.632  214  198  223   -1
  59     6.897     3.013     9.677  116  102  118   -1
  60     7.264    -8.744    -0.834  240  223  254   -1
  61    -4.750    -2.598    -3.523  175  159  178   -1
  62     0.564    -9.342     8.637  252  234  266   -1
  63     4.737     6.748     5.460   60   48   60   -1
  64    -5.923     6.761     8.192   58   47   62   -1
  65    -8.734    -6.339    -2.619  217  200  221   -1
  66    -4.431    -1.111     8.644  163  146  162   -1
  67     8.148     1.226    -1.102  140  125  141   -1
  68    -2.892    -9.263     4.145  250  230  259   -1
  69    -5.741    -8.223    -3.505  236  217  243   -1
  70    -6.470     4.475     5.807   96   80   96   -1
  71    -3.578    -5.538    -6.973  207  188  214   -1
  72    -6.604    -5.611    -1.994  211  190  216   -1
  73    10.673     2.305    -2.688  128  115  131   -1
  74    10.696    -4.661     2.358  197  178  204   -1
  75    -5.774     0.067    -1.209  150  133  151   -1
  76     2.677    -6.215    -2.531  212  194  222   -1
  77     5.632     6.100    -7.783   73   58   71   -1
  78    -4.225     9.199     5.350   20   17   26   -1
  79    -9.326   -10.665    -6.451  269  243  273   -1
  80    -4.508     6.480    -3.194   65   54   67   -1
  81     9.334     0.885    -9.766  145  129  146   -1
  82     1.032    -2.581     5.212  177  160  180   -1
  83     1.750     8.070     9.996   35   29   35   -1
  84     0.559     3.740     3.939  111   95  110   -1
  85    -8.972    -3.951    -4.023  191  171  193   -1
  86     1.499     5.311     2.264   87   73   85   -1
  87     0.879     1.598    -7.267  136  122  139   -1
  88    -1.392    -4.796     4.746  202  181  205   -1
  89     3.353    -6.396    -9.960  213  195  224   -1
  90     7.811    -5.944    -9.901  210  193  219   -1
  91    -3.673    -1.948     4.581  169  153  171   -1
  92    -3.433     5.085     6.100   90   74   86   -1
  93     4.275     8.519     1.742   34   28   33   -1
  94    -9.910     7.059    -7.569   57   49   64   -1
  95     9.365    -9.727     5.086  254  236  271   -1
  96     7.862     5.794    -9.955   83   68   77   -1
  97     9.490     2.448    -3.836  127  113  128   -1
  98    -0.400     9.997    -9.201   19   12   18   -1
  99    -2.010     3.519    -5.006  113   98  114   -1
 100    -4.441     4.497     1.664   98   82   98   -1
 101   -10.806     5.630    -5.105   77   71   83   -1
 102   -11.652    -6.973     2.300  226  207  229   -1
 103    -3.353     0.646    -6.326  146  131  148   -1
 104     1.046   -11.518     4.305  276  256  287   -1
 105     3.482    -5.065     4.837  203  183  210   -1
 106    -5.580     3.887     2.582  106   92  109   -1
 107     3.558    -8.190     2.980  233  220  248   -1
 108    -5.716     7.366     1.500   47   42   56   -1
 109     8.307    11.301    -4.134    8    3    4   -1
 110     1.926    10.934    -5.045   11    6    8   -1
 111    -4.173   -10.038     9.805  262  244  274   -1
 112     1.850    -7.734    -4.425  229  211  237   -1
 113    11.742     6.600     1.769   66   50   61   -1
 114    -5.322     5.484    -1.792   82   72   84   -1
 115     9.887     6.842    -8.082   63   51   63   -1
 116    10.294    -8.186    -2.788  232  216  247   -1
 117    11.298     1.821     0.914  133  117  134   -1
 118    -2.461     2.637     2.775  121  108  124   -1
 119    -6.535   -11.400     4.439  277  255  283   -1
 120    -3.651     4.621    -7.067   99   84   97   -1
 121     7.709     9.345     2.503   23   16   20   -1
 122     7.446   -10.755    -1.759  264  246  279   -1
 123     7.199    -3.659    -9.611  181  164  186   -1
 124    11.236    -1.011    -2.025  158  143  160   -1
 125   -11.837    -3.773     0.951  188  168  188   -1
 126    -5.888    -4.035     4.240  193  174  198   -1
 127    -9.244    -6.828    -8.743  222  202  226   -1
 128     6.646     7.538     9.412   42   34   41   -1
 129    -5.237    -8.069     4.840  237  218  244   -1
 130    -0.160    11.049    -4.307    9    5    7   -1
 131     6.816    -8.890    -8.171  239  222  253   -1
 132    10.601     4.325     1.869  103   85   99   -1
 133     4.440    -0.465     1.231  152  135  153   -1
 134    -2.107     2.789    -1.342  119  106  123   -1
 135     5.250     3.521     2.312  112   96  113   -1
 136    -1.257    -2.274     9.533  173  157  175   -1
 137     7.217    -4.330    -1.922  195  177  202   -1
 138    -5.071     2.913     6.182  117  103  120   -1
 139    -7.100    -2.015     1.462  170  154  172   -1
 140     8.567    -1.551    -6.095  166  150  168   -1
 141   -10.743   -10.569    -5.715  267  240  270   -1
 142     5.258     5.817    -8.078   80   65   76   -1
 143     2.902     4.005     9.137  104   87  103   -1
 144     2.608     2.501    -1.007  125  112  127   -1
 145     6.849     8.151    -9.920   39   33   38   -1
 146     5.108    11.185    -2.279    7    4    5   -1
 147    -0.910     2.542     6.152  123  109  126   -1
 148    11.987    -7.201    -2.918  223  208  235   -1
 149     4.467    10.343    -6.502   16   11   13   -1
 150     1.779    -3.770    -3.296  185  167  191   -1
 151     8.717   -11.103     7.044  274  253  285   -1
 152     9.904     3.941     2.043  109   91  106   -1
 153    -3.879     3.910     7.383  105   90  107   -1
 154     9.314    -1.833     2.418  168  152  170   -1
 155     1.102     9.087    -4.819   29   23   28   -1
 156     0.584    -3.739     6.210  187  170  194   -1
 157    -1.277    -4.095    -7.514  192  173  197   -1
 158     0.618     7.655     2.370   41   36   44   -1
 159    -8.093    -6.936    -4.335  225  204  227   -1
 160    -8.539    -1.598    -3.977  167  151  167   -1
 161    -6.077     6.288     7.757   61   52   68   -1
 162     7.697     7.575    -5.415   54   41   48   -1
 163   -11.936     5.939    -6.771   72   62   79   -1
 164    -2.145     7.505     1.591   43   37   52   -1
 165   -10.312     3.337     2.547  114  100  116   -1
 166    -8.428     5.296    -7.204   89   75   88   -1
 167    10.582    10.677    -8.095   15    9   10   -1
 168    11.872    -9.094     0.372  243  228  261   -1
 169     6.585     9.673    -4.511   21   15   19   -1
 170    -4.188    -9.204    -4.008  246  227  255   -1
 171    -9.522    -6.183     2.318  215  199  220   -1
 172     3.562    -3.641    -3.012  182  166  187   -1
 173    11.619     7.838    -2.165   46   35   39   -1
 174    -0.806    -2.657     4.113  178  161  181   -1
 175     0.899     4.504     7.696   97   79   94   -1
 176     5.076     1.115    -8.086  141  126  142   -1
 177     8.928     5.593     5.950   81   63   74   -1
 178    -7.406    -9.278     9.479  255  233  262   -1
 179   -10.992     6.450    -9.037   67   56   70   -1
 180     1.547     1.804     0.227  131  118  136   -1
 181    -9.541    -9.204    -8.382  247  226  252   -1
 182    -6.497     4.281    -8.865  102   88  105   -1
 183     1.557     7.020     3.380   56   46   59   -1
 184     0.725    -9.857     3.653  258  238  268   -1
 185     3.622     1.706     1.442  135  121  137   -1
 186    -3.386     4.700     9.048   94   77   93   -1
 187     5.475    -1.090    -1.060  162  145  161   -1
 188     8.272    -5.463    -9.118  204  185  215   -1
 189     1.945   -10.866     3.316  271  251  280   -1
 190     9.169     6.605    -6.841   68   53   65   -1
 191     1.517    -8.226     1.262  234  219  246   -1
 192    -7.283     0.516     1.716  148  132  150   -1
 193     8.079    -6.568     4.221  219  203  228   -1
 194     6.739     8.497     5.196   33   25   32   -1
 195    -3.151     9.219    -7.624   25   22   29   -1
 196     5.093     3.925    -5.003  110   94  108   -1
 197     0.615   -12.234    -8.854  279  258  289   -1
 198     1.676    10.775    -8.718   13    7   11   -1
 199    -2.680    -9.678    -4.621  253  232  263   -1
 200    -1.574     0.961    -8.285  143  127  143   -1
 201    -9.548   -10.239    -0.439  263  239  267   -1
 202     7.105    11.872    -7.908    4    2    1   -1
 203    -9.009     8.944    -5.814   26   24   34   -1
 204     6.925    -6.915    -0.997  221  206  230   -1
 205     3.300    -4.137     7.672  194  176  200   -1
 206     3.424     9.150     5.840   24   18   22   -1
 207     2.580     4.419    -2.457  101   86  100   -1
 208     6.138     7.081     9.255   55   43   54   -1
 209    -4.332     5.862    -8.612   75   64   82   -1
 210     0.853     9.553    -8.897   22   20   25   -1
 211   -10.637     1.690     3.087  132  120  138   -1
 212     4.218    -9.862     2.287  257  237  269   -1
 213    -3.195     8.356     7.271   32   27   -1   -1
 214     8.761    -2.218     8.810   -1  156  174   -1
 215   -10.019   -12.308    -7.512   -1  260  288   -1
 216    -5.775     7.576    -8.371   49   -1   57   -1
 217     2.804   -12.408    -5.662  282  261   -1   -1
 218     3.551    -3.605     4.495  183   -1  189   -1
 219     5.902   -12.380    -9.314  278  259   -1   -1
 220    10.557     8.754    -3.027   -1   26   31   -1
 221    -4.673     7.386     2.340   -1   40   55   -1
 222     2.895     2.794    -1.243  120  105  122    0
 223    -2.565   -10.944    -2.020  272  248   -1    0
 224    10.797    -7.135    -8.872   -1  205  233    0
 225    11.822     5.715    -6.215   85   67   75    0
 226     6.279    -0.951     1.151  157  141   -1    0
 227     3.522     3.494    -2.376  115   97   -1    0
 228     0.274     4.468     3.064   -1   83   95    0
 229   -10.873     9.907    -9.526   17   14   -1    0
 230    -0.258     4.532     0.770  100   81   -1    0
 231     8.918    -9.109     9.227   -1  231  264    0
 232     4.524    -7.745     9.534   -1  214  245    0
 233    -2.480    -8.530     7.279  241  224   -1    0
 234    -0.715    -2.624    -1.678  176   -1  179    0
 235    -2.639    -0.942    -6.320   -1  140  157    0
 236    -4.031    -9.247    -2.780  248   -1  256    0
 237    -1.613     2.515     1.677  124  111   -1    0
 238     4.423     5.948    -1.676   74   59   72    0
 239     7.976   -11.084     8.508   -1  254  286    0
 240    -0.909     7.302     6.534   50   -1   53    0
 241    -7.626     5.731    -7.375   76   69   -1    0
 242    -9.846     5.902    -1.999   71   60   -1    0
