247
   1    -7.634     3.275     6.253   98   89  105   -1
   2    -3.358    -0.291    -6.700  148  136  153   -1
   3     1.899    -7.512     4.746  226  213  237   -1
   4     0.886    -2.525     0.449  170  158  176   -1
   5    -1.569     1.199     2.828  128  119  136   -1
   6    -6.469    -9.783    -3.644  251  230  258   -1
   7    -1.011    -5.052    -2.482  197  181  202   -1
   8    -9.808    -7.233     2.588  224  209  227   -1
   9    -0.952    -7.395     4.686  225  212  233   -1
  10     0.352   -11.239    -0.043  265  247  277   -1
  11    -4.200    -6.569    -6.986  214  199  219   -1
  12    -9.557     2.842     3.556  104   94  110   -1
  13    -9.364    -4.846    -4.026  195  179  200   -1
  14     0.184     4.797     4.744   80   71   82   -1
  15    -6.522     4.109    -2.708   90   80   94   -1
  16    -7.531    -9.741    -8.998  247  227  251   -1
  17    -7.229     7.871     0.446   38   33   42   -1
  18     4.789    -5.059    -1.901  196  182  203   -1
  19    -1.655     0.030    -8.626  143  132  150   -1
  20    -5.532    -2.587    -0.286  173  159  177   -1
  21     1.713     5.843     1.938   61   51   62   -1
  22    -1.861    -5.544     3.691  203  189  209   -1
  23     1.614    -8.930    -6.672  237  221  244   -1
  24    -5.416    10.228    -7.950   16   16   21   -1
  25     9.267    -2.715    -2.453  175  162  182   -1
  26    -3.049   -11.181     4.813  269  251  278   -1
  27    -3.608    -5.406    -4.934  200  184  205   -1
  28     8.151    -3.161     5.525  181  166  186   -1
  29     7.151   -11.085    -2.095  260  243  276   -1
  30     2.489    -7.882     4.064  231  216  240   -1
  31    -4.662     5.220     3.752   69   61   73   -1
  32    -6.125    -1.102    -1.594  160  147  166   -1
  33    -5.136     2.158     3.578  111  105  121   -1
  34     1.437     3.165     1.250  102   92  108   -1
  35    11.107   -11.515    -3.645  264  249  284   -1
  36     7.951     6.653    -3.527   54   46   55   -1
  37    -2.589    -1.875    -6.576  168  154  173   -1
  38     6.470    -3.663    -1.057  186  172  193   -1
  39     7.754    -6.957     2.150  218  205  229   -1
  40    -4.145    11.040     8.726    2    2    6   -1
  41    -0.628     9.689    -9.795   22   18   25   -1
  42     4.245     4.925     5.079   78   65   78   -1
  43    -7.009     1.746    -1.807  121  113  131   -1
  44     1.140    -4.116    -6.823  190  175  196   -1
  45     3.946    10.127     1.034   18   14   17   -1
  46     8.446    -6.201     5.734  210  198  222   -1
  47   -11.351     1.623    -3.690  123  115  133   -1
  48    10.454    11.133    -5.271    8    5    5   -1
  49   -10.266     6.595    -7.819   51   48   58   -1
  50    -0.069     3.276     2.724  101   90  104   -1
  51     1.434     4.301     0.535   88   79   92   -1
  52    -2.557   -10.271     7.799  259  239  266   -1
  53    -4.716     6.712     6.908   49   43   54   -1
  54    -1.479    -3.974     9.471  191  176  197   -1
  55    -2.735    -0.591     1.245  152  140  158   -1
  56    -5.326    -9.328     5.317  246  229  252   -1
  57    -5.811     2.243     1.178  109  100  118   -1
  58     9.669    -3.345     1.041  183  170  189   -1
  59    -7.507    -1.854     0.063  169  155  172   -1
  60     8.989     5.336     3.517   71   57   66   -1
  61     7.374    -6.670    -3.277  213  202  225   -1
  62    -1.576     9.655    -4.487   20   17   23   -1
  63    -2.786     4.894     5.886   76   67   79   -1
  64     4.560     4.484    -9.049   87   77   91   -1
  65    -5.578     7.728    -8.322   39   36   48   -1
  66     3.493     5.371    -0.593   70   58   70   -1
  67     8.816    -0.710     1.881  156  144  162   -1
  68    11.139     0.936    -8.084  133  123  139   -1
  69    -7.346    -2.587     5.239  176  161  179   -1
  70     6.882    -9.478     5.001  242  231  259   -1
  71    -1.644    10.281     1.782   11    9   15   -1
  72    -1.272    10.638    -1.810    9    6   12   -1
  73    -1.591    -4.957    -7.258  194  180  201   -1
  74    -9.152    -7.314    -2.479  222  208  226   -1
  75     2.754    -9.008     4.574  240  225  250   -1
  76     5.014   -10.335     9.534  257  240  271   -1
  77    -3.774    -1.497    -0.563  161  148  167   -1
  78    -9.767    -4.415    -2.047  192  177  198   -1
  79    -6.770     6.070     8.507   56   50   60   -1
  80    -9.365     8.718    -6.261   28   29   39   -1
  81     6.605     0.506     4.523  140  130  147   -1
  82     8.647    10.198     8.066   12    7    9   -1
  83     7.710    -8.455    -9.197  233  218  242   -1
  84     9.319    -3.344    -8.327  182  167  188   -1
  85   -11.162    -6.195    -4.160  211  196  215   -1
  86     5.099   -10.282     0.498  255  238  264   -1
  87     1.942     2.132     8.752  113  103  120   -1
  88     9.167     8.442    -1.206   35   30   36   -1
  89    10.523     1.809    -3.520  122  112  129   -1
  90    -0.905     4.478     3.090   86   76   88   -1
  91     2.025    -0.633    -1.436  153  142  160   -1
  92     3.534    -5.943    -3.820  207  194  214   -1
  93    -4.258    -3.847     4.407  189  174  194   -1
  94    -4.116     3.746     9.125   92   83   97   -1
  95    -5.064   -12.109    -8.389  276  254  283   -1
  96    -6.915     2.101     2.330  114  106  124   -1
  97     5.165     5.462     1.970   66   56   64   -1
  98   -11.527    10.258    -2.036   10   13   20   -1
  99     7.502     0.605     7.454  138  129  144   -1
 100    -1.411     7.108    -7.156   48   42   52   -1
 101    -2.268     6.098     8.708   57   49   59   -1
 102     6.168     4.868    -6.305   81   73   84   -1
 103    -4.847     2.904     6.230  103   93  109   -1
 104     4.595     1.609     6.439  124  114  132   -1
 105    -7.380     5.557     1.003   63   55   68   -1
 106    -6.114     7.299     4.891   40   38   50   -1
 107     4.860     4.718    -8.849   85   74   86   -1
 108     0.107    -5.868     4.927  209  195  216   -1
 109    -0.354     2.323     7.097  108   99  115   -1
 110     1.579    -9.953    -4.420  249  233  260   -1
 111     2.905    -5.104     0.646  198  183  204   -1
 112     8.122     1.843     5.792  120  110  127   -1
 113    11.684     8.849     0.087   32   23   28   -1
 114     1.998     9.326    -4.174   24   21   27   -1
 115     1.659     1.882    -2.720  119  111  128   -1
 116    -2.572     0.735    -2.031  135  126  143   -1
 117     9.550     2.080    -2.894  116  108  122   -1
 118    -8.165     5.118    -7.837   74   69   80   -1
 119     2.763     0.630    -2.565  137  128  145   -1
 120     4.315     8.137     3.639   37   32   40   -1
 121    -1.202     0.316     3.687  141  131  148   -1
 122    -4.102     3.809    -7.713   96   86   99   -1
 123     2.242     7.611    -2.282   41   34   44   -1
 124    -4.897    -3.634    -3.639  187  171  191   -1
 125    -9.598    -6.311    -6.223  212  197  218   -1
 126    11.769     5.838     0.341   64   52   61   -1
 127     2.494     3.739     5.147   94   85   96   -1
 128    -9.507   -10.563    -8.444  258  236  262   -1
 129    10.228     8.568    -7.728   36   31   38   -1
 130    -6.533     5.278     1.944   67   59   72   -1
 131     8.389     3.503    -3.925   99   88  101   -1
 132     6.945    10.940     5.880    3    3    3   -1
 133    -6.975     3.353    -9.241  100   91  107   -1
 134    -2.258     2.509    -5.767  107   98  113   -1
 135   -10.942    -1.556    -5.460  164  149  168   -1
 136    -7.927    -0.622     1.483  154  141  159   -1
 137    -2.521    -0.429     2.521  150  138  156   -1
 138     1.777    -0.917    -1.228  158  146  164   -1
 139    -1.949    -7.200     4.550  221  210  231   -1
 140    -3.950     0.924     7.693  130  122  140   -1
 141    10.317    10.565    -1.997   13    8    8   -1
 142     4.452     6.601    -5.120   55   47   57   -1
 143     3.186     9.062    -7.820   27   26   34   -1
 144     4.236    -5.431    -0.969  199  185  208   -1
 145    -0.957    -9.395     2.143  243  228  254   -1
 146     0.391     9.452    -5.529   23   19   26   -1
 147    -7.060    -6.820    -2.301  219  204  224   -1
 148   -12.084    -4.612     0.970  193  178  199   -1
 149    -3.330     8.889    -8.056   29   28   37   -1
 150     7.961    10.043     4.355   19   12   14   -1
 151    -6.201    -5.424     4.215  202  186  207   -1
 152    10.858    -0.112    -3.589  145  134  152   -1
 153     0.553     9.186    -9.703   25   24   33   -1
 154    -3.467    -3.433    -8.213  184  169  187   -1
 155    -1.907     5.185     2.374   72   64   74   -1
 156     2.131    -8.793    -9.773  235  220  243   -1
 157     7.216    -7.980    -2.748  229  215  241   -1
 158   -10.112    -3.048    -0.688  180  165  183   -1
 159   -11.169     9.528    -9.627   21   20   29   -1
 160    -8.738    -2.561    -4.003  172  157  175   -1
 161     7.842     8.530     5.223   34   27   35   -1
 162    -4.840     2.397     7.763  106   97  114   -1
 163     9.014    -3.891    -7.539  188  173  195   -1
 164    -6.220     7.089    -8.760   47   44   53   -1
 165     8.615    -1.617    -4.011  163  151  169   -1
 166    10.276    -5.886    -2.135  205  193  217   -1
 167     8.040     4.071    -8.389   93   82   93   -1
 168     8.902    -5.449     8.247  201  188  212   -1
 169   -10.783     5.329    -2.386   65   63   77   -1
 170     3.152    -0.353     2.566  149  137  155   -1
 171     5.939    10.654    -9.646   14   10   13   -1
 172    -4.034     4.995    -7.193   79   72   83   -1
 173    -7.548   -10.434     9.755  261  242  269   -1
 174    -6.210     1.330     6.544  127  118  135   -1
 175   -11.095     2.530     2.501  105   95  112   -1
 176    -9.467   -12.040    -6.702  279  255  282   -1
 177   -10.283    -9.803    -0.973  252  232  257   -1
 178     0.111    -6.476     6.106  216  203  223   -1
 179    -5.538    -5.619     3.064  206  190  210   -1
 180     8.104    -0.866     2.136  157  145  163   -1
 181     7.744   -10.366    -2.856  253  237  265   -1
 182    -0.525    -9.672    -9.183  241  226  253   -1
 183     9.755     0.975     1.347  131  120  138   -1
 184     3.367     8.665     6.937   26   22   32   -1
 185     1.137     2.032     6.354  115  107  123   -1
 186    -9.595    -8.038    -8.459  232  214  236   -1
 187   -11.332     5.106    -5.373   73   68   81   -1
 188     1.889    -2.623     1.278  174  160  180   -1
 189     5.943    -0.264     9.890  147  135  154   -1
 190     4.702     2.026    -5.496  117  109  126   -1
 191     6.044   -11.504    -7.774  262  246  280   -1
 192     0.566   -11.681     1.222  273  256  285   -1
 193   -11.847    -8.049     2.341  234  217  238   -1
 194     5.982     7.294    -5.332   46   40   49   -1
 195     1.396     7.632    -8.668   43   39   47   -1
 196     3.221    -9.053    -0.743  238  223  248   -1
 197   -10.941   -11.909    -6.088  278  252  281   -1
 198    -3.453   -11.565    -4.555  271  250  279   -1
 199    -8.254    -7.352     5.215  227  211  232   -1
 200    -1.861     1.496     0.593  125  116  134   -1
 201    -7.214    -0.657     3.610  155  143  161   -1
 202    -5.080   -11.235    -3.905  266  245  273   -1
 203    11.280   -11.577     2.931  267  253  287   -1
 204     0.777   -11.560     9.156  275  258  286   -1
 205     9.321    11.259    -6.920    5    4    4   -1
 206     0.607    -1.689    -0.085  165  153  171   -1
 207   -10.038   -11.322    -0.658  272  248  274   -1
 208     3.598    10.043     4.641   17   11   16   -1
 209     3.248    -6.883     7.463  220  206  228   -1
 210     1.278    10.494    -9.824   15   15   18   -1
 211     4.110     3.827     9.868   91   81   95   -1
 212    -2.047    -0.060     6.202  144  133  151   -1
 213     7.504    -5.719     0.287  204  191  213   -1
 214    -8.556    -6.485     2.228  217  201  221   -1
 215    -2.013     5.891    -3.845   62   53   63   -1
 216     8.485    -2.880     9.020  177  164  184   -1
 217    -7.303    -6.502    -1.824  215  200  220   -1
 218    10.455   -10.202    -2.398  250  234  267   -1
 219   -11.095     0.950     2.992  129  121  141   -1
 220    -8.899     4.660    -7.568   83   75   89   -1
 221   -10.682     5.702     1.189   59   54   67   -1
 222    11.263    -3.092    -9.029  178  163   -1   -1
 223    -4.799    -2.431     8.774  171  156  174   -1
 224    -7.400    -3.263     1.308   -1  168  185   -1
 225     0.962     0.653    -7.724  136  127   -1    0
 226     2.410    -9.197    -3.093  239  224   -1    0
 227     2.990   -11.973     2.883  277  260   -1    0
 228     0.981     6.807     5.766   -1   41   51    0
 229     4.118    -1.679    -8.072   -1  152  170    0
 230    11.689   -12.012     1.307  274  259   -1    0
 231     2.359     2.222    -1.216  112  102  117    0
 232    -5.500     5.378    -4.247   68   62   71    0
 233     6.896     0.871     5.895  134  124  142    0
 234   -12.179     1.417    -6.751  126  117   -1    0
 235    10.716     2.091    -7.535  118  104  125    0
 236    -0.821     7.247     9.808   42   35   46    0
 237     7.495     8.998    -5.988   30   25   31    0
 238    -0.058     7.632    -5.327   -1   37   45    0
 239   -11.718     3.454     2.172   97   -1  103    0
 240    -8.639    -7.864    -4.483  230   -1  234    0
 241     7.172     8.735     3.121   31   -1   30    0
 242     1.611    -5.697    -3.918   -1  187  211    0
 243   -12.331     6.904     0.459   45   -1   56    0
 244    -0.229     6.653     5.214   50   45   -1    0
 245     8.984     4.472    -9.976   89   78   90    0
 246     7.078    -9.248    -9.438   -1  222  249    0
 247    -5.002   -11.352    -2.678  268   -1  275    0
