204
   1    -6.844    -2.940    -2.809  141  128  149   -1
   2     7.023   -10.332     8.977  221  203  238   -1
   3    -9.712    -4.548     5.952  165  149  172   -1
   4     4.595     2.641    -2.311   79   75   86   -1
   5     2.413    -0.778    -3.885  120  112  129   -1
   6    -1.944   -10.543    -6.889  218  200  235   -1
   7    -0.219     8.963    -7.707   23   23   25   -1
   8     5.386    -7.306    -1.399  186  175  205   -1
   9    -6.523     2.504     3.673   80   76   89   -1
  10   -10.953     5.572    -1.038   49   45   55   -1
  11    -6.031    -2.882     5.420  143  129  150   -1
  12     3.906    -1.306    -3.733  126  117  138   -1
  13     2.900     2.003     0.314   88   82   94   -1
  14    -9.136    -3.795    -0.776  152  136  160   -1
  15    -7.585    10.062    -6.649   14   15   17   -1
  16   -11.472     3.472    -0.261   72   67   81   -1
  17    -6.907    -1.693     2.673  130  120  142   -1
  18     9.691    -5.127    -2.250  167  152  177   -1
  19    -7.809     1.523     5.890   93   87   99   -1
  20     3.266    -9.538    -4.061  207  194  228   -1
  21    -5.544   -11.734    -7.254  231  208  243   -1
  22    -4.834     1.025     3.701   98   92  105   -1
  23   -11.643    -4.078    -0.853  157  141  164   -1
  24     7.909     8.467     3.473   25   24   26   -1
  25     7.985     4.682    -6.297   65   57   64   -1
  26     8.464     6.402    -4.971   43   40   44   -1
  27     0.578    -3.103     1.442  145  132  154   -1
  28   -12.151    -2.385    -6.380  135  124  146   -1
  29   -10.062     4.815     5.684   58   53   63   -1
  30    -1.494    -1.611    -2.476  129  119  140   -1
  31   -10.075    -2.616     0.771  140  126  147   -1
  32    -2.624    -7.242    -3.327  188  171  201   -1
  33    -7.687     3.439    -5.572   73   69   83   -1
  34     0.463    -6.590    -0.078  182  168  196   -1
  35    -2.648     0.246    -7.923  108  101  116   -1
  36    -5.590    -1.750     1.812  131  122  144   -1
  37     8.168   -11.137    -7.933  223  205  242   -1
  38     1.867    -6.371     6.008  179  167  194   -1
  39   -10.410     0.836     4.331  100   94  107   -1
  40    -6.070   -11.173     1.465  228  207  241   -1
  41    -4.647     4.951    -4.676   59   54   62   -1
  42    -4.883     5.798     6.227   44   41   49   -1
  43     3.776     8.667     7.957   21   20   22   -1
  44   -10.176    -8.267    -2.790  200  181  210   -1
  45     3.838     3.077     9.051   77   72   84   -1
  46     4.610    -6.571    -3.957  178  166  195   -1
  47     4.272     2.524    -5.670   82   78   88   -1
  48    -5.417    -5.375    -3.339  168  153  178   -1
  49    -6.475     7.096     8.756   32   31   36   -1
  50   -11.629    -8.533    -2.528  201  183  213   -1
  51    -3.760     6.513     3.932   38   37   43   -1
  52     9.053    -7.235     2.642  184  176  206   -1
  53    -7.692     9.582    -2.997   15   16   19   -1
  54    -0.697     5.385     1.932   53   47   54   -1
  55    -9.818     6.940    -8.373   36   35   41   -1
  56     1.476    -9.310     6.960  212  195  229   -1
  57     0.804    -9.809    -3.827  214  197  231   -1
  58     7.918    10.772    -3.759   11   11   11   -1
  59    -1.384   -10.312     1.855  219  201  236   -1
  60    -2.811    -7.771    -3.429  192  178  208   -1
  61     3.188     8.688     5.429   22   22   23   -1
  62     6.071    -5.729    -8.726  169  155  182   -1
  63     4.538    -3.756     2.796  149  137  162   -1
  64    -3.215    -6.926     9.488  187  172  199   -1
  65    -1.173    -8.174    -6.001  196  180  211   -1
  66     1.565     4.633    -6.692   64   58   66   -1
  67     1.448    -5.042    -4.742  166  151  176   -1
  68    -3.679    -4.711    -0.395  164  150  174   -1
  69     2.103     1.742     6.456   91   85   97   -1
  70   -11.234     2.095     1.246   86   81   93   -1
  71    -0.177    -4.674    -9.514  163  148  173   -1
  72   -12.059    -7.553    -5.861  191  177  203   -1
  73     8.717    -0.034    -7.932  114  108  122   -1
  74    -3.682     4.320    -9.079   68   62   74   -1
  75    -5.468     2.503    -0.282   81   77   90   -1
  76    -9.631    -1.736     1.025  132  121  143   -1
  77    -5.070     8.182    -8.816   28   27   33   -1
  78    -3.677     9.363    -8.071   19   19   21   -1
  79   -10.820    -0.471     1.877  115  109  124   -1
  80   -12.077    11.313    -2.763    2    5    9   -1
  81    -8.366     5.247    -8.965   55   52   58   -1
  82    -4.756     3.856     2.200   69   66   77   -1
  83    -6.258    -3.629     9.603  150  135  159   -1
  84   -11.235    -5.476    -1.619  170  154  179   -1
  85    -0.850    -6.914     7.669  183  170  198   -1
  86    -1.001     8.564    -4.127   24   25   28   -1
  87    -3.886     5.969    -8.449   46   44   50   -1
  88    -3.035    -1.062    -3.539  123  114  134   -1
  89    -0.505     6.382    -0.624   41   39   46   -1
  90    -3.984    -9.773    -3.450  215  196  230   -1
  91     1.362     1.915    -9.913   90   84   96   -1
  92     4.159     6.065    -8.011   47   43   47   -1
  93     3.420   -11.730    -5.344  229  209  244   -1
  94    -9.575   -10.152     6.037  222  202  234   -1
  95    -9.273    -0.988     0.045  122  113  132   -1
  96    -4.001     9.964     4.233   13   14   16   -1
  97     7.344    -8.317    -0.976  197  182  215   -1
  98     6.939     7.655     3.289   31   29   32   -1
  99    -8.943   -10.647     2.446  224  204  237   -1
 100    -4.259     0.714     0.894  102   95  111   -1
 101    -7.565     4.464     6.597   61   55   69   -1
 102     9.816    -3.030     1.856  142  131  155   -1
 103   -11.643    -5.721    -3.849  171  156  180   -1
 104     2.533    -9.568    -5.085  208  193  227   -1
 105    -3.870   -11.419    -8.623  226  206  240   -1
 106    -1.474     1.323     7.035   94   88  100   -1
 107   -10.158    -3.146     3.483  146  133  153   -1
 108    -6.872    10.890     3.107    4    7   12   -1
 109     5.222    -0.758    -2.107  118  111  127   -1
 110    -8.340     0.533    -4.494  104   97  112   -1
 111    -7.496    -7.179     2.738  190  174  200   -1
 112    -1.782     7.228    -5.002   34   33   37   -1
 113    -4.408    -6.322     3.524  180  165  192   -1
 114    -4.652     4.912     8.713   56   51   60   -1
 115     3.112   -11.891     2.018  232  212  248   -1
 116     4.542     1.890     6.230   89   83   95   -1
 117    -7.201    -6.166    -6.060  175  160  186   -1
 118     3.789    11.338    -8.015    6    8    4   -1
 119     6.756     3.424    -3.324   75   68   80   -1
 120     1.756    10.561    -4.432   12   12   14   -1
 121    -7.667     0.471     3.235  105   98  113   -1
 122    -9.885    -3.612    -4.404  147  134  158   -1
 123    -6.867     6.719     0.356   37   36   40   -1
 124    -2.557     1.726     3.941   92   86   98   -1
 125     5.291    10.996    -1.091    8    9    5   -1
 126     7.471     4.397     1.568   66   60   68   -1
 127    -1.794     3.409    -7.191   74   70   82   -1
 128     0.393     0.016     0.307  110  105  120   -1
 129     0.001     4.657    -4.737   63   56   65   -1
 130   -10.021     9.583    -9.111   16   17   20   -1
 131     6.116     0.006    -3.389  111  106  121   -1
 132    -8.841    -8.846     4.250  205  187  220   -1
 133    -7.249    -5.752     1.767  172  158  183   -1
 134    -1.798    -1.096    -7.980  124  115  135   -1
 135    -5.931    -7.297    -2.066  189  173  202   -1
 136    -4.644    -9.301    -4.619  206  190  222   -1
 137    -7.115    -7.867    -0.171  194  179  209   -1
 138     3.667     3.797     6.583   71   65   76   -1
 139    -5.692     0.972     8.985   99   93  106   -1
 140     3.269     4.472    -9.935   67   61   72   -1
 141     2.790    -2.970     4.452  144  130  152   -1
 142    -1.892   -11.867     2.160  233  211  247   -1
 143    -2.532    -9.918     2.014  216  198  233   -1
 144    -2.275     1.152     1.629   96   90  103   -1
 145    -6.336    -4.038    -4.841  155  140  163   -1
 146    -9.607    -6.366     0.552  181  164  191   -1
 147    -3.267    -4.339    -7.279  159  147  170   -1
 148    11.666    -4.054     1.673  154  142  169   -1
 149    -9.847    -1.518     4.260  128  118  139   -1
 150     1.258     8.489    -3.786   26   26   29   -1
 151    -9.515    11.449     2.799    0    2    3   -1
 152    -0.129     7.512     3.730   30   30   34   -1
 153    -0.368    -4.050     3.045  156  143  166   -1
 154     9.686     2.334     2.997   83   79   91   -1
 155     9.284     4.004    -3.657   70   64   75   -1
 156    -2.768    -9.258     1.500  209  192  226   -1
 157    -4.011     7.392    -2.796   33   32   35   -1
 158    -2.060     8.552     9.482   20   21   24   -1
 159   -10.971    -9.089     3.366  210  191  221   -1
 160    -1.300     5.778     6.911   45   42   48   -1
 161     0.386    -9.258    -6.411  204  188  223   -1
 162    -5.679    -0.478     6.561  117  110  125   -1
 163     8.068    -6.574    -8.852  176  163  193   -1
 164     4.931    -8.345     5.753  199  184  218   -1
 165     5.407    10.907    -5.046   10   10    8   -1
 166    -0.597    11.373    -7.678    5    6    6   -1
 167    -6.098     2.580     9.306   78   74   87   -1
 168    -9.043     4.632    -8.640   62   59   71   -1
 169   -11.386    -8.889    -4.747  202  185  216   -1
 170    -3.787     5.360    -2.565   54   48   56   -1
 171     0.391    -2.560     2.367  137  125  148   -1
 172     2.849    11.873    -5.135    1    1    1   -1
 173     2.700    -9.295    -6.393  203  189  225   -1
 174    12.182    -1.182    -1.834  125  116  136   -1
 175     4.904    -6.247    -6.566  173  161  188   -1
 176   -11.152   -10.406    -8.083  220  199  232   -1
 177    -6.602    -4.106     1.728  158  144  165   -1
 178    -6.457    11.104     2.279    3    4    7   -1
 179    -5.795     0.129     1.617  109  104  118   -1
 180     9.196    -1.874    -7.549  133  123  145   -1
 181    -8.458     0.393     8.956  106   99  115   -1
 182    -8.869     2.211    -6.147   84   80   92   -1
 183   -11.887     5.369    -6.167   52   49   57   -1
 184     6.419     0.010     8.029  113  107  119   -1
 185    -0.686    -3.762     7.548  151  139   -1   -1
 186     9.178     0.690     8.865   -1   96  110   -1
 187    -4.147    -2.730    -8.197  139  127   -1   -1
 188    -0.988    -4.307    -3.037  160  145  171   -1
 189     0.645     6.836     7.644   35   34   38   -1
 190    -6.797     6.340     8.922   39   -1   45   -1
 191    -7.806     1.130     8.467   95   89  104   -1
 192    -7.214    -6.049    -2.229  174   -1  185   -1
 193    -8.532     1.081     3.056   97   91   -1   -1
 194    -8.085    -8.825     3.758   -1  186  219   -1
 195    -7.484    -7.178    -7.272  185  169   -1   -1
 196     8.383     8.719    -9.063   27   -1   27   -1
 197    -3.503     0.331     6.586  107  100   -1   -1
 198     3.509     6.702    -9.994   -1   38   42   -1
 199     2.369     0.199    -7.199   -1  103  117   -1
 200     4.938    -0.736     8.050  119   -1  128   -1
 201    -0.233    -6.087     5.459   -1  162  189   -1
 202    11.344     3.980     6.886   -1   63   73   -1
 203    -9.499   -12.466    -9.240   -1  213  246   -1
 204    -6.385     5.694    -6.392   50   46   51   -1
