197
   1     5.043    -3.640    -2.901  148  127  155   -1
   2     1.347     6.842    -1.034   39   31   40   -1
   3     5.560    -6.270    -8.827  165  141  174   -1
   4     2.094    -0.138    -5.540  111   94  116   -1
   5    -8.836    -8.035    -6.804  187  158  188   -1
   6    -8.656     6.046     8.658   43   38   49   -1
   7    -5.996    -4.601    -6.830  154  130  158   -1
   8    -4.912    -2.892     9.295  139  118  141   -1
   9     0.013    -5.722    -5.491  163  137  168   -1
  10    -5.337    -1.268     3.185  120  103  127   -1
  11     4.480   -11.414    -7.000  227  195  232   -1
  12    -4.387    -3.395     4.045  144  124  151   -1
  13     4.461    -2.637     1.931  135  116  138   -1
  14     1.576    -4.733     1.433  157  132  159   -1
  15    -9.907     2.046    -2.710   84   73   89   -1
  16     3.893     5.549     5.119   48   43   55   -1
  17    -6.423     1.275    -8.984   96   82   99   -1
  18    -1.127   -11.687    -8.663  233  198  233   -1
  19    -3.279   -11.642     4.056  238  205  239   -1
  20     3.487     0.568     4.398  103   86  107   -1
  21     6.399    -9.119     7.402  205  176  208   -1
  22    -0.423    11.355     6.614    1    1    0   -1
  23     8.141    -2.671     3.321  136  117  140   -1
  24     1.126   -10.372    -6.630  211  180  213   -1
  25    -8.930    -0.705    -0.156  116   99  122   -1
  26   -10.772    -4.245    -2.249  151  128  156   -1
  27    -1.616     0.436    -1.089  106   88  109   -1
  28     3.823    10.259     7.482   13    6    8   -1
  29     8.048     1.866     3.119   87   74   90   -1
  30     6.174     4.558    -6.459   64   56   66   -1
  31     1.211    -8.635    -3.800  195  165  198   -1
  32   -11.293     5.538    -6.514   49   45   57   -1
  33    12.207    -1.161    -5.263  118  102  126   -1
  34   -11.771    -7.722    -7.689  183  152  185   -1
  35    -6.195     7.250    -8.159   34   29   39   -1
  36    -6.841    -8.621     3.869  199  167  199   -1
  37     3.611     1.299     3.344   95   81   98   -1
  38     7.084     4.906    -1.007   56   50   60   -1
  39    -7.866     3.398     8.257   68   59   74   -1
  40     0.195    -7.598     9.978  184  159  192   -1
  41     8.458    10.554     2.304   12    5    6   -1
  42    -2.129     4.501     6.271   59   54   65   -1
  43   -11.639    -6.265    -4.930  168  142  171   -1
  44    -8.205   -11.214    -7.151  230  192  223   -1
  45     3.950   -10.419    -2.805  213  183  217   -1
  46    10.596     4.656     3.278   60   53   61   -1
  47   -11.337   -10.317    -2.230  215  181  211   -1
  48    -2.072     8.420    -2.058   26   19   26   -1
  49     7.129    -4.911    -7.557  156  133  161   -1
  50     9.271     2.527    -6.497   81   69   83   -1
  51    -1.173    -7.735    -0.150  182  155  189   -1
  52     0.133   -11.155     6.958  232  199  234   -1
  53   -10.208     6.801     5.398   37   30   42   -1
  54    10.231     8.854    -1.435   22   15   20   -1
  55     9.046    -4.719     0.312  155  131  160   -1
  56    -6.396    -6.438    -0.708  170  145  176   -1
  57    -2.147     1.763     0.997   89   77   93   -1
  58    -6.918     7.352     3.911   30   24   34   -1
  59     4.038    -6.557     5.530  171  146  178   -1
  60    -8.464     2.936    -3.145   73   65   79   -1
  61   -10.566    -7.194     2.775  180  150  181   -1
  62    -5.969    -5.908     4.268  166  139  170   -1
  63    -3.562    -9.519     7.578  208  178  210   -1
  64    -3.158     2.631     3.654   78   68   82   -1
  65     1.445     5.314     6.722   52   44   56   -1
  66    -3.496    10.859    -3.200    5    3    7   -1
  67     8.324     7.288     0.880   35   26   33   -1
  68    -5.297   -10.578     3.389  223  187  220   -1
  69    -3.612    -3.277    -5.732  142  121  145   -1
  70     6.222   -10.685     3.038  217  190  226   -1
  71     6.609     0.261     2.982  107   89  111   -1
  72     4.767     3.403    -3.444   72   61   75   -1
  73     3.730     6.548    -2.819   42   36   44   -1
  74     0.881   -10.982    -5.358  221  189  224   -1
  75   -10.540     1.905    -8.058   86   76   92   -1
  76    -3.932    -8.873     8.574  206  174  203   -1
  77    -2.887    -0.111     1.948  110   93  115   -1
  78     1.668    -3.085     1.953  140  120  144   -1
  79     0.814     1.392     6.203   93   80   96   -1
  80     2.623     9.138    -5.363   19   14   21   -1
  81    -7.705    -7.573     5.760  185  156  186   -1
  82    -8.488     1.527    -4.931   91   79   95   -1
  83    -7.263    -8.239    -5.629  190  162  194   -1
  84     4.377    -3.138    -9.001  138  119  143   -1
  85    -0.140    -0.487    -0.435  114   97  121   -1
  86    -3.876    -3.404     4.245  145  125  152   -1
  87     7.967    -9.331    -4.967  200  173  206   -1
  88    -4.201     7.992     7.522   27   21   28   -1
  89    -6.731    -1.544    -9.142  121  104  128   -1
  90    -4.127     6.552     9.492   38   32   43   -1
  91    -6.365     8.630    -2.737   21   17   23   -1
  92     6.011     0.156    -0.696  108   91  113   -1
  93     5.997   -11.038     1.160  225  194  231   -1
  94     0.695     3.233     8.158   71   62   76   -1
  95    -4.584     7.380    -4.086   32   27   37   -1
  96     2.768     6.523    -6.468   44   37   47   -1
  97    -1.505     4.788    -1.734   57   51   62   -1
  98    -1.076    -3.453     2.125  146  126  153   -1
  99     2.234     9.458     7.612   17   12   16   -1
 100    -2.175     2.775    -4.660   76   67   81   -1
 101   -10.852    -0.482    -5.736  113   96  119   -1
 102    -7.081     2.877    -2.921   75   66   80   -1
 103     8.337    -5.294    -7.426  161  135  164   -1
 104    -4.298    -2.312    -8.016  129  110  134   -1
 105     1.352     3.727     8.720   66   58   71   -1
 106     3.680     7.040     6.779   36   28   36   -1
 107     1.890     1.187     2.294   98   83  100   -1
 108   -10.933     8.650    -2.312   20   16   25   -1
 109    -8.458     0.557    -3.657  105   87  108   -1
 110     4.301     1.536    -2.811   92   78   94   -1
 111    -1.799     0.722    -1.161  102   85  104   -1
 112    -8.892    -1.994    -1.456  128  109  133   -1
 113    -1.958   -11.783     3.749  239  207  241   -1
 114    -2.934    -8.797     8.157  203  171  202   -1
 115    10.865    -9.117    -6.115  197  169  204   -1
 116    -5.348   -11.970    -7.387  237  200  236   -1
 117    -9.468     3.234     3.608   70   63   77   -1
 118     2.335   -11.315    -4.013  229  196  230   -1
 119   -10.771    -4.377     4.172  153  129  157   -1
 120     4.081    -1.541     4.652  122  106  129   -1
 121    -9.489     4.700     1.904   55   52   63   -1
 122     3.212    -3.296     6.268  143  123  150   -1
 123    10.658     2.056     1.389   85   72   87   -1
 124    -4.910    10.120     6.528   11    8   13   -1
 125    -9.839    -2.406    -2.557  131  111  135   -1
 126    -9.787     4.058    -1.256   65   57   70   -1
 127     8.340   -10.287     5.954  214  185  222   -1
 128    -5.131   -11.539    -7.059  234  197  229   -1
 129   -10.238    -1.066     0.890  119  101  125   -1
 130    -3.396    -7.628     0.754  181  154  187   -1
 131    -5.021    -6.235     6.164  169  144  175   -1
 132     4.881    -7.028     5.722  178  148  183   -1
 133     3.205    -2.426    -4.039  130  112  136   -1
 134     8.690    -3.264    -2.060  141  122  148   -1
 135     3.652    -5.550    -1.190  162  136  167   -1
 136     0.639    -7.115     4.782  179  149  182   -1
 137    -3.402    10.373     1.984   10    7   11   -1
 138    -5.729     7.459    -3.632   31   25   35   -1
 139    -0.128    -6.188    -5.521  167  140  172   -1
 140    -5.026    -7.748     8.018  188  160  191   -1
 141     3.692    10.586    -8.100   14    9   10   -1
 142     4.469    10.992    -6.784    8    4    5   -1
 143     3.420     4.414     9.337   63   55   64   -1
 144     0.201    -2.620    -9.604  132  113  137   -1
 145    -8.440   -11.553     4.898  240  203  235   -1
 146     4.509     5.140     2.646   53   47   58   -1
 147     5.141     7.875     5.590   29   22   27   -1
 148    -4.621   -11.445     6.674  236  202  237   -1
 149    -9.733     8.314    -1.209   24   20   29   -1
 150    -2.878    -0.863    -9.781  117  100  123   -1
 151     4.609    -9.584   -10.063  204  175  207   -1
 152     6.228     1.913    -9.559   88   75   91   -1
 153    -0.183    -7.055    -8.225  173  147  179   -1
 154    -2.870    -9.085    -1.850  202  170  201   -1
 155    -4.320   -10.609    -2.969  216  184  216   -1
 156   -11.887     8.145    -6.610   28   23   31   -1
 157     6.026     1.156    -6.344  100   84  101   -1
 158     3.780    -8.230     8.721  194  166  197   -1
 159    10.836    -5.914     1.201  164  138  173   -1
 160   -10.645   -10.598     4.372  228  188  219   -1
 161     7.221     9.914     4.744   16   11   12   -1
 162   -11.835    -8.700     2.457  201  168  196   -1
 163    -2.065     2.274    -6.505   82   71   85   -1
 164    11.345    -0.515    -5.654  115   98  120   -1
 165     2.891     2.911     7.444   74   64   78   -1
 166     3.096     6.355    -4.927   45   39   48   -1
 167    -6.923    -1.851     2.179  127  108  132   -1
 168     2.485    -4.866     6.485  158  134  163   -1
 169     9.179    10.735     6.810    6    2    3   -1
 170     5.753    -9.194     6.790  207  177  209   -1
 171     9.774     5.213    -6.417   54   49   59   -1
 172    -5.620     6.740    -5.582   40   34   45   -1
 173     5.006     5.613     9.295   47   41   52   -1
 174     9.188     5.538     4.934   51   42   54   -1
 175     9.533   -10.035     4.310  209  182  218   -1
 176     0.039   -11.739     9.075  243   -1  245   -1
 177     2.849   -11.165    -7.687  222  191  227   -1
 178    -6.608   -11.698     3.660  242  206  238   -1
 179    -2.318     9.924     6.305   -1   10   14   -1
 180    -3.074   -12.186    -8.389   -1  204  240   -1
 181     7.404     5.811     4.461   -1   40   50   -1
 182     4.335    -9.436    -8.258   -1  172  205   -1
 183     6.386    -2.691    -3.634  134  115  139   -1
 184     0.440    -0.109    -4.910  109   92  114   -1
 185     0.799   -10.264    -3.987  212  179  214   -1
 186    -0.985     6.363     4.868   41   35   -1   -1
 187     4.096    -8.130     9.012  191  164   -1   -1
 188    -2.331     4.622    -5.791   61   -1   67   -1
 189    -4.263     2.398    -1.031   -1   70   84   -1
 190    -3.086   -11.921     4.351   -1  208  243   -1
 191    -6.469    -7.845    -1.588  186  157   -1   -1
 192     2.044    -2.602    -5.220  133  114   -1   -1
 193    -2.653   -10.586     0.954  218  186   -1   -1
 194    10.126    -0.329    -8.680  112   95   -1   -1
 195    -4.980    -1.686    -7.314  124  107  130   -1
 196   -12.707     1.172    -3.883   97   -1  102   -1
 197   -12.182     2.214    -2.356   83   -1   86   -1
