265
   1   -10.486    -3.294    -4.309  176  164  179   -1
   2    -4.438    -3.488     6.024  178  167  183   -1
   3     6.762    -3.637     5.496  179  168  185   -1
   4     2.248    -0.264    -7.097  143  136  146   -1
   5    -4.190     4.545     3.711   90   87   92   -1
   6     2.978    -0.859    -6.576  148  141  153   -1
   7    -9.179     3.310    -4.208  105   98  106   -1
   8    -9.361    -0.819    -2.649  147  140  151   -1
   9     5.394    -6.746     8.094  229  206  231   -1
  10    -1.315    -3.789     5.335  183  171  187   -1
  11    -1.218    -8.793    -0.466  257  232  255   -1
  12    -8.204    -5.608     1.739  214  194  211   -1
  13   -10.511    -5.973    -0.011  219  197  216   -1
  14     6.513    -4.401    -8.146  186  174  192   -1
  15     2.524    -3.691     6.496  181  169  186   -1
  16     0.030     0.464     3.458  134  126  137   -1
  17    11.737    -3.941    -7.919  180  170  188   -1
  18    -2.528    -6.075     4.377  220  198  219   -1
  19     7.657     1.759    -3.853  122  115  125   -1
  20     0.607     3.007     1.110  108  102  109   -1
  21    -8.459    -8.440     1.217  253  230  249   -1
  22     0.767    -2.022     9.781  163  157  170   -1
  23    -9.959     0.455     0.236  135  127  138   -1
  24     2.862    -2.227     0.396  165  159  172   -1
  25     9.275   -10.278     6.440  272  251  281   -1
  26     1.436    -8.537    -7.900  249  226  252   -1
  27     8.079     7.339     3.953   61   59   58   -1
  28     0.454    -6.562     4.825  228  205  223   -1
  29    -0.706    -8.602    -6.048  251  228  253   -1
  30   -11.450     8.460    -8.206   43   49   52   -1
  31     6.802    -1.992     7.587  162  156  169   -1
  32     3.935     6.710     3.462   67   67   69   -1
  33    -7.075    -5.262    -3.519  206  186  204   -1
  34   -12.225     7.240    -1.344   59   64   66   -1
  35     7.052    -6.599    -1.052  224  202  224   -1
  36    -5.606   -10.947    -8.173  281  255  278   -1
  37    -9.977     4.371    -1.847   91   88   96   -1
  38   -11.558    -8.438     1.686  255  231  248   -1
  39     2.076     9.090     8.215   34   35   35   -1
  40    -8.532    -4.470     3.840  194  179  194   -1
  41    -1.760     1.969    -4.238  119  112  121   -1
  42     0.216     5.737    -9.074   78   79   80   -1
  43     3.171    -9.073    -7.515  256  233  257   -1
  44    -3.353   -11.795    -3.565  291  263  289   -1
  45     9.888    -1.020     1.853  150  144  156   -1
  46    -8.338     7.700    -0.287   52   55   59   -1
  47   -12.114     2.101    -6.275  117  109  120   -1
  48   -10.167     2.566    -4.240  112  106  114   -1
  49    -1.669    -2.064     8.256  164  158  171   -1
  50     9.624    -8.842     2.598  254  235  259   -1
  51    -8.444     5.742     8.624   73   74   79   -1
  52     8.968     8.980    -4.491   42   40   37   -1
  53     7.781    -2.895    -2.930  172  163  178   -1
  54     3.560    10.054     1.733   28   28   25   -1
  55    -2.720    -7.212    -8.143  232  208  230   -1
  56   -10.659    -4.642    -8.054  195  177  193   -1
  57     8.866     0.092    -4.723  139  132  142   -1
  58    -2.643    -3.142     8.813  175  165  180   -1
  59    10.469    -5.679    -8.117  207  191  214   -1
  60     5.729     3.589    -3.781  101   94  101   -1
  61     3.483     5.892    -5.487   76   78   77   -1
  62    10.628   -11.118    -4.411  280  258  286   -1
  63     8.646    -7.742    -9.445  239  215  243   -1
  64    -4.240    -5.081    -2.360  201  185  203   -1
  65   -10.176     8.937     5.380   33   37   39   -1
  66     2.205    -8.019    -2.254  246  222  245   -1
  67    -6.311   -11.514     2.708  292  264  288   -1
  68     2.314     5.138    -2.545   80   81   84   -1
  69    -6.739   -10.271     1.560  276  249  271   -1
  70    -4.119    -7.093     8.236  238  212  234   -1
  71   -11.886     6.629     1.654   66   68   71   -1
  72    -4.871     0.908    -8.993  132  124  135   -1
  73    -4.452    -6.134     2.092  221  199  218   -1
  74    -4.536    -8.584    -6.185  252  227  251   -1
  75     9.995     5.978    -3.721   75   75   76   -1
  76     1.939    -5.206     2.845  203  188  205   -1
  77    -3.064    10.457    -9.870   21   29   30   -1
  78     8.868     2.607    -1.237  113  105  111   -1
  79     8.235    -8.200    -2.148  247  223  250   -1
  80    -6.993     7.600    -4.324   55   58   62   -1
  81     2.505   -10.520     1.066  275  254  279   -1
  82   -10.133    -8.780     1.909  258  234  254   -1
  83     4.182    -4.494    -7.266  189  176  195   -1
  84     3.230    -5.591    -0.475  211  192  213   -1
  85     8.394     3.566    -3.193  103   95  100   -1
  86    -9.910     2.010    -8.772  118  111  124   -1
  87     1.233    -9.975     2.672  268  244  270   -1
  88    -7.002   -11.123    -1.013  287  261  283   -1
  89     9.743    -3.434     2.366  177  166  184   -1
  90    -2.545    -5.783    -7.462  212  193  212   -1
  91     4.363   -11.027    -0.646  283  259  285   -1
  92     9.073     8.393    -0.437   49   46   44   -1
  93   -12.040     2.780    -4.090  109  103  110   -1
  94     7.872    -6.675    -1.645  225  204  225   -1
  95    -6.287    -5.287     7.152  209  189  208   -1
  96    11.157    11.316    -2.726   13   14    5   -1
  97   -11.070   -10.930    -6.157  286  256  277   -1
  98    -2.854    -0.942    -8.784  149  142  154   -1
  99    -4.753    -7.226     4.832  240  213  235   -1
 100    -3.627     2.388     3.636  114  108  116   -1
 101    -1.384     7.485    -6.258   60   62   63   -1
 102     6.652    10.344    -0.668   23   23   22   -1
 103    -8.741     7.274     3.540   58   60   65   -1
 104    10.073     1.143    -9.509  129  121  132   -1
 105     4.693     0.527     6.874  133  125  136   -1
 106   -10.042    -1.465    -4.201  156  149  162   -1
 107    -4.469    -9.513     3.196  262  239  264   -1
 108     2.613     1.973    -8.998  120  113  122   -1
 109     7.104     1.065    -9.348  130  122  133   -1
 110     3.614   -11.905    -1.525  289  266  290   -1
 111     2.199    10.454    -8.051   25   27   24   -1
 112     5.294    -5.082     7.608  202  187  206   -1
 113    11.149    -1.300    -2.735  152  146  159   -1
 114    -9.662     8.833    -1.480   38   42   43   -1
 115    -7.493    -2.352     8.544  167  160  173   -1
 116    -5.964     0.021     8.235  141  133  143   -1
 117     6.581   -11.237    -4.058  285  260  287   -1
 118    -1.200     6.220     0.827   72   71   73   -1
 119    -8.030     3.641    -3.462   99   93  102   -1
 120     5.492     8.609    -6.954   45   45   46   -1
 121     2.524     1.493    -1.995  125  118  128   -1
 122     1.263     4.796     2.456   87   85   89   -1
 123     9.845   -10.150    -1.588  264  245  275   -1
 124    -6.526    -4.093     6.248  187  173  190   -1
 125     8.036    -4.720    -9.231  192  180  197   -1
 126    -8.623     8.363     9.232   41   43   48   -1
 127     8.403   -10.531     6.945  279  257  284   -1
 128    -6.840    -7.753    -5.738  244  218  239   -1
 129     7.293    -2.747     3.862  170  162  177   -1
 130    -1.970     7.141    -8.249   64   66   67   -1
 131     7.959    10.484    -4.912   27   25   20   -1
 132    -5.875    11.342    -0.382    5   12   12   -1
 133     1.063    -9.294     2.182  261  237  262   -1
 134    12.062     5.053    -2.565   85   84   82   -1
 135     3.074    10.742     5.166   16   15   13   -1
 136     2.472    -9.047     9.097  260  238  261   -1
 137     2.155    -4.258     2.903  188  175  191   -1
 138     1.588     7.713    -6.241   57   56   57   -1
 139   -10.250    -1.851     2.813  161  154  167   -1
 140     8.936   -10.770    -5.192  273  253  282   -1
 141     2.571    11.341     9.209    4    3    3   -1
 142     0.948    10.289    -9.048   29   32   31   -1
 143    -8.106    -8.970     1.178  259  236  256   -1
 144    -4.849    10.060    -1.143   24   30   32   -1
 145     3.009    -7.297    -0.087  234  211  236   -1
 146     1.846     7.496    -9.225   62   63   64   -1
 147    -0.982    -9.781     9.535  270  247  269   -1
 148    -4.211     5.929    -4.099   74   76   78   -1
 149     4.639   -10.926    -8.957  277  252  280   -1
 150    -0.382    -1.706    -1.891  159  152  165   -1
 151    -8.898     1.324    -0.463  127  120  131   -1
 152     4.173     3.821     6.010   97   92   99   -1
 153    -7.772    -5.035    -9.433  197  183  200   -1
 154     8.461    -4.495     1.086  190  178  196   -1
 155    -2.700     6.221     0.050   71   73   75   -1
 156    -5.465    -6.424     2.485  226  200  222   -1
 157   -11.356    11.821    -8.257    3    8   11   -1
 158     3.464    -7.162     7.608  235  214  237   -1
 159    -7.388    -6.925     1.556  233  207  227   -1
 160    -3.466     9.151    -9.229   39   39   40   -1
 161     9.252   -11.665     2.750  288  265  292   -1
 162    -1.908     8.464    -8.261   47   48   51   -1
 163    -8.882     8.014     1.810   48   51   55   -1
 164    -0.435     9.911     8.614   22   26   27   -1
 165    -1.872    -7.756    -8.480  241  216  241   -1
 166     1.889     8.054    -6.552   53   53   54   -1
 167     3.168    -7.072     0.763  231  209  233   -1
 168    -2.411    11.140    -8.872   14   19   16   -1
 169    -6.166    -1.391     2.711  155  148  161   -1
 170     1.286     9.131    -9.668   40   41   38   -1
 171    -2.100    -0.092    -5.523  142  135  145   -1
 172   -11.154     8.979    -2.959   36   38   42   -1
 173    -7.495    11.004    -7.487   11   20   19   -1
 174    -2.983     1.579    -4.395  123  116  127   -1
 175    -6.035     3.205     1.917  106   99  107   -1
 176    10.497    -0.622    -8.950  145  138  148   -1
 177    -8.850     3.421    -7.278  104   97  104   -1
 178    -4.855     6.955    -0.048   63   65   68   -1
 179     2.935   -10.530    -9.787  271  246  274   -1
 180    -0.966   -10.497    -1.185  274  250  276   -1
 181    -2.113    -9.990    -0.718  267  243  267   -1
 182    -4.304     4.062    -3.855   95   91   98   -1
 183     8.186     8.153    -0.810   51   50   49   -1
 184     0.890     0.162    -2.210  138  130  141   -1
 185     9.314     8.611    -1.923   44   44   41   -1
 186    -1.347    -8.059     6.515  248  225  247   -1
 187     0.171    10.133    -7.854   30   34   33   -1
 188     5.048     4.138     6.221   94   89   95   -1
 189    -6.056     9.377    -1.748   32   36   36   -1
 190     9.943     6.635    -6.264   70   69   70   -1
 191   -11.825    -7.675    -0.498  245  220  238   -1
 192    -8.944     1.532    -5.683  124  117  130   -1
 193   -11.108    -9.841    -3.007  269  240  263   -1
 194     2.458   -10.065    -6.932  263  241  266   -1
 195    -1.412    -7.475     4.325  243  219  242   -1
 196     2.038     2.969     7.363  107  101  108   -1
 197    -3.314    -7.543     0.698  242  217  240   -1
 198    -1.271     3.438     2.053  102   96  103   -1
 199    -0.795    -5.595     6.443  213  195  215   -1
 200    -2.853     6.428     0.074   68   70   72   -1
 201   -12.146    10.504     0.083   15   22   26   -1
 202     5.111    -1.643     5.469  158  151  164   -1
 203    -3.249     7.783    -9.411   56   57   61   -1
 204    10.548    11.361    -3.632   12   13    6   -1
 205    10.062    11.888    -8.266    7    6    2   -1
 206     1.720    -5.719     8.254  216  196  217   -1
 207    10.950    -6.555     2.787  223  203  226   -1
 208     5.080    10.842    -0.270   17   17   14   -1
 209     4.786    11.672    -7.410    9   11    4   -1
 210    -3.191     2.560     3.973  111  104  112   -1
 211     3.976     7.587     6.128   54   54   56   -1
 212     1.911    10.953    -6.243   19   21   15   -1
 213     7.696    10.158    -5.961   31   33   28   -1
 214    -2.098     7.930     3.255   50   52   53   -1
 215     0.978    11.254     2.613    6   10   10   -1
 216    -1.076     0.290    -3.358  136  129  140   -1
 217     9.514    10.691    -9.770   26   24   18   -1
 218    10.769     1.437     4.227  126  119  129   -1
 219    -5.486    -4.828     6.147  198  184  202   -1
 220     4.345     5.052    -1.198   82   83   83   -1
 221     1.877    -0.555     7.688  146  137  147   -1
 222     4.713     0.887     6.248  131  123  134   -1
 223     7.789    -1.469    -7.227  154  150  163   -1
 224     5.845     4.948    -9.546   89   86   88   -1
 225    -7.220    -7.081     5.682  236  210  232   -1
 226    -2.106    -5.433     3.317  210  190  210   -1
 227     5.148    -1.800     8.147  160  155  168   -1
 228    10.777     1.949     2.088  121  110  119   -1
 229    -9.028    -3.982     7.874  185  172  189   -1
 230     9.405    -4.632    -1.768  191  181  198   -1
 231    11.018    -2.657    -3.613  169  161  176   -1
 232    10.126    -1.683     2.816  157  153  166   -1
 233     2.421   -10.010    -0.749  266  242  268   -1
 234   -11.799    10.876     1.485   10   16   17   -1
 235    10.637    -1.034     6.141  151  143  155   -1
 236     6.627     4.933     4.703   86   80   85   -1
 237    11.878     2.398     1.244  115  107  113   -1
 238     9.451     0.327     9.099   -1  128  139   -1
 239    11.300     3.073     4.594   -1  100  105   -1
 240     7.024    11.763    -1.543   -1    4    1   -1
 241    11.681     7.133     6.682   -1   61   60   -1
 242   -12.157    -2.737    -1.839  171   -1  175   -1
 243    -7.462    11.872    -6.509    2    5   -1   -1
 244    -5.816    11.950     5.180   -1    0    0   -1
 245     7.832    -5.061     7.332  199   -1  209   -1
 246   -11.443     0.114     0.972  140  131   -1   -1
 247    12.670     9.557    -5.172   37   -1   34   -1
 248   -11.191     4.028    -2.829   96   90   -1   -1
 249    11.883    -6.177    -5.533  215   -1  220   -1
 250     3.962    -8.074    -8.524   -1  221  244    0
 251    -4.307     4.226    -6.373   93   -1   97    0
 252    -5.043    -8.309    -2.384  250  224   -1    0
 253    10.189     1.822     6.767   -1  114  123    0
 254    12.312     4.343     1.434   92   -1   93    0
 255     8.499   -11.088     0.981  284  262   -1    0
 256     7.499    -1.363    -7.005   -1  147  160    0
 257     6.091   -12.171    -3.148  293  267   -1    0
 258    -2.404     6.154     3.504   -1   72   74    0
 259    -0.959    11.397     2.424   -1    7    7    0
 260     4.224    -0.675     2.148   -1  139  149    0
 261    -0.218    -0.069     0.494   -1  134  144    0
 262    -5.286    -1.220     4.784  153  145   -1    0
 263   -10.469   -10.018     7.003  278  248   -1    0
 264    -9.850    -8.272     4.405   -1  229  246    0
 265   -12.976    -7.145    -1.713  237   -1  228    0
