236
   1     8.179    -8.846     9.067  247  219  239   -1
   2   -10.871   -11.774    -8.562  267  236  257   -1
   3     4.984    -2.177    -8.385  159  142  155   -1
   4     0.251    -0.809    -6.158  146  132  140   -1
   5    -6.950     5.978    -6.623   65   61   65   -1
   6   -11.329    -2.215    -5.960  160  143  154   -1
   7     7.197     1.889    -4.259  117  104  111   -1
   8    -1.232    -7.662     3.345  230  204  223   -1
   9     3.862     1.406    -6.121  127  113  120   -1
  10    -5.392     9.770     4.341   26   24   29   -1
  11    -2.216     7.039     2.218   55   53   58   -1
  12    -5.183    -1.615     2.915  157  140  150   -1
  13    -9.944     3.997    -2.503   87   81   84   -1
  14   -10.475    -3.948     0.009  183  163  172   -1
  15    -7.669    -2.414     0.584  162  144  156   -1
  16     1.667    -1.106    -1.196  150  135  143   -1
  17     1.905     3.770    -6.878   94   88   91   -1
  18     5.291    -3.636     9.123  179  160  171   -1
  19     8.754    -6.868     7.621  217  193  213   -1
  20     5.592     0.893    -8.319  131  117  123   -1
  21     6.445     0.553     4.160  135  120  127   -1
  22    -5.643    -6.143    -2.474  210  188  201   -1
  23    -2.804    -4.419    -2.835  190  169  182   -1
  24    -8.011     3.092     7.027  103   94  100   -1
  25     2.404   -10.373    -8.376  253  224  246   -1
  26     6.741    -8.210    -8.922  231  206  226   -1
  27   -11.128     0.050    -6.061  140  126  134   -1
  28     0.844    -5.363    -5.428  202  179  193   -1
  29     3.083     8.253    -4.995   46   45   46   -1
  30    -2.744     9.736    -0.091   27   26   31   -1
  31    -8.340   -10.938     6.590  264  235  252   -1
  32     1.574     5.374    -5.956   70   66   70   -1
  33     0.903     3.734     4.499   90   84   89   -1
  34    -5.426    -3.884     6.169  182  164  173   -1
  35    -1.692    11.522    -7.980   10   10   11   -1
  36    -6.504    -8.066     3.147  237  209  225   -1
  37     9.084    -5.614    -1.506  205  182  197   -1
  38     6.936     6.788    -4.718   58   56   60   -1
  39     0.850    -0.489     4.135  145  131  137   -1
  40     5.843     1.503     2.326  125  109  116   -1
  41    -8.417    -9.831     3.153  254  222  242   -1
  42   -10.529     4.892    -6.257   75   72   77   -1
  43    -4.190    11.531     4.344    3    3    6   -1
  44    10.532     4.782    -1.044   79   73   72   -1
  45    -2.216     4.973    -4.471   74   70   73   -1
  46     7.183    -5.336     0.722  201  181  195   -1
  47     4.475    -7.390     2.861  221  198  217   -1
  48   -11.218     5.604    -3.150   67   62   68   -1
  49    -4.541    -3.043     3.224  172  155  165   -1
  50    -3.329    -3.503     8.383  178  159  170   -1
  51    -7.249     8.222     1.891   39   40   47   -1
  52     4.949    -7.908     9.045  234  210  229   -1
  53     5.444    11.162     6.872   13    7    4   -1
  54    -7.835   -10.159    -4.619  256  223  244   -1
  55    -8.093    -4.617     7.331  195  173  186   -1
  56     2.182    -2.737     0.262  167  151  162   -1
  57     8.026    -2.530    -5.581  161  145  158   -1
  58    10.884    -2.985    -2.272  169  153  166   -1
  59    -0.259    -8.572    -0.276  242  215  231   -1
  60    -6.788    -3.315     3.554  175  158  169   -1
  61     2.511    -6.450     5.897  212  190  205   -1
  62     1.013    -1.607    -5.180  155  138  149   -1
  63   -11.766    -7.797    -0.886  233  205  218   -1
  64    -4.602    -8.881    -3.759  246  218  233   -1
  65    -5.391     4.298    -7.106   82   77   82   -1
  66    -8.124    -5.167    -6.298  199  176  190   -1
  67    -9.781     5.008    -5.394   73   68   76   -1
  68    -9.816    10.152    -1.717   25   22   27   -1
  69     0.502     7.071    -5.916   57   55   59   -1
  70     4.805    11.399     0.646   11    8    5   -1
  71    -2.830    -3.020    -1.792  171  154  164   -1
  72    11.299    10.853     2.669   21   14   10   -1
  73    -0.020     1.716     8.747  120  105  113   -1
  74     4.439    10.964    -5.118   20   16   15   -1
  75    -5.942     0.140     7.586  138  124  132   -1
  76    -8.884    -7.444     0.361  226  197  214   -1
  77   -10.828     0.603    -4.084  133  119  126   -1
  78    -3.320     6.018    -1.863   63   60   64   -1
  79    -0.846    -5.776     9.837  209  186  200   -1
  80    -0.069    -9.423    -3.501  249  220  240   -1
  81   -10.030    11.048     3.084    8    9   17   -1
  82     1.013     6.226     5.625   60   58   63   -1
  83    -6.854    -5.720     1.924  207  183  196   -1
  84    -3.369    -5.856     0.782  208  184  198   -1
  85     1.127    -6.843     1.271  216  192  208   -1
  86    -2.883    -2.701    -3.327  165  149  161   -1
  87     3.105    -5.366    -3.243  203  180  194   -1
  88    -8.151   -10.581     4.986  261  229  247   -1
  89    -5.840     2.662     9.890  109   98  105   -1
  90     0.931    10.748     5.483   14   13   14   -1
  91     7.225     4.726     3.245   78   71   74   -1
  92     8.855     1.740    -2.034  121  106  112   -1
  93    -2.127    10.960    -7.930   17   19   21   -1
  94     3.714    -5.674     9.286  206  185  199   -1
  95     6.904     7.172     8.501   53   51   56   -1
  96    -3.874     2.932    -4.490  108   97  103   -1
  97    -7.669    -1.141     4.755  153  137  145   -1
  98     5.745    -6.577     8.878  214  191  207   -1
  99    -1.693     5.092     7.762   71   67   71   -1
 100   -11.593    -9.915    -6.409  251  221  241   -1
 101   -10.518   -10.134     4.656  257  225  245   -1
 102    -4.791     2.102     7.325  115  102  110   -1
 103     2.241    -0.329     5.630  143  129  136   -1
 104    -9.886     3.880    -8.232   88   86   92   -1
 105   -10.078    -5.144    -0.433  204  178  191   -1
 106    -4.709     7.658     3.609   51   50   54   -1
 107   -11.506    -5.049    -2.474  198  175  188   -1
 108    -6.765     3.285     1.375  100   92   97   -1
 109    -8.510    -0.790     4.742  147  133  139   -1
 110    -4.893     0.566    -4.257  134  121  129   -1
 111    -5.371     2.210    -5.715  114  103  109   -1
 112     6.853    -3.840     7.104  181  162  176   -1
 113     4.570     6.623    -0.648   59   57   61   -1
 114     4.090    10.804    -2.916   23   18   20   -1
 115    -1.803     4.745     8.098   76   69   75   -1
 116    -6.003     3.249     3.729  101   93   98   -1
 117   -10.220     8.065     5.292   40   42   50   -1
 118     7.597     8.303     2.651   43   39   42   -1
 119     3.725    -3.861     1.920  180  161  174   -1
 120     2.716    -4.304     7.117  189  170  183   -1
 121    -0.596     2.462     8.978  111   99  106   -1
 122     0.609     7.921     0.067   50   48   51   -1
 123     7.872     0.125     5.626  139  125  133   -1
 124    -6.914    -4.233    -5.009  186  165  177   -1
 125    -0.780     9.344    -7.649   31   32   38   -1
 126   -10.357    -7.333    -1.240  224  195  211   -1
 127    -4.392    10.981    -8.542   16   20   22   -1
 128    11.588    -8.593     1.899  239  217  236   -1
 129    -1.781    11.675     1.870    4    2    2   -1
 130     8.454     9.010     8.873   33   31   35   -1
 131    -2.162   -11.283    -2.094  263  234  256   -1
 132     0.309    10.561     8.929   15   15   18   -1
 133     5.136    11.017    -7.925   22   17   16   -1
 134     7.254     4.134     1.502   86   78   81   -1
 135    10.966     7.295     2.695   54   52   55   -1
 136     6.884     7.764     5.187   52   47   49   -1
 137     8.187     2.384    -8.841  112  101  108   -1
 138   -10.862     2.482    -0.372  110  100  107   -1
 139    -7.983   -11.271     4.391  265  237  258   -1
 140     1.429   -12.266    -7.339  271  240  261   -1
 141     5.146    -8.632    -3.668  240  214  232   -1
 142     6.031     5.151     8.147   72   65   69   -1
 143     9.523     3.762    -3.599   95   87   87   -1
 144    -8.245    -7.887     1.537  235  207  224   -1
 145   -10.975    10.196    -3.306   24   23   28   -1
 146    -8.320    -3.315     1.145  174  157  168   -1
 147    -2.288    -7.252    -2.000  220  194  212   -1
 148    -7.881    -2.894     1.522  170  152  163   -1
 149    -7.418   -11.731     1.095  273  238  259   -1
 150     1.775    11.563     5.726    6    0    1   -1
 151     6.815    -4.171    -1.723  185  166  181   -1
 152    -7.060    -4.259    -0.574  188  167  179   -1
 153    -6.129     8.438    -9.983   42   44   48   -1
 154     1.803    -6.616    -5.537  211  189  204   -1
 155    -8.871     9.794    -6.931   28   29   36   -1
 156     1.419     3.906    -9.702   91   85   88   -1
 157     9.233    -4.817    -9.987  192  172  187   -1
 158    -0.058    -7.556     2.533  227  202  220   -1
 159     2.287     6.996     2.375   56   54   57   -1
 160    -8.731    -0.140    -1.208  142  128  135   -1
 161    -3.867     1.128     9.617  129  115  122   -1
 162    -9.996    11.682     0.934    0    4    7   -1
 163     7.580     6.570    -8.451   61   59   62   -1
 164     4.746    -8.570     2.331  241  216  235   -1
 165     4.188     8.410     0.183   41   38   43   -1
 166    -2.231   -10.669     6.076  260  231  251   -1
 167     4.758     1.510    -1.505  126  111  117   -1
 168    -7.305    -8.711    -9.220  244  212  230   -1
 169     3.595    -7.668    -6.423  222  199  219   -1
 170    -8.241    -3.154    -3.471  173  156  167   -1
 171    -7.112    11.501    -0.249    7    6    9   -1
 172    -9.549    -4.242     4.333  191  168  180   -1
 173    -3.542    -8.486    -9.944  238  208  227   -1
 174    -6.842     8.049    -6.784   49   49   53   -1
 175    -8.942    -2.626     5.791  168  150  160   -1
 176     0.090   -11.725     8.367  275  242  262   -1
 177     4.634     0.563    -6.303  136  122  128   -1
 178     1.254     8.726     6.375   34   33   39   -1
 179   -12.086    10.559    -4.996   19   21   24   -1
 180    10.254     1.647    -3.199  124  108  114   -1
 181     1.615    -4.618    -1.133  193  171  185   -1
 182    -5.546    -7.820    -2.805  232  203  221   -1
 183    -6.198     0.911     4.829  130  116  124   -1
 184     5.218     5.486    -0.657   68   64   67   -1
 185    -2.421    -7.708    -5.532  225  201  216   -1
 186    -0.365   -11.202    -3.123  262  233  255   -1
 187     1.029     7.958     7.511   45   43   45   -1
 188    -1.234     2.954     5.771  106   96  102   -1
 189     6.594     9.725    -4.848   30   28   30   -1
 190     0.049    -4.944    -4.777  196  174  189   -1
 191     4.370    -1.775     6.432  158  141  152   -1
 192    11.945   -10.280     1.477  252  226  249   -1
 193    -3.533     1.602     3.701  123  107  115   -1
 194    -3.636    -5.096     0.085  197  177  192   -1
 195    -1.736   -11.132    -9.105  259  228  250   -1
 196    -0.918     8.529     8.738   35   35   40   -1
 197    -6.260     3.764    -7.162   92   89   94   -1
 198   -11.004     0.744     1.718  132  118  125   -1
 199    -2.321     8.719    -4.509   36   36   41   -1
 200     3.844     3.478    -0.987   98   91   96   -1
 201   -10.821    -2.470     4.304  163  146  157   -1
 202    -4.376     7.897     4.074   44   46   52   -1
 203     6.001     7.979     9.002   47   41   44   -1
 204    11.433     8.846     1.333   37   34   37   -1
 205     2.392     3.660    -4.978   96   90   93   -1
 206    11.603     5.455     2.656   69   63   66   -1
 207    -5.525    11.603     0.093    5    5    8   -1
 208   -10.896    -2.724    -9.877  166  147  159   -1
 209    12.037     4.416    -4.589   81   75   78   -1
 210    -0.060    -8.985     9.292  248   -1  238   -1
 211     5.647   -12.049     0.602  270  241   -1   -1
 212    -4.277   -10.761    -2.994   -1  227  248   -1
 213    -1.896    -8.119     4.181  236  211  228   -1
 214     1.559     3.400     7.203   97   -1   95   -1
 215    -3.217    -1.072     2.902  151  134  142   -1
 216    -6.352    -8.633    -5.830  243  213   -1   -1
 217     7.791   -12.015    -2.915  266  239  263   -1
 218    -2.158    -2.561     9.471  164  148   -1   -1
 219    -3.753    -0.103     4.891  141  127   -1   -1
 220    10.220     9.203     3.769   32   30   33   -1
 221    10.140     1.235    -6.120  128  114  121   -1
 222     6.881    -6.263    -8.149   -1  187  202   -1
 223     1.697     3.844    -9.724   93   -1   90   -1
 224   -11.268     4.101    -6.293   84   80   -1   -1
 225   -10.210    -1.596     2.539  156  139  148   -1
 226    -7.658   -10.034    -1.299  255   -1  243    0
 227     2.431     3.863    -1.872   89   83   85    0
 228    -1.399     2.996     0.488  107   -1  101    0
 229    -1.389     3.225    -2.210  104   -1   99    0
 230    -5.473     3.261    -8.816  105   95   -1    0
 231     7.812     1.400    -1.011   -1  112  119    0
 232    -2.491    -7.753    -2.219  228   -1  222    0
 233   -12.223    -7.381    -3.161  223  196  210    0
 234    -5.177    -0.385     1.426  144  130   -1    0
 235    -3.242    -0.937     7.502  149   -1  141    0
 236    11.598     4.116     8.554   -1   76   79    0
