226
   1    -5.020     1.444     9.260  128  111  126   -1
   2     9.471   -11.816    -8.191  249  221  260   -1
   3     5.777    -4.322     2.330  176  157  179   -1
   4    -7.128   -11.316     5.429  255  222  256   -1
   5    -8.025    -5.214     2.679  183  162  184   -1
   6    -2.321     2.930    -3.591  107   96  109   -1
   7    -6.265    -4.774     9.596  178  159  181   -1
   8     5.733     1.215    -2.738  130  112  127   -1
   9     9.402    -1.459     5.011  155  135  152   -1
  10     2.153    -1.148     0.631  151  131  150   -1
  11     7.701     0.385    -1.692  137  119  134   -1
  12    -3.061    -2.833     5.456  165  144  163   -1
  13   -10.558     2.721    -4.397  113   99  113   -1
  14     9.096     1.631     8.249  127  110  125   -1
  15     8.553    -2.039     1.934  157  136  154   -1
  16     3.274    -8.620     5.495  216  191  225   -1
  17     4.488     6.922    -5.520   55   48   56   -1
  18    -2.024    -5.663     2.397  187  168  188   -1
  19     6.202     3.361    -3.083  103   91  103   -1
  20   -10.486    -1.276    -1.991  154  134  151   -1
  21     4.156    -8.396     6.540  215  189  222   -1
  22     4.919   -11.741    -9.912  247  220  257   -1
  23    -9.681    -2.095    -3.609  158  137  153   -1
  24    -9.453     1.807     7.069  126  109  123   -1
  25    -8.349    -9.283     7.616  227  197  228   -1
  26    -8.072   -11.485    -9.911  251  217  251   -1
  27    -4.320     2.194     2.924  120  105  118   -1
  28     4.195     7.252    -3.835   49   44   49   -1
  29   -11.908    -4.063    -2.422  174  155  173   -1
  30     2.551    -7.963    -1.455  209  186  213   -1
  31     0.192     0.547     7.712  135  117  132   -1
  32     6.121    -0.354     3.957  142  123  138   -1
  33     3.364    -1.009    -9.621  149  129  147   -1
  34     9.819    -6.292    -3.343  193  173  199   -1
  35    -1.627     2.977    -0.597  106   94  107   -1
  36     3.232     7.177     1.988   48   43   48   -1
  37     4.163   -10.507    -2.464  236  208  245   -1
  38    -0.176   -10.487    -2.534  238  207  242   -1
  39    -1.293    -2.492     8.365  163  142  160   -1
  40    -5.775     7.755     3.219   44   40   46   -1
  41    -9.096    -6.447    -9.456  197  174  195   -1
  42     7.875     2.847     7.940  109   95  106   -1
  43    -5.606     2.184     9.748  119  104  117   -1
  44   -10.941     5.661    -8.330   71   61   74   -1
  45     6.140    -3.876    -3.548  171  152  172   -1
  46     7.474   -10.084    -3.157  229  202  238   -1
  47     0.250    -7.189    -2.253  199  177  205   -1
  48    -5.865    -0.169     1.614  141  122  137   -1
  49   -12.168    -1.188     0.081  153  133  149   -1
  50    -6.543    -2.273     0.202  162  141  157   -1
  51    -6.505    -7.416     4.579  204  181  207   -1
  52    -8.240     9.578    -1.665   25   22   28   -1
  53     2.020    10.396     8.251   17   11   14   -1
  54    -7.265     3.884     8.607   89   79   92   -1
  55    -8.653    -7.651    -9.210  203  180  206   -1
  56    -5.643   -10.200    -5.125  235  204  232   -1
  57     7.495    -6.222    -7.668  191  171  197   -1
  58    -0.906     8.514     9.576   33   30   32   -1
  59    -0.543     2.540     1.619  116  101  114   -1
  60    -1.921   -10.115    -3.422  232  203  234   -1
  61     8.613     4.062     0.731   90   78   86   -1
  62     4.130    -7.667     7.220  206  185  212   -1
  63     4.745     5.449    -6.323   74   64   71   -1
  64    -4.199     8.440     3.669   35   32   38   -1
  65     7.395    11.659     4.007    8    4    0   -1
  66    -4.818   -11.281    -1.197  252  219  254   -1
  67    -7.047     5.545    -3.163   72   62   73   -1
  68    -0.021    11.747    -0.186    5    5    4   -1
  69    -3.501   -10.669    -2.828  243  209  244   -1
  70     2.484    10.584     1.577   18   12   15   -1
  71    -8.377     7.254     3.455   47   42   53   -1
  72    -2.210     0.495    -9.418  136  118  133   -1
  73    -1.460     6.015    -1.237   67   57   68   -1
  74     2.021    -4.197     2.896  175  156  176   -1
  75    -7.016    -7.922    -1.196  212  184  211   -1
  76     8.158     3.414    -7.058  104   92  102   -1
  77    -4.430    -7.918    -7.149  207  182  209   -1
  78     0.123     2.072    -4.929  122  107  120   -1
  79    -1.122    -2.211     3.437  159  140  156   -1
  80    -1.637    -6.365    -9.632  194  172  196   -1
  81    -5.621     6.211    -1.364   62   54   66   -1
  82    -9.113     3.630     1.366   95   86   97   -1
  83    -9.929     2.820    -8.680  112   98  111   -1
  84    -7.613     4.665     4.987   80   69   79   -1
  85    -6.126    -9.543     7.441  231  199  230   -1
  86    11.790    -9.727     1.472  225  198  237   -1
  87     5.929     4.650    -0.575   83   70   78   -1
  88     2.845     1.050     1.265  131  113  128   -1
  89    -8.778     3.375    -6.196  102   93  104   -1
  90     4.495     9.915    -6.356   27   21   23   -1
  91    -7.396     2.833    -6.955  110   97  110   -1
  92     6.903     2.607     2.230  115  100  112   -1
  93    -1.612     6.798    -5.805   56   49   59   -1
  94    -8.384    10.488    -4.477   19   17   20   -1
  95     0.806    -9.866    -0.790  230  200  231   -1
  96    10.657     7.069    -2.483   51   46   50   -1
  97     1.971    11.059     6.949   13    8   10   -1
  98     4.028     8.594    -6.877   40   35   37   -1
  99     6.603   -10.532     5.835  241  213  252   -1
 100     3.978     8.555     9.439   34   28   31   -1
 101     6.405    -0.865     7.173  148  128  145   -1
 102    -9.705    -1.192    -8.348  152  132  148   -1
 103    -2.887   -10.241     0.349  237  206  239   -1
 104     1.149     9.352     2.543   29   23   26   -1
 105     5.884     2.361    -1.238  118  103  115   -1
 106    10.935    -0.593     0.786  145  126  142   -1
 107     5.133     7.852     4.597   45   39   43   -1
 108     7.004     7.588     7.955   46   41   44   -1
 109     7.992   -10.642     0.921  240  212  249   -1
 110    -0.529     6.717    -4.473   57   50   61   -1
 111    10.909    10.600    -6.539   23   16   17   -1
 112    -7.200     8.499    -8.817   38   38   42   -1
 113     2.152     0.179     2.848  139  120  135   -1
 114     4.655     4.435     1.095   86   75   83   -1
 115    -7.753   -10.421    -5.278  239  205  235   -1
 116    -9.429    -4.827     1.628  177  158  180   -1
 117     6.262   -10.016    -3.164  228  201  236   -1
 118   -10.494     4.271    -1.770   87   77   87   -1
 119     2.186    -8.300    -0.001  214  188  217   -1
 120    -2.115     6.725     2.486   52   47   57   -1
 121    -5.252    -0.550    -5.902  144  125  140   -1
 122    -9.243   -11.365    -8.976  250  216  248   -1
 123     7.498     3.996    -5.189   91   80   89   -1
 124     1.151     3.814    -5.517   94   84   94   -1
 125     1.230     4.664    -9.273   84   73   81   -1
 126     3.206     4.850     7.512   79   68   77   -1
 127     1.518     8.121     9.183   39   34   39   -1
 128   -10.908     2.039    -9.471  123  108  121   -1
 129    -6.014    -7.688     4.836  211  183  210   -1
 130    -2.412    -3.950     3.964  173  154  175   -1
 131    -0.006     6.850     7.204   50   45   55   -1
 132     5.386     5.450    -7.021   75   65   72   -1
 133     5.870    -6.545     1.169  198  176  201   -1
 134    -6.843    11.443     9.654    2    3    7   -1
 135     1.287   -11.726     5.033  256  225  262   -1
 136     0.848     8.261    -0.650   42   37   40   -1
 137    11.284     3.800     2.269   96   82   90   -1
 138     6.986     9.677     2.569   28   19   22   -1
 139   -11.274     8.998    -3.468   30   29   35   -1
 140     7.133    -7.816     8.025  208  187  214   -1
 141    -4.283    -3.673    -2.991  169  150  169   -1
 142    -2.320     5.533     6.608   70   60   70   -1
 143     9.215     6.250     4.982   64   52   63   -1
 144    -2.102    -8.852     0.728  219  192  224   -1
 145     1.399    10.379     3.079   20   14   18   -1
 146     2.554     3.587     8.658   97   85   96   -1
 147     6.539    -9.196    -8.704  217  194  227   -1
 148     3.281    -6.163     9.701  196  175  200   -1
 149     7.117     8.626    -1.028   37   31   33   -1
 150    -5.915    11.324     5.670    6    6   11   -1
 151    -6.976    -7.211    -1.133  202  178  204   -1
 152     7.945     2.135    -5.357  121  106  119   -1
 153   -11.995    -8.889     0.371  223  193  221   -1
 154     1.503     6.079     7.978   63   53   64   -1
 155    -4.568     0.660    -0.016  133  115  130   -1
 156     0.352    -0.551    -9.596  143  124  141   -1
 157     1.579   -10.705    -1.310  242  211  246   -1
 158    -8.083     8.133     9.076   36   33   41   -1
 159     0.892     3.515    -9.616  101   89  101   -1
 160   -10.463    -2.214    -3.999  160  138  155   -1
 161    -1.597    10.979     0.851   15   10   13   -1
 162     0.476     9.014     4.652   31   26   29   -1
 163    -3.112     3.486    -2.396  100   88  100   -1
 164    -7.554    -9.467    -8.152  224  196  226   -1
 165    11.780     0.080     0.175  140  121  136   -1
 166   -11.037     4.649    -2.977   81   72   84   -1
 167    -1.191     3.702     7.923   93   83   93   -1
 168   -11.646     9.878    -4.433   24   20   25   -1
 169     2.354    -5.569     0.115  184  164  186   -1
 170     5.613    10.327     5.926   21   13   16   -1
 171     1.158    10.155     6.703   22   15   19   -1
 172   -11.817     2.427     1.283  117  102  116   -1
 173    -7.363    -8.802     5.576  221  195  223   -1
 174    -1.804    -3.422    -7.606  168  148  167   -1
 175     1.770    -3.169     5.109  166  146  166   -1
 176     0.358    11.304    -0.101   12    9   12   -1
 177     6.897     4.358     5.779   88   74   82   -1
 178    11.599     8.410    -4.014   43   36   36   -1
 179    -9.268    -5.267    -8.885  180  160  183   -1
 180     7.608    -5.414    -3.864  181  163  185   -1
 181     9.804    10.035    -5.205   26   18   21   -1
 182     7.486     3.608     1.452   98   87   95   -1
 183   -10.919    -1.016    -6.131  150  130  146   -1
 184     7.992     9.331    -2.602   32   25   27   -1
 185    -1.602    -3.924     4.612  172  153  174   -1
 186    -5.305    -6.148    -9.569  192  169  193   -1
 187     5.055    -2.875     6.539  164  145  164   -1
 188     5.732     6.014    -7.624   68   58   67   -1
 189    -5.029   -10.262     8.828  244  210  243   -1
 190   -11.133   -11.491    -7.995  253  218  250   -1
 191     1.665    -5.551     4.939  185  165  187   -1
 192    -7.363    -8.922    -9.011  218  190  218   -1
 193     6.172     6.414     2.535   59   51   62   -1
 194     2.560    11.676    -2.894   10    7    6   -1
 195     9.225    -0.816    -8.463  146  127  143   -1
 196     3.124    -5.975    -3.755  189  170  192   -1
 197    -8.064     0.936    -7.475  132  114  129   -1
 198    11.024    -3.382     0.957  167  149  168   -1
 199    -4.632     4.493     5.739   82   71   85   -1
 200     3.750     5.053     9.019   78   66   75   -1
 201    -8.475     0.651    -6.091  134  116  131   -1
 202     5.384     6.231    -4.607   65   55   65   -1
 203    -6.391   -12.044    -2.230  258  226  261   -1
 204    -2.307    -3.798    -2.518  170  151  171   -1
 205   -10.155     5.030     5.498   77   67   76   -1
 206    10.706    -2.237     3.509  161  139  158   -1
 207    -0.461    -5.835    -3.619  186  166  190   -1
 208    10.928    -6.986     9.811   -1  179  208   -1
 209    -5.994     4.354     2.894   85   76   -1   -1
 210   -12.619    -6.104    -3.553  195   -1  189   -1
 211     5.487     8.829     5.667   -1   27   30   -1
 212   -11.732   -11.961    -0.571   -1  224  259   -1
 213    11.142    -5.610     5.037   -1  167  191   -1
 214    12.416   -12.633   -10.108  257  227   -1   -1
 215    -5.328    -5.137    -0.373  179  161   -1   -1
 216     4.510     5.801    -4.572   -1   59   69   -1
 217    10.776     3.452    -5.740   -1   90   98   -1
 218     3.118     3.929    -1.877   -1   81   91   -1
 219   -12.541    -8.991    -5.108  222   -1  219   -1
 220    11.355     3.998    -3.057   92   -1   88   -1
 221    -3.176     3.458     0.911   99   -1   99   -1
 222    10.064     6.850     5.088   54   -1   52   -1
 223   -13.594     8.040    -1.481   41   -1   45   -1
 224    10.744    -2.652     9.484   -1  143  162   -1
 225   -13.333     1.863    -3.787  125   -1  124   -1
 226   -11.647   -10.766     4.205  248  215   -1   -1
