227
   1    -5.343    -5.146    -3.604  190  160  186   -1
   2    -2.009    -8.156     7.110  222  193  224   -1
   3    -7.217    -6.104    -2.527  197  167  195   -1
   4   -10.546    -8.002    -2.641  219  188  218   -1
   5    -4.290    -9.966     1.092  241  210  243   -1
   6    -2.441    -0.616    -3.260  146  121  137   -1
   7     5.619     1.616    -1.594  118   93  107   -1
   8     2.559    -1.068    -3.394  149  123  142   -1
   9     4.023    -1.778    -3.338  156  130  151   -1
  10    -1.344    -1.479    -2.020  151  125  145   -1
  11     4.655    -8.953    -1.357  228  199  232   -1
  12    -5.056    -9.293    -4.622  232  202  233   -1
  13    -5.876    -1.909     1.985  158  132  153   -1
  14    -2.563   -10.042    -6.812  239  208  241   -1
  15    10.483    -7.755    -6.929  213  185  220   -1
  16    -6.801     2.489     3.825  104   83   97   -1
  17    -7.113     3.578    -5.618   98   79   93   -1
  18    -3.780     4.897    -1.847   87   69   78   -1
  19    -9.579   -10.332     6.184  250  215  248   -1
  20    -5.859     6.442     8.816   62   48   57   -1
  21    -3.424     0.411     6.214  133  111  124   -1
  22    -4.807     3.747     2.444   97   78   91   -1
  23    -3.682    -2.086    -7.984  160  134  155   -1
  24    -0.374    -7.247    -0.402  210  177  211   -1
  25     2.180     4.710    -6.316   93   72   81   -1
  26    -1.327    -0.126     7.322  138  115  130   -1
  27    -1.800     0.859    -7.780  126  102  116   -1
  28     6.865    -2.094     7.124  161  135  157   -1
  29     1.130     9.229    -7.144   43   34   35   -1
  30     1.841   -10.463    -3.973  243  212  250   -1
  31    -5.495    -6.723     3.187  207  174  204   -1
  32    -6.532    -2.943     5.512  168  142  164   -1
  33     3.837    -7.395    -4.063  209  180  214   -1
  34    -9.749    -4.455     6.255  185  156  183   -1
  35     3.343     0.626     0.589  132  108  121   -1
  36     7.408    -8.748     9.733  230  200  236   -1
  37   -10.003    -2.655     0.742  166  140  162   -1
  38    -6.984     6.188     0.603   65   51   60   -1
  39    -9.836     4.638     6.018   89   70   82   -1
  40     2.220     2.555    -9.960  105   84   96   -1
  41    -3.344    -6.592     9.654  205  175  205   -1
  42     2.148   -12.042    -5.299  257  222  260   -1
  43     0.583    -9.747     5.801  240  209  244   -1
  44     8.355     4.857     4.431   90   67   76   -1
  45   -11.559     3.387    -0.388  100   80   94   -1
  46   -11.613    -3.965    -0.763  180  151  177   -1
  47   -12.104    -2.271    -6.425  162  136  156   -1
  48    -9.274     6.949    -8.165   59   47   54   -1
  49     5.594    -1.735    -1.057  154  129  149   -1
  50     7.882     1.917    -1.798  115   91  103   -1
  51     7.965    -9.092     0.318  231  201  239   -1
  52    10.353     9.929     4.003   35   25   26   -1
  53    -7.898    -6.721    -7.256  203  171  199   -1
  54    -5.052    11.390     0.732    6   11   13   -1
  55     9.804    -6.342     3.868  198  169  201   -1
  56    -8.056     0.269     3.547  135  113  126   -1
  57    -7.305    -1.954     2.820  159  133  154   -1
  58    -7.506    -5.658    -6.096  194  164  193   -1
  59    -0.239    -8.599    -6.582  223  192  226   -1
  60    -3.146    11.249     7.763    5    8    7   -1
  61    -4.352     5.585     5.954   72   55   64   -1
  62    -2.412     9.498    -7.480   37   29   33   -1
  63    -2.326     1.218     2.097  122   99  113   -1
  64     8.050   -10.721     4.031  247  218  257   -1
  65    -9.511   -11.243     2.499  256  221  255   -1
  66    -2.992    -3.537    -7.083  172  145  170   -1
  67    -9.010    -3.769    -0.861  178  148  174   -1
  68    -6.576    10.127    -6.310   30   27   29   -1
  69     4.794     2.016    -4.966  113   88  102   -1
  70   -10.962    -0.583     1.937  145  120  136   -1
  71     8.494     1.704    -4.344  116   92  106   -1
  72    -0.148    -3.529     2.256  173  147  172   -1
  73    -6.390    -2.803    -2.829  167  141  163   -1
  74    -0.523   -10.498    -3.652  245  213  249   -1
  75    -5.537     7.135     8.582   56   42   50   -1
  76     1.156    -1.561     6.635  152  126  146   -1
  77     1.290    -9.883    -4.840  237  206  240   -1
  78    -4.071     8.312    -8.318   50   39   44   -1
  79    -1.163    -4.280    -2.641  181  153  179   -1
  80    -9.283    -1.170     0.034  150  124  143   -1
  81    -6.423     5.291     3.304   77   60   72   -1
  82   -12.180     0.894    -4.525  125  101  115   -1
  83   -10.993     5.373    -1.175   76   62   74   -1
  84    -7.870    -6.291     1.588  200  168  197   -1
  85    -1.124    -4.789     2.892  187  157  184   -1
  86    -2.840     4.559    -8.813   95   75   87   -1
  87    -1.544    -7.525    -6.046  214  182  213   -1
  88    -7.806     1.388     6.256  121   97  111   -1
  89     3.174    -6.506     2.514  202  172  202   -1
  90    -0.216     7.929    -3.451   53   41   45   -1
  91    -3.201    -7.880    -3.455  217  186  219   -1
  92    -9.605    -1.861     1.023  157  131  152   -1
  93     7.757    -1.763    -6.726  153  128  150   -1
  94    -7.205     4.192     6.718   96   76   89   -1
  95     6.593    -7.672    -9.113  212  183  217   -1
  96     3.029     1.201     6.531  124   98  112   -1
  97    -3.644     5.200     8.413   78   59   69   -1
  98    11.229    -9.671     2.017  233  207  246   -1
  99    10.347     8.626    -2.743   46   36   37   -1
 100     2.894     0.404    -7.137  134  112  125   -1
 101    -9.703    -6.580     0.411  204  173  198   -1
 102    -2.270     1.911     4.131  114   89  104   -1
 103    -3.089     9.657     4.682   34   28   30   -1
 104    -9.095    -9.180     4.369  234  203  234   -1
 105   -11.916    -8.328    -2.353  224  189  221   -1
 106   -11.220    -5.333    -1.445  192  162  190   -1
 107     7.053     9.393    -4.442   41   30   31   -1
 108     1.675    -9.045    -6.545  229  198  230   -1
 109     7.751    -4.212    -6.661  179  152  178   -1
 110    11.951     8.526    -0.698   48   37   38   -1
 111    -7.059    -4.470     1.586  184  155  182   -1
 112     5.781   -10.819    -0.020  248  217  254   -1
 113     0.273     5.207     2.166   81   64   73   -1
 114     8.382    10.771    -5.016   28   23   20   -1
 115    -3.045    -7.335    -3.293  211  179  210   -1
 116     4.061    -0.439     5.726  142  118  135   -1
 117   -10.315    -3.270     3.571  170  143  166   -1
 118    -6.141    -3.645     7.724  175  149  173   -1
 119    11.126    -7.338    -0.202  208  181  216   -1
 120    -3.092     6.539     4.023   63   49   55   -1
 121    -4.192    -5.012    -0.215  188  158  185   -1
 122   -11.632    11.306    -2.683    8   16   17   -1
 123    -5.834     2.087     0.088  110   87  101   -1
 124     9.256     2.271    -3.277  109   86   99   -1
 125    -3.608     6.803    -2.009   61   46   53   -1
 126   -11.431     1.901     1.259  112   90  105   -1
 127    -4.877   -10.859    -8.234  249  214  251   -1
 128     0.454    -0.347     0.521  141  117  134   -1
 129    -5.665     5.888    -6.182   71   54   63   -1
 130     7.211     7.932     0.011   54   40   43   -1
 131    -4.990     1.516     9.084  117   94  108   -1
 132     8.993    -2.463    -2.392  164  137  159   -1
 133     3.429     1.461     8.580  120   95  109   -1
 134     0.451     4.576    -4.122   94   74   84   -1
 135     1.505    -6.393     4.216  201  170  200   -1
 136   -11.397   -10.393    -7.886  246  211  242   -1
 137     3.543   -11.810     5.076  259  225  263   -1
 138   -11.193    -9.284     3.634  236  204  235   -1
 139     4.515    -2.438     6.429  165  139  160   -1
 140    10.493    10.657     3.046   27   20   15   -1
 141     0.859    -5.149    -4.480  189  159  187   -1
 142   -10.026    -1.669     4.560  155  127  148   -1
 143    -1.041    -0.340    -7.888  140  116  133   -1
 144     3.117     9.228    -3.920   42   32   34   -1
 145    -7.883     5.280    -8.781   82   65   75   -1
 146     0.105    -3.934    -9.695  176  150  175   -1
 147    -4.069   -10.705     1.458  251  216  253   -1
 148   -11.833    -5.505    -3.660  193  163  192   -1
 149    -5.076     1.187     3.875  123  100  114   -1
 150    -8.496    -9.328     3.818  235  205  238   -1
 151    -6.435    10.465     3.322   25   22   25   -1
 152   -10.798    11.451    -8.929   13   18   18   -1
 153     2.397     7.474    -3.266   57   43   48   -1
 154    -6.212    -7.602    -2.593  216  184  215   -1
 155    -5.425    -4.402    -0.768  183  154  181   -1
 156     0.651    11.308     1.130   16   13    9   -1
 157     0.334     5.944    -0.200   70   53   61   -1
 158    -0.113     0.697    -9.794  131  106  118   -1
 159    -6.124    -0.095     1.756  137  114  129   -1
 160    -7.888     0.678    -4.729  130  107  120   -1
 161   -12.094     5.584    -7.159   73   57   68   -1
 162    -1.118     6.999    -4.380   60   45   52   -1
 163    -7.568    -8.516    -0.744  226  195  225   -1
 164     6.194    10.953     6.455   22   14   10   -1
 165    -0.257     5.169     6.938   80   63   70   -1
 166    -2.919   -11.141     1.157  253  220  256   -1
 167     1.180     6.989     3.932   58   44   51   -1
 168     4.247    10.174    -4.703   33   26   28   -1
 169     3.926     6.130     8.308   66   50   58   -1
 170    10.943    -0.681     3.643  147  122  138   -1
 171    -9.789    -3.417    -4.349  171  144  168   -1
 172    -5.294     2.988     9.379  103   82   95   -1
 173    -0.738     8.447     9.294   45   35   39   -1
 174    10.361    11.680     3.137   10    5    2   -1
 175   -12.364    -7.406    -5.610  215  178  208   -1
 176    -8.578     4.671    -8.540   92   73   86   -1
 177    -6.134    -3.591    -4.728  174  146  171   -1
 178     5.007     9.871     9.595   32   24   27   -1
 179   -11.231     5.149    -9.313   84   66   77   -1
 180     9.745     8.316    -7.366   51   38   41   -1
 181     9.613     5.275     4.510   83   58   66   -1
 182    -7.325     1.438     8.771  119   96  110   -1
 183     9.325    11.044     4.160   24   15    8   -1
 184    -8.356     2.388    -6.524  106   85  100   -1
 185     0.862     4.613     7.443   91   71   80   -1
 186   -11.764    -8.622    -4.609  227  194  222   -1
 187    -6.155    10.685     3.741   23   19   21   -1
 188    -6.769     9.112    -2.992   40   33   36   -1
 189    -9.093     0.783     5.393  127  103  117   -1
 190     4.864     5.809    -7.645   74   56   62   -1
 191    -1.653    -5.755     7.254  196  165  194   -1
 192    -1.444    -8.189     4.959  221  190  223   -1
 193     0.018   -11.838     6.522  261  226  262   -1
 194    11.753    11.867    -1.535   11    6    0   -1
 195    -1.760    -5.082     4.117  191  161  189   -1
 196     0.055    12.090    -0.035    2    2    1   -1
 197    -5.403     0.667    -4.083  128  109  122   -1
 198     1.240    11.610    -0.657    7    7    5   -1
 199     9.287    11.382     0.944   20   10    4   -1
 200    -4.512    11.068     9.845    9    9   12   -1
 201     9.288    -8.540     7.556  225  197  231   -1
 202     6.740    10.389     9.125   26   21   19   -1
 203     3.653    -7.063    -6.819   -1  176  207   -1
 204    -6.376   -11.455    -6.928  254  219   -1   -1
 205    -0.983     3.922    -6.899   -1   77   90   -1
 206    -3.014     6.209    -8.079   68   52   -1   -1
 207     5.241    -6.214    -9.057   -1  166  196   -1
 208    -9.371     9.459    -8.722   36   31   -1   -1
 209    -3.328    12.295    -2.396   -1    0    3   -1
 210     6.440   -11.912     3.711  260  223   -1   -1
 211    -8.457    -8.162    -7.111  220  187   -1   -1
 212     9.030     3.549     1.034  101   -1   92   -1
 213    -4.302     4.956    -4.306   86   68   -1   -1
 214     0.141    -3.800     1.279  177   -1  176   -1
 215     6.994     9.060     3.307   44   -1   32   -1
 216    11.349    -8.244     3.756   -1  191  228   -1
 217    -4.401   -10.180    -3.682  242   -1  245   -1
 218     9.026     2.360     2.699  107   -1   98   -1
 219     5.301    10.598    -7.808   29   -1   24   -1
 220    -5.944    -3.237     9.775  169   -1  167   -1
 221    -5.736    -0.256     6.742  139   -1  131   -1
 222     6.427    -0.561    -1.953  144  119   -1   -1
 223    -9.178    11.132     2.800   15   17   14   -1
 224    -8.946     3.217     9.104  102   81   -1   -1
 225   -11.038     5.021    -4.685   85   -1   79   -1
 226   -12.646    10.967    -4.481   19   -1   22   -1
 227    -9.941   -12.477    -9.242   -1  224  259   -1
