231
   1    -4.370     0.639     4.568  126  117  122   -1
   2     5.157    -2.717    -2.133  160  149  160   -1
   3    -8.831    -4.401     7.036  184  169  180   -1
   4     2.070    -1.641     7.019  147  136  144   -1
   5   -11.282     0.799    -4.334  122  113  118   -1
   6     6.957    -3.821    -2.018  172  159  174   -1
   7    -2.118    -5.403     9.999  196  180  191   -1
   8    10.779    -3.169     0.443  164  154  164   -1
   9     4.280     2.661     3.383  108  102  104   -1
  10    -1.367    -0.288     6.103  133  125  129   -1
  11    -6.372    -6.021    -2.670  201  183  194   -1
  12   -10.458     4.522    -1.257   74   71   75   -1
  13   -10.947    -3.837    -0.295  173  160  171   -1
  14    -5.721    -0.954     2.527  144  134  138   -1
  15     5.353     3.360    -4.934   99   90   94   -1
  16    -4.977     3.340    -5.026   97   92   95   -1
  17     4.593   -11.148     0.026  251  229  245   -1
  18    -1.539    -6.497     3.114  208  189  200   -1
  19     5.759     7.234    -9.078   52   50   50   -1
  20     9.530    -7.802     6.895  223  204  221   -1
  21    -6.108    -3.366     5.959  171  158  169   -1
  22    -8.020    -0.550     4.384  138  130  134   -1
  23    -3.361   -10.924     5.886  255  231  242   -1
  24     0.636    -1.914    -0.578  150  139  148   -1
  25     1.835     1.618    -6.729  117  107  110   -1
  26     9.602    -9.949    -0.878  242  220  237   -1
  27     7.577    -3.990     8.291  175  163  176   -1
  28    -8.604     3.715     6.755   91   84   89   -1
  29     5.198     8.151    -5.423   45   42   44   -1
  30    11.541    -6.987     0.536  210  191  210   -1
  31     3.889     3.370     1.369   96   87   93   -1
  32     0.049     5.859    -6.681   62   60   60   -1
  33    -2.830     6.028     8.031   58   56   59   -1
  34    -8.406    -7.343     1.443  218  198  211   -1
  35    -0.240    -9.591    -3.961  241  216  230   -1
  36     1.823    -5.078    -3.580  187  171  184   -1
  37    -7.367    -4.484    -5.498  182  167  178   -1
  38     4.997     7.026     2.621   50   49   49   -1
  39    -6.931     4.318     1.182   80   73   77   -1
  40    -1.805     1.966     8.944  114  105  108   -1
  41     4.260    -5.877     9.847  199  185  198   -1
  42    -3.913    -0.301     2.358  134  126  130   -1
  43     5.736    -3.234     0.815  166  155  165   -1
  44    -6.691     0.665     7.213  124  116  121   -1
  45   -11.158     2.871    -0.447  105   99  103   -1
  46     3.520     1.234    -8.955  119  110  112   -1
  47    -0.199     9.230     7.547   31   27   29   -1
  48     3.893     9.659     9.169   27   23   25   -1
  49    -1.255    -0.923    -6.849  142  133  137   -1
  50    -6.530     1.650     4.458  116  106  109   -1
  51     2.891    -7.465    -6.752  215  196  212   -1
  52     3.182    -3.235     8.901  168  156  168   -1
  53     8.209     3.240    -6.597  101   94   96   -1
  54     1.431     8.973    -5.723   40   37   37   -1
  55     9.139    -9.492    -0.980  237  217  233   -1
  56    -3.032     8.427     1.819   43   40   39   -1
  57     4.003    -8.139    -3.803  227  205  220   -1
  58    -0.406     5.051     4.338   68   64   68   -1
  59     8.100     3.468     9.884   95   86   91   -1
  60     4.505     8.892     8.731   34   31   31   -1
  61    -7.663     6.403    -7.211   56   55   58   -1
  62    -2.894    -7.165    -2.526  214  193  207   -1
  63    -3.877    -4.445    -3.293  181  166  179   -1
  64    -8.989    -2.962     0.959  163  152  161   -1
  65    -6.217     4.772    -7.749   72   67   72   -1
  66    -0.580     9.575    -0.615   29   26   28   -1
  67    -2.239    -6.989     4.060  213  194  206   -1
  68     8.634    -0.700    -2.892  140  131  135   -1
  69     0.481     0.935     5.162  121  112  115   -1
  70    -3.167    11.959    -8.672    8    7    9   -1
  71     5.750    -8.170    -9.307  225  203  218   -1
  72    -3.345     5.500    -5.094   63   61   63   -1
  73    -8.371   -10.628     4.192  250  225  239   -1
  74    -0.946     7.655    -6.681   48   46   48   -1
  75     3.974    -5.294     3.952  190  175  189   -1
  76     8.670     9.046    -1.666   38   35   32   -1
  77     0.255     4.297    -7.572   83   78   81   -1
  78     2.511     5.212    -1.708   67   62   65   -1
  79    -0.977    -5.525    -5.402  192  177  190   -1
  80     7.971    -8.404    -3.145  230  208  222   -1
  81     2.846    11.802    -5.755   11    8    6   -1
  82     2.972    -2.310    -9.052  154  142  153   -1
  83    -2.179   -11.095    -2.686  252  227  241   -1
  84    -0.148     4.428     7.503   75   69   73   -1
  85     7.060    -8.997    -3.923  233  211  224   -1
  86    -2.022    10.241    -8.476   25   25   26   -1
  87    -0.614    -5.973     8.713  202  186  197   -1
  88    -0.532     0.369     3.519  128  120  125   -1
  89    -3.988    -5.457     0.425  194  178  188   -1
  90    -0.624    -1.855    -5.910  149  137  146   -1
  91    -3.051    -7.708    -2.750  220  199  216   -1
  92    -4.520   -10.641    -3.388  249  224  238   -1
  93    -6.211     4.071     3.583   84   79   85   -1
  94    -3.670    -2.514     9.724  159  148  156   -1
  95    -8.234    -5.538    -6.752  195  176  187   -1
  96    -7.667   -10.427    -5.559  246  222  236   -1
  97    -8.835    -0.190     4.348  132  124  128   -1
  98     9.182     7.003    -7.120   53   51   53   -1
  99     5.665    11.202     2.216   14   10   10   -1
 100   -10.350    10.648    -2.066   17   19   21   -1
 101     0.019    -9.092     7.707  238  215  228   -1
 102    -6.629    -7.557     3.026  222  201  214   -1
 103   -11.697     4.409    -6.719   77   75   80   -1
 104     2.320    -4.318     6.296  179  168  181   -1
 105    -7.148    -5.222     1.754  191  174  185   -1
 106   -10.311     5.294    -5.739   64   63   69   -1
 107    -0.248     7.590     5.511   46   43   46   -1
 108    -2.888    -8.288    -5.922  231  206  219   -1
 109     0.542    -5.630     1.301  197  181  192   -1
 110    -4.294     7.169    -2.383   49   48   52   -1
 111     1.204     5.170    -2.649   69   65   67   -1
 112    -0.139    -6.160    -6.050  200  184  196   -1
 113    -5.651     0.561     0.978  127  119  123   -1
 114     7.058     4.354    -2.679   82   74   74   -1
 115   -11.537     0.266    -6.390  129  121  127   -1
 116    -8.655    -9.175     2.917  240  213  226   -1
 117     2.534     0.734    -6.907  123  115  120   -1
 118    -2.504    -9.117     6.229  239  214  227   -1
 119    -4.179    -0.424     7.917  135  127  131   -1
 120    -4.569    -3.291     8.303  170  157  167   -1
 121     1.018    -7.218    -6.079  212  192  208   -1
 122     5.917    10.863     9.059   16   11   11   -1
 123    -5.207    -2.501     2.809  158  147  155   -1
 124    -7.841     9.265     2.004   30   28   34   -1
 125    -7.588     8.587    -7.451   42   41   41   -1
 126   -10.614    -7.426    -1.735  219  197  209   -1
 127   -11.001     5.221    -6.616   65   66   70   -1
 128    -3.006     5.585     8.344   60   58   61   -1
 129    -4.429    -4.714    -0.309  185  170  182   -1
 130     6.056     3.668    -1.861   94   85   90   -1
 131    -9.484    -2.220     5.415  155  143  152   -1
 132    -8.846    -3.097    -3.830  165  153  162   -1
 133     7.728     6.714    -3.969   55   53   57   -1
 134    -3.659     9.408    -5.096   32   30   33   -1
 135     2.421    -2.175     1.465  153  141  151   -1
 136     1.006     8.986     1.806   35   34   35   -1
 137    -8.730   -10.075     4.795  247  223  235   -1
 138    -7.823    -3.939    -0.733  176  162  173   -1
 139     4.779     9.798     4.786   28   24   24   -1
 140   -10.570    -5.069    -0.739  189  173  183   -1
 141   -11.449    10.522    -3.728   18   20   23   -1
 142   -10.573    -1.141     2.271  146  135  140   -1
 143    -0.294   -11.194    -3.547  253  228  243   -1
 144    -6.195     4.030    -9.539   90   83   88   -1
 145   -10.959    -9.790     4.356  245  221  232   -1
 146    -5.196     8.696     3.586   36   36   38   -1
 147   -11.261     1.192     1.530  118  109  113   -1
 148    -3.254   -11.569     3.588  263  236  250   -1
 149    -9.291    -7.100     0.308  216  195  205   -1
 150     4.248    -6.626     3.471  209  190  203   -1
 151   -10.712   -12.038    -8.895  264  235  248   -1
 152    11.841     3.466    -7.561   98   89   92   -1
 153     2.790    10.750    -0.479   19   17   16   -1
 154   -11.619    -2.143    -6.159  152  140  149   -1
 155     3.646     6.870     8.579   51   47   51   -1
 156    -8.926   -10.706     6.498  254  226  240   -1
 157    -2.181     4.406    -0.260   78   72   76   -1
 158   -11.640     5.802    -3.365   59   59   62   -1
 159    -6.017    -7.723    -2.976  221  200  215   -1
 160   -12.445    10.996    -5.456   13   16   20   -1
 161    -2.168     2.930     9.161  102   95   99   -1
 162   -11.652   -10.071    -6.993  244  219  231   -1
 163    -5.910    10.838     4.551   12   14   17   -1
 164    -8.378    -1.893     0.339  151  138  147   -1
 165     2.879     0.991     6.420  120  111  114   -1
 166     8.640    10.682     2.360   22   15   14   -1
 167    -6.839   -11.234     0.923  257  232  244   -1
 168    -2.249     4.041     5.697   86   81   84   -1
 169     3.736     7.721    -1.299   47   44   45   -1
 170    -5.133    12.116    -9.329    6    6    8   -1
 171    -5.075    -8.948    -4.185  234  209  223   -1
 172     8.371     4.615    -3.680   76   70   71   -1
 173     9.444    -5.577     1.333  193  179  193   -1
 174    -0.325    -6.156     2.432  203  187  199   -1
 175    -9.955    -3.822     4.078  174  161  172   -1
 176    -4.187    -2.771    -3.929  162  150  158   -1
 177    -7.015     4.200    -7.706   85   82   87   -1
 178     2.200     4.210    -5.560   87   80   82   -1
 179     5.795    -0.776     7.005  141  132  136   -1
 180     5.593    -6.050    -8.764  198  182  195   -1
 181    -6.852     3.052     9.733  100   93   97   -1
 182    -7.834    -9.608    -1.392  243  218  229   -1
 183     4.673    -0.522     8.827  137  129  133   -1
 184     5.837     2.970     4.824  104   96   98   -1
 185   -10.272     4.383    -8.669   81   77   83   -1
 186    -6.366     2.441    -6.123  111  104  107   -1
 187    -1.890   -11.782    -9.638  258  234  247   -1
 188     6.059     2.924    -9.308  107  100  102   -1
 189     3.206    12.414    -9.223    4    4    0   -1
 190     0.020    10.105     6.087   24   21   22   -1
 191     4.816    10.850    -5.594   21   18   18   -1
 192    -0.671    11.762     9.205    0    0    3   -1
 193   -11.999    -7.841    -1.438  228  202  217   -1
 194    -5.598     2.905     7.160  103   97  100   -1
 195    -8.617    -2.403     1.202  157  146  154   -1
 196     5.000    -4.169     9.539  178  165  177   -1
 197    -4.050     2.534     3.176  109  103  106   -1
 198    -1.415    12.115     0.148    2    2    1   -1
 199    10.454    -6.445     0.965  205  188  202   -1
 200     3.645    12.129    -8.538   10    5    5   -1
 201    -4.879     8.939     4.049   33   33   36   -1
 202   -12.303     8.631    -3.127   39   39   42   -1
 203     9.017     6.715    -2.490   54   54   55   -1
 204    -6.998    -2.709     4.156  161  151  159   -1
 205    -9.408    10.387    -7.622   23   22   27   -1
 206   -12.462     4.395    -5.039   79   76   79   -1
 207     1.873   -11.593    -8.519  256  230  246   -1
 208    -5.932     0.728    -4.498  125  114  119   -1
 209   -12.677    -2.326    -3.812  156  144  150   -1
 210    -3.773    11.278    -0.335   -1   12   13   -1
 211     9.267     7.294     8.739   -1   45   47   -1
 212   -12.825    -6.923    -4.878  211   -1  201   -1
 213    11.578     0.242     5.894   -1  122  126   -1
 214   -10.495    11.857     2.995   -1    3    7   -1
 215     0.282    -4.232    -1.586  177  164   -1   -1
 216    -4.788    10.962     1.545   -1   13   15   -1
 217    -7.215    -9.196    -9.762  235  210   -1   -1
 218    -6.830   -12.014     1.031   -1  237  251   -1
 219    11.837     6.106    -9.736   61   57   -1   -1
 220   -13.131    11.782    -1.689    1   -1   12   -1
 221   -11.262    11.366     2.384    7    9   -1   -1
 222    12.524     4.166    -3.279   89   -1   78   -1
 223     3.139     8.810    -1.302   41   38   -1   -1
 224     3.143     2.907    -2.354   -1   98  101   -1
 225    -6.257    -9.240    -6.573  236  212   -1   -1
 226    -0.738    -8.122    -0.409  229  207   -1   -1
 227     6.093    -1.010    -6.084  143   -1  139   -1
 228     5.320     6.775     0.808   -1   52   54   -1
 229    -2.438     4.098    -2.913   88   -1   86   -1
 230    -5.057     1.488     9.422   -1  108  111   -1
 231   -11.739    -5.077    -2.896  188  172   -1   -1
