244
   1    -5.927     0.603     1.182  121  115  127   -1
   2     1.576    -0.107    -5.481  131  124  137   -1
   3    -6.111    -0.814    -2.006  136  128  142   -1
   4     4.680    -9.920     1.089  231  213  238   -1
   5    -9.308    -5.972     2.422  191  177  198   -1
   6     5.963    -8.379    -4.214  211  196  220   -1
   7    11.373     6.904    -6.711   54   51   49   -1
   8   -10.334    -1.942    -5.146  151  140  156   -1
   9   -11.361    -1.078    -3.175  143  134  148   -1
  10    -0.631   -11.609    -4.991  251  227  255   -1
  11    -4.762     1.067    -0.833  115  108  120   -1
  12    -3.712     0.589    -5.285  122  116  129   -1
  13     1.365     0.999    -3.292  116  109  121   -1
  14     5.982    -6.562     0.649  194  183  205   -1
  15     0.421    -5.434    -0.459  185  174  193   -1
  16    -8.042    -9.963    -9.627  232  208  230   -1
  17    -4.066    -6.167     2.770  192  180  202   -1
  18     3.879     4.816    -3.050   66   67   68   -1
  19    -7.410    -4.862     9.383  180  167  188   -1
  20     2.817    -9.278    -6.074  220  202  224   -1
  21     3.657    -2.902     0.310  159  148  166   -1
  22    -3.286     0.011    -1.859  128  122  134   -1
  23     1.629     7.564     9.290   35   35   39   -1
  24    -6.877     6.561     2.414   50   54   55   -1
  25    -3.448    -7.768     1.328  207  188  210   -1
  26     1.369     7.958     7.631   31   32   35   -1
  27     4.795    -0.535     8.929  135  127  140   -1
  28    -7.708     4.891    -5.008   64   65   71   -1
  29    -1.085     3.063    -9.060   93   88   95   -1
  30    -3.809     3.985    -0.260   75   74   79   -1
  31    -2.220   -11.280    -5.921  245  220  246   -1
  32    -6.218     0.792     9.352  118  111  123   -1
  33   -10.920     3.320    -5.518   86   84   92   -1
  34    -8.870    -7.128    -9.281  198  184  206   -1
  35    -2.390    -4.929     7.692  179  168  189   -1
  36    -2.277     0.025     9.037  127  121  133   -1
  37     9.290    -7.974     6.375  209  195  219   -1
  38    -2.810    -1.728     1.044  149  138  153   -1
  39    -6.201     1.826     4.800  105  101  113   -1
  40    11.120    -5.829     2.783  188  176  199   -1
  41     5.214     1.856     1.790  106  100  110   -1
  42     1.456    -1.148     3.928  146  136  150   -1
  43     3.526   -11.184     6.141  247  229  258   -1
  44     7.449    -9.525     2.959  223  210  235   -1
  45     5.889     2.824     5.063   97   90   98   -1
  46     0.956     2.135    -3.062  102   96  107   -1
  47   -10.508     4.633    -9.761   68   70   73   -1
  48    -0.001     2.878     5.216   95   89   97   -1
  49     2.868     6.723     2.933   49   50   52   -1
  50   -12.271    -9.657    -5.636  230  206  225   -1
  51     3.007    -1.758     2.334  150  139  155   -1
  52    -1.886    -0.874    -5.422  138  129  143   -1
  53   -11.519     5.323    -3.824   59   60   64   -1
  54    -0.137    -0.096     0.730  130  123  136   -1
  55     1.094    11.965    -8.818    3    4    5   -1
  56    -8.174    -3.475    -0.988  164  151  170   -1
  57    -9.037     7.081     1.925   39   45   48   -1
  58    -4.730    -4.869     4.091  177  166  187   -1
  59    -8.816     9.079    -3.805   29   28   31   -1
  60     0.987    -6.894     4.343  197  185  207   -1
  61     3.294    -3.616     1.453  165  154  174   -1
  62    11.639    -2.146    -0.915  152  142  159   -1
  63     0.491     7.023    -4.577   47   49   50   -1
  64     2.505   -11.069    -3.488  241  218  247   -1
  65     1.422     1.364    -5.226  110  105  117   -1
  66     4.687    -2.804    -4.206  158  147  165   -1
  67     4.783    -4.183     4.853  171  160  180   -1
  68    -2.210    10.194     3.011   14   13   17   -1
  69    -5.720     6.489     3.839   52   55   56   -1
  70    -0.979     6.481     7.824   53   52   54   -1
  71     0.999    -7.939     1.226  210  192  213   -1
  72    -0.541     7.066     2.892   42   44   47   -1
  73     0.230    -4.290     3.359  173  162  181   -1
  74     2.018   -11.690    -1.845  256  231  259   -1
  75     4.626    -0.353    -0.550  133  125  138   -1
  76    10.165    -0.395    -9.358  134  126  139   -1
  77     4.523    -5.953     5.774  189  178  200   -1
  78    -4.849    10.595     7.822    8    8   11   -1
  79    -3.979     1.853     6.972  104   99  111   -1
  80    -7.471    -1.045    -0.097  142  133  147   -1
  81     2.026     1.355     6.449  109  104  116   -1
  82    -0.591     6.753    -4.173   51   53   53   -1
  83    -7.119     3.526     1.268   83   79   87   -1
  84    -4.396     1.293    -4.270  112  107  119   -1
  85     7.978   -10.465    -9.608  234  214  239   -1
  86     2.099    -0.902    -6.773  139  130  145   -1
  87     5.787    -4.345    -3.955  172  161  182   -1
  88    -8.199    -9.571     5.123  233  211  232   -1
  89    -0.514    -7.846    -9.757  200  187  209   -1
  90    11.700    11.250    -1.745   10    6    8   -1
  91     1.352     2.677    -7.862   98   92  102   -1
  92    -1.436     9.632     6.159   19   20   23   -1
  93    -7.835     2.963    -8.969   94   91  100   -1
  94   -11.425     9.985    -4.459   16   21   26   -1
  95    -7.319   -11.872    -5.875  260  232  257   -1
  96     5.365    -3.498     4.076  163  153  171   -1
  97    -7.820    -7.571    -2.338  201  186  208   -1
  98    12.070     7.127     1.556   45   43   43   -1
  99    -1.521     1.321    -4.425  111  106  118   -1
 100    -2.045     9.545     2.986   22   24   25   -1
 101     8.212     1.981     1.265  103   97  108   -1
 102    10.747    -3.750    -0.987  167  156  177   -1
 103    -7.682    -8.321     4.674  214  198  218   -1
 104    -8.558    -8.705    -9.940  215  197  217   -1
 105    -8.096    11.077    -6.374    7    9   12   -1
 106     2.357    -1.026    -8.104  141  132  146   -1
 107    -6.860   -10.408     7.481  240  217  241   -1
 108     1.703    -9.410    -1.829  222  205  229   -1
 109    -1.028     7.070     5.879   40   41   46   -1
 110     2.834   -10.803     9.191  244  224  253   -1
 111     3.999     3.940    -5.755   79   76   80   -1
 112    -2.821    -4.943     9.806  181  169  190   -1
 113     4.991     7.144     2.793   43   42   44   -1
 114    10.692     7.545    -7.997   41   40   41   -1
 115    12.134    -4.690     0.381  174  164  186   -1
 116    -3.454     5.964    -5.091   55   56   58   -1
 117     8.173     9.965     1.490   20   17   18   -1
 118    -7.710     8.542     5.908   30   30   33   -1
 119     6.240    -8.110    -6.697  206  190  214   -1
 120     7.966    10.287    -7.357   18   18   16   -1
 121     2.575     1.805     6.566  107  102  112   -1
 122    10.531    -5.727    -8.148  186  175  197   -1
 123    -5.394    -4.809    -5.233  176  165  183   -1
 124     9.190    -5.365    -2.047  182  171  194   -1
 125     4.639     0.975     1.765  117  110  122   -1
 126   -11.161     4.477    -2.573   70   71   74   -1
 127   -10.010     3.010     0.234   91   87   96   -1
 128     2.950     9.147     7.026   26   27   28   -1
 129    -3.079    -6.383     3.301  195  182  204   -1
 130    -2.824   -10.552    -0.255  238  216  240   -1
 131    11.106     4.584    -5.036   72   69   72   -1
 132     6.000     2.270     2.390  101   95  105   -1
 133    -0.465    -9.776    -4.588  228  209  233   -1
 134     2.221     0.635    -3.873  120  113  125   -1
 135     8.914     3.585    -4.909   84   80   84   -1
 136     0.391    -3.965     1.818  170  159  179   -1
 137    11.373    -7.989    -0.795  203  191  216   -1
 138    -3.781   -11.392    -4.598  249  223  249   -1
 139     6.943    -3.661     2.943  166  155  176   -1
 140     9.998    -3.574    -1.905  162  152  172   -1
 141     1.473     7.426     0.892   38   39   42   -1
 142     5.873     0.365    -6.424  124  118  130   -1
 143    -6.567    -6.396    -1.740  193  181  203   -1
 144    -0.991     3.271     9.615   85   81   89   -1
 145     0.505    10.023     5.704   15   14   19   -1
 146     2.659     3.042     5.593   92   86   94   -1
 147    -4.134    10.569     4.422   11   10   13   -1
 148    -6.940   -11.643    -8.645  254  225  250   -1
 149     9.132     0.242    -8.985  126  120  132   -1
 150     5.111     3.247     5.033   88   82   90   -1
 151     7.901    11.386     5.745    5    3    4   -1
 152     8.570    -5.492    -5.656  184  172  195   -1
 153    -5.937    -0.916    -8.451  140  131  144   -1
 154     7.139     2.531     1.160   99   93  103   -1
 155    -3.207     5.710    -2.103   57   58   60   -1
 156     7.928    -1.526    -5.286  148  137  152   -1
 157    -5.261   -11.786    -6.468  257  230  254   -1
 158     5.788    10.221    -8.752   21   19   20   -1
 159     1.116    -8.866     3.109  216  201  223   -1
 160    -6.584     5.256    -3.486   60   61   63   -1
 161     7.748    -2.512     4.946  157  146  164   -1
 162    -8.979    -9.634     8.156  235  212  234   -1
 163     0.098    10.053     9.845   13   12   15   -1
 164    -7.166    -8.700     4.853  218  200  221   -1
 165    10.253     9.758    -1.815   25   22   21   -1
 166    -4.066     4.089     3.256   73   73   77   -1
 167     5.449     4.940    -4.512   65   64   66   -1
 168    -5.363   -11.376    -2.164  252  226  251   -1
 169   -11.560    10.869    -5.397    9   11   14   -1
 170    -9.383    -2.457    -9.750  156  143  161   -1
 171     8.129     7.642     2.990   37   36   38   -1
 172    -2.190     6.820     3.044   46   48   51   -1
 173    -7.755    -8.161    -2.305  212  194  212   -1
 174     1.376    11.705     8.866    2    1    2   -1
 175     5.593     7.012     2.894   44   47   45   -1
 176     0.701     7.423     8.830   36   38   40   -1
 177     4.583    -2.956     8.503  160  149  168   -1
 178   -12.082   -11.067    -0.253  250  222  243   -1
 179    -8.365     3.564     8.562   81   78   86   -1
 180     9.034    -2.386     4.116  155  145  163   -1
 181     3.460   -11.759     5.324  259  237  264   -1
 182    -0.532     7.869     5.799   32   33   37   -1
 183    -4.165    -9.681    -9.242  225  204  228   -1
 184     6.725   -11.475     7.763  255  233  263   -1
 185     7.734    -2.411    -2.937  154  144  162   -1
 186     2.207     3.318    -8.806   90   85   91   -1
 187     3.090     5.682    -0.088   58   57   59   -1
 188     6.858     0.571    -7.261  123  117  128   -1
 189   -11.058    -1.144    -7.265  145  135  149   -1
 190     3.538    -3.925    -0.827  168  158  178   -1
 191    -5.666   -11.047     8.672  253  228  252   -1
 192     4.124    -7.648     7.793  204  189  211   -1
 193    11.342    -9.470     2.559  221  207  236   -1
 194    -6.526   -11.981    -2.513  264  235  260   -1
 195     5.146    -4.842    -7.985  175  163  184   -1
 196     6.392     9.844    -4.186   24   23   22   -1
 197    10.414     3.385    -8.782   89   83   88   -1
 198    -7.755    11.213     3.123    4    5   10   -1
 199    10.584     4.841    -7.349   67   68   67   -1
 200    -2.722    -5.188     2.092  183  170  191   -1
 201     4.122     3.639     7.956   82   77   81   -1
 202    -1.414     9.872    -8.581   23   25   27   -1
 203     5.872    -3.228    -8.540  161  150  169   -1
 204     0.344   -11.532     9.738  261  236  262   -1
 205    -8.271     0.652    -9.397  119  114  126   -1
 206     8.376   -10.608    -4.504  236  215  242   -1
 207   -10.727    -5.405     1.297  187  173  192   -1
 208   -10.998    -2.074    -5.387  153  141  157   -1
 209    -6.651   -11.335    -9.612  246  219  244   -1
 210    -2.379     4.182     2.373   74   72   75   -1
 211    -8.877     7.422     9.683   33   37   -1   -1
 212   -12.568    -3.801    -3.273  169   -1  173   -1
 213   -10.337     1.524     6.382  108  103   -1   -1
 214    10.050    10.678     7.442   -1    7    9   -1
 215    10.184     8.620     7.703   -1   29   29   -1
 216    13.140     8.205    -4.282   34   -1   34   -1
 217    10.445     2.256     6.583   -1   94  104   -1
 218   -11.304     9.992     5.058   12   15   -1   -1
 219    -3.405     4.975    -9.461   -1   66   70   -1
 220   -12.536    12.190    -7.528   -1    2    7   -1
 221     6.007     9.105     8.972   27   26   -1   -1
 222    13.548     5.326    -2.979   62   -1   61   -1
 223     2.699    -8.585     0.944  213  199   -1   -1
 224    11.715     5.992     0.469   56   -1   57   -1
 225   -11.634    -9.103     0.351  224   -1  222   -1
 226   -12.060     2.349    -0.916  100   -1  106   -1
 227     2.241     3.914     3.672   77   75   -1   -1
 228     2.544   -11.951     4.012  263  238   -1   -1
 229    -9.027     3.774    -7.868   80   -1   85   -1
 230     2.557   -10.500     9.225  239   -1  245   -1
 231     5.678   -12.213    -1.292  262  239   -1   -1
 232     8.234    -8.302    -9.029  208  193   -1   -1
 233    -8.666     3.721     3.456   78   -1   83   -1
 234     5.711     8.116    -8.251   -1   34   36   -1
 235     3.837    -1.337     7.371  147   -1  151   -1
 236     4.887     0.341    -2.893   -1  119  131   -1
 237   -13.858     8.907    -1.977   28   -1   32   -1
 238     1.803     5.373     3.386   -1   59   62   -1
 239    -0.708    -3.632     9.118   -1  157  175   -1
 240    -8.841     0.774    -7.843   -1  112  124   -1
 241     0.655    -9.206     0.934   -1  203  227   -1
 242     3.732   -10.889     3.381  242  221   -1   -1
 243   -13.006    -5.977    -3.947  190   -1  196   -1
 244   -13.188    -0.817    -0.579  137   -1  141   -1
