202
   1     3.650     1.777     3.516   93   80   91   -1
   2     4.493    -2.225     2.036  134  116  133   -1
   3    -8.895    -0.643    -0.135  119  103  120   -1
   4     8.137    -5.098    -7.135  164  139  164   -1
   5   -11.702    -7.628    -7.837  187  157  184   -1
   6    -1.988     4.739     6.409   60   53   58   -1
   7     4.276   -11.159    -7.167  229  199  228   -1
   8    -0.148    -5.580    -5.515  167  142  167   -1
   9     9.035    -4.218     0.490  153  133  157   -1
  10     4.884    -3.493    -2.694  150  131  153   -1
  11    -4.333    -3.169     4.026  149  129  148   -1
  12     6.322    -8.693     7.333  202  176  204   -1
  13    -5.252    -1.038     3.202  122  106  123   -1
  14     0.083   -10.834     6.878  235  203  230   -1
  15   -10.171     2.036    -2.721   90   77   89   -1
  16     6.057     4.729    -6.077   63   54   61   -1
  17    -1.284    -7.601    -0.173  185  160  187   -1
  18     8.596    11.271     2.199    2    3    2   -1
  19    -8.512     1.562    -4.946   98   83   95   -1
  20     2.138   -11.212    -4.138  233  202  232   -1
  21     1.476     7.287    -0.685   33   27   32   -1
  22     1.558    -4.411     1.466  158  136  158   -1
  23    -1.220   -11.383    -8.951  236  200  229   -1
  24     8.555     7.874     0.938   29   22   27   -1
  25     8.238    -1.994     3.565  131  114  132   -1
  26    -6.403    -6.396    -0.785  174  150  176   -1
  27     8.120     2.462     3.284   86   73   82   -1
  28     7.704    -9.166    -4.846  205  177  207   -1
  29    -4.912    -2.781     9.249  144  124  142   -1
  30     5.425    -6.059    -8.738  168  145  173   -1
  31     2.650     9.402    -4.967   17   13   16   -1
  32    -6.863    -8.491     3.784  201  171  197   -1
  33     1.036    -8.548    -3.827  199  170  198   -1
  34     3.786     6.946    -2.456   37   32   36   -1
  35   -10.173     6.886     5.397   34   29   38   -1
  36   -10.192    -1.022     0.880  121  105  122   -1
  37    -2.226     2.854    -4.450   80   68   77   -1
  38     3.993    11.056     7.606    1    2    3   -1
  39    -8.217   -11.091    -7.348  234  198  223   -1
  40     6.645     0.789     3.161  107   91  105   -1
  41    -1.946     8.704    -1.725   21   16   20   -1
  42     3.524     0.998     4.539  105   87  101   -1
  43    -5.944    -5.737     4.203  169  144  169   -1
  44     4.631     5.747     2.886   49   43   49   -1
  45   -11.322   -10.353    -2.401  224  187  211   -1
  46     7.187     5.337    -0.721   52   47   52   -1
  47   -11.338     5.635    -6.559   50   44   53   -1
  48    -4.011    -8.730     8.523  210  179  201   -1
  49    -6.664   -11.541     3.530  245  211  239   -1
  50     0.642    -6.785     4.732  180  153  180   -1
  51     0.909     1.740     6.370   95   81   92   -1
  52    -6.313     8.709    -2.548   20   17   23   -1
  53     4.005     6.118     5.337   45   41   46   -1
  54     1.072     5.093    -9.814   59   51   57   -1
  55    -6.477     1.493    -9.010   99   84   96   -1
  56    -9.390     3.398     3.610   71   62   71   -1
  57    10.365     9.740    -1.483   16   12   13   -1
  58    -4.065     8.150     7.591   25   19   25   -1
  59    -7.840     3.491     8.284   69   61   69   -1
  60     0.112    -7.407     9.922  186  163  189   -1
  61    10.569    -8.917    -5.932  200  172  203   -1
  62     6.223    -2.546    -3.361  139  121  140   -1
  63    -5.359   -10.395     3.329  227  191  219   -1
  64   -10.921     8.639    -2.278   18   18   24   -1
  65     0.971   -10.124    -6.755  215  183  210   -1
  66    -8.614     6.123     8.686   42   39   47   -1
  67     6.003     0.534    -0.474  111   94  107   -1
  68     4.300    -2.933    -8.813  142  123  143   -1
  69    -7.714    -7.466     5.675  188  161  185   -1
  70     2.685   -10.898    -7.890  222  195  225   -1
  71     0.764     1.041    -9.900  104   88  102   -1
  72     1.595     5.786     6.862   48   42   48   -1
  73    12.100    -0.816    -4.900  120  104  121   -1
  74     6.939    -4.723    -7.319  160  137  160   -1
  75     0.691   -10.791    -5.518  225  193  224   -1
  76    -6.031    -4.434    -6.953  157  134  156   -1
  77    -0.123   -11.561     9.035  247  213  244   -1
  78    -5.688     6.799    -5.120   39   34   42   -1
  79     0.821     3.573     8.269   68   59   68   -1
  80    -9.764     4.042    -1.232   66   57   65   -1
  81    -3.341   -11.388     3.991  241  208  237   -1
  82    -4.380   -10.616    -3.138  226  189  221   -1
  83    -7.095     2.894    -2.853   77   67   76   -1
  84    -2.904    -0.624    -9.787  118  102  119   -1
  85    10.741     5.275     3.230   53   46   50   -1
  86    -6.728    -1.327    -9.261  125  109  126   -1
  87   -11.805    -8.665     2.334  208  173  199   -1
  88    -0.286    -6.037    -5.571  170  146  171   -1
  89    -2.817     0.161     2.039  112   95  111   -1
  90    -6.834     7.548     3.985   27   24   30   -1
  91    -3.716    -3.161    -5.762  146  127  146   -1
  92     3.558     4.946     9.494   57   49   55   -1
  93    -3.138   -11.876    -8.667  242  205  238   -1
  94    -3.627    -9.325     7.541  212  180  208   -1
  95   -10.731    -4.222    -2.313  155  132  154   -1
  96    -3.036     2.877     3.790   76   65   73   -1
  97     6.144     2.083    -9.197   92   78   86   -1
  98    -8.477     0.556    -3.667  110   93  108   -1
  99    -4.009     6.719     9.548   36   31   37   -1
 100    -1.051    -3.177     2.137  147  128  150   -1
 101    -8.882    -1.973    -1.521  132  113  130   -1
 102    -2.398     4.694    -5.524   62   55   62   -1
 103     3.514    -5.379    -1.092  166  141  166   -1
 104     1.481     4.097     8.825   65   56   63   -1
 105     8.238    -9.879     5.978  213  185  217   -1
 106     0.193    -2.385    -9.582  136  118  135   -1
 107   -12.157     2.212    -2.411   88   75   84   -1
 108     6.235     2.756    -9.814   83   71   80   -1
 109     1.707    -2.743     1.987  141  122  141   -1
 110   -10.522    -7.152     2.674  183  156  182   -1
 111    -7.306    -8.148    -5.774  194  166  192   -1
 112    -5.202   -11.322    -7.300  237  201  227   -1
 113     9.413     5.380    -8.279   55   48   54   -1
 114     2.979     3.329     7.636   73   63   70   -1
 115    -3.475    -7.509     0.692  184  159  186   -1
 116   -11.301    -0.428    -1.074  117  101  117   -1
 117    -1.458     5.071    -1.504   56   50   56   -1
 118     4.113    -6.082     5.504  171  149  175   -1
 119     3.822     7.647     6.973   28   23   29   -1
 120    -3.383    11.064    -2.860    3    4    6   -1
 121     5.907   -10.667     1.187  220  197  226   -1
 122   -10.699    -4.295     4.104  159  135  155   -1
 123    -3.147   -11.668     4.290  248  212  242   -1
 124     4.950    -6.534     5.688  176  152  178   -1
 125     2.934     6.685    -5.950   40   37   41   -1
 126     9.163     2.760    -6.104   82   70   78   -1
 127     1.720    -0.010    -6.945  113   97  113   -1
 128    -0.827     6.688     4.975   38   33   39   -1
 129     5.853     1.318    -5.964  100   85   97   -1
 130    -2.146    10.252     6.393   11    9   11   -1
 131    11.227    -0.240    -5.262  116  100  116   -1
 132     4.718     3.718    -3.097   70   60   67   -1
 133     3.012    -2.317    -3.810  135  117  134   -1
 134     3.623    10.755    -7.901   13   10    9   -1
 135    -1.615     0.682    -0.963  109   92  106   -1
 136    -5.073    -7.613     7.946  190  165  190   -1
 137     8.626    -2.961    -1.828  143  125  145   -1
 138    -4.236     2.589    -0.920   85   72   81   -1
 139     4.163    -9.212    -8.361  206  175  206   -1
 140     2.439    10.114     7.795   14   11   10   -1
 141    -2.999    -8.629     7.490  207  174  200   -1
 142    -9.830    -2.393    -2.592  138  119  136   -1
 143   -10.621   -10.526     4.250  232  196  220   -1
 144    -2.024   -11.497     3.687  243  210  240   -1
 145    -4.336    -2.129    -8.097  133  115  131   -1
 146     3.252    -2.901     6.358  145  126  144   -1
 147   -11.583    -6.233    -5.060  173  147  172   -1
 148    -9.421     4.830     1.925   58   52   60   -1
 149    -0.347     3.246    -9.844   74   64   72   -1
 150    -5.403   -11.739    -7.663  240  204  233   -1
 151    -3.213    10.625     2.192    7    7    8   -1
 152     0.742   -10.206    -4.060  216  184  213   -1
 153    -1.795     0.968    -1.032  106   90  104   -1
 154     3.697    -7.893     8.752  193  169  196   -1
 155     4.461    11.204    -6.553    5    5    5   -1
 156    -5.013    -1.566    -7.279  127  111  127   -1
 157     4.131    -1.117     4.778  124  108  125   -1
 158    10.863    -5.325     1.386  165  140  168   -1
 159    -4.986    -6.036     6.075  172  148  174   -1
 160   -10.914   -10.503     1.121  230  192  216   -1
 161    -4.566     7.446    -3.861   31   26   33   -1
 162     1.858    -2.486    -5.037  137  120  139   -1
 163    -4.712   -11.227     6.636  239  206  235   -1
 164    -5.710     7.505    -3.435   30   25   31   -1
 165    -8.835    -7.925    -6.967  189  162  188   -1
 166     7.385    10.493     4.708   12    6    7   -1
 167    -0.792    -1.133    -9.977  123  107  124   -1
 168   -11.914     8.281    -6.539   26   21   28   -1
 169   -12.011     6.989    -0.618   35   30   40   -1
 170     4.018    -7.781     8.991  191  168  195   -1
 171    -6.198     1.183    -6.717  102   86   99   -1
 172     5.277     8.510     5.758   22   15   19   -1
 173     3.737   -10.325    -2.785  217  186  218   -1
 174     6.194   -10.281     2.961  218  188  222   -1
 175    -2.162     2.317    -6.333   87   74   83   -1
 176    -6.852    -1.660     2.166  129  112  128   -1
 177     9.301    -9.661     4.350  211  182  212   -1
 178    -8.471     2.892    -3.065   79   66   75   -1
 179    10.037     8.957    -0.487   19   14   18   -1
 180    11.130    -6.976    -0.347  178  155  183   -1
 181     7.475     6.344     4.593   44   38   43   -1
 182    -6.283     7.383    -7.950   32   28   34   -1
 183     9.351     6.140     4.989   47   40   45   -1
 184    -2.929    -9.040    -1.954  209   -1  202   -1
 185   -10.525     2.076    -8.147   89   -1   88   -1
 186     0.308    -0.001    -4.689   -1   96  112   -1
 187    -2.082     2.029     1.127   91   -1   87   -1
 188    10.766     2.692     1.459   84   69   -1   -1
 189     4.288     1.823    -2.524   96   79   90   -1
 190    -6.473    -7.837    -1.709  192  164   -1   -1
 191    -2.758   -10.459     0.858  223  190   -1   -1
 192     9.968    -0.179    -8.248  115   98   -1   -1
 193     8.332   -12.562    -8.520  250  214   -1   -1
 194    -4.757    10.263     6.609    9    8   12   -1
 195     8.962     6.421     0.707   43   -1   44   -1
 196     2.533    -4.508     6.558  161  138  159   -1
 197    -0.251    -6.836    -8.383  177  151   -1   -1
 198    -0.141    -0.152    -0.336  114   99  115   -1
 199    -8.496   -11.433     4.779  246  209  234   -1
 200    -2.043     2.971    -9.991   78   -1   74   -1
 201     1.955     1.594     2.478   -1   82   94   -1
 202   -12.685     1.172    -3.946  101   -1  100   -1
