257
   1   -10.866     2.553    -3.479  129  120  131   -1
   2     2.870    -3.162     5.155  185  168  186   -1
   3     7.329    -2.773    -2.281  181  163  180   -1
   4     7.535    -4.104     5.464  199  181  202   -1
   5    -5.464    -9.791     9.629  267  246  269   -1
   6     1.156    -2.080     5.249  176  159  174   -1
   7    10.995    -0.267    -7.282  155  139  151   -1
   8     1.252    -7.326     0.183  233  214  235   -1
   9     7.181    -3.227    -9.523  184  166  185   -1
  10    -4.760    -2.427    -3.525  180  162  178   -1
  11     0.454   -11.185    -7.957  278  254  279   -1
  12    -9.127    -5.326    -6.329  212  190  211   -1
  13    -9.693    -2.005    -0.618  174  157  172   -1
  14     5.702     6.351    -7.669   77   64   73   -1
  15    -9.854    -8.426    -0.785  247  225  247   -1
  16     2.327    -7.291    -7.272  231  211  233   -1
  17     5.610    -8.742    -1.994  246  228  254   -1
  18    -7.347    -8.121    -9.027  240  220  240   -1
  19    -3.089    -4.173    -4.819  200  179  199   -1
  20    -8.375     3.964     3.471  112   99  109   -1
  21    -3.512    -5.374    -6.982  211  192  213   -1
  22     8.654     5.412     4.476   93   75   81   -1
  23     3.963    -4.181     0.517  201  180  201   -1
  24    -5.150     5.710    -1.672   87   73   82   -1
  25    -8.692    -6.186    -2.653  223  201  221   -1
  26     8.779    -0.686    -6.652  161  145  158   -1
  27     5.021     7.241     5.470   60   49   56   -1
  28   -11.887     2.283    -6.733  135  123  134   -1
  29    -5.382     9.843     1.135   16   14   21   -1
  30    -1.250    -2.017     9.529  175  158  173   -1
  31    -9.413    -3.431    -2.064  189  169  188   -1
  32    -1.529   -10.518    -7.290  269  248  273   -1
  33    10.834     3.016    -2.744  126  114  122   -1
  34     3.576    -4.475     4.884  203  184  206   -1
  35    -5.138    10.456    -7.400   14   11   16   -1
  36     4.137     6.833     0.767   66   54   62   -1
  37    -7.070    -1.835     1.472  172  155  170   -1
  38     0.855     1.762    -7.217  139  127  138   -1
  39     6.043    -4.941     1.494  207  187  209   -1
  40    -5.159    -0.812     0.143  163  148  161   -1
  41    -1.572     1.148    -8.254  143  131  142   -1
  42     3.531    -6.008    -9.974  216  198  219   -1
  43     2.225     1.961     0.928  136  124  136   -1
  44     1.892    -7.409    -4.469  232  213  234   -1
  45     6.842     6.044     6.687   79   62   74   -1
  46     9.183     6.277     5.899   74   60   70   -1
  47    -1.334    -4.452     4.763  204  183  204   -1
  48    -8.934    -3.808    -4.029  196  174  194   -1
  49    -9.857     7.155    -7.538   63   52   63   -1
  50     4.363     8.087    -0.110   46   35   43   -1
  51    -5.042    -3.594     3.262  191  172  193   -1
  52   -10.773    -5.153    -4.351  209  188  207   -1
  53     9.266     1.243    -9.637  142  130  141   -1
  54    -2.895    -8.992     4.065  255  233  257   -1
  55    -3.612    -1.677     4.602  170  154  168   -1
  56    -5.397     4.178     2.622  110   96  108   -1
  57   -11.253     7.415     0.652   57   47   59   -1
  58    -7.053    -0.575     0.287  160  144  156   -1
  59     2.946     5.244     7.247   94   76   85   -1
  60     1.917     8.398    -7.651   42   32   41   -1
  61    10.813     5.073     1.806   98   80   87   -1
  62     4.245    -9.323     2.289  257  237  264   -1
  63     9.927     6.378     6.323   73   58   64   -1
  64    -0.663     7.692     6.629   50   41   49   -1
  65     6.987     3.493     9.669  117  102  112   -1
  66     2.688     4.795    -2.502  102   87   98   -1
  67     0.987    -2.941    -6.269  182  164  181   -1
  68    -2.019     8.247     4.092   38   31   38   -1
  69     7.886    -5.423    -9.944  208  191  215   -1
  70     3.496    -3.258    -2.867  186  167  187   -1
  71    -3.590     4.769    -6.936  103   89  101   -1
  72     9.291    -0.759     6.746  162  147  160   -1
  73     0.513    -9.027     8.564  256  236  262   -1
  74    -6.860    -1.158     5.265  168  151  165   -1
  75    -7.792     9.166    -9.990   32   27   33   -1
  76     3.614    -0.165    -7.192  153  137  150   -1
  77     7.207    -8.120    -0.707  238  223  248   -1
  78     8.357     1.952    -1.164  138  125  135   -1
  79     8.689    -1.783     8.911  171  156  171   -1
  80    -4.397    -0.897     8.617  164  149  162   -1
  81    -6.310     4.683     5.751  101   86   99   -1
  82    -5.744     0.252    -1.157  151  135  148   -1
  83    -5.511     7.692     1.578   52   43   54   -1
  84    -5.146     8.248    -7.810   43   38   48   -1
  85    -0.236    -4.283     4.994  202  182  203   -1
  86     1.237     9.340    -4.769   27   23   26   -1
  87     5.987     4.150    -0.639  113   98  105   -1
  88   -10.415    10.547    -1.591   10    9   14   -1
  89     0.166    -5.690     2.750  215  197  217   -1
  90     0.716    -9.440     3.583  260  240  265   -1
  91     9.527     2.474     6.275  131  119  129   -1
  92     1.775    -3.456    -3.205  188  171  190   -1
  93    -1.248    -3.949    -7.496  197  176  197   -1
  94     7.908     8.060    -5.299   53   40   45   -1
  95    10.828    -3.908     2.383  195  178  198   -1
  96     4.648     0.229     1.274  152  136  149   -1
  97   -10.554    -0.542    -5.337  159  143  154   -1
  98     4.617     8.997     1.676   34   24   28   -1
  99    -5.798     6.902     8.149   62   50   61   -1
 100   -11.809    -3.638     0.959  193  173  192   -1
 101    -0.369    10.094    -9.120   20   16   19   -1
 102     0.652   -11.953    -8.874  284  260  286   -1
 103     3.623    -7.632     3.023  236  218  241   -1
 104     2.724     3.019    -0.972  124  113  124   -1
 105     7.349   -10.203    -1.635  265  244  275   -1
 106    -6.564    -5.424    -1.946  213  194  214   -1
 107     5.500    11.826    -2.203    4    3    1   -1
 108    11.486     2.575     0.858  130  118  128   -1
 109     3.700    -2.968     4.598  183  165  183   -1
 110    -1.334   -10.234     9.412  274  252  277   -1
 111    11.909     8.776    -1.953   37   28   30   -1
 112    -3.225    -2.438    -8.356  179  161  177   -1
 113    -4.805   -10.462    -8.406  268  243  272   -1
 114    -4.375     6.695    -3.054   68   57   69   -1
 115     5.996   -11.833    -9.388  281  259  287   -1
 116    -4.241     4.861     1.697  100   85   96   -1
 117    -5.628    -7.999    -3.469  239  221  243   -1
 118     2.767     7.766     5.442   51   39   47   -1
 119    10.831    -6.631    -8.852  224  206  230   -1
 120    -6.561   -11.202     4.372  283  258  281   -1
 121     9.300    -9.086     5.054  253  235  263   -1
 122     2.150    11.218    -4.975    9    5    7   -1
 123    -3.748     4.174     7.341  109   94  104   -1
 124    -0.728    -2.240     4.204  178  160  176   -1
 125     3.021     3.320    -1.229  118  106  116   -1
 126    -9.198    -6.644    -8.799  228  207  224   -1
 127    -9.321   -10.462    -6.423  273  247  271   -1
 128    -6.140     3.161    -1.083  120  109  120   -1
 129     5.570     8.358    -9.885   47   37   42   -1
 130     1.807     5.789     2.273   85   69   78   -1
 131    -8.360     5.413    -7.156   91   79   90   -1
 132     9.578     3.016    -3.837  127  115  123   -1
 133     0.037    11.288    -4.275    6    4    5   -1
 134     2.457     9.282     5.425   24   20   23   -1
 135     7.959     6.149    -9.804   82   66   76   -1
 136     0.552     4.975     3.150   97   82   92   -1
 137     1.962   -10.431     3.247  272  251  278   -1
 138    11.863    -6.703    -2.843  225  208  232   -1
 139     1.546   -10.150     7.643  270  249  276   -1
 140     1.940     8.367    10.002   36   29   35   -1
 141   -10.733     5.727    -5.073   86   74   84   -1
 142     8.465    -1.214    -5.933  167  152  166   -1
 143    -3.045     5.285     3.712   92   77   86   -1
 144    12.002     7.436     1.828   61   46   52   -1
 145     1.884     7.429     3.385   59   45   55   -1
 146     2.791   -12.099    -5.649  285  263  288   -1
 147     1.022   -11.136     4.228  280  257  283   -1
 148    -2.593    -9.395    -4.640  258  234  259   -1
 149     7.281    12.185    -7.557    1    2    0   -1
 150    -3.958     9.511     5.460   21   17   22   -1
 151    -1.444     2.999     1.738  123  112  126   -1
 152     2.705    -5.779    -2.439  214  196  218   -1
 153     0.990   -10.002    -5.366  264  241  267   -1
 154    -3.367     4.867     9.008   96   81   95   -1
 155    -0.754     2.966     6.182  122  111  125   -1
 156     0.646    -3.329     6.218  187  170  189   -1
 157    -5.947     6.447     7.701   67   55   71   -1
 158     7.204    -3.784    -1.795  192  175  196   -1
 159    -8.021    -6.785    -4.322  229  209  228   -1
 160    -1.014     7.911    -6.380   54   44   50   -1
 161     1.670     2.330     0.250  133  122  133   -1
 162    10.123     4.656     1.973  104   88   97   -1
 163    10.789    11.195    -7.828   12    6    4   -1
 164    -1.976     3.698    -4.903  115  103  113   -1
 165     9.500    -1.114     2.433  166  150  164   -1
 166     7.055     9.085     5.154   31   22   25   -1
 167    11.343    -0.286    -2.035  156  140  152   -1
 168    11.991     6.334    -6.033   80   63   72   -1
 169   -11.641    -6.819     2.297  230  210  231   -1
 170    10.170    -7.714    -2.677  235  216  244   -1
 171     5.355    -0.512    -0.273  157  142  155   -1
 172    -5.713     7.680    -8.315   58   48   57   -1
 173    -9.499    -6.025     2.302  220  200  220   -1
 174    -4.079    -8.908    -4.019  249  231  252   -1
 175   -11.882     6.031    -6.780   78   68   79   -1
 176     1.036     4.841     7.802   99   84   94   -1
 177     2.581     6.561     2.898   71   56   65   -1
 178     3.850     2.325     1.437  134  121  132   -1
 179     8.322    -5.005    -9.091  206  185  208   -1
 180     4.618     4.173    -1.954  111   97  107   -1
 181     0.962     8.061     2.343   44   33   44   -1
 182    -2.949     2.859     7.320  125  116  127   -1
 183    -3.355     0.824    -6.288  148  133  146   -1
 184    -2.027     3.123    -1.194  121  110  121   -1
 185    11.816     4.641    -6.635  105   90  100   -1
 186    10.871     9.614    -2.814   25   19   20   -1
 187     6.931    -8.496    -8.247  242  224  249   -1
 188   -10.738   -10.370    -5.652  271  245  268   -1
 189   -10.942     6.559    -9.040   72   61   75   -1
 190     6.934     8.132     9.326   41   30   36   -1
 191    -7.410    -9.112     9.438  261  238  261   -1
 192     5.323     6.057    -7.966   83   67   77   -1
 193    -5.339     0.907     0.062  146  132  144   -1
 194    -8.945     9.044    -5.829   30   26   34   -1
 195     0.920     9.677    -8.807   23   21   24   -1
 196    -6.431     4.431    -8.802  107   95  103   -1
 197    -8.520    -1.446    -3.972  169  153  167   -1
 198   -10.210     3.478     2.554  116  105  115   -1
 199    -4.407     7.743     2.401   49   42   51   -1
 200     8.591   -10.641     6.973  276  255  280   -1
 201     6.878    -6.315    -0.951  219  204  225   -1
 202   -10.002   -12.095    -7.457  290  262  285   -1
 203   -11.638    10.660     2.418    7    7   12   -1
 204     3.753     9.605     5.849   22   15   18   -1
 205    -5.228    -7.899     4.778  241  222  245   -1
 206     1.630    -7.717     1.317  237  219  242   -1
 207    -9.546    -8.990    -8.392  252  230  250   -1
 208    -7.208     0.699     1.734  149  134  147   -1
 209     7.818    10.269    -4.434   18   12   13   -1
 210     4.643    10.594    -6.336   15   10   11   -1
 211     9.320     7.073    -6.578   65   53   60   -1
 212     2.992     4.286     9.194  106   91  102   -1
 213     1.723    10.882    -8.577   13    8    9   -1
 214     8.739    -8.708     9.024  248  232  258   -1
 215    11.836    -8.416     0.477  243  226  251   -1
 216    -0.995     3.242     2.884  119  107  117   -1
 217   -11.183     5.281     1.486   90   78   88   -1
 218     1.318   -12.076     0.572  289  264  289   -1
 219    -4.268     5.997    -8.540   81   70   80   -1
 220     3.621     3.919    -2.359  114  100  110   -1
 221    -7.775     5.772    -5.322   84   71   83   -1
 222    -5.870    -3.841     4.253  198  177  195   -1
 223     8.009    -6.057     4.258  218  202  222   -1
 224     6.453     8.322    -6.824   45   36   39   -1
 225   -10.582     1.815     3.082  137  126  137   -1
 226     7.054     9.882     2.684   19   13   15   -1
 227    -8.121    -5.213     1.700  210  193  212   -1
 228    -2.004     8.957    -0.090   35   25   29   -1
 229     6.484    -0.312     1.237  154  138  153   -1
 230    10.797     8.050     0.001   55   34   37   -1
 231    -2.501    -8.282     7.224  245  227   -1   -1
 232   -11.174    -7.002     7.280  234  212   -1   -1
 233   -13.048    11.228    -2.429    5   -1    8   -1
 234    -9.804    12.230    -3.009   -1    0    2   -1
 235    11.851    -7.282     4.187   -1  215  237   -1
 236    10.171     3.672     9.777   -1  101  111   -1
 237    11.447     1.754    -9.648  140  128   -1   -1
 238    11.964    -5.380     3.148   -1  195  216   -1
 239   -13.829    -9.326    -1.842  262   -1  256   -1
 240   -10.822     9.988    -9.516   17   18   -1   -1
 241   -13.081    11.790    -4.013    0   -1    3   -1
 242   -11.651   -11.949    -8.439  287  261   -1   -1
 243   -12.296    -8.927    -4.219  254  229   -1   -1
 244    -0.956     7.470     9.209   56   -1   53   -1
 245     0.814     4.273     4.011  108   92   -1   -1
 246     4.437    -7.381     9.548   -1  217  238    0
 247    -2.655    -0.787    -6.288   -1  146  159    0
 248    -0.007     5.008     0.802   -1   83   93    0
 249    -2.467   -10.643    -2.087  275  250   -1    0
 250     7.846   -10.689     8.444   -1  256  282    0
 251    -9.506   -10.069    -0.429   -1  242  266    0
 252    -9.472   -10.297     9.732  277  253   -1    0
 253    11.676    -4.838     5.533   -1  186  210    0
 254    -0.685    -2.246    -1.633  177   -1  175    0
 255   -12.685    10.510    -4.254   11   -1   17    0
 256    -9.719     6.008    -1.970   76   65   -1    0
 257    -5.421     2.842     2.208  128  117   -1    0
