226
   1     9.089    -2.430    -5.377  155  149  165   -1
   2     5.964    -8.267    -1.800  215  205  234   -1
   3   -12.045    -0.624    -4.079  131  127  142   -1
   4    -8.799    -8.838     4.808  230  214  239   -1
   5     5.130     9.049    -5.585   32   34   35   -1
   6     6.227     0.514     6.911  117  116  128   -1
   7    -4.769    -9.251     0.570  233  215  243   -1
   8    -7.906     5.154    -6.126   71   75   85   -1
   9    -7.177     6.276     1.726   54   57   66   -1
  10     3.118     4.097     2.107   86   83   92   -1
  11     7.008     7.827     7.682   40   40   44   -1
  12    -7.150     0.131    -0.286  123  120  133   -1
  13     3.152    -4.138     1.803  170  165  185   -1
  14     2.861    -9.937    -8.554  234  218  248   -1
  15    -0.372     1.407     1.043  109  107  121   -1
  16     2.585     8.846    -8.250   36   37   40   -1
  17     7.992     7.337     5.057   44   44   50   -1
  18    -1.226    -8.174    -1.382  217  204  231   -1
  19     3.531    -3.789     4.463  166  160  179   -1
  20     4.211    -8.526    -3.091  221  208  235   -1
  21     1.630    -0.478    -4.581  129  125  140   -1
  22    -0.596    -4.801    -8.318  177  169  191   -1
  23     2.031     9.401     7.565   20   19   23   -1
  24    -7.459    -1.508    -3.328  144  138  153   -1
  25    -1.112    -3.009    -4.990  160  154  170   -1
  26    11.305    -8.540    -4.431  219  207  238   -1
  27     7.169     4.415    -5.212   82   80   90   -1
  28     0.621    -5.703     3.712  190  181  202   -1
  29    -9.191   -10.013     6.185  240  224  250   -1
  30    -1.132    -1.622    -5.106  146  141  156   -1
  31    -8.949     7.444     0.710   42   45   52   -1
  32     2.455    11.740    -3.668    4    1    1   -1
  33     3.335    -0.880     0.491  139  134  149   -1
  34   -11.050     4.151    -6.322   85   85   94   -1
  35    -7.428     0.570     3.851  115  114  126   -1
  36    -1.787     1.080     7.529  110  109  122   -1
  37    -1.460     3.876    -6.064   87   87   97   -1
  38     0.026   -11.575     2.179  252  235  267   -1
  39    -1.333     5.926     4.185   62   61   70   -1
  40    10.436    -9.929    -1.271  235  220  252   -1
  41    -5.960     0.213    -2.060  122  119  132   -1
  42     1.737     5.155     8.671   70   71   78   -1
  43    -1.807    -0.753    -2.393  134  130  145   -1
  44     5.698    -7.201    -9.516  200  191  218   -1
  45     1.900   -12.002    -7.548  253  234  270   -1
  46    -1.304     2.685    -1.000  101   99  112   -1
  47   -12.285   -10.383    -6.050  241  223  249   -1
  48     1.613    -7.252     1.320  205  195  220   -1
  49     8.377     0.453    -7.143  118  117  129   -1
  50    -9.202     4.266    -9.105   83   84   93   -1
  51    -4.891    -1.486    -2.606  142  137  152   -1
  52    -1.484   -11.634    -6.598  248  231  264   -1
  53     3.461    -5.983    -8.060  191  183  205   -1
  54     1.553    -1.554    -7.783  143  140  154   -1
  55   -10.586     2.820    -0.647   96   95  109   -1
  56    11.257     8.887     2.024   34   32   31   -1
  57     5.956     9.098     8.583   26   23   26   -1
  58    -6.415    -6.151     3.432  193  184  207   -1
  59    -2.245     8.948     4.739   27   27   34   -1
  60     9.916     3.247    -1.181   92   91  101   -1
  61    -0.274     6.408     6.805   53   54   62   -1
  62     9.522    -0.193    -6.269  126  123  137   -1
  63     7.014     2.806     3.862   97   94  105   -1
  64   -11.430     4.965    -3.107   75   78   87   -1
  65     5.986    -4.246    -0.465  172  166  188   -1
  66    -6.397     5.577     3.849   64   68   75   -1
  67    -0.212    -9.542     3.907  236  219  247   -1
  68     1.330    -7.685     2.124  210  199  226   -1
  69    -2.637     2.582    -8.791  103  101  114   -1
  70     6.180    -3.255    -5.932  164  156  173   -1
  71     2.604    -5.592     0.717  188  179  200   -1
  72     7.401    -5.005    -0.617  180  172  193   -1
  73     1.721    -7.782    -0.335  211  200  227   -1
  74    -8.524     9.245    -5.130   24   28   39   -1
  75     0.228    -0.761     0.163  135  132  146   -1
  76     5.856    -9.232     3.921  231  216  246   -1
  77    -1.093    -4.227     6.018  174  167  186   -1
  78     8.366    -5.189     4.496  183  175  197   -1
  79     4.184    10.969     8.432    7    5    3   -1
  80    -8.393    -4.579     9.270  179  170  190   -1
  81   -11.624     6.095    -4.395   57   64   73   -1
  82     1.264     8.170    -3.180   39   39   45   -1
  83     1.742    -1.790     7.627  149  145  159   -1
  84    -0.137   -10.837     0.185  244  227  257   -1
  85    -5.662    -7.481     2.116  209  197  221   -1
  86     0.778     7.176     4.308   45   46   53   -1
  87    -7.675     3.514    -0.054   90   90   99   -1
  88    -5.530     8.851     8.573   25   26   37   -1
  89     9.727     2.163     5.593  107  104  118   -1
  90    -2.820     6.763     5.656   50   52   59   -1
  91     2.815    -1.066    -5.896  140  135  150   -1
  92    -0.417     9.345     5.805   22   20   25   -1
  93     8.727     9.407    -9.679   30   29   28   -1
  94     3.106    -9.826     6.786  238  221  251   -1
  95     1.361     5.408     6.583   67   69   77   -1
  96    -5.261     9.908     6.184   14   17   20   -1
  97     3.772    -8.373     5.222  222  210  236   -1
  98     7.955    11.526    -7.696    8    7    2   -1
  99     8.301     6.849     3.991   52   51   57   -1
 100    -3.420    -6.574     7.419  199  188  211   -1
 101     6.502    -8.339     5.364  220  209  237   -1
 102    -5.082    -0.736    -6.473  133  128  143   -1
 103   -10.955    -1.644    -6.386  147  142  155   -1
 104     3.154    -8.622     6.037  226  212  240   -1
 105     7.135    -8.148    -9.797  212  202  230   -1
 106    11.943     3.152    -1.576   94   92  102   -1
 107    -4.701    -3.814     0.149  167  159  178   -1
 108     8.914     0.538     5.323  116  115  127   -1
 109     8.412     9.042     8.800   28   25   24   -1
 110     5.352    -7.529    -5.294  206  196  222   -1
 111     2.917     7.768    -8.779   43   42   51   -1
 112    -3.919    -2.775    -5.952  158  153  169   -1
 113    -8.546     6.644     5.527   51   53   61   -1
 114    -3.731    -6.452     9.665  196  187  209   -1
 115    -6.191   -11.761    -3.258  254  232  265   -1
 116    -4.506     6.121    -4.391   60   62   71   -1
 117     2.521    -6.625    -3.502  195  186  210   -1
 118    -8.753    -7.839    -3.531  213  198  224   -1
 119     0.257    -1.788     8.171  150  144  158   -1
 120     1.231     7.169    -6.591   47   50   58   -1
 121    -3.699     0.042    -3.854  124  121  135   -1
 122    -6.999     0.597     9.694  114  113  125   -1
 123     7.455     2.261     9.571  105  102  115   -1
 124    -9.538    -4.103    -1.981  173  161  181   -1
 125    -7.240    11.775    -7.330    3    4    7   -1
 126     3.865    10.729    -4.369   13   13   13   -1
 127    -5.141     0.026     7.379  125  122  136   -1
 128     8.483     5.379     2.264   69   70   76   -1
 129    -4.490    -7.043     1.169  204  194  217   -1
 130    11.103    10.555    -2.810   17   14   12   -1
 131    -8.620    -8.408    -3.480  224  206  233   -1
 132     5.767     6.930     7.275   48   47   55   -1
 133    -1.272    -1.907    -2.715  151  146  161   -1
 134    -8.259    -9.331     4.892  237  217  244   -1
 135     8.440   -10.783    -0.720  242  225  259   -1
 136     3.406     2.683     2.532   99   97  110   -1
 137    -0.773     0.831     4.461  112  111  123   -1
 138   -11.528    -1.788    -6.501  148  143  157   -1
 139    -2.128     8.458     4.735   35   36   41   -1
 140    -4.576    -7.986     2.563  216  203  229   -1
 141     1.587     4.888     3.552   77   77   84   -1
 142     3.938    -4.048     3.503  169  164  182   -1
 143     9.706    -7.129    -8.499  198  189  219   -1
 144     9.508   -11.252    -0.104  246  229  266   -1
 145     3.308    10.353    -2.054   16   16   18   -1
 146     6.805     2.255     0.780  106  103  116   -1
 147     2.336    -4.547     2.482  175  168  189   -1
 148    -7.657   -10.977     7.514  249  230  260   -1
 149     6.122     7.869    -3.897   41   41   48   -1
 150    10.663    -3.170    -7.664  161  155  171   -1
 151     2.380    -3.209     4.644  165  157  174   -1
 152   -11.082    10.853    -5.100    9   11   16   -1
 153    -1.624    -6.851     1.639  201  190  214   -1
 154    -0.173    -1.862     8.479  153  147  162   -1
 155    -0.907     5.974     7.626   58   60   67   -1
 156    -1.364    -6.906     3.358  202  193  216   -1
 157     4.790     4.359    -7.508   84   81   91   -1
 158    -6.475    -5.373    -7.162  184  174  195   -1
 159     7.758    -2.514    -7.148  156  150  167   -1
 160    10.048    10.154    -4.971   18   18   19   -1
 161     7.408   -11.180    -4.758  243  228  263   -1
 162    -4.836    -7.855    -0.559  214  201  225   -1
 163    -3.866   -11.921    -1.242  257  236  269   -1
 164    -5.574     0.252    -5.489  120  118  131   -1
 165   -10.481    -6.272     2.293  194  185  208   -1
 166     6.363    -0.420     3.670  128  124  138   -1
 167     3.151     2.510     2.454  104  100  113   -1
 168     7.965     2.869    -8.872   98   96  108   -1
 169     1.131     5.478     8.976   66   67   74   -1
 170     8.002     6.482     1.381   55   55   60   -1
 171     5.002     9.743    -5.684   23   21   22   -1
 172     8.526     5.086     4.343   76   74   79   -1
 173     2.999    10.325    -0.534   15   15   17   -1
 174     4.654     4.741    -3.319   79   79   88   -1
 175    -0.852     8.065     7.310   38   38   43   -1
 176    -4.724     5.996     0.054   61   63   72   -1
 177    10.293     6.354    -2.089   59   58   63   -1
 178   -11.884    11.741    -5.649    2    2    9   -1
 179    -0.840     2.652     3.431  100   98  111   -1
 180   -10.688    11.571     2.425    0    0    5   -1
 181     5.942     6.107    -7.444   63   65   68   -1
 182     0.235    -0.833    -9.802  138  133  147   -1
 183     2.726    -4.796    -2.056  178  171  192   -1
 184     1.756   -12.057    -0.237  258  239  275   -1
 185     6.852    -4.219    -8.777  168  162  184   -1
 186   -11.234    -1.247    -8.301  141  136  151   -1
 187    -1.298    10.846     9.003    6    6   10   -1
 188    10.931     0.729    -7.184  113  112  124   -1
 189    -2.908     5.322    -3.221   68   72   80   -1
 190     8.451     8.826    -3.569   37   35   38   -1
 191    -0.259   -12.028    -0.184  259  238  273   -1
 192    -8.392    10.562     2.758   10   10   15   -1
 193    -7.823    -7.036    -2.962  203  192  215   -1
 194     9.288     5.727     7.416   65   66   69   -1
 195    -5.243     2.912     0.352   95   93  107   -1
 196     3.961     6.219     3.546   56   59   65   -1
 197     2.738    -5.578    -6.958  185  176  198   -1
 198    -2.770    -2.554     2.176  157  152  168   -1
 199     7.580     6.867     9.537   49   48   54   -1
 200   -11.861    -5.542     0.927  189  178  196   -1
 201     8.353    -8.570     3.748  223  211  241   -1
 202    10.171    11.053     0.077   12    8    4   -1
 203    -9.816     3.604    -1.710   88   89  100   -1
 204    -9.242     1.070    -9.196  111  110   -1   -1
 205     4.591   -12.019     1.154  256  240   -1   -1
 206     5.576   -12.470    -6.883  260  245   -1   -1
 207    -0.626     4.957     9.346   72   73   83   -1
 208    -2.190     9.244    -6.955   29   -1   36   -1
 209    -0.770    -4.206    -6.464  171  163   -1   -1
 210     7.718   -12.149    -0.227  255  244   -1   -1
 211    -4.446   -12.414    -6.343   -1  243  274   -1
 212    -5.197     3.047     3.859   93   -1  104   -1
 213    -0.323    -2.500    -3.522   -1  151  166   -1
 214     4.279     6.193     6.406   -1   56   64   -1
 215     1.609    -5.399     9.823  187  180   -1   -1
 216   -11.140    11.764    -6.087   -1    3    8   -1
 217    -6.444   -11.591     8.500  261  237  268   -1
 218     7.032     8.919     3.007   31   31   32   -1
 219    -8.804    -1.514    -1.276  145  139   -1   -1
 220    10.183     7.022    -0.572   -1   49   56   -1
 221     2.943   -11.242     8.892  250  233   -1   -1
 222     0.375    -0.524    -1.679   -1  126  141   -1
 223     3.955     2.122     6.726   -1  105  119   -1
 224   -12.491   -10.557    -0.255  245   -1  253   -1
 225   -11.014     1.386     5.748  108  106   -1   -1
 226     3.080    -9.255    -9.327  228  213  242   -1
