195
   1     0.177    -5.861    -5.483  167  141  170   -1
   2    -8.965    -0.763    -0.183  120  103  122   -1
   3    -5.424    -1.494     3.167  125  108  128   -1
   4     4.682   -11.665    -6.839  230  199  231   -1
   5     3.549     6.450     6.578   44   36   44   -1
   6   -10.806    -4.260    -2.194  156  132  159   -1
   7   -10.529     1.751    -7.969   91   79   93   -1
   8    -4.448    -3.617     4.075  150  127  152   -1
   9     8.544    -5.478    -7.662  164  138  168   -1
  10    -4.342     7.843     7.437   31   23   32   -1
  11     3.018   -11.410    -7.506  225  196  226   -1
  12     6.015    -0.216    -0.917  112   95  114   -1
  13    -1.033   -11.980    -8.368  235  203  235   -1
  14    -2.189     8.148    -2.387   30   24   31   -1
  15     0.186   -11.475     7.016  236  204  236   -1
  16     1.592    -5.049     1.394  161  136  164   -1
  17     2.037     8.826     7.420   22   18   21   -1
  18     5.692    -6.482    -8.936  168  145  175   -1
  19    -9.556     3.072     3.616   76   67   80   -1
  20     3.579     0.838     3.173  104   89  105   -1
  21    -6.365     1.072    -8.996  101   87  102   -1
  22     1.381    -8.722    -3.784  195  168  195   -1
  23    -4.259   -10.577    -2.808  217  187  214   -1
  24     1.300     4.852     6.581   57   53   64   -1
  25    -5.955    -4.758    -6.707  159  134  161   -1
  26    -8.456     2.944    -3.185   79   70   83   -1
  27     7.979     1.285     2.960   97   84   97   -1
  28     6.255   -11.086     3.046  223  197  229   -1
  29     3.395    -2.546    -4.290  136  117  138   -1
  30     6.983     4.482    -1.291   66   58   66   -1
  31     9.387     2.310    -6.911   88   75   87   -1
  32    -5.242   -10.763     3.459  224  192  220   -1
  33   -10.243     6.720     5.389   39   33   43   -1
  34    -0.617    10.803     6.460    6    6    4   -1
  35     8.102     6.721     0.800   43   34   40   -1
  36    -8.886    -2.011    -1.563  132  112  134   -1
  37     2.251    -0.270    -5.840  115   98  116   -1
  38     3.446     0.150     4.258  111   94  111   -1
  39     7.311    -5.099    -7.810  160  135  163   -1
  40     3.279     3.906     9.209   70   63   72   -1
  41    -6.818    -8.749     3.966  201  171  196   -1
  42   -11.833    -7.810    -7.544  186  155  183   -1
  43     7.343     5.273     4.318   54   47   58   -1
  44    -8.600     5.305    -0.432   53   49   60   -1
  45    -7.896     3.307     8.236   73   65   76   -1
  46   -11.353   -10.277    -2.064  216  182  209   -1
  47    -4.915    -3.000     9.337  142  122  142   -1
  48    -5.077     9.982     6.383   13   10   13   -1
  49     9.048    -5.204     0.134  162  137  165   -1
  50    -7.007     7.155     3.834   35   30   39   -1
  51     8.050    -3.330     3.095  144  124  148   -1
  52    -3.513    -3.387    -5.706  145  123  145   -1
  53    -6.385    -6.476    -0.635  173  146  174   -1
  54    -8.462     1.498    -4.926   95   82   95   -1
  55     8.229    -9.502    -5.136  204  176  206   -1
  56    -5.989    -6.070     4.341  170  142  172   -1
  57    -6.723    -1.755    -8.999  128  110  130   -1
  58     1.359   -10.621    -6.511  215  185  215   -1
  59    -4.528   -11.644     6.754  238  208  237   -1
  60   -10.607   -10.704     4.474  227  191  218   -1
  61    -2.853    -1.098    -9.790  122  106  125   -1
  62    -1.066    -7.865    -0.129  187  161  190   -1
  63    10.114     7.989    -1.410   33   25   28   -1
  64    -8.190   -11.335    -6.947  231  195  221   -1
  65     4.157   -10.526    -2.842  213  186  216   -1
  66     2.613     8.895    -5.743   25   19   23   -1
  67    -2.113     2.698    -4.859   81   72   85   -1
  68    -8.437     0.561    -3.652  107   91  107   -1
  69    -9.847    -2.415    -2.543  135  115  136   -1
  70   -10.288    -1.099     0.894  123  107  126   -1
  71    -1.268     5.531     9.995   51   46   55   -1
  72     1.825     0.789     2.124  105   90  106   -1
  73    -7.216    -8.328    -5.481  192  164  193   -1
  74    -3.498    -9.712     7.622  210  181  208   -1
  75    -9.813     4.074    -1.280   69   62   73   -1
  76     3.166    -3.692     6.175  152  131  156   -1
  77    -7.699    -7.678     5.848  189  160  186   -1
  78    -3.286     2.388     3.508   86   74   86   -1
  79    -2.964    -0.378     1.870  116   99  118   -1
  80   -10.608    -7.228     2.884  182  152  180   -1
  81     3.784     4.992     4.895   56   52   61   -1
  82   -10.370     6.451    -9.986   45   40   51   -1
  83     1.630    -3.423     1.892  146  125  149   -1
  84   -10.832    -4.443     4.241  158  133  160   -1
  85     4.816     3.100    -3.787   77   68   78   -1
  86     0.210    -2.849    -9.649  139  119  140   -1
  87     6.567    -0.251     2.784  114   97  115   -1
  88    -3.856    -9.015     8.632  206  177  202   -1
  89    -0.145    -0.777    -0.550  119  104  123   -1
  90    -6.419     8.561    -2.934   26   21   26   -1
  91     0.569    -0.221    -5.168  113   96  113   -1
  92   -11.688    -6.289    -4.810  172  143  171   -1
  93     2.229    -2.728    -5.435  137  118  139   -1
  94    -9.905     2.052    -2.705   90   78   91   -1
  95    -2.783    -9.106    -1.754  203  173  200   -1
  96    -1.103    -3.723     2.105  153  130  155   -1
  97    -5.060   -11.748    -6.806  234  201  228   -1
  98     9.158    -0.463    -2.766  117  100  119   -1
  99     5.197    -3.788    -3.091  149  129  157   -1
 100    -8.701     5.969     8.627   46   43   53   -1
 101     6.089   -11.403     1.132  229  202  233   -1
 102    -5.055    -6.429     6.254  174  148  176   -1
 103     2.841     6.354    -6.866   48   41   48   -1
 104     3.616    11.542    -1.643    4    5    2   -1
 105     3.965    -7.027     5.553  178  151  181   -1
 106     6.551    -2.823    -3.908  138  120  141   -1
 107    -1.974     2.178    -6.731   89   77   90   -1
 108     3.688     6.157    -3.167   50   44   49   -1
 109     2.529   -11.412    -3.896  228  198  227   -1
 110     8.295     9.847     2.497   17   13   10   -1
 111     4.383     4.566     2.396   62   55   65   -1
 112    -3.592    10.122     1.750   14   11   11   -1
 113     3.826    -8.587     8.906  197  172  199   -1
 114    -4.254    -2.486    -7.951  134  116  137   -1
 115    -1.616     0.189    -1.221  110   93  110   -1
 116     0.576     2.896     8.031   78   69   82   -1
 117     3.786    -5.717    -1.299  166  140  169   -1
 118   -10.871    -0.525    -5.661  118  102  121   -1
 119     1.627    -7.452     4.819  183  154  184   -1
 120    -1.546     4.513    -1.977   64   57   68   -1
 121    -9.561     4.572     1.895   60   56   67   -1
 122     3.669     9.496     7.337   19   15   17   -1
 123    -4.985    -7.882     8.086  191  163  192   -1
 124     6.484    -9.559     7.506  208  179  210   -1
 125    10.806    -6.496     1.011  171  147  178   -1
 126    -3.942    -3.638     4.273  151  128  153   -1
 127    -4.597     7.310    -4.342   36   31   38   -1
 128    -2.549   -10.716     1.036  220  190  219   -1
 129    -3.319    -7.746     0.809  185  158  187   -1
 130     1.218     3.364     8.636   74   64   75   -1
 131     8.763    -3.560    -2.312  147  126  151   -1
 132    -7.067     2.861    -2.995   80   71   84   -1
 133     5.020     7.254     5.418   37   28   35   -1
 134    11.472    -0.829    -6.109  121  105  124   -1
 135     4.407    -3.052     1.812  141  121  143   -1
 136     6.303     1.722    -9.934   92   80   92   -1
 137     1.065   -11.166    -5.218  222  193  223   -1
 138    -6.111     7.100    -8.348   40   32   41   -1
 139    -5.301   -12.187    -7.123  239  205  238   -1
 140    11.160    -9.320    -6.347  198  174  204   -1
 141    -1.804     0.478    -1.304  108   92  108   -1
 142   -10.948     8.665    -2.349   24   20   25   -1
 143    -4.243     6.386     9.404   42   35   46   -1
 144     4.818    -7.517     5.757  184  157  188   -1
 145    -5.605     6.721    -5.537   41   38   45   -1
 146   -10.925   -10.557     1.451  221  188  213   -1
 147    -2.839    -8.996     8.331  205  175  201   -1
 148     4.162    -8.484     9.121  196  169  198   -1
 149    -5.752     7.423    -3.836   34   29   36   -1
 150   -11.855     8.041    -6.555   32   27   33   -1
 151     0.691     1.077     5.778  100   86  101   -1
 152     4.029    -1.968     4.517  131  113  135   -1
 153     0.615    -7.059     9.336  180  153  182   -1
 154     4.657    -9.836    -9.982  207  178  207   -1
 155    -1.154     6.091     4.538   47   42   50   -1
 156    -9.783     8.316    -1.271   27   22   30   -1
 157    -2.116   -12.178    -2.309  241  211  241   -1
 158     5.790    -9.637     6.907  209  180  211   -1
 159    -8.832    -8.137    -6.664  190  162  189   -1
 160    -2.242     4.276     6.134   67   59   70   -1
 161     9.690     5.095    -9.073   59   54   62   -1
 162     1.096   -10.387    -3.919  212  183  212   -1
 163    -2.219     1.503     0.868   94   81   94   -1
 164     6.307     4.370    -6.940   68   60   71   -1
 165     4.478    10.775    -6.995   12    8    5   -1
 166    -3.599    10.665    -3.549   10    7    6   -1
 167     0.033    11.614    -1.246    3    3    3   -1
 168    -8.144   -11.616     6.557  240  207  234   -1
 169     7.053     9.342     4.784   20   16   19   -1
 170    10.537     1.383     1.382   96   83   96   -1
 171     8.617     5.125     0.820   55   50   59   -1
 172     1.222     6.402    -1.402   -1   39   47   -1
 173   -11.232     5.447    -6.587   52   48   -1   -1
 174    -6.571   -11.875     3.718   -1  209  239   -1
 175     4.454    -3.347    -9.207  143   -1  144   -1
 176    12.311    -1.496    -5.647  124   -1  129   -1
 177    -3.211   -11.884     4.119   -1  210  240   -1
 178    10.465     4.044     3.318   71   61   -1   -1
 179   -11.861    -8.735     2.526  202  170   -1   -1
 180     0.029    -6.331    -5.484  169  144  173   -1
 181    -2.270     4.558    -6.064   65   -1   69   -1
 182     8.430   -10.702     5.934  218  194   -1   -1
 183     2.792     2.495     7.333   84   73   -1   -1
 184     6.187     1.015    -6.747   -1   88  103   -1
 185    -2.492     9.591     6.210   16   14   18   -1
 186     3.744    10.432    -8.460   15   12   -1   -1
 187    -4.293     2.207    -1.151   -1   76   88   -1
 188    -4.942    -1.805    -7.353  126  111  132   -1
 189    -6.987    -2.021     2.112  133  114   -1   -1
 190     4.338     1.240    -3.199   -1   85   99   -1
 191    -6.467    -7.852    -1.459  188  159   -1   -1
 192     2.440    -5.227     6.514   -1  139  166   -1
 193    -0.101    -7.266    -8.087  179  150   -1   -1
 194   -12.729     1.177    -3.818   99   -1  100   -1
 195   -12.197     2.236    -2.311   87   -1   89   -1
