218
   1     3.972     4.761     4.452   61   55   69   -1
   2     3.106    -9.516    -8.304  226  195  227   -1
   3     1.430    -2.428     1.532  151  133  150   -1
   4     0.588     2.259    -8.934  100   88  100   -1
   5    -0.172     1.559     0.237  108   94  107   -1
   6    -1.097    -4.608    -6.005  171  147  169   -1
   7     1.417     3.846     7.123   75   67   80   -1
   8    -2.710     3.175    -3.573   84   73   86   -1
   9    -8.918    -1.776    -1.671  145  126  143   -1
  10    -8.756    -0.211    -0.082  123  107  124   -1
  11   -10.460     3.222    -8.705   83   74   88   -1
  12     3.869    -2.496    -1.872  152  134  152   -1
  13     5.778   -11.404    -4.515  255  227  260   -1
  14     0.002    -7.962    -4.424  209  183  207   -1
  15     0.073   -12.090    -9.477  263  233  265   -1
  16     1.751    -9.176    -9.148  222  192  221   -1
  17    -7.788     4.077     8.412   69   61   77   -1
  18    -7.072    -7.685     3.231  210  180  204   -1
  19     4.451     9.741    -0.317   16   13   17   -1
  20    -0.670     5.614    -9.470   57   52   64   -1
  21    -6.118    -3.278    -7.943  155  135  153   -1
  22    -6.542    -7.775    -2.666  207  179  201   -1
  23     4.583     0.258     2.609  120  104  120   -1
  24     6.773    -3.978    -6.086  162  141  165   -1
  25    11.505    -1.332    -5.933  135  118  135   -1
  26     0.989     0.676    -4.079  115   99  115   -1
  27     5.663    -3.587    -6.403  160  139  161   -1
  28    -6.494    -6.114    -1.384  187  161  183   -1
  29   -11.277    -6.956    -8.733  195  165  187   -1
  30     8.455     6.286     4.271   46   38   50   -1
  31    -0.501    -6.206     9.592  189  164  186   -1
  32    11.364    -3.264    -2.673  153  137  157   -1
  33     7.592   -10.488     1.007  241  217  252   -1
  34   -10.014     7.411     5.448   33   31   40   -1
  35     0.098     8.707     5.727   22   19   24   -1
  36    -6.658     2.894    -9.415   90   80   93   -1
  37     5.139    -9.486     7.300  232  202  235   -1
  38    -2.758   -11.199     5.550  259  230  257   -1
  39     4.676    -4.663    -8.631  170  148  170   -1
  40     1.468    -5.049     1.535  177  153  176   -1
  41   -11.955     8.985    -6.766   19   20   28   -1
  42    -8.997     4.426     3.604   63   56   73   -1
  43    -9.694     4.005    -1.204   73   65   81   -1
  44     5.632     3.675    -7.672   81   71   85   -1
  45    -4.066    -1.720     3.880  144  125  142   -1
  46    -3.923    11.188     7.006    2    3    7   -1
  47     8.749     2.271     4.725   98   84   98   -1
  48    -3.290     9.193     8.034   17   14   20   -1
  49     7.023   -11.431     0.213  256  229  262   -1
  50    -8.275   -10.212    -8.513  239  204  233   -1
  51    -2.453     4.397     4.579   64   57   72   -1
  52    -9.890     2.041    -2.911  102   89  103   -1
  53    11.408     1.382    -3.073  110   96  110   -1
  54     2.403    -9.697    -3.102  231  200  231   -1
  55     0.608    -4.766     4.427  173  150  174   -1
  56    -7.825    -6.745     5.149  196  169  189   -1
  57    -0.436    12.151    -9.640    0    0    1   -1
  58     8.785    -7.772    -5.472  200  178  206   -1
  59    -9.975    -0.737     0.793  129  112  129   -1
  60     8.947     0.890    -6.047  113   98  113   -1
  61    -2.761     2.776    -5.618   93   81   95   -1
  62     5.278    -8.240     1.262  214  186  216   -1
  63    -2.042    -6.829    -0.526  193  167  194   -1
  64    11.716    -0.082    -5.659  122  106  122   -1
  65    -1.070    10.601     0.158    8    6    9   -1
  66    -0.749   -10.874     5.094  254  225  255   -1
  67    -5.794    -9.316     2.897  230  198  225   -1
  68     5.439     6.013    -3.930   50   43   54   -1
  69    -6.446    -3.934     9.621  166  144  166   -1
  70    -4.785     0.435     3.335  118  102  119   -1
  71     6.863     4.158     4.188   70   60   74   -1
  72     5.953    -6.106     6.960  186  163  185   -1
  73    -3.383    -7.339     7.082  202  176  198   -1
  74     8.008     8.227     0.703   29   25   29   -1
  75    -8.743    -7.043    -7.964  197  168  191   -1
  76   -10.685    -0.066    -6.425  121  105  121   -1
  77    -8.436     6.656     8.851   36   33   45   -1
  78    -1.280     6.163     7.197   42   39   52   -1
  79     4.956   -10.742     3.960  249  223  254   -1
  80     8.062     9.973     5.459   11    9   12   -1
  81     1.479     5.709     8.762   51   44   57   -1
  82     3.316    11.752    -5.682    3    4    5   -1
  83     2.553     8.814     7.643   21   17   23   -1
  84   -12.046     2.209    -2.715   96   87  102   -1
  85    -6.495    -0.415     2.102  125  108  125   -1
  86     2.521    10.375     1.375   10    7   10   -1
  87     5.870     3.051     0.713   86   75   87   -1
  88     2.598    -4.368    -0.832  168  145  168   -1
  89    -5.021    -2.073     8.967  147  128  145   -1
  90     0.079    -5.356     9.027  180  157  180   -1
  91    -8.605     2.923    -3.123   87   78   92   -1
  92     3.003    11.394    -2.643    5    5    6   -1
  93   -11.226   -10.551    -3.474  248  214  241   -1
  94     1.578   -10.770     7.472  252  226  256   -1
  95    -3.851    -9.873     3.618  237  206  236   -1
  96    -5.614    -9.825    -8.624  233  199  229   -1
  97    -0.682   -11.581     2.319  262  234  263   -1
  98    -5.736   -10.113    -9.080  235  203  232   -1
  99    -3.409    -9.720     0.087  234  201  230   -1
 100    -0.546     0.510    -3.813  117  101  117   -1
 101    -1.146   -10.139     8.774  244  216  244   -1
 102     5.813    -7.730     2.934  205  182  208   -1
 103    -4.725   -10.807    -4.414  250  220  250   -1
 104    -4.256    -2.378    -6.266  150  132  148   -1
 105    -5.205    -0.526    -8.142  126  109  126   -1
 106    -0.177    -8.849     6.332  224  193  222   -1
 107     3.725     3.610     5.268   80   70   83   -1
 108     8.563     4.433    -3.966   68   59   71   -1
 109     2.335     4.080     3.361   72   63   76   -1
 110     3.141     8.608    -2.249   26   22   27   -1
 111    -9.097     5.643     1.986   53   48   62   -1
 112    -7.242     3.028    -2.667   85   76   90   -1
 113   -10.354    -6.881     2.002  198  171  192   -1
 114    -3.424    -8.836    -2.865  221  191  219   -1
 115    -0.341   -10.358     4.463  245  218  248   -1
 116    -1.206     6.836    -0.183   39   35   42   -1
 117    -7.039   -10.515     2.898  251  221  245   -1
 118    -2.416     1.815     2.499  106   91  104   -1
 119    -3.586    -1.651     4.117  143  123  140   -1
 120     5.247    -1.502    -2.218  138  120  137   -1
 121    -8.612     0.600    -3.931  116  100  116   -1
 122     4.293     1.461     5.369  109   95  109   -1
 123     4.415    -3.141     5.542  154  136  156   -1
 124    -4.035    -6.787     0.248  194  166  190   -1
 125     1.849    -0.628     2.235  128  111  128   -1
 126    -7.515    -7.547    -6.781  201  174  196   -1
 127    -0.282    -9.571    -4.864  229  197  228   -1
 128     3.407    -0.577     6.873  127  110  127   -1
 129     5.494     2.974    -7.230   89   77   91   -1
 130     5.569     9.767     4.331   14   12   15   -1
 131    11.939    -5.467    -7.182  179  156  179   -1
 132     2.236     6.437     9.291   40   36   47   -1
 133    -9.500     8.379    -0.974   25   23   33   -1
 134     8.442    -7.092     8.349  199  172  199   -1
 135     8.898    -1.111     1.594  133  116  133   -1
 136    -6.020     9.299    -1.595   18   15   22   -1
 137     7.558    -7.633     6.004  203  181  210   -1
 138   -10.895     8.607    -2.196   23   21   30   -1
 139     1.870    -1.615    -2.950  141  122  138   -1
 140    -0.941    -1.424     2.184  137  119  136   -1
 141     6.221     4.583    -7.886   65   58   70   -1
 142    11.607    -5.254    -7.133  176  155  178   -1
 143     3.783    -1.743    -8.095  142  124  141   -1
 144   -11.552     6.251    -6.814   43   41   56   -1
 145    10.422     7.646    -9.534   34   32   39   -1
 146    11.343    -8.566    -6.362  215  188  218   -1
 147    -4.187     3.782    -0.419   77   68   82   -1
 148    10.845    -1.579     2.789  139  121  139   -1
 149    -6.630   -11.436     2.738  264  231  258   -1
 150   -11.275    -5.959    -5.894  184  158  181   -1
 151    -2.618     5.662    -9.746   56   51   63   -1
 152    -0.075    -8.564    -7.746  218  187  215   -1
 153   -10.569    -4.069    -2.776  167  142  164   -1
 154   -10.393    -3.734     3.697  163  140  163   -1
 155   -11.752     8.508    -6.928   24   24   34   -1
 156    -5.646     7.894    -2.495   32   30   38   -1
 157    -1.677     2.196    -0.398   99   86  101   -1
 158     4.573     5.931    -1.187   52   45   55   -1
 159    -5.868    -4.636     3.766  172  149  171   -1
 160    11.818     2.937    -4.971   92   79   89   -1
 161    -5.956     6.993    -4.248   37   34   43   -1
 162    -4.083    -8.134     7.206  219  189  213   -1
 163    -1.023    -4.971    -4.711  174  152  175   -1
 164    -8.651     1.838    -5.321  105   92  105   -1
 165    -1.827     3.667     1.851   78   69   84   -1
 166     0.234    -0.936    -9.673  131  114  131   -1
 167     0.457     5.961    -7.950   54   47   58   -1
 168    -4.551    -7.813     8.191  213  184  209   -1
 169     4.698   -10.015     4.089  236  208  243   -1
 170    -6.367     8.774     4.424   20   18   26   -1
 171     6.262   -11.210     7.869  258  232  264   -1
 172     4.878     2.310    -4.009   97   85   99   -1
 173   -10.785    -9.931     3.574  243  207  234   -1
 174     3.528     5.959     8.370   49   40   53   -1
 175    -2.805     5.101    -4.315   59   54   68   -1
 176    10.481     2.732    -9.546   94   82   94   -1
 177     8.268   -11.968    -3.849  261  235  267   -1
 178     6.056    -8.224    -4.697  211  185  212   -1
 179     3.351    -5.769     8.248  183  160  182   -1
 180     0.712    -1.862    -4.375  146  127  144   -1
 181    -8.878   -10.580     4.072  253  222  246   -1
 182    -0.425    -5.294    -9.617  178  154  177   -1
 183    -4.077    -9.966     7.137  240  211  239   -1
 184    -1.845     2.468    -0.436   95   83   97   -1
 185     4.904     9.817     6.730   12   10   14   -1
 186   -11.697    -8.435     1.641  220  190  214   -1
 187     9.313    -3.423    -2.044  156  138  159   -1
 188    -0.448    -9.482    -6.533  227  196  226   -1
 189     3.461     5.819    -9.199   55   49   60   -1
 190     0.206     0.951    -9.912  112   97  112   -1
 191    10.707     9.991     1.205   13   11   13   -1
 192    10.494     1.645    -3.341  107   93  106   -1
 193     9.803     5.534     0.694   58   50   61   -1
 194    -2.476     4.214    -9.237   71   64   78   -1
 195    -3.349     7.776     9.739   30   26   36   -1
 196    11.556     6.526     1.548   41   37   46   -1
 197    -4.401    -0.907    -8.811  132  113  130   -1
 198    -4.512     7.973    -2.538   31   29   37   -1
 199    11.952     5.162    -5.156   60   53   66   -1
 200     6.057    11.174     9.822    4    2    4   -1
 201     2.674    -2.247     6.800  148  131  149   -1
 202     7.272   -12.109    -3.187  266  236   -1   -1
 203     9.230   -12.219    -4.660  265  238   -1   -1
 204     4.112     3.965    -0.977   76   66   79   -1
 205     5.233    -3.447     5.688  159   -1  160   -1
 206     5.986   -12.297    -6.767  267  237   -1   -1
 207     0.944   -10.360    -5.064  238  209   -1   -1
 208    -8.909   -11.791     7.497   -1  239  266   -1
 209     3.333    -7.763    -9.266   -1  175  202   -1
 210     8.206    -0.929    -0.740  130  115  132   -1
 211    -6.737     8.245    -7.255   28   27   -1   -1
 212    11.546   -10.839     4.771   -1  224  259   -1
 213    -2.568    -9.859     3.292   -1  205  237   -1
 214    12.299     3.573    -9.448   82   72   -1   -1
 215    -0.808     4.344    -8.642   -1   62   75   -1
 216     2.407     8.039    -3.738   -1   28   35   -1
 217   -12.527     1.257    -4.463  111   -1  111   -1
 218    12.852    -6.992    -2.808  192   -1  195   -1
