226
   1     3.312    -1.838     9.979  147  134  141   -1
   2    -1.547    -2.289     5.123  150  138  148   -1
   3    -9.357    -2.126    -2.760  148  135  143   -1
   4    -4.058   -12.125    -9.867  254  226  251   -1
   5    -7.274    -4.480     2.846  173  157  170   -1
   6     0.565    -5.254    -0.894  183  166  180   -1
   7     4.236    -5.807     8.039  188  170  189   -1
   8     7.971    -6.086    -9.171  187  169  190   -1
   9   -11.599    -1.285     0.444  137  128  134   -1
  10     4.142   -10.645    -7.378  237  215  239   -1
  11    -1.854    -5.296    -7.897  182  165  179   -1
  12    -4.690     2.786     9.802  103   97  100   -1
  13     2.718     5.941    -6.492   71   67   69   -1
  14    -1.232    -4.139     3.224  168  154  167   -1
  15    -5.846    -6.663     4.466  196  176  196   -1
  16     3.364     2.606     1.096  108  100  104   -1
  17     4.166    -4.737     8.567  177  162  177   -1
  18   -11.555    -4.184    -2.059  170  152  164   -1
  19     3.876     1.063    -8.490  121  111  116   -1
  20    -9.975    -1.278    -1.316  136  126  133   -1
  21     4.030    -8.854    -0.959  216  197  218   -1
  22   -10.001    -0.428    -7.829  129  120  125   -1
  23    -9.612    -4.133    -8.763  165  150  163   -1
  24     3.408    -6.344     7.036  193  175  194   -1
  25    -2.190    -1.361     6.572  139  130  136   -1
  26    -7.684     7.669     4.373   42   45   50   -1
  27     2.689    -5.793    -0.059  186  168  184   -1
  28     0.706     0.886    -7.690  122  112  117   -1
  29    -6.391     6.443    -1.869   60   58   61   -1
  30     9.053   -10.958    -5.349  241  218  245   -1
  31    11.131    -9.212    -0.567  218  199  225   -1
  32     8.933     9.154    -0.408   35   33   29   -1
  33   -11.218     6.345    -7.557   61   61   66   -1
  34    -8.990    -6.277    -9.517  190  171  187   -1
  35    -0.153    -9.824    -1.319  230  208  231   -1
  36     2.133    -0.398     5.406  128  119  124   -1
  37    -3.339     3.891     3.926   95   91   94   -1
  38    -3.553   -10.454    -2.103  240  216  236   -1
  39     2.750    -3.038     1.540  160  144  156   -1
  40    -9.282   -11.712    -8.361  251  221  246   -1
  41     2.336    -1.736     3.688  142  132  138   -1
  42   -10.244     3.639    -7.832   97   92   95   -1
  43     6.355    -0.745     2.657  131  123  128   -1
  44     8.316    -6.454     2.261  192  174  195   -1
  45    -6.870   -10.690     5.135  243  219  241   -1
  46     6.660    10.665    -6.328   20   19   16   -1
  47     5.339    11.193     0.156   10   10    8   -1
  48     6.264    -2.692    -9.557  154  139  151   -1
  49   -11.738    -9.286     0.061  227  202  221   -1
  50    -5.357    -6.874     4.735  198  181  198   -1
  51     9.457    -9.280    -2.095  220  200  224   -1
  52     3.182    -3.641    -2.110  163  148  161   -1
  53    -0.514     7.887    -6.176   47   46   47   -1
  54    -0.584    -0.710     9.111  130  122  127   -1
  55    -0.425     6.850     7.646   57   55   56   -1
  56    -8.922     2.084     7.481  112  104  108   -1
  57     7.421     6.388    -3.392   63   59   59   -1
  58    -4.923     9.031     3.787   31   32   32   -1
  59    -7.334    10.409    -0.280   16   20   22   -1
  60     1.594    -9.499    -0.246  224  204  226   -1
  61    -5.660    -4.477     9.674  175  159  171   -1
  62    -6.497     4.309     8.729   84   81   88   -1
  63    -1.542     5.057    -2.225   80   77   81   -1
  64     2.878    -8.286    -8.583  209  190  210   -1
  65    -5.714    -4.866    -8.789  176  160  175   -1
  66     6.037     7.945     9.567   41   40   38   -1
  67    11.475     5.488     2.630   76   71   74   -1
  68     7.157    -7.274    -1.318  199  183  203   -1
  69    -5.592    -1.270     0.995  135  127  135   -1
  70    -1.907     1.284    -7.330  117  108  113   -1
  71     8.441     7.430    -0.250   54   52   51   -1
  72     1.864    -3.402     6.159  162  147  159   -1
  73     8.737     4.561    -3.633   88   80   84   -1
  74    -3.694     1.758     1.472  114  105  110   -1
  75    -8.168    -9.756    -5.150  231  205  223   -1
  76     9.403    -2.752    -2.976  156  141  152   -1
  77    -3.373   -11.392     9.100  253  227  250   -1
  78     7.916     7.736    -3.967   49   47   45   -1
  79    -6.632    -7.016    -0.627  200  180  199   -1
  80   -11.278     3.287    -8.890   99   93   98   -1
  81     9.523     7.370     6.895   53   49   46   -1
  82    -4.841    -7.012    -6.321  197  177  197   -1
  83     8.599     8.516     6.538   39   37   34   -1
  84    -3.540     6.976     6.095   55   54   55   -1
  85     7.188     4.375     2.455   89   82   85   -1
  86    -1.966    -9.669    -2.252  228  206  227   -1
  87     9.451     3.064     0.023  102   96   96   -1
  88    -3.061    10.348     3.590   18   18   18   -1
  89    -9.439    -5.093    -9.711  179  163  176   -1
  90     8.511     8.248    -9.784   46   42   40   -1
  91    -6.870    -8.244     5.324  215  192  212   -1
  92    -6.792     5.526     5.833   72   70   76   -1
  93    10.279   -10.300     4.219  236  217  242   -1
  94    -0.470     5.858     0.103   69   66   70   -1
  95    -8.033    10.832    -2.934   12   15   17   -1
  96     2.797    -8.790    -8.377  214  194  216   -1
  97     1.187     9.803     5.295   24   25   25   -1
  98    -1.194     8.592     6.333   36   36   37   -1
  99     6.978    -8.107     6.697  211  191  214   -1
 100    -9.379     4.318     2.024   87   85   90   -1
 101     6.843     4.270    -4.288   90   86   89   -1
 102    -0.312     0.149     4.444  126  116  120   -1
 103    -4.962    -0.087    -4.266  127  117  121   -1
 104    -5.159     5.384     3.871   75   73   78   -1
 105    -7.224     2.772    -5.617  106   99  103   -1
 106    -0.177    -4.672    -4.271  174  158  174   -1
 107    -4.674    -4.125     0.334  167  151  165   -1
 108     1.937     4.993    -9.233   82   78   82   -1
 109     1.112     8.040    -5.890   43   43   42   -1
 110    -4.659     7.344     0.032   50   53   54   -1
 111   -10.214    -2.322    -3.297  151  137  147   -1
 112    -6.782   -11.785    -8.466  250  222  247   -1
 113     0.230     7.903    -2.209   45   44   44   -1
 114     3.207    10.899    -3.042   14   14   14   -1
 115     2.572     6.281    -9.497   67   63   65   -1
 116     4.499     5.027     0.208   81   76   80   -1
 117     2.478    -6.184     1.270  189  173  192   -1
 118    -4.713   -11.513    -0.974  248  223  248   -1
 119     0.741     3.915     7.238   93   90   93   -1
 120    -6.724    -7.865    -0.802  208  187  205   -1
 121    -7.079     8.342    -7.278   40   41   41   -1
 122     6.557     8.780    -1.390   38   38   36   -1
 123    -7.965    -8.164    -8.297  210  188  207   -1
 124    -8.078     1.127    -6.378  119  109  114   -1
 125   -10.920    -0.917    -5.670  132  124  129   -1
 126    -8.621     3.220    -5.115  100   94   99   -1
 127     4.640     9.108     5.309   33   30   28   -1
 128    -4.809    -9.703     8.815  234  211  232   -1
 129    11.724    -7.013    -0.541  194  179  202   -1
 130     3.515   -11.920    -5.804  247  225  253   -1
 131     7.266     3.005     5.401  101   95   97   -1
 132    -8.676    -4.294     1.834  171  155  168   -1
 133    11.583    10.855     2.882   15   12    9   -1
 134    -0.859    -2.144     5.761  149  136  146   -1
 135     6.414    11.932    -5.080    6    7    2   -1
 136     1.078     4.151    -4.535   92   87   91   -1
 137     6.822    -4.582    -6.039  172  156  173   -1
 138     0.922     6.110     1.511   65   62   63   -1
 139     6.274    -3.149     2.395  161  145  157   -1
 140     0.995   -11.206     7.107  245  224  249   -1
 141    -7.378     8.816     8.714   32   34   35   -1
 142     5.466     0.176     5.661  125  115  119   -1
 143     1.095    10.315     8.812   17   16   15   -1
 144     2.652     9.407     5.784   28   27   26   -1
 145   -10.930     8.617    -2.771   37   39   39   -1
 146     6.829    -1.017    -5.628  133  125  130   -1
 147   -12.385    -6.214    -3.544  191  172  186   -1
 148     4.898     6.713    -4.039   59   57   57   -1
 149    -8.050    -8.976     7.214  223  201  220   -1
 150    -0.525     9.366     1.778   30   28   27   -1
 151     6.164    11.732    -3.867    7    8    4   -1
 152    -9.461   -10.168    -9.543  233  209  229   -1
 153   -11.477     9.351    -3.766   29   31   33   -1
 154     0.954    -8.419     0.164  213  193  215   -1
 155     3.495     4.004     2.436   94   89   92   -1
 156     1.815    -3.762     4.074  164  149  162   -1
 157    -0.839    -1.854     3.231  146  133  140   -1
 158     8.125     9.869     4.381   25   24   21   -1
 159     7.940   -11.702     2.650  246  228  256   -1
 160    -1.559    -2.911    -5.333  159  143  154   -1
 161    -3.586    -4.295    -8.870  169  153  166   -1
 162    -3.668    -2.623    -1.749  155  140  150   -1
 163    -3.118     5.386    -8.229   79   75   79   -1
 164     1.837    -9.973     4.990  232  212  235   -1
 165    -5.957     6.951    -8.604   58   56   58   -1
 166    -4.246     9.712    -9.445   27   29   30   -1
 167    10.654    -7.170    -8.279  195  178  201   -1
 168    -5.772    -8.904     7.303  221  198  219   -1
 169     7.138    -5.089     8.785  180  167  181   -1
 170     9.797    10.636    -0.048   19   17   13   -1
 171   -11.349   -10.780     3.608  244  220  240   -1
 172    -2.759    -9.605     0.781  229  207  228   -1
 173    -1.757    -7.663     1.284  205  186  204   -1
 174     6.038    -7.704    -1.349  203  184  206   -1
 175   -12.396    -8.761    -5.754  217  195  213   -1
 176    -2.191     5.552    -0.980   74   72   77   -1
 177    -6.087    -9.561    -4.590  226  203  222   -1
 178     7.737    10.256    -1.928   23   21   19   -1
 179     7.392    11.197    -6.417   13   13   10   -1
 180     5.795    -8.174    -6.107  206  189  211   -1
 181     7.309    -2.813    -2.782  157  142  153   -1
 182     7.820    12.132    -6.419    5    3    0   -1
 183     3.606     7.276     6.625   52   50   52   -1
 184     4.782     8.869     6.907   34   35   31   -1
 185    -4.726     6.457    -9.734   62   60   62   -1
 186    -0.429    11.358     8.900    4    5    6   -1
 187   -11.167   -10.561    -8.602  242  213  233   -1
 188    -4.876     0.710     2.831  123  113  118   -1
 189    -2.173     5.752     1.771   70   68   72   -1
 190     2.169     7.732    -5.141   48   48   49   -1
 191    10.032     4.859    -8.601   83   79   83   -1
 192   -10.780     5.711     1.709   68   69   75   -1
 193     1.826    11.970    -2.008    2    2    3   -1
 194   -10.294     2.431    -3.806  110  101  107   -1
 195   -11.817     2.815    -2.524  104   98  102   -1
 196     6.238    -1.351    -2.585  138  129  137   -1
 197     6.667   -12.198    -6.787  252  229  257   -1
 198    10.062    10.270    -6.318   26   23   20   -1
 199    -7.785    -7.440    -9.118  202  182  200   -1
 200    10.437     4.146    -0.498   96   88   87   -1
 201    10.007     7.490     0.704   51   51   48   -1
 202    11.017    -4.711     9.647   -1  161  178   -1
 203   -13.153     1.591    -3.581  116   -1  111   -1
 204    -8.362     0.652    -5.100  124  114   -1   -1
 205    12.746    -2.961     0.491  158   -1  155   -1
 206    11.130     1.716     4.611   -1  106  109   -1
 207   -13.269     7.612    -1.174   44   -1   53   -1
 208    -4.135     2.158     9.458  111  103   -1   -1
 209    10.739     1.259     7.802   -1  107  112   -1
 210    11.203     5.792     9.227   -1   64   64   -1
 211    11.188     2.179     8.046   -1  102  106   -1
 212     2.276   -12.070     0.978  256  230   -1   -1
 213     3.973    -1.530     3.172  140  131   -1   -1
 214     4.682    11.778     8.387    1    0   -1   -1
 215    -1.308   -10.645    -8.941  238  214   -1   -1
 216   -10.585     5.429   -10.251   78   74   -1   -1
 217   -11.815     1.091    -2.873  118  110   -1   -1
 218    -1.779    -2.538    -5.437  153   -1  149   -1
 219    -3.016    -5.289    -9.151  181  164   -1   -1
 220     6.423    10.343    -5.054   22   22   -1   -1
 221     2.185    10.829     7.145   -1   11   11   -1
 222    10.182    -0.371     8.947   -1  118  123   -1
 223     6.369    -1.175    -9.634  134   -1  131   -1
 224   -10.656     4.421    -2.388   85   83   -1   -1
 225     2.822    -8.679     2.011   -1  196  217   -1
 226    13.029   -10.578    -4.237  235   -1  243   -1
