233
   1   -11.761    -0.852    -3.699  138  124  143   -1
   2     5.207    -9.692     1.084  229  208  242   -1
   3    11.200    -9.813     3.034  231  211  246   -1
   4    -0.023    -3.064     5.158  163  150  173   -1
   5    -7.968    -4.737     9.314  179  162  186   -1
   6    -0.500    -7.036    -1.037  205  188  216   -1
   7    -6.649     0.260     0.344  127  115  130   -1
   8     4.330     2.196     1.422  100   94  108   -1
   9     7.017    -5.926     5.217  189  173  205   -1
  10     0.649    -3.367    -8.151  166  153  177   -1
  11    -6.868    -1.255    -2.780  145  131  150   -1
  12    -0.664     5.035    -5.614   73   70   77   -1
  13    -9.065     7.253     1.225   43   43   48   -1
  14   -11.023     3.750    -5.994   80   78   87   -1
  15    -0.618     0.312    -2.631  125  114  129   -1
  16     4.592    -1.122     4.467  142  128  147   -1
  17     3.853    -7.821    -8.215  208  193  224   -1
  18    -8.298    -8.639     4.734  222  203  232   -1
  19     6.664    -5.844    -2.367  186  171  199   -1
  20     8.313    -9.329    -1.029  223  205  236   -1
  21    -4.173    -8.640     0.880  219  202  231   -1
  22     5.914   -10.584    -6.795  234  215  249   -1
  23    -3.905    -7.344     2.836  207  191  220   -1
  24     1.710    10.615     8.221   11   10   12   -1
  25     2.584     0.752    -6.895  113  105  119   -1
  26    -7.133     6.336     2.038   53   56   64   -1
  27     3.475    -3.465     0.283  169  154  179   -1
  28     0.081    -1.875    -5.223  154  139  159   -1
  29     4.921    -3.306    -7.772  165  152  176   -1
  30    -8.730     9.110    -4.603   32   33   40   -1
  31     9.977     0.545    -5.068  119  109  125   -1
  32     0.392    -8.435     4.053  218  200  230   -1
  33    -3.076     0.500    -6.100  121  112  127   -1
  34     4.053    -1.675     1.646  150  137  157   -1
  35     3.452    -5.063    -3.745  178  163  189   -1
  36   -11.349     4.724    -2.894   74   73   81   -1
  37     2.424   -10.794    -6.932  240  217  250   -1
  38    -0.547     7.143     6.539   44   42   47   -1
  39    -3.873    -3.059     0.534  162  149  171   -1
  40     2.172    -6.015     1.928  192  174  204   -1
  41    -1.963     5.656    -3.825   66   65   73   -1
  42    -2.755     6.800     4.629   46   45   52   -1
  43     0.360    -9.584     0.620  228  207  238   -1
  44     0.457     1.851     3.923  101   95  109   -1
  45     3.448    -5.462     9.998  184  169  197   -1
  46     4.979    -1.504     1.822  149  135  155   -1
  47     1.046     3.390     1.528   86   83   94   -1
  48    -1.203     1.708     6.575  103   97  111   -1
  49    12.038     2.571     1.648   96   92  103   -1
  50     0.063     0.599    -8.023  118  108  124   -1
  51    -4.171    -0.930    -2.284  140  126  145   -1
  52    -7.292   -10.749     7.487  248  224  254   -1
  53     9.219   -10.741     6.632  242  223  258   -1
  54    -2.026     2.717    -8.936   94   91  105   -1
  55    11.969    -9.386     0.474  224  206  240   -1
  56     9.365     3.277    -7.513   90   86   97   -1
  57    -7.866     4.976    -5.715   72   71   79   -1
  58     5.441     6.876    -3.523   49   47   50   -1
  59    -2.755    -1.299     9.822  146  133  152   -1
  60    -0.906     5.651     8.829   61   60   70   -1
  61    -0.965   -10.854    -5.731  241  219  251   -1
  62    -1.661    -1.670     1.577  151  136  156   -1
  63    -4.133   -11.943    -5.598  253  227  263   -1
  64   -12.255   -10.042    -5.846  233  210  237   -1
  65    -8.779    -9.827     6.072  236  214  241   -1
  66   -10.360     2.873    -0.263   92   89  101   -1
  67     8.881     5.505    -9.492   69   67   75   -1
  68   -11.154    -1.211    -7.847  144  129  148   -1
  69     1.186    -0.472     7.379  133  120  139   -1
  70     2.839     0.307     7.570  124  113  128   -1
  71     2.688    11.119    -7.365   14   13   13   -1
  72    -9.958    -6.174     2.320  197  179  203   -1
  73     0.679    -0.706     7.518  136  122  141   -1
  74    -8.321    -7.738    -3.013  211  194  222   -1
  75     3.361    -2.276     2.115  159  145  166   -1
  76     3.879    -6.781     5.580  202  186  215   -1
  77     5.304    11.834    -5.501    6    5    6   -1
  78     7.454     5.563     1.336   67   64   71   -1
  79     3.578     2.294     1.305   98   93  107   -1
  80     0.552   -10.393     2.553  238  216  248   -1
  81    -5.063     0.638    -5.000  116  107  123   -1
  82     6.319    -6.866     3.597  203  187  217   -1
  83    -0.124     4.571    -0.515   75   74   80   -1
  84     8.321    10.398     4.365   19   15   16   -1
  85    -8.949    -3.891    -1.556  171  156  181   -1
  86    -3.227    -5.915     7.516  194  177  202   -1
  87    -6.904     1.036     4.262  109  101  116   -1
  88     3.985     8.923    -1.583   35   34   39   -1
  89    12.164    -4.992    -4.201  177  161  190   -1
  90   -10.683    -1.811    -5.862  153  138  158   -1
  91     7.422    -0.381    -5.452  131  118  136   -1
  92     9.790   -10.113    -8.275  230  209  245   -1
  93    -5.654    -5.659     3.688  188  170  195   -1
  94     7.276    11.459     8.173    4    2    4   -1
  95    -8.259     7.422     5.745   40   40   46   -1
  96     1.766    10.527    -1.773   18   18   21   -1
  97     2.512    -6.162    -0.491  195  178  206   -1
  98    11.922     6.495    -1.700   57   55   56   -1
  99    -9.138     4.022    -8.587   77   76   86   -1
 100    10.045    -8.155    -0.634  212  197  228   -1
 101    -4.159     5.966    -4.736   59   59   69   -1
 102    -5.782   -11.583    -2.769  250  226  260   -1
 103    -7.485     3.468     0.509   84   81   95   -1
 104   -11.363    -5.517     1.076  185  167  192   -1
 105     7.296     3.294     8.316   89   84   93   -1
 106    -0.014    -0.469    -5.130  132  119  137   -1
 107   -11.291    -1.931    -6.016  155  140  160   -1
 108    -7.668    11.502    -6.980    7    7   11   -1
 109    -8.040     3.109    -9.806   91   87   99   -1
 110     4.233    -6.885    -8.899  201  183  211   -1
 111    10.337     2.698    -6.440   95   90  102   -1
 112    -4.809    10.289     5.544   16   16   22   -1
 113    -6.074   -11.372     8.575  255  229  261   -1
 114     0.684     8.477     5.118   37   36   41   -1
 115     7.826    -8.808    -5.205  217  201  233   -1
 116    -4.473    -0.213    -5.947  130  117  135   -1
 117   -11.620     5.749    -4.170   60   63   74   -1
 118     9.527     3.978     6.344   78   75   82   -1
 119     8.407    -4.992    -9.610  175  160  187   -1
 120     1.337     6.627     7.289   48   46   54   -1
 121    -2.525   -12.061    -7.156  254  228  264   -1
 122     3.782    -8.205     6.385  214  199  229   -1
 123     3.981     1.410    -5.206  107  100  113   -1
 124     4.470    -6.359     4.811  196  181  209   -1
 125    -0.835    10.584     5.911   13   12   18   -1
 126    -6.187     5.912     3.870   58   57   68   -1
 127    -8.806    -8.067    -9.745  213  196  223   -1
 128     6.418    -5.165    -5.411  180  165  191   -1
 129     7.745    -2.167     0.102  157  142  164   -1
 130    10.999    -6.662    -1.352  199  182  213   -1
 131    -3.684    -6.300     1.564  198  180  208   -1
 132    -4.956    -6.980     2.339  206  189  214   -1
 133    -7.767    -9.078     4.864  227  204  234   -1
 134    -3.004    -2.019    -5.696  156  141  161   -1
 135     7.954    11.068     5.541   10    6    8   -1
 136    -2.238     9.443    -7.740   31   30   33   -1
 137   -11.350    11.383    -5.749    5    8   14   -1
 138    -1.572    11.729     8.849    0    0    2   -1
 139    10.117    10.518    -0.778   20   17   17   -1
 140     0.958    10.375    -9.962   23   22   24   -1
 141     0.791     6.421     3.100   54   54   60   -1
 142     0.452    -2.972    -6.548  161  148  170   -1
 143    -8.214    -8.308    -2.957  216  198  227   -1
 144     7.154    -4.190    -9.279  172  158  183   -1
 145    -5.983    -5.169    -6.331  182  164  188   -1
 146    -0.126    -0.744    -2.924  137  123  142   -1
 147     1.619    -4.157     3.249  174  159  185   -1
 148    -2.397     9.570     4.181   26   25   30   -1
 149    -6.395    -0.915    -9.519  139  125  144   -1
 150     7.513     6.431     4.733   56   53   55   -1
 151     9.123    -7.771    -1.346  209  195  226   -1
 152     0.801    -1.199    -3.686  143  130  149   -1
 153     1.565     1.838    -1.269  102   96  110   -1
 154     8.939    11.398    -9.457   12    9   10   -1
 155     7.586     6.854    -5.969   52   49   51   -1
 156     6.423    10.493    -4.352   21   19   20   -1
 157     6.186    10.389     7.951   17   14   15   -1
 158     4.506     6.676     3.563   51   48   53   -1
 159     5.250     6.025    -7.918   64   61   67   -1
 160     5.908   -10.759    -4.209  237  218  252   -1
 161     6.069     7.963    -8.116   41   38   43   -1
 162    -4.682     3.275     0.120   88   85   98   -1
 163    -5.130     0.490     0.366  122  111  126   -1
 164    -6.687     0.649     9.525  115  106  122   -1
 165    -9.066     0.907    -8.607  111  102  117   -1
 166     4.087     8.024     3.066   39   37   42   -1
 167     3.633    -0.666     4.561  135  121  140   -1
 168    11.055    -3.612    -8.383  168  155  180   -1
 169     4.277     6.465     3.406   55   52   58   -1
 170     2.598     1.605    -3.940  105   98  112   -1
 171     8.381     9.577     1.135   30   27   27   -1
 172     4.868    -6.760    -3.439  200  184  212   -1
 173    -4.661     0.716     7.206  112  103  120   -1
 174    -5.268     9.637     8.304   22   23   28   -1
 175     6.464    -1.495     0.099  148  134  154   -1
 176    -3.352   -11.324    -0.795  249  225  257   -1
 177    10.165     5.985    -1.427   63   58   65   -1
 178     9.114    -2.214     5.269  158  144  167   -1
 179    10.105     9.853    -2.266   28   24   25   -1
 180     4.782     9.727     7.220   25   21   23   -1
 181    -4.272     5.755    -0.899   65   62   72   -1
 182     4.922     5.189     7.832   68   66   76   -1
 183     8.624    -5.983     3.963  190  175  207   -1
 184    -1.170    -5.322     9.804  183  168  194   -1
 185    -8.228    -1.352    -0.833  147  132  151   -1
 186     4.073    -3.235    -6.759  164  151  174   -1
 187    -0.675    -5.857     3.396  191  172  200   -1
 188    -4.772     3.383     3.607   85   82   96   -1
 189   -11.276    10.474    -4.841   15   20   26   -1
 190     7.877   -11.405    -9.606  244  221  259   -1
 191    11.850     0.127    -7.780  128  116  131   -1
 192     7.442     2.862     1.771   93   88  100   -1
 193    -5.978   -11.877     2.170  257  230  265   -1
 194     1.713     9.339    -5.266   33   31   32   -1
 195    -8.954     3.518     2.713   82   79   92   -1
 196    -1.167     6.491     7.031   50   50   57   -1
 197     1.422   -11.122    -2.492  245  222  255   -1
 198     3.494    -9.734     8.372  232  212  244   -1
 199    -1.197     8.835     6.840   34   32   36   -1
 200    -7.248    -6.806    -2.459  204  185  210   -1
 201     2.893     9.876    -7.768   29   28   29   -1
 202    -8.198    10.801     2.964    9   11   19   -1
 203    -6.826     5.060    -4.340   71   69   78   -1
 204     8.599     8.734     4.838   36   35   35   -1
 205     8.417    -1.106    -8.637  141  127  146   -1
 206     1.089     0.697     6.006  114  104  121   -1
 207     0.190   -10.799     0.345  243  220  253   -1
 208    11.210    11.604     0.131    8    4    3   -1
 209   -12.443    12.004    -7.821   -1    3    9   -1
 210   -12.918    -3.626    -3.713  170   -1  178   -1
 211     2.499    -5.435     1.046   -1  166  193   -1
 212   -13.490     4.299    -3.488   76   -1   84   -1
 213   -10.735     1.435     6.031  106   99   -1   -1
 214     2.380     6.867     5.253   -1   44   49   -1
 215   -13.842     9.363    -2.168   27   -1   38   -1
 216   -10.668    11.792     2.920   -1    1    7   -1
 217   -11.664     9.494     4.483   24   26   -1   -1
 218    13.112     1.012    -2.812  110   -1  115   -1
 219   -12.291   -10.764    -0.233  246   -1  247   -1
 220   -12.769   -11.458    -0.754  251   -1  256   -1
 221    -3.961     3.834     0.834   79   77   -1   -1
 222    -1.025   -12.328    -6.273   -1  231  266   -1
 223    11.748     0.064    -5.933  129   -1  132   -1
 224     8.746     8.728     2.201   38   -1   37   -1
 225    -8.644     3.520     8.564   81   -1   90   -1
 226     0.164     3.508     3.245   -1   80   89   -1
 227     0.884     6.382     9.097   -1   51   59   -1
 228    -9.110     7.158     9.950   42   41   -1   -1
 229    10.663     7.315     9.503   -1   39   44   -1
 230     9.869     5.833     6.269   62   -1   66   -1
 231   -12.293     2.567    -1.424   97   -1  104   -1
 232     3.636    -2.755    -2.369   -1  147  169   -1
 233   -13.261    -5.939    -4.130  193   -1  196   -1
