238
   1    -2.162    -6.073     9.302  199  178  201   -1
   2     4.044     2.999    -8.013   90   77   93   -1
   3    -1.747    -0.646    -9.320  139  123  143   -1
   4     4.440    -0.043     8.197  131  116  135   -1
   5    -3.886    -9.573     2.765  237  212  238   -1
   6     4.975    -1.757     1.944  148  132  153   -1
   7     6.438    -5.335     4.573  191  172  197   -1
   8    -7.750     0.104     0.540  127  113  131   -1
   9     6.767   -11.260    -4.472  250  227  257   -1
  10     0.401   -10.428    -6.458  243  216  243   -1
  11     6.464    -5.960     8.936  197  176  202   -1
  12    -3.413     2.771     3.890   92   78   95   -1
  13    -6.344    -4.667    -0.978  180  160  183   -1
  14    -5.874   -11.309     6.101  263  233  259   -1
  15    -8.806    -8.894     5.550  234  208  236   -1
  16     9.684    -0.050     2.682  132  117  136   -1
  17    -0.620     0.251     8.139  123  108  126   -1
  18   -10.333    -5.742    -4.042  196  174  198   -1
  19    10.104    -3.854     0.738  167  152  176   -1
  20    -7.820     3.184    -4.197   87   75   92   -1
  21    -2.564     5.540     4.728   57   46   57   -1
  22    -5.031    -6.551    -5.338  201  181  205   -1
  23     6.345    -9.546    -2.602  235  211  239   -1
  24     8.506    -4.055     5.795  173  156  179   -1
  25     2.722    -8.740    -5.042  226  203  233   -1
  26    -0.695    -5.634     2.404  194  175  199   -1
  27     0.619    -3.241     5.288  165  148  169   -1
  28   -10.893    -3.934    -0.837  172  154  175   -1
  29    -5.520    -7.549    -7.149  213  187  215   -1
  30     7.804    -5.292     3.189  189  171  196   -1
  31    -5.663    -3.743     9.004  170  153  173   -1
  32    -0.013    -0.787    -2.945  140  125  147   -1
  33   -10.618    -8.680     2.938  230  207  231   -1
  34    -3.999    -3.945    -8.230  169  150  174   -1
  35   -11.971    -7.199    -3.756  208  185  211   -1
  36    -3.484    -0.932    -7.418  143  127  149   -1
  37     3.927     0.701     4.191  118  105  122   -1
  38     7.209    -5.146    -4.507  184  165  192   -1
  39   -11.271     2.077     3.670  101   87  107   -1
  40     4.218    -5.032     4.658  185  167  191   -1
  41     5.993     2.343    -3.598  100   85  102   -1
  42     0.393     7.252    -0.640   38   31   40   -1
  43    -9.379     6.331    -0.270   48   38   50   -1
  44     7.872    -7.063    -4.470  204  184  213   -1
  45     0.445    11.646     7.685    1    1    4   -1
  46     4.112     3.173     3.542   88   74   89   -1
  47    -5.548    11.168     8.321    7    5    8   -1
  48    -9.010     0.361     2.016  121  107  125   -1
  49     4.764     1.881    -4.714  109   96  111   -1
  50     8.231    -0.394    -1.984  136  122  142   -1
  51     8.257    -2.947    -2.282  162  145  166   -1
  52     5.483     6.102    -2.628   53   43   53   -1
  53     0.629    -5.277    -8.012  187  166  190   -1
  54   -10.584    -7.291    -6.102  210  186  212   -1
  55    -8.772     4.851    -8.568   69   60   76   -1
  56    -1.930     7.239    -8.098   42   33   44   -1
  57    -8.684     5.585     4.821   55   44   60   -1
  58    -2.565    -2.452    -7.282  156  140  161   -1
  59    -5.139    10.947    -8.324   13   11   16   -1
  60    -4.210     5.510     7.746   56   45   58   -1
  61    -6.854    -8.064     2.702  223  200  225   -1
  62    -2.358     1.343     1.044  113  100  117   -1
  63    -8.407    -5.000     1.044  186  164  186   -1
  64    -0.639     1.825    -0.080  110   97  114   -1
  65     4.938    -7.462     1.203  211  191  217   -1
  66    -6.892    11.471     1.873    4    4    7   -1
  67   -10.591     6.501    -8.246   47   40   51   -1
  68    -2.516   -11.289    -8.116  253  224  253   -1
  69     9.220    -9.498    -2.391  233  210  240   -1
  70    -2.487    -5.592    -7.170  193  173  195   -1
  71    -3.747     5.302     4.076   63   51   65   -1
  72     5.529     7.444     6.646   34   26   36   -1
  73     1.062    -2.704    -3.121  159  142  164   -1
  74    -8.343    -3.193    -0.247  164  146  168   -1
  75    -0.023    -5.175    -2.053  188  168  189   -1
  76    -9.128     3.231     1.488   86   73   91   -1
  77    -4.094    -3.776     3.353  168  151  172   -1
  78   -11.353   -11.187    -1.402  258  228  250   -1
  79   -10.485    -5.300    -1.958  192  169  188   -1
  80    -5.723     8.070    -8.803   32   25   35   -1
  81     6.386   -12.053    -8.992  260  234  265   -1
  82    -4.476     1.854     2.838  108   94  112   -1
  83     0.581     5.425     2.515   60   50   62   -1
  84    -6.538     7.203    -9.283   41   34   45   -1
  85     9.844     0.234    -5.649  124  110  128   -1
  86     7.630     1.039     3.925  116  103  120   -1
  87     0.310   -11.396    -0.867  257  230  260   -1
  88     0.257     1.780     4.372  111   98  115   -1
  89    -8.296    -0.801     1.401  142  126  148   -1
  90    -4.563     3.480    -8.703   85   72   88   -1
  91     2.020     4.523    -6.431   78   66   78   -1
  92    -1.346     1.134     4.232  114  101  118   -1
  93     4.192    -7.335     1.515  207  189  216   -1
  94    -9.427     9.108    -6.815   25   21   31   -1
  95    11.330    -7.446    -0.129  206  190  219   -1
  96     3.168   -10.100    -3.246  240  214  242   -1
  97    -0.619    -1.903    -0.906  149  133  154   -1
  98     3.919     7.506     0.342   35   28   38   -1
  99    -9.233     2.456     7.166   95   81   99   -1
 100    -2.110     3.896     1.918   82   69   84   -1
 101     7.099     5.009    -9.897   70   57   71   -1
 102     2.938     7.146     6.927   37   29   39   -1
 103     3.465     0.133    -6.298  126  112  130   -1
 104    -5.730    -6.491     4.081  203  182  207   -1
 105     7.542   -11.454     7.506  259  236  268   -1
 106    -3.799     4.768    -4.660   72   61   75   -1
 107   -12.104     5.101    -2.974   64   56   72   -1
 108   -12.059     0.934    -4.095  117  104  121   -1
 109     5.610   -12.143    -9.293  262  235  267   -1
 110     0.895     5.999     6.636   51   41   52   -1
 111     2.019    11.511    -7.766   10    6    9   -1
 112    -7.216    -7.257     4.148  214  188  214   -1
 113     9.710    -0.659    -7.405  138  124  145   -1
 114     0.869     0.264    -8.769  122  109  127   -1
 115    -1.223    -6.309    -1.385  200  177  203   -1
 116    -1.361     6.744    -4.115   45   37   48   -1
 117     4.706    -3.396    -9.833  163  147  170   -1
 118    -4.721     8.212    -0.599   31   24   34   -1
 119    -6.189     1.445     8.509  112   99  116   -1
 120    -1.338    -7.718    -1.102  216  193  220   -1
 121    -9.101    -1.934     1.155  152  134  155   -1
 122     6.679    -8.391     8.903  224  206  235   -1
 123    -1.363     8.766    -5.733   28   22   32   -1
 124     6.438    -6.815    -5.080  202  183  210   -1
 125     0.185    -4.769    -2.202  181  162  185   -1
 126    -8.418    -3.993     5.310  174  155  177   -1
 127     0.658    -7.984    -4.897  218  196  223   -1
 128    -4.325     9.503     2.743   19   17   26   -1
 129    -8.101   -11.417    -9.016  256  226  251   -1
 130    -8.797    10.492    -2.107   15   12   18   -1
 131    11.637    -0.231     1.795  134  120  139   -1
 132    10.117    -7.478     1.887  209  192  221   -1
 133    -4.290    -2.661     2.477  160  143  163   -1
 134     5.831   -10.866     0.765  248  223  255   -1
 135     7.895     9.732    -4.327   23   18   24   -1
 136     6.048     7.268    -7.690   43   32   43   -1
 137     5.962    -4.723    -3.556  179  161  184   -1
 138    -2.111    -1.321     5.651  146  130  152   -1
 139    -6.652     4.876    -5.735   68   59   73   -1
 140    -3.587     0.188     2.617  125  111  129   -1
 141     1.165     1.897     1.296  106   93  110   -1
 142     5.972     9.714     3.970   20   15   22   -1
 143    -3.442   -10.654     4.698  249  221  249   -1
 144     7.329     3.741    -3.336   83   70   85   -1
 145    -2.612   -11.330     4.878  261  232  261   -1
 146     7.071     5.775    -6.088   59   47   56   -1
 147    -8.241    -8.162    -2.711  222  199  224   -1
 148    -7.620     2.452    -9.876   97   82  103   -1
 149    -6.762     5.237     6.597   62   52   66   -1
 150    10.892    10.122    -7.554   21   16   20   -1
 151    -8.653    -2.203     3.524  153  137  158   -1
 152     4.975   -10.239     3.878  244  218  247   -1
 153    11.260    11.270    -9.488   16    8   10   -1
 154     3.814     4.956     5.936   66   55   68   -1
 155    -6.788    -2.471    -2.163  157  141  162   -1
 156     0.540    10.265    -4.837   18   14   21   -1
 157    -7.594     6.081     8.873   49   39   54   -1
 158     3.289   -10.333    -1.735  242  217  245   -1
 159    -3.470     8.474    -4.339   30   23   33   -1
 160    -4.041    -2.749     6.463  161  144  165   -1
 161    -5.639    -4.513    -4.138  178  159  182   -1
 162    -5.600     2.500     5.359   96   80   98   -1
 163     8.483     6.670     0.397   46   35   46   -1
 164    11.414   -11.392     0.431  254  231  263   -1
 165    -3.162     9.505    -8.404   24   19   28   -1
 166    -5.198     3.453     9.186   84   71   86   -1
 167    -9.451     4.321    -8.193   80   67   82   -1
 168     3.389     2.908     1.227   91   76   94   -1
 169    -9.748     4.018     0.390   81   68   83   -1
 170    -1.198    -8.624    -0.047  227  205  232   -1
 171    -9.543    -7.887     2.621  220  198  222   -1
 172    -3.302    -1.200    -3.121  145  129  150   -1
 173     3.957    -6.191     4.948  198  179  204   -1
 174     6.587     2.259     8.035   99   84  101   -1
 175     2.960    -4.847     3.392  183  163  187   -1
 176     8.671    -1.136     3.530  144  128  151   -1
 177    -7.832     0.018     7.570  128  114  133   -1
 178    11.161    -7.843     1.056  215  197  226   -1
 179     0.009     7.518     3.749   33   27   37   -1
 180   -11.226     9.441    -9.654   22   20   29   -1
 181    -2.522     2.071    -6.825  103   90  108   -1
 182     9.315    10.468     4.535   17   10   15   -1
 183   -10.215    -9.511    -8.310  236  209  237   -1
 184   -12.008     4.904    -5.824   67   58   74   -1
 185    -2.886     7.044     9.738   36   30   42   -1
 186    -2.262    -0.108     1.476  133  118  137   -1
 187    -3.981    -1.951     0.139  151  135  156   -1
 188   -10.115    -8.372    -2.535  225  201  227   -1
 189    -4.400    -4.210    -1.665  175  157  178   -1
 190     2.307   -11.340    -2.455  255  229  256   -1
 191     6.670    12.100    -7.007    8    3    2   -1
 192    11.767   -10.257    -3.776  238  215  246   -1
 193    -9.717    -8.775    -4.698  229  204  229   -1
 194     3.297     2.000     5.172  104   89  106   -1
 195    -4.578    -4.317     1.734  176  158  180   -1
 196    -9.304    -3.547    -4.162  166  149  171   -1
 197    11.202     2.655     3.332   94   79   96   -1
 198    -9.219    11.699     3.966    0    2    5   -1
 199    -1.710     6.788    -5.894   44   36   49   -1
 200    -2.940    -0.025     6.556  130  115  134   -1
 201     4.526     5.654    -7.965   61   49   59   -1
 202     2.673     4.337     9.026   76   64   77   -1
 203    -7.667    -0.312     3.767  135  121  140   -1
 204    -1.871   -10.436     4.612  246  220  248   -1
 205    -0.595     5.915     7.101   52   42   55   -1
 206     3.106    -5.203     4.543  190  170  194   -1
 207    -7.872     5.336     8.760   58   48   64   -1
 208     9.408     2.086    -1.179  102   88  105   -1
 209     9.879    10.748     5.472   14    7   11   -1
 210    -7.920     2.262     3.815   98   86  104   -1
 211    -0.258   -11.266    -9.280  251  222  254   -1
 212    10.875     5.350    -6.533   65   54   63   -1
 213    -8.317    -7.876    -2.219  219  195  218   -1
 214   -11.587    -2.393    -5.886  155  138  160   -1
 215     5.250    -1.988    -4.550  150  136  157   -1
 216    -9.268     1.900    -5.216  107   95  113   -1
 217   -11.748    -8.778    -6.284  228  202  228   -1
 218    -8.150     0.532    -3.142  119  106  124   -1
 219    10.581     9.783     8.695   -1   13   17   -1
 220   -11.595    -9.574     7.485  241  213   -1   -1
 221    -5.340     4.643    -9.913   74   63   -1   -1
 222     7.525   -10.604     9.716  247  225   -1   -1
 223   -13.557   -10.786    -3.344  252   -1  244   -1
 224    -9.886   -12.336    -8.727   -1  237  262   -1
 225    10.204   -12.074     0.245  265  238   -1   -1
 226   -11.128   -11.981     3.512   -1  240  264   -1
 227    10.527     9.290    -1.806   26   -1   25   -1
 228    13.118     9.040    -4.438   29   -1   27   -1
 229    -1.929     4.457    -1.491   75   65   -1   -1
 230    -2.491    -7.837    -3.671  217  194   -1   -1
 231   -12.458    10.589    -2.564   12   -1   19   -1
 232     1.571     4.507    -5.594   77   -1   79   -1
 233     4.358     1.960     2.919   -1   91  109   -1
 234    -4.679     4.832    -8.241   71   62   -1   -1
 235    -6.898     1.034     6.964  115  102   -1   -1
 236    -5.303    -0.214     8.276   -1  119  138   -1
 237    -5.510     2.581     2.294   93   -1   97   -1
 238   -10.905    11.434     1.441    2   -1   12   -1
