224
   1    -3.375    -8.716    -4.161  215  201  227   -1
   2    -5.210   -11.465     2.346  245  226  255   -1
   3    -9.035    -4.402     5.472  172  159  180   -1
   4     8.623     6.275    -6.176   52   44   54   -1
   5    -4.972     2.475     3.660   89   83  101   -1
   6    -8.086     3.149    -4.893   85   78   96   -1
   7     7.986    -2.712    -6.131  150  137  160   -1
   8    -5.172    -0.809     2.555  134  122  142   -1
   9     7.610    -2.223    -1.130  144  132  155   -1
  10    -6.789    -5.414    -1.434  180  165  190   -1
  11     0.199    -5.412    -8.683  177  163  189   -1
  12     2.069    -7.547     3.543  201  188  217   -1
  13    -3.852    -2.288     5.458  146  133  157   -1
  14    -5.810    -0.077     8.552  123  112  132   -1
  15     4.329    -8.808     3.563  219  203  232   -1
  16     4.244     1.736     6.245  100   91  107   -1
  17   -12.298     0.809    -4.310  111  102  122   -1
  18    -2.500    -6.715     9.749  195  180  206   -1
  19     4.934     0.530    -3.943  116  106  125   -1
  20     5.756    -9.332     2.158  223  212  241   -1
  21    -4.362    -3.718    -7.521  162  149  170   -1
  22   -10.495     6.664    -8.407   47   40   53   -1
  23    -3.453    -1.502    -3.484  141  128  150   -1
  24    -3.890    -1.042     1.636  138  125  147   -1
  25    -1.655    -0.557    -9.654  131  118  138   -1
  26    -7.431     4.860     6.523   65   60   77   -1
  27     3.023    -4.191     1.096  166  156  179   -1
  28    -2.578    -9.928    -2.017  231  217  244   -1
  29    -8.584   -12.014    -9.100  250  227  257   -1
  30   -11.170    -7.556    -6.044  204  184  211   -1
  31    -4.706    -3.163    -0.200  155  143  165   -1
  32   -11.286    -4.126    -0.884  170  153  176   -1
  33    -6.078    -4.562    -4.482  171  158  181   -1
  34     3.546     0.470    -4.554  117  107  127   -1
  35    -0.609     6.784    -0.911   45   38   48   -1
  36   -10.659     3.684     0.101   81   75   91   -1
  37   -11.907    -2.488    -6.082  149  135  158   -1
  38     4.625     4.347    -3.008   74   66   82   -1
  39    -5.905    -6.693    -5.650  193  177  201   -1
  40     2.429     0.320     3.009  120  109  129   -1
  41     6.366    -6.127    -3.293  185  173  200   -1
  42    -3.404    -0.744    -7.748  133  121  141   -1
  43     1.877     4.239    -6.752   75   69   86   -1
  44    -3.586     3.742     1.950   80   73   90   -1
  45    -1.751     7.831    -8.243   36   31   41   -1
  46    -9.242     1.429     4.129  103   94  112   -1
  47    11.152    -6.560    -6.567  190  176  203   -1
  48     8.040    -6.303     2.249  189  175  202   -1
  49    -8.795    -3.602    -0.463  163  148  168   -1
  50    -2.091     0.029     7.658  122  111  131   -1
  51    -2.872    -7.987     2.031  207  190  219   -1
  52    -9.014    -1.311     1.204  139  126  148   -1
  53     3.372     3.188    -8.847   86   79   95   -1
  54    -1.486    -4.852     4.505  174  161  184   -1
  55     5.368    -7.539    -4.897  198  185  214   -1
  56     3.596    -3.713    -4.829  160  150  174   -1
  57    -7.617     0.796     7.480  110  101  121   -1
  58    -7.696    -9.178     2.553  229  208  234   -1
  59     1.498    -0.976     4.865  136  124  146   -1
  60   -11.187    -9.225     3.211  230  210  233   -1
  61    -2.457     1.042     0.271  109  100  118   -1
  62    11.126     7.009    -2.927   46   36   45   -1
  63    -2.453    -2.222    -7.677  145  131  154   -1
  64    -8.557    -0.482     0.280  128  116  136   -1
  65    -9.175    -9.516     5.733  232  216  238   -1
  66     5.524     3.999    -6.275   77   72   87   -1
  67     5.656    11.881    -5.845    7    4    1   -1
  68    -4.468    11.604    -8.260    8    8    7   -1
  69    -4.694     5.182    -8.568   62   58   74   -1
  70    11.708     2.210    -1.930   94   87  104   -1
  71    -9.015     9.522    -6.915   21   20   26   -1
  72     8.134    10.412    -8.042   16   12   14   -1
  73    -9.916    -0.118     1.908  126  114  133   -1
  74    -7.550     6.472     8.918   44   39   50   -1
  75    -8.981    -5.665     0.866  183  169  194   -1
  76    -4.511     3.721    -9.046   83   76   92   -1
  77     0.225    10.204     7.878   12   11   13   -1
  78     8.267    -3.040    -7.957  154  142  164   -1
  79    -9.601     5.162     5.061   59   55   69   -1
  80     0.162    -3.710    -3.336  161  151  173   -1
  81    -5.568    -4.128     2.230  168  155  178   -1
  82     8.970    11.277     5.108    9    5    2   -1
  83    -6.310    -7.655    -7.229  202  186  213   -1
  84     0.852     0.673    -9.317  114  104  124   -1
  85     1.514     2.326     7.140   92   85  102   -1
  86   -10.867    -5.518    -1.865  182  167  191   -1
  87   -10.732    -8.611    -2.593  217  198  222   -1
  88    -2.408    -8.123    -2.252  208  191  220   -1
  89    -5.329     8.583    -8.756   29   25   34   -1
  90    -1.048    -6.202    -2.768  188  174  199   -1
  91    -0.832    -1.439    -2.938  140  127  149   -1
  92     4.661    -2.856     7.617  153  141  163   -1
  93    -3.653   -11.728    -7.761  244  225  253   -1
  94    -2.697     6.064    -3.744   51   46   58   -1
  95    -4.781     9.712     3.298   17   17   22   -1
  96    -0.549     3.668     6.842   82   74   89   -1
  97    -6.306     7.561    -9.321   40   35   44   -1
  98     3.125     4.986     0.121   66   59   72   -1
  99    -5.549    -5.389     3.105  181  166  192   -1
 100     0.874     1.212     9.589  106   97  115   -1
 101     3.917    -7.233    -3.767  197  183  212   -1
 102    -6.087    -3.969     9.198  165  154  177   -1
 103     6.676    -3.512    -3.036  157  145  169   -1
 104     9.776     6.088     5.857   50   43   52   -1
 105     2.754    -0.156    -6.762  127  115  135   -1
 106    -4.893    -5.057    -2.342  175  162  186   -1
 107     4.932     9.709     5.834   19   15   18   -1
 108    -3.694     3.459    -1.030   84   77   94   -1
 109    10.128     8.191     3.182   32   26   33   -1
 110    -8.819     4.979    -8.857   67   63   78   -1
 111    -6.028     1.093     2.898  108   99  117   -1
 112    -7.183    11.280     2.463    5    6    8   -1
 113     1.805    -8.818     3.856  220  204  231   -1
 114    -0.629     1.180     1.232  107   98  116   -1
 115     9.387     8.252    -8.760   34   29   35   -1
 116    10.275    -4.267     3.641  167  157  182   -1
 117   -12.084   -11.689    -1.582  251  228  252   -1
 118     1.998    11.538    -8.083   10    9    5   -1
 119     4.606    -8.846     8.896  221  207  235   -1
 120    -5.908     7.561    -0.173   35   32   43   -1
 121     5.116   -10.948     8.636  241  223  256   -1
 122    -0.654     5.127     2.044   61   57   68   -1
 123     6.966     2.518     1.902   90   82   98   -1
 124     2.232   -12.100    -3.957  248  229  258   -1
 125    -5.117     5.335     3.604   57   53   67   -1
 126     3.362    -9.439    -0.167  227  213  239   -1
 127     8.227    -8.546    -0.591  211  199  229   -1
 128     5.682     7.526     6.811   37   30   38   -1
 129    -7.888    -7.990     4.144  210  192  218   -1
 130    -1.683     8.844    -5.351   25   23   30   -1
 131     6.202    -9.557    -4.939  224  211  242   -1
 132    -0.454   -10.803    -6.669  238  221  248   -1
 133     0.937    -7.433     3.487  200  187  215   -1
 134    -8.746    -0.976     3.893  137  123  144   -1
 135     6.253     1.663    -3.359  102   93  110   -1
 136    -6.829     5.101    -6.234   64   61   76   -1
 137    10.481    -1.871    -2.958  143  130  153   -1
 138     4.945     4.609     4.663   70   64   79   -1
 139    -8.776    10.164    -2.584   14   13   20   -1
 140     5.025    -8.428    -5.673  209  195  226   -1
 141    -2.158     6.944    -5.832   43   37   47   -1
 142     1.891    -9.488    -5.700  225  209  237   -1
 143     0.657    -6.946     2.083  196  181  207   -1
 144    -1.605   -11.770    -9.074  243  224  254   -1
 145     6.046    -4.806     3.387  173  160  185   -1
 146     1.779     1.263     0.601  105   96  114   -1
 147   -10.214     5.937    -0.549   49   48   61   -1
 148    12.130    10.706    -1.458   13   10   10   -1
 149     9.837    -6.632     1.615  191  179  205   -1
 150     2.351     0.043     5.903  121  110  130   -1
 151     6.546     7.528    -2.106   41   34   40   -1
 152    -8.489     0.384    -3.702  118  108  128   -1
 153    -5.652    -5.934     1.108  187  172  198   -1
 154     2.593    -0.636     2.203  132  120  140   -1
 155     2.062    -1.658     3.683  142  129  152   -1
 156    -4.038     8.107    -3.987   31   28   36   -1
 157     2.283    -3.480     7.502  158  147  171   -1
 158    -0.049    -8.523    -5.441  213  196  225   -1
 159    -5.055    -5.785    -0.689  184  170  197   -1
 160     7.366    -0.503     7.976  129  117  137   -1
 161     2.341   -10.356     0.749  236  220  246   -1
 162    -9.390     1.892    -5.745   97   90  106   -1
 163   -10.959     9.532    -9.567   23   21   28   -1
 164     4.259     8.457     6.124   28   22   29   -1
 165   -10.376    -8.997    -4.779  222  202  228   -1
 166     3.479     5.607    -8.857   58   52   65   -1
 167     6.564    -9.312     5.078  226  214  243   -1
 168    -4.447     4.729    -4.852   69   65   80   -1
 169   -10.169     2.623     1.339   87   80   99   -1
 170    -1.286    -6.680    -2.711  192  178  204   -1
 171    -5.439     3.879     9.127   76   70   88   -1
 172    -6.823     1.888     5.404   96   89  105   -1
 173    -2.961    -5.432    -7.262  178  164  188   -1
 174    11.587    -9.153    -4.921  216  205  236   -1
 175    -3.081     0.729     3.765  112  103  123   -1
 176    -5.497    11.515     8.128    2    0    3   -1
 177    -6.701    -7.565     3.889  206  189  216   -1
 178   -10.569   -10.028    -8.270  234  215  240   -1
 179    -9.630    -3.748    -4.298  164  152  172   -1
 180   -12.237    -9.253    -6.303  228  206  230   -1
 181    -9.497     4.394    -8.472   72   68   85   -1
 182   -10.139    -8.470     2.864  218  200  224   -1
 183    -0.871     7.443     3.551   38   33   42   -1
 184    -4.903     5.664     7.093   56   51   63   -1
 185    -7.001    -2.852    -2.464  152  140  161   -1
 186    -3.246     7.687     9.692   33   27   37   -1
 187    -2.766   -11.247    -0.918  242  222  251   -1
 188     4.682     6.253    -7.968   53   45   55   -1
 189    -9.628    -2.356     1.016  148  134  156   -1
 190    -2.498     2.375    -7.169   93   86  103   -1
 191     1.592   -10.108     1.034  235  218  245   -1
 192    -6.545     1.665     8.895  101   92  109   -1
 193     0.164     9.668    -4.596   22   18   24   -1
 194     7.001    -6.994     2.816  194  182  210   -1
 195    10.718   -10.079     4.242  233  219  247   -1
 196     8.779     8.513    -2.711   30   24   31   -1
 197   -11.480     5.355    -7.549   60   56   70   -1
 198    -9.670    11.712     3.482    1    1    4   -1
 199    -5.051    -3.480     6.727  159  146  167   -1
 200    -9.039    -8.450    -2.841  214  197  221   -1
 201     0.511     4.348    -5.514   73   67   84   -1
 202    -2.582    10.243    -8.319   15   16   19   -1
 203    -1.895    -3.341    -0.742  156  144  166   -1
 204   -10.907    -5.915    -4.049  186  171  196   -1
 205     8.595     2.501    -5.468   91   84  100   -1
 206     8.637     9.775     4.363   20   14   17   -1
 207    11.096    -5.483     3.423  179  168  195   -1
 208    -8.382    -0.107     8.061  125  113  134   -1
 209   -11.517    11.496    -6.019    6    7    9   -1
 210   -12.111     5.105    -6.445   63   62   75   -1
 211   -12.547    10.920    -2.734   11   -1   12   -1
 212    11.003     6.265     6.606   -1   41   49   -1
 213     0.198    12.052    -5.263   -1    3    0   -1
 214    11.587     5.102     8.742   -1   54   66   -1
 215   -12.447    -7.468    -3.602  203   -1  209   -1
 216    -5.063    -2.755     1.846  151  139   -1   -1
 217    -1.398     1.315     4.030  104   95   -1   -1
 218     8.053   -11.952     0.926  247  231   -1   -1
 219    10.821   -12.275    -4.407  246  232   -1   -1
 220    -4.302    -0.583     6.435   -1  119  139   -1
 221    -1.735     5.775     6.993   -1   47   59   -1
 222    -9.343    -2.721     3.450   -1  138  159   -1
 223    -7.841     5.697     8.918   -1   50   62   -1
 224   -10.701    11.617     1.520    0   -1    6   -1
