228
   1    -2.507    -6.645     9.259  200  177  207   -1
   2    -4.968   -11.165     2.406  248  219  251   -1
   3     2.537    -2.992     8.201  160  139  166   -1
   4     2.427    -7.184     3.723  204  181  214   -1
   5     3.332    -3.857     1.234  169  148  178   -1
   6    -8.067     3.139    -4.787   87   78   96   -1
   7    -8.498   -11.932    -9.088  256  223  255   -1
   8   -12.272     0.818    -4.274  114   98  121   -1
   9    -4.933    -0.674     2.556  137  116  140   -1
  10    -5.764    -6.696    -5.599  198  174  205   -1
  11    -4.741     2.497     3.686   96   83  102   -1
  12     6.912    -3.071    -2.896  158  138  167   -1
  13     0.271    -5.420    -8.580  181  159  190   -1
  14     5.089     0.793    -3.921  117   99  120   -1
  15   -11.228    -4.107    -0.879  175  151  179   -1
  16    -1.153    -4.631     4.633  178  156  186   -1
  17    -6.724    -5.307    -1.356  184  160  189   -1
  18     5.669    -7.209    -4.851  202  179  211   -1
  19    -8.437    -0.405     0.320  132  112  136   -1
  20    -1.687    -3.125    -0.774  162  140  168   -1
  21     1.133     1.634     9.542  105   89  109   -1
  22     2.394   -11.812    -3.841  253  226  258   -1
  23    -4.237    -3.789    -8.298  167  147  175   -1
  24     7.888    -1.571    -1.124  147  125  151   -1
  25    -4.814    -4.952    -2.226  180  157  187   -1
  26    -3.447    -1.485    -3.437  146  124  150   -1
  27    -0.346     3.976     6.821   80   70   86   -1
  28     9.641     6.771     5.705   48   36   46   -1
  29     2.336    -1.328     3.885  144  123  149   -1
  30     8.320    -5.349     2.349  182  162  195   -1
  31    -2.371    -9.602    -1.866  234  210  244   -1
  32     3.727     0.667    -4.590  120  103  124   -1
  33    -8.937    -4.353     5.438  176  154  182   -1
  34    -3.572    -2.165     5.481  151  129  153   -1
  35    -9.049     1.537     4.067  107   91  111   -1
  36    -5.748    -0.134     8.505  130  110  133   -1
  37    -1.683    -0.595    -9.606  136  115  138   -1
  38    -3.230    -8.601    -4.096  222  195  226   -1
  39     4.459     2.664     6.292   94   81   98   -1
  40    -8.909    -1.242     1.232  143  121  148   -1
  41     8.430   -11.262     1.046  246  220  256   -1
  42     6.686    -5.666    -3.151  186  166  198   -1
  43    -7.555    -9.005     2.575  231  206  234   -1
  44     2.041    -9.407    -5.591  230  208  239   -1
  45    -1.864     0.031     7.756  125  107  129   -1
  46    -0.495     6.834    -0.894   46   38   49   -1
  47     4.734     4.581    -3.000   73   64   77   -1
  48     4.688    -8.299     3.736  216  194  227   -1
  49     2.173    -8.431     4.037  219  198  228   -1
  50    -9.781    -0.056     1.922  126  108  130   -1
  51    -5.366    -3.910     2.277  171  149  177   -1
  52     2.012     4.245    -6.713   78   69   84   -1
  53    -4.609    11.494    -8.284   10    8    9   -1
  54    -6.013    -4.574    -4.429  177  155  184   -1
  55    -8.728    -3.551    -0.427  166  145  172   -1
  56    11.967     3.290    -2.436   86   75   92   -1
  57     5.694    11.882    -6.042    8    5    2   -1
  58   -10.528     3.723     0.150   82   72   89   -1
  59    -9.480     5.215     5.013   60   55   65   -1
  60     5.263    -8.226    -5.581  213  190  222   -1
  61   -11.091    -9.148     3.161  233  209  236   -1
  62    -2.189     1.127     0.217  112   96  116   -1
  63    -1.813     7.716    -8.238   40   33   42   -1
  64     0.306    -3.578    -3.319  165  144  173   -1
  65    -9.117    -9.425     5.705  237  211  241   -1
  66    -0.310   -10.763    -6.598  241  215  247   -1
  67    -2.516    -7.617     2.096  211  186  216   -1
  68     2.793    -9.908     0.830  238  214  246   -1
  69    -8.827     4.951    -8.820   69   62   75   -1
  70   -12.337    -7.436    -3.618  206  182  210   -1
  71     8.341    10.715    -8.245   18   12   16   -1
  72    -5.748     7.649    -0.234   37   31   40   -1
  73     3.458     3.103    -8.718   91   79   95   -1
  74    -7.524     0.805     7.389  113   97  119   -1
  75    -8.893    -5.569     0.896  191  165  193   -1
  76     1.738     3.067     7.084   89   77   94   -1
  77    -3.461   -11.679    -7.813  251  222  253   -1
  78    -3.658    -0.922     1.626  141  119  145   -1
  79     6.135    -8.730     2.316  224  202  235   -1
  80     4.995    -2.075     7.649  149  127  152   -1
  81   -11.861    -2.479    -6.041  154  132  157   -1
  82     8.549    -7.851    -0.399  210  188  220   -1
  83     7.205     3.170     1.688   88   76   93   -1
  84    -7.588     6.398     8.916   49   41   53   -1
  85    -4.864    -2.565     1.862  156  133  158   -1
  86    -5.320    -5.153     3.146  183  158  188   -1
  87    -6.823     5.047    -6.167   67   60   73   -1
  88   -10.526     6.630    -8.387   50   42   54   -1
  89    -5.423     8.491    -8.784   31   27   36   -1
  90    -2.892    -5.482    -7.242  185  161  192   -1
  91     1.300    -7.107     3.652  203  180  212   -1
  92    -2.117     6.901    -5.871   47   39   50   -1
  93   -11.957   -11.620    -1.552  257  224  252   -1
  94    -4.713     5.109    -8.538   68   59   72   -1
  95    -8.817    10.210    -2.509   16   14   21   -1
  96    -6.024    -3.957     9.157  172  152  180   -1
  97     8.300    -2.259    -6.068  150  128  156   -1
  98     5.038    10.369     5.641   14   11   15   -1
  99    -0.847    -6.010    -2.674  193  171  201   -1
 100    -1.379   -11.726    -9.110  249  221  254   -1
 101    -4.538     3.670    -9.005   85   74   91   -1
 102   -10.808    -5.497    -1.882  188  163  191   -1
 103     5.763     4.247    -6.273   79   68   83   -1
 104     3.797    -8.974    -0.110  227  204  237   -1
 105    -5.795     1.196     2.876  111   95  115   -1
 106    -9.108     9.451    -6.911   25   19   29   -1
 107     3.854    -3.480    -4.803  163  142  171   -1
 108     0.075    -8.472    -5.345  218  191  225   -1
 109    -1.668     8.828    -5.440   30   23   31   -1
 110    -6.179    -7.660    -7.209  208  184  215   -1
 111    -6.368     7.497    -9.328   44   34   45   -1
 112     1.944    11.515    -8.049   11    7    6   -1
 113    -4.756     9.665     3.206   21   16   23   -1
 114    11.257    -4.255     3.730  174  153  183   -1
 115   -10.629    -8.586    -2.583  226  197  224   -1
 116     8.988     6.867    -6.409   51   40   48   -1
 117    -5.550    11.470     8.142    2    4    4   -1
 118    -7.165    11.304     2.365    6    6    8   -1
 119     4.913    -8.437     8.853  223  200  232   -1
 120    -2.481    -2.286    -7.620  152  130  154   -1
 121    -8.587    -0.886     3.862  140  118  144   -1
 122    11.258     8.319    -3.306   35   26   33   -1
 123    -7.777    -7.882     4.143  214  189  218   -1
 124    -4.364     4.717    -4.832   71   63   76   -1
 125    10.781    -1.183    -3.136  142  120  147   -1
 126    -7.349     4.910     6.526   65   58   71   -1
 127    11.461    -5.979    -6.424  190  170  202   -1
 128     3.432     5.542    -8.713   61   54   62   -1
 129     0.226    10.444     7.858   13    9   14   -1
 130    -4.926     5.312     3.668   58   52   64   -1
 131     6.324    -3.919     3.494  170  150  181   -1
 132    -6.641     1.964     5.388   99   86  105   -1
 133     2.687     0.724     3.097  118  101  123   -1
 134     6.402     1.966    -3.393  101   87  104   -1
 135    -0.502     5.133     2.096   64   57   66   -1
 136    -5.431     3.789     9.136   81   71   87   -1
 137    -2.706    10.111    -8.350   20   15   22   -1
 138    -2.819     0.759     3.811  116  100  122   -1
 139     6.666     7.849    -2.512   39   30   38   -1
 140    -0.364     1.249     1.230  110   94  114   -1
 141     9.685     8.628    -8.901   33   25   32   -1
 142   -10.513    -9.961    -8.285  239  212  243   -1
 143    -4.818     5.625     7.212   57   50   60   -1
 144    -1.079    -6.478    -2.604  196  173  204   -1
 145    -1.809   -11.734     6.199  258  229  260   -1
 146   -10.040    -8.383     2.826  225  196  223   -1
 147    -8.902    -8.410    -2.849  221  192  221   -1
 148     5.404   -10.547     8.695  243  217  250   -1
 149    10.448    -3.135     3.606  161  141  169   -1
 150     2.015     1.478     0.678  108   92  112   -1
 151   -10.098     5.984    -0.537   54   46   58   -1
 152     2.044    -9.683     1.109  236  213  245   -1
 153     5.796     8.153     6.818   32   24   34   -1
 154    -1.162     1.336     4.057  109   93  113   -1
 155     7.611     0.309     8.313  124  106  128   -1
 156     1.100    -6.626     2.736  197  175  206   -1
 157     9.594     9.102    -1.069   27   22   27   -1
 158   -10.265    -8.975    -4.770  229  201  229   -1
 159    -2.209    -7.872    -2.113  212  187  217   -1
 160    11.092   -11.786    -3.910  247  225  261   -1
 161     9.530   -11.745     0.201  250  227  262   -1
 162     6.891    -8.515     5.200  220  199  233   -1
 163    -9.506     4.375    -8.434   76   67   85   -1
 164     1.792    -0.558     4.897  135  114  139   -1
 165    -4.096    -0.523     6.452  134  113  137   -1
 166    -4.598    -2.992    -0.144  159  137  164   -1
 167    -6.515     1.600     8.847  106   90  110   -1
 168    -5.478    -5.695     1.228  192  168  196   -1
 169     0.851     0.581    -9.219  121  104  125   -1
 170    11.861    -8.523    -4.735  215  193  230   -1
 171     4.263    -6.872    -3.711  199  176  208   -1
 172    -4.895    -3.388     6.673  164  143  170   -1
 173    -3.971     8.166    -4.060   34   28   37   -1
 174   -12.140     5.011    -6.020   66   61   74   -1
 175    -0.788     7.429     3.559   41   32   41   -1
 176     8.956     2.935    -5.668   92   80   97   -1
 177    -4.932    -5.576    -0.529  189  164  194   -1
 178    -3.240     7.564     9.703   36   29   39   -1
 179     0.653     4.345    -5.556   77   66   82   -1
 180   -11.072    -7.540    -6.047  207  183  213   -1
 181    -3.432    -0.815    -7.721  138  117  143   -1
 182   -12.152    -9.184    -6.300  232  203  231   -1
 183     9.663   -11.314    -0.975  245  218  257   -1
 184    -9.479     1.888    -6.181  102   88  108   -1
 185    -9.585    -3.730    -4.273  168  146  174   -1
 186    10.143    -5.644     1.685  187  167  199   -1
 187   -11.019     9.514    -9.585   24   20   30   -1
 188     4.809   -12.047    -2.784  254  228  263   -1
 189   -10.819    -5.901    -4.074  194  169  197   -1
 190     0.172     9.750    -4.638   23   17   24   -1
 191     4.434     9.168     6.010   26   18   26   -1
 192    -2.515     2.298    -7.121   97   84  103   -1
 193     8.489    -2.689    -7.875  155  134  161   -1
 194    -3.383     3.726     1.942   83   73   88   -1
 195     6.498    -9.213    -4.873  228  205  238   -1
 196    -9.629    11.711     3.560    0    3    5   -1
 197    -1.614     5.761     7.026   56   47   57   -1
 198    -9.551    -2.308     1.036  153  131  155   -1
 199    -2.506   -10.830    -0.783  244  216  248   -1
 200     4.870     6.352    -7.908   53   43   55   -1
 201     8.504    10.426     4.102   17   10   12   -1
 202    -2.506     6.141    -3.871   55   45   56   -1
 203     7.283    -6.119     2.959  195  172  203   -1
 204    -6.974    -2.808    -2.379  157  136  162   -1
 205    -8.442     0.390    -3.552  122  105  127   -1
 206     3.411     5.367     0.135   63   53   63   -1
 207    -8.315    -0.109     8.001  128  109  132   -1
 208     2.834    -0.258     2.310  131  111  135   -1
 209    11.542    10.157    -1.683   22   13   18   -1
 210   -11.691     5.287    -5.064   62   56   68   -1
 211    -3.133     0.747    -4.132  119  102  118   -1
 212   -11.262     2.017    -3.232   98   85  106   -1
 213    11.451     4.557    -4.741   75   65   78   -1
 214    -9.968     2.664     1.358   93   82   99   -1
 215    12.189    11.963    -2.755    7    2    0   -1
 216    12.303     7.918     1.207   38   -1   35   -1
 217   -12.552    10.869    -2.713   12   -1   17   -1
 218     0.146    12.142    -5.332   -1    1    1   -1
 219     8.778    11.963     4.936    3    0   -1   -1
 220    -0.716    -1.363    -2.936  145  122   -1   -1
 221     2.861    -0.141    -6.688  129   -1  134   -1
 222    -9.238    -2.650     3.457   -1  135  160   -1
 223    -8.904    -8.172    -2.338  217   -1  219   -1
 224     5.137     5.429     4.630   59   51   -1   -1
 225    -7.880     5.630     8.894   -1   49   61   -1
 226    -3.433     3.597    -1.106   84   -1   90   -1
 227    10.768     6.972     6.400   -1   35   44   -1
 228   -10.750    11.595     1.498    1   -1    7   -1
