218
   1     7.351    -9.577     9.324  221  205  239   -1
   2    -4.737     0.980     3.681  102   97  106   -1
   3    -5.881    -2.860     5.407  150  134  155   -1
   4    -3.167    -6.958     9.452  192  181  209   -1
   5    -6.635     7.057     8.783   38   35   38   -1
   6    -3.119    -1.143    -3.565  131  119  137   -1
   7   -12.347     0.839    -4.530  105  100  110   -1
   8    -2.437    -9.070     1.606  215  197  227   -1
   9    -5.398    -5.398    -3.269  173  159  184   -1
  10     2.453    -0.706    -3.969  127  117  131   -1
  11    -1.805   -10.616    -6.888  227  208  241   -1
  12     1.777    -8.752     7.039  208  193  225   -1
  13    -6.423     2.499     3.646   86   82   91   -1
  14     5.564    -6.907    -1.375  187  176  205   -1
  15    -5.486    -1.712     1.782  138  127  146   -1
  16     2.126    -5.645     6.021  175  165  191   -1
  17     8.461   -10.795    -7.802  225  210  243   -1
  18     3.945    -1.190    -3.784  132  120  138   -1
  19    -8.444     5.228    -8.982   58   56   62   -1
  20     0.670    -6.420     0.023  186  173  200   -1
  21     4.800    -3.165     2.803  152  140  160   -1
  22     2.323     2.391     6.442   89   84   93   -1
  23    -6.806     6.817     0.305   40   38   41   -1
  24     8.414    -6.271    -8.817  179  168  197   -1
  25     4.489     2.799    -2.433   83   79   86   -1
  26     9.533    -1.374    -7.724  134  122  141   -1
  27     6.696     3.592    -3.616   77   72   80   -1
  28    -5.363   -11.770    -7.309  237  216  247   -1
  29    -7.774     3.404    -5.540   79   75   83   -1
  30   -10.921     5.608    -0.996   52   48   53   -1
  31    12.120   -11.524    -6.215  230  214  251   -1
  32   -12.147    -2.405    -6.362  143  130  150   -1
  33     8.293     7.021    -5.348   42   37   40   -1
  34    -6.790    -1.635     2.651  137  125  144   -1
  35   -10.768    -0.448     1.868  123  114  127   -1
  36    -3.845     6.469     3.938   44   40   43   -1
  37     9.881    -2.212     1.376  140  128  149   -1
  38    10.020    -4.224    -2.733  161  150  175   -1
  39    -9.135    -3.795    -0.750  158  143  165   -1
  40    -4.153    -6.220     3.606  185  171  196   -1
  41   -11.587    -5.759    -3.877  178  162  188   -1
  42   -11.631    -4.097    -0.866  164  148  171   -1
  43     8.998     0.308    -8.128  112  107  117   -1
  44    -9.676    -4.557     5.894  170  155  178   -1
  45     4.785    -6.352    -3.906  181  170  199   -1
  46    -2.769     0.123    -7.982  115  109  122   -1
  47     9.293    -6.450     2.291  184  174  201   -1
  48    -7.770     1.547     5.825   97   92  101   -1
  49    -1.479    -1.632    -2.554  136  124  143   -1
  50     3.057     9.173     5.296   23   20   22   -1
  51   -11.557    -8.564    -2.551  207  189  220   -1
  52    -9.608    -1.709     1.038  139  126  145   -1
  53   -11.431     3.485    -0.240   76   74   82   -1
  54     7.583     9.066     3.226   26   22   24   -1
  55    -5.765     0.849     8.914  104   99  107   -1
  56    -3.900     9.310    -8.165   25   23   26   -1
  57   -10.075     4.843     5.615   60   59   67   -1
  58    -5.769   -10.882     1.518  232  212  244   -1
  59    -9.913     6.924    -8.392   41   39   42   -1
  60   -10.092    -8.317    -2.863  204  188  218   -1
  61   -11.221    -5.498    -1.655  174  161  185   -1
  62     2.857     2.276     0.264   90   85   94   -1
  63    -1.527   -11.627     2.321  238  217  253   -1
  64    -2.704    -7.722    -3.401  199  183  215   -1
  65    -4.151     0.725     0.824  106  101  111   -1
  66     1.094    -9.631    -3.843  219  201  234   -1
  67     3.797     4.336     6.574   71   67   72   -1
  68    11.732    -3.030     1.243  149  138  159   -1
  69    -4.710     3.857     2.162   74   71   79   -1
  70    -1.468     1.548     6.990   98   91  100   -1
  71   -11.979    -7.575    -5.905  198  182  211   -1
  72     5.134    11.190    -5.163   14   11    9   -1
  73    -4.950     5.815     6.294   48   45   49   -1
  74     1.505     4.585    -6.721   70   65   71   -1
  75    -0.179    -3.867     3.104  159  144  168   -1
  76    -8.826   -10.518     2.445  229  211  242   -1
  77    -2.509    -7.199    -3.306  190  178  208   -1
  78     7.938     5.113    -6.653   64   58   59   -1
  79    -9.245    -0.950     0.059  129  118  134   -1
  80    -7.849     9.661    -2.977   20   18   23   -1
  81     1.247     1.775    -9.881   95   89   98   -1
  82    -0.614     6.440    -0.680   46   42   45   -1
  83    -4.201    -2.856    -8.238  146  133  154   -1
  84   -10.407     0.867     4.841  103   98  108   -1
  85   -10.066    -2.605     0.784  145  132  153   -1
  86    -9.556   -10.107     6.006  228  209  238   -1
  87     0.529    -9.346    -6.359  214  195  230   -1
  88    -0.477    -3.285     7.555  155  141  162   -1
  89    -4.026     5.904    -8.502   51   47   51   -1
  90    -7.765    10.030    -6.699   19   17   20   -1
  91    -2.198     1.132     1.578  101   95  103   -1
  92    -3.652   -11.507    -8.688  234  213  246   -1
  93     6.674     8.193     3.028   32   30   32   -1
  94    -5.241     8.133    -8.901   33   31   35   -1
  95    -1.079    -8.269    -5.966  202  187  219   -1
  96    -3.599    -4.632    -0.829  169  153  179   -1
  97     3.755     9.152     7.845   22   19   21   -1
  98     0.713    -2.938     1.488  148  136  157   -1
  99    -0.037     4.636    -4.843   69   64   68   -1
 100    -7.000    -7.712    -0.047  200  185  214   -1
 101     6.273    -5.557    -8.653  172  160  187   -1
 102    -1.057   -10.107     2.010  224  207  240   -1
 103    -1.883     7.233    -5.115   39   36   39   -1
 104    -0.817     5.372     1.901   56   50   56   -1
 105    -4.149     9.981     4.142   17   15   18   -1
 106     1.522    10.775    -4.523   16   14   15   -1
 107     7.221     4.742     1.276   67   62   65   -1
 108     3.555    -9.293    -3.965  212  198  231   -1
 109    -3.815     4.262    -9.111   72   69   76   -1
 110    -7.606     4.504     6.588   66   63   70   -1
 111    -3.275    -4.485    -7.291  167  152  176   -1
 112    -7.562     0.510     3.213  108  102  112   -1
 113    -2.203    -9.729     2.145  222  203  235   -1
 114    -0.449     8.870    -7.793   28   26   29   -1
 115     4.653     2.413     6.317   88   83   90   -1
 116     3.915     3.373     9.222   78   73   81   -1
 117     0.545    -2.337     2.391  142  131  152   -1
 118     7.517    11.027    -3.984   15   13   10   -1
 119    -7.843     1.097     8.286  100   96  105   -1
 120    -4.682     4.934    -4.721   63   61   66   -1
 121    -5.358     2.581    -0.366   84   80   88   -1
 122     4.085     6.071    -8.049   50   46   47   -1
 123     4.273     2.610    -5.779   87   81   87   -1
 124    -6.351    -4.118    -4.778  162  147  172   -1
 125    -2.544     1.672     3.911   96   90   99   -1
 126    -1.907    -1.239    -7.981  133  121  139   -1
 127     4.923    11.594    -1.305    9    4    5   -1
 128   -12.153    11.296    -2.772    7    7   14   -1
 129    -8.768    -8.776     4.231  213  192  223   -1
 130     3.033    -2.258     4.499  141  129  151   -1
 131   -11.256     2.141     0.782   91   86   95   -1
 132     6.364     0.354     8.356  110  104  114   -1
 133    -7.339    -7.038     2.747  193  179  204   -1
 134    -0.903    -4.324    -3.106  165  151  174   -1
 135     3.191     4.332    -9.855   73   68   75   -1
 136     9.474     2.928     2.779   82   78   85   -1
 137    -6.901    -2.960    -2.792  151  135  156   -1
 138    -6.941    10.948     3.074   11   10   13   -1
 139    -1.129     8.648    -4.257   29   28   31   -1
 140     7.652    -7.745    -1.164  196  184  217   -1
 141    -8.507     0.331     8.870  111  105  116   -1
 142    -7.107    -5.634     1.808  177  163  189   -1
 143    -0.587    -6.654     7.798  188  175  203   -1
 144     5.190    -7.598     5.918  197  186  216   -1
 145     6.207     0.090    -3.646  118  113  124   -1
 146   -11.095   -10.396    -8.114  226  206  236   -1
 147    -1.510     0.105    -6.584  116  111  123   -1
 148    -3.868    -9.668    -3.375  220  202  233   -1
 149     3.648   -11.615    -5.333  235  215  249   -1
 150    -0.123    -4.792    -9.021  168  154  180   -1
 151    -9.780    -1.483     4.224  135  123  142   -1
 152     1.748   -11.644     8.487  239  219  256   -1
 153    -7.206    -6.028    -2.158  180  167  192   -1
 154   -10.102    -3.118     3.470  153  139  158   -1
 155     3.526    11.422    -8.054   13    9    8   -1
 156     1.615    -4.986    -4.776  171  156  181   -1
 157    -1.916     3.293    -7.217   80   76   84   -1
 158    -6.961     6.295     8.935   45   41   46   -1
 159    -1.460     5.829     6.904   49   44   48   -1
 160    -4.379    11.643     7.877    2    0    3   -1
 161    -0.326     7.548     3.685   35   32   36   -1
 162    -4.531    -9.303    -4.583  217  196  226   -1
 163   -10.906    -9.044     3.303  218  199  224   -1
 164     8.236     8.710    -9.437   31   29   30   -1
 165    -5.613    -0.521     6.540  125  116  129   -1
 166     9.285     5.315    -3.878   59   53   57   -1
 167     2.794    -9.458    -5.069  216  200  232   -1
 168   -11.295    -8.925    -4.764  211  190  221   -1
 169    -5.857    -7.200    -1.956  194  180  207   -1
 170   -10.135     9.592    -9.170   21   21   25   -1
 171    -0.848    11.296    -7.768   12   12   12   -1
 172    -2.273     8.522     9.515   27   24   28   -1
 173    -8.426     1.133     2.970   99   94  104   -1
 174    -9.116     4.615    -8.645   68   66   74   -1
 175     5.192    -5.979    -6.517  176  166  193   -1
 176    -7.972    -8.729     3.765  210  191  222   -1
 177    -2.642    12.344    -7.754    0    1    1   -1
 178    -9.571    11.502     2.855    5    3    7   -1
 179    -9.887    -3.647    -4.403  156  142  163   -1
 180    -6.433     5.652    -6.412   54   49   52   -1
 181     2.918    -9.290    -6.308  209  194  229   -1
 182     2.604    12.170    -5.213    6    2    0   -1
 183     5.266    -0.549    -2.284  126  115  130   -1
 184    -3.750     5.457    -2.730   55   52   58   -1
 185    -1.471    -3.951    -0.490  160  146  169   -1
 186     0.584     7.276     7.708   37   33   37   -1
 187    -7.031    -6.280    -6.015  183  169  194   -1
 188    -3.447     0.269     6.598  113  106  118   -1
 189     0.911     0.084    -2.980  117  112  125   -1
 190    -6.553    11.152     2.264    8    6   11   -1
 191    -8.984     2.172    -6.257   93   87   96   -1
 192   -11.930     5.339    -6.251   57   54   60   -1
 193    -8.792     0.482    -0.823  109  103  113   -1
 194    -6.286    -3.727     9.557  157  145  166   -1
 195    -4.596     4.889     7.097   62   57   61   -1
 196   -12.447     5.575    -3.540   53   51   55   -1
 197    -5.406    -4.136    -0.817  163  149  173   -1
 198   -11.938    -9.707     3.667  223  204   -1   -1
 199    11.024     9.954     4.326   -1   16   17   -1
 200    11.780     1.891     5.196   -1   88   97   -1
 201    10.909     8.410     8.402   -1   25   27   -1
 202    12.451    -3.457    -0.864  154   -1  164   -1
 203     8.942     1.263     8.766   -1   93  102   -1
 204     9.867    -4.749     9.904   -1  157  182   -1
 205    12.373     3.855    -0.047   75   -1   77   -1
 206    -4.385   -12.245    -3.263   -1  220  255   -1
 207    -7.377    -7.254    -7.287  191  177   -1   -1
 208     3.419   -11.307     2.173  233   -1  248   -1
 209    10.504     3.858     6.382   -1   70   78   -1
 210     2.328     0.142    -7.194   -1  108  120   -1
 211    -4.069     7.486    -2.927   36   34   -1   -1
 212     1.067     8.658    -3.885   30   27   -1   -1
 213    -6.214     2.488     9.287   85   -1   89   -1
 214     0.032    -5.580     5.561   -1  164  190   -1
 215     3.383     6.592    -9.890   -1   43   44   -1
 216     5.038    -0.449     8.451  121   -1  128   -1
 217    11.079     4.722     6.700   -1   60   63   -1
 218    -9.406   -12.453    -9.223   -1  218  254   -1
