206
   1    -6.616     2.400    -9.236   89   83   91   -1
   2   -10.743    -0.211    -6.185  115  107  117   -1
   3     1.927   -11.500     7.574  248  228  255   -1
   4    -4.935    -0.067     3.283  113  105  115   -1
   5     1.479    -3.104     1.539  146  137  150   -1
   6    -2.540     3.083    -3.792   80   76   83   -1
   7     4.224    -2.842    -2.071  143  134  147   -1
   8    -4.613   -10.756    -3.970  234  210  235   -1
   9    -6.642    -0.381    -9.820  116  109  120   -1
  10    -3.256    -8.902    -2.516  210  190  209   -1
  11     5.846     3.379    -8.301   76   71   75   -1
  12     3.857     3.744     4.161   70   65   71   -1
  13     3.967    -2.144    -8.248  136  127  139   -1
  14    -0.210     8.001     5.505   29   25   27   -1
  15    -4.141    -2.218     3.921  139  130  142   -1
  16    -6.512    -7.795    -2.323  193  176  193   -1
  17    -0.796   -10.593     8.881  239  215  242   -1
  18    -8.256   -10.531    -8.146  226  202  226   -1
  19     8.965    -2.158     1.214  137  128  141   -1
  20    -3.258    -7.785     7.240  196  178  197   -1
  21    -8.897    -1.851    -1.610  133  122  134   -1
  22    -0.786    -4.960    -5.782  162  149  167   -1
  23     1.276     4.984     8.631   57   53   59   -1
  24     5.209     1.977    -4.606   95   89   94   -1
  25     1.830    -1.347     2.154  124  117  128   -1
  26     3.489   -10.092    -7.895  219  198  223   -1
  27     1.254     3.142     6.879   77   72   80   -1
  28     8.581     0.845     4.380  106   97  105   -1
  29     2.120     9.248     0.711   16   13   15   -1
  30     4.543    10.349     7.823    9    8    6   -1
  31     4.914    -5.157    -8.591  163  150  170   -1
  32   -12.076     2.197    -2.586   90   85   93   -1
  33    -6.990    -7.959     3.417  199  181  198   -1
  34    -1.493     5.684     6.950   48   46   48   -1
  35     0.647     1.858    -9.184   96   90   97   -1
  36     6.057    -6.975     7.135  182  172  190   -1
  37    -7.461    -7.765    -6.428  191  174  192   -1
  38     1.316     0.468    -4.380  110  102  111   -1
  39     3.371    -1.337     6.712  125  118  129   -1
  40    -1.775    -7.083    -0.374  183  168  188   -1
  41   -11.421    -7.203    -8.434  185  165  183   -1
  42     0.670     5.695    -8.518   50   48   51   -1
  43    10.755     0.997    -3.930  105   95  103   -1
  44    -0.273    -6.614     9.702  180  164  182   -1
  45     0.342    -8.175    -4.162  197  179  199   -1
  46    12.127    -0.535    -6.319  118  110  121   -1
  47     0.245    -5.784     9.109  172  160  178   -1
  48    -0.528   -11.558     5.171  249  227  250   -1
  49    -8.790    -7.364    -7.613  190  170  187   -1
  50     6.792     3.016     3.854   82   75   82   -1
  51     4.179     8.729    -1.030   23   19   21   -1
  52     5.567   -10.275     7.341  225  209  239   -1
  53     4.577    -0.579     2.423  119  111  122   -1
  54     5.291   -11.491     4.046  246  225  252   -1
  55   -10.486     2.813    -8.551   85   80   87   -1
  56    -6.115    -3.700    -7.589  148  139  154   -1
  57     5.924     2.168     0.335   92   86   92   -1
  58    11.995    -9.056    -6.346  205  191  213   -1
  59    -1.288     6.256    -0.608   44   41   45   -1
  60   -10.031    -0.844     0.842  120  112  123   -1
  61     2.856    -9.893    -2.918  217  197  221   -1
  62    11.282     7.737     2.990   36   28   29   -1
  63     6.127    -3.969    -6.618  152  141  157   -1
  64     4.555     8.510     6.228   24   18   22   -1
  65   -10.631    -4.124    -2.608  158  143  159   -1
  66   -11.946     8.732    -6.660   19   21   26   -1
  67    -2.542     1.256     2.356  101   94  101   -1
  68    -8.481     6.464     8.807   43   40   44   -1
  69     7.682     7.190     0.289   41   38   39   -1
  70    -6.351    -4.124     9.745  159  146  161   -1
  71    -8.569     0.571    -3.799  108  100  109   -1
  72    -9.882     2.028    -2.821   93   87   95   -1
  73     8.382     4.979     3.952   60   56   58   -1
  74    -9.705     4.008    -1.191   66   62   68   -1
  75   -10.057     7.228     5.447   37   37   40   -1
  76    11.742    -3.869    -3.164  150  140  158   -1
  77    -1.368     9.953    -0.457   13   11   13   -1
  78     2.843    10.653    -3.398   10    9    9   -1
  79    -0.152     0.965     0.075  104   96  104   -1
  80    -4.182     3.376    -0.557   75   69   77   -1
  81     8.363    -1.634    -1.046  128  120  132   -1
  82    -6.459    -6.217    -1.161  174  161  179   -1
  83    -6.508     8.364     4.266   22   23   24   -1
  84    -0.145   -11.054     4.605  243  220  244   -1
  85     2.041    -9.780    -8.678  213  194  216   -1
  86    11.958    -1.769    -6.555  130  121  133   -1
  87     3.402    11.404    -6.467    4    6    4   -1
  88    -0.509     5.240    -9.907   58   57   62   -1
  89     4.152     3.209    -1.439   78   73   79   -1
  90     4.597     5.131    -1.812   59   55   57   -1
  91    -5.638    -9.669     3.044  220  196  217   -1
  92   -11.375    -6.064    -5.606  173  159  177   -1
  93    -6.196    -4.955     6.493  164  151  168   -1
  94     0.636    -5.440     4.537  168  155  174   -1
  95    -3.191    -9.962     0.370  222  200  222   -1
  96    -7.774    -7.000     5.328  187  169  186   -1
  97   -11.498     6.036    -6.694   46   43   49   -1
  98    -0.960    -2.030     2.172  135  126  138   -1
  99    -4.966    -2.319     9.058  141  132  144   -1
 100    -4.356    -8.123     8.319  202  184  202   -1
 101    -3.925    -8.535     7.318  207  189  206   -1
 102     2.247    -1.864    -3.139  131  123  135   -1
 103     5.518    -9.081     1.274  211  193  214   -1
 104    -5.861     6.935    -4.475   42   39   42   -1
 105    -6.900   -10.849     3.105  242  216  241   -1
 106    -1.889     3.112     1.615   79   74   81   -1
 107     7.800    -8.349     6.011  201  185  207   -1
 108     4.334    -4.125     5.498  156  144  162   -1
 109     9.662    10.379     0.974   12   10    7   -1
 110     4.173     7.117    10.000   39   35   37   -1
 111    -9.109     4.076     3.602   63   60   64   -1
 112    -8.613     1.730    -5.174   98   91   99   -1
 113    -3.535     8.829     7.892   18   14   18   -1
 114     5.968    -8.582     2.974  204  187  210   -1
 115     6.391   -11.782    -4.171  245  224  253   -1
 116    -4.188    10.871     6.864    3    5    5   -1
 117     4.965   -10.764     4.252  236  214  243   -1
 118    -2.915     0.371   -10.025  111  103  113   -1
 119    -7.181     2.975    -2.689   81   77   84   -1
 120    -2.561     2.627    -5.778   87   82   89   -1
 121     3.650     2.749     5.039   86   79   85   -1
 122    -6.110     9.080    -1.879   17   15   20   -1
 123     3.067     7.893    -2.998   34   29   31   -1
 124     5.209     8.379     3.815   28   22   23   -1
 125     5.734     2.677    -7.834   88   81   88   -1
 126    -5.176    -0.902    -7.865  122  114  125   -1
 127    -1.423    11.606     6.751    0    1    1   -1
 128    -2.574   -10.450     2.063  230  207  233   -1
 129     2.219     7.762     7.402   31   26   30   -1
 130     8.765     3.829    -4.622   72   66   70   -1
 131    -3.838    -7.031     0.415  184  167  185   -1
 132     5.571    -1.874    -2.515  132  124  136   -1
 133    -2.617     3.886     4.328   68   63   66   -1
 134     6.767   -11.886    -2.086  247  226  257   -1
 135   -10.398    -6.977     2.230  186  166  184   -1
 136     0.280    -9.109    -7.405  209  192  211   -1
 137     7.842     8.703     5.137   21   16   17   -1
 138   -10.894     8.609    -2.197   20   20   25   -1
 139     7.651   -11.405    -9.606  238  217  245   -1
 140     1.099    -2.053    -4.491  134  125  137   -1
 141    -1.640     1.685    -0.553   99   92   98   -1
 142    -9.190     5.362     1.974   51   50   54   -1
 143    -6.602    -0.854     2.105  121  113  124   -1
 144     2.924    -4.705    -0.865  161  148  165   -1
 145    -9.816    -2.314    -2.741  140  131  143   -1
 146   -11.194   -10.477    -3.114  233  204  227   -1
 147     0.201    -1.438    -9.594  126  119  130   -1
 148    11.271     5.247     1.581   55   51   52   -1
 149    -3.551     7.423     9.656   35   31   34   -1
 150     1.657    -5.689     1.568  171  158  176   -1
 151     2.464     7.525    -4.487   38   36   36   -1
 152    11.654     0.609    -3.589  107   98  107   -1
 153    -4.079    -2.666    -6.038  142  133  145   -1
 154    12.059     2.316    -5.611   91   84   90   -1
 155    -3.468   -10.622     4.056  237  212  238   -1
 156     5.159    -4.489     5.638  160  147  164   -1
 157    -5.123   -10.393     6.461  235  211  234   -1
 158     3.458    -6.489     8.469  177  163  181   -1
 159    -3.406   -10.598    -9.826  224  203  229   -1
 160     2.651    -2.993     6.727  145  136  149   -1
 161     8.112   -11.297     1.144  241  222  248   -1
 162     1.346   -10.721    -4.776  227  206  237   -1
 163    -0.777    -0.152    -9.900  114  106  116   -1
 164    -5.466   -10.366    -8.207  223  201  224   -1
 165    10.102     8.692     1.207   27   17   19   -1
 166    -0.922    -5.375    -5.940  165  153  172   -1
 167    -8.739   -10.863     4.320  244  219  240   -1
 168    -2.505   -11.766     5.641  252  230  256   -1
 169    -1.810     1.960    -0.605   94   88   96   -1
 170    -5.652     7.743    -2.812   32   33   35   -1
 171     8.978     6.070    -6.620   49   42   46   -1
 172    -3.644    -2.180     4.134  138  129  140   -1
 173     2.208     5.263    -0.628   53   52   55   -1
 174   -11.723    -8.518     1.885  208  186  204   -1
 175    -8.532     2.892    -3.002   83   78   86   -1
 176     9.335     0.520    -6.620  109  101  110   -1
 177     3.765    -6.383     8.711  175  162  180   -1
 178    10.854    -2.871     2.266  144  135  148   -1
 179    -2.333     3.800    -9.416   71   68   74   -1
 180    -4.412    -1.343    -8.576  123  115  127   -1
 181    -0.400    -5.850    -9.156  169  157  175   -1
 182    -9.551     8.339    -0.963   25   24   28   -1
 183    -6.496   -11.813     2.939  255  229  251   -1
 184     6.600    -8.496    -4.551  200  183  205   -1
 185    -5.277    -7.042     7.591  189  173  189   -1
 186     9.377    -8.177    -5.510  192  180  201   -1
 187    -0.827    -9.671     1.179  215  195  219   -1
 188    -8.791    -0.367    -0.085  117  108  119   -1
 189    -7.785     3.863     8.385   67   61   67   -1
 190     7.255    -4.357    -6.354  157  145  163   -1
 191     7.612   -12.036     0.541  250  231   -1   -1
 192    -5.655   -10.700    -8.883  228  205  230   -1
 193    -0.244     0.363    -4.016  112  104   -1   -1
 194     2.211     3.240     3.130   -1   70   78   -1
 195     4.265     0.585     5.203   -1   99  108   -1
 196     1.996     5.640     9.178   -1   45   47   -1
 197    12.119    -5.781    -7.520  167  156   -1   -1
 198   -10.476    -3.943     3.831  154   -1  156   -1
 199    -2.662     4.976    -4.642   -1   58   63   -1
 200    -0.071    -9.938    -6.169  218   -1  220   -1
 201    -4.522     7.765    -2.936   33   32   33   -1
 202     3.579    -8.290    -8.889   -1  177  200   -1
 203    -6.595     7.963    -7.430   30   30   -1   -1
 204    -0.645     3.989    -8.985   -1   64   69   -1
 205   -12.584     1.216    -4.269  103   -1  102   -1
 206    13.414    -7.614    -3.131  188   -1  195   -1
