241
   1    11.118    -2.776     2.568  170  154  172   -1
   2    -5.574    -0.388    -1.380  143  130  144   -1
   3   -10.094    -1.999    -4.606  160  142  160   -1
   4    -8.855    -5.766     2.503  195  175  193   -1
   5     2.523   -10.075    -2.810  239  208  239   -1
   6     5.075    -7.996     1.584  217  192  219   -1
   7    -2.946    -7.086     1.680  211  186  208   -1
   8     0.888    -2.974     3.217  171  155  173   -1
   9     1.045    -4.135    -0.085  174  158  176   -1
  10    -9.678     2.023    -9.755  115  103  115   -1
  11     9.271    -5.883     6.075  194  177  199   -1
  12   -12.291    -3.904    -2.958  173  157  175   -1
  13    -7.529     4.974    -4.422   74   68   77   -1
  14     3.127     3.304     5.767   98   87   96   -1
  15     5.047    -4.224     5.281  176  163  183   -1
  16    -6.343     0.967     6.266  128  118  131   -1
  17    -9.462    -2.002    -9.218  158  141  159   -1
  18     2.540     0.606     3.079  133  122  136   -1
  19     2.746    -9.060     9.292  232  203  233   -1
  20    -2.595    -4.287     1.129  182  162  181   -1
  21    -7.614    -3.111    -0.572  172  156  174   -1
  22     6.769     6.050     5.850   63   53   61   -1
  23     2.071     3.689    -3.304   92   84   91   -1
  24     1.904    -8.114    -1.227  220  193  218   -1
  25     6.546    -4.263     0.059  175  159  182   -1
  26    -2.698     0.836    -1.488  131  119  133   -1
  27   -10.648     4.946    -9.250   75   71   79   -1
  28     4.802     7.514    -2.376   49   43   47   -1
  29    -8.946     3.641    -7.319   91   86   95   -1
  30    11.866     7.824    -5.260   48   40   43   -1
  31     2.455     2.463    -3.730  110   98  106   -1
  32    -6.570     6.854     2.685   54   48   54   -1
  33     2.990    -8.124    -5.369  216  191  216   -1
  34     4.005     0.253     1.537  138  125  140   -1
  35    -8.888     7.063     2.455   51   46   53   -1
  36     1.422    -7.748     3.571  214  190  214   -1
  37     4.228   -11.973    -4.314  263  231  268   -1
  38    -1.721    10.599     1.944   18   15   18   -1
  39    12.065     1.338    -0.208  124  111  123   -1
  40     6.770    -1.989     9.959  159  143  162   -1
  41     8.252     3.688    -6.795   95   85   90   -1
  42    -4.189    -9.037    -8.443  229  199  224   -1
  43    -5.675     2.575     5.155  109   97  105   -1
  44     0.310     7.836     2.283   45   38   44   -1
  45     7.915    -8.843    -8.935  224  197  227   -1
  46     7.820    -7.070     2.771  208  187  211   -1
  47     3.810   -10.095     6.421  244  212  244   -1
  48     2.471     2.995    -5.370  106   95  101   -1
  49     1.420    -6.676     1.789  204  184  205   -1
  50   -10.813     3.074    -5.146  103   92  103   -1
  51    -3.464    -5.487     3.109  191  171  191   -1
  52     6.024     4.793     2.218   78   70   75   -1
  53     1.009     4.062     4.180   86   77   85   -1
  54    -3.440     2.921     6.817  105   93  102   -1
  55     1.403   -11.858    -2.812  264  230  265   -1
  56    -3.638   -11.084    -3.924  255  222  251   -1
  57     6.323    11.163     3.935   13    7    8   -1
  58     5.650     1.968     8.342  116  102  112   -1
  59    -2.012    -4.151     7.887  178  160  178   -1
  60    -8.742     9.168    -3.134   32   30   34   -1
  61     1.204    -2.507     1.709  168  152  170   -1
  62     6.140    -2.396    -7.926  164  148  166   -1
  63     2.107   -10.517    -1.190  247  214  245   -1
  64     4.277    -2.190    -1.453  163  147  165   -1
  65    -8.708    -7.901    -9.561  215  189  212   -1
  66    -9.720     3.172     0.613   99   91   99   -1
  67     4.000     9.725     4.253   29   24   26   -1
  68    -8.240    -9.162    -9.389  231  201  225   -1
  69    -3.203     1.268    -4.751  125  112  124   -1
  70    10.502   -10.531    -3.438  243  213  247   -1
  71    -3.902    -4.204     5.798  180  161  179   -1
  72     6.511    -2.394    -4.457  165  149  167   -1
  73     1.275    -5.687     4.701  193  174  195   -1
  74    -1.282    10.208     5.306   21   18   21   -1
  75    -6.914    -0.776     0.455  146  132  146   -1
  76     9.829    -2.415    -2.668  166  150  169   -1
  77    -1.131     0.092    -5.264  139  126  141   -1
  78     6.459    -6.352    -6.576  197  178  202   -1
  79    -8.743    -9.536     7.983  240  207  234   -1
  80     6.046    -6.737    -4.090  202  183  206   -1
  81    -5.266     7.027     3.792   52   45   52   -1
  82     5.641    -0.807    -4.656  145  133  148   -1
  83   -10.968     4.357    -2.314   83   76   84   -1
  84    -0.726     7.142     6.877   50   44   49   -1
  85    -2.309     5.896    -2.968   64   59   66   -1
  86     8.562     5.394     2.333   69   61   68   -1
  87    -5.125   -11.273    -1.778  261  227  258   -1
  88    -7.502    -7.441    -1.881  212  188  210   -1
  89     3.637     3.936     6.129   87   79   86   -1
  90    -8.304    10.759    -5.814   17   17   20   -1
  91     1.002     1.230    -0.125  126  113  125   -1
  92     2.268     4.454    -7.608   84   75   82   -1
  93    -2.076   -10.781    -5.020  249  216  246   -1
  94    -5.660    -0.838    -7.604  148  134  147   -1
  95    11.996    10.365    -6.721   26   20   19   -1
  96     5.441    -4.585     9.187  185  167  187   -1
  97    -8.975    -6.475    -9.048  201  181  200   -1
  98    -4.240     1.696    -0.205  119  106  119   -1
  99     5.500     2.296    -1.009  112   99  108   -1
 100    -6.337     5.491    -2.805   66   62   72   -1
 101     7.150    -0.107    -8.276  140  127  142   -1
 102    -0.242    -7.158    -8.609  207  185  207   -1
 103     3.584     6.095     3.796   61   54   62   -1
 104   -12.303    -9.416    -5.536  235  202  229   -1
 105     2.617     9.938     2.299   25   23   23   -1
 106     4.490    -6.061     7.424  198  180  201   -1
 107    -2.528    -5.587     3.703  192  173  192   -1
 108    -7.419   -11.314    -5.638  260  225  252   -1
 109    11.740     8.396    -7.716   43   36   39   -1
 110    -4.878     0.972     4.860  129  117  130   -1
 111    -7.198     9.424     5.938   27   25   29   -1
 112     3.298    10.806     7.969   15   11   12   -1
 113     4.168    -1.690     0.756  157  140  158   -1
 114    -6.108    -6.018    -1.256  196  176  197   -1
 115     5.800    11.342     3.861    9    5    5   -1
 116    -5.329   -11.159    -5.979  256  220  250   -1
 117    12.078    10.555     1.421   22   16   15   -1
 118    -4.450    11.279     7.335    5    4   10   -1
 119    -7.950    -9.309     5.803  237  204  232   -1
 120    -1.492     9.954     1.917   24   22   25   -1
 121     5.649   -10.225    -0.475  242  211  242   -1
 122     9.232    -2.791    -5.853  169  153  171   -1
 123     1.467     9.009    -3.478   34   31   33   -1
 124     3.017    -9.371     9.262  236  206  236   -1
 125    11.950    -4.484    -1.542  181  165  185   -1
 126    -2.852     6.123    -5.338   62   57   65   -1
 127    -1.921     1.084     8.583  127  114  126   -1
 128     2.670     1.463    -5.793  123  110  122   -1
 129     7.629     5.886     2.187   65   58   64   -1
 130     7.454    -1.177     2.218  153  138  156   -1
 131     3.293     2.256    -4.192  113  100  109   -1
 132    -2.537    -9.983     0.094  241  209  237   -1
 133    11.567    11.108    -8.068   20   13   13   -1
 134    -7.658     2.876    -8.297  108   96  104   -1
 135   -11.088    -1.186    -2.774  155  137  155   -1
 136    -7.018     1.829     6.406  117  105  117   -1
 137     6.734     5.419     3.163   67   60   67   -1
 138    -6.778     3.680     1.824   89   81   92   -1
 139    -0.033    10.791     9.570   12   10   14   -1
 140    -1.391     7.019     1.807   53   47   51   -1
 141    -3.468    10.706     3.372   16   12   17   -1
 142     4.517    -0.932    -0.543  149  135  152   -1
 143    -2.038    -0.435     1.305  144  131  145   -1
 144    -0.565     7.552     4.872   46   39   46   -1
 145   -10.795    -2.115    -4.887  162  144  161   -1
 146   -10.268    -5.235     1.381  189  169  189   -1
 147    -8.170     0.718    -8.721  132  121  135   -1
 148     5.525     3.630     1.676   94   83   89   -1
 149    -7.263    -8.037     4.642  222  195  215   -1
 150     5.509    -2.088     4.193  161  146  163   -1
 151    -0.171    -8.944    -3.766  228  200  228   -1
 152    -6.752    -8.386     4.851  226  198  221   -1
 153     2.834   -10.844     4.479  252  224  259   -1
 154    -0.321     3.452    -9.121   97   88   98   -1
 155     5.950     9.813    -8.432   31   26   28   -1
 156    -5.411   -10.789     8.744  259  226  253   -1
 157     9.386     0.511     4.305  134  123  137   -1
 158    10.624     3.802    -8.796   93   82   88   -1
 159   -11.443     9.627    -4.138   28   27   30   -1
 160    -8.353     3.978     3.988   85   78   87   -1
 161     5.542    11.689    -8.771   11    9    6   -1
 162   -11.955   -11.330    -0.306  262  229  257   -1
 163    -0.771     4.380     8.828   82   74   81   -1
 164    -0.408    -2.359     8.490  167  151  168   -1
 165     9.106     1.592    -4.920  122  109  121   -1
 166   -11.645    10.510    -5.097   19   19   24   -1
 167     3.475     1.036    -7.970  130  116  127   -1
 168     3.744   -10.659     5.683  250  219  255   -1
 169     0.521    11.047     5.809   10    8   11   -1
 170     2.096     1.609     9.695  121  107  120   -1
 171     1.623    11.796    -9.660    7    6    9   -1
 172    -0.907    10.387    -8.910   23   21   22   -1
 173     9.934     6.604    -4.801   60   52   57   -1
 174    -3.248   -10.904    -0.272  253  218  249   -1
 175    11.418    -6.383     1.885  200  182  204   -1
 176    11.238    -0.268    -0.766  142  129  143   -1
 177     4.187     9.114     1.200   33   29   31   -1
 178     2.972     5.454    -8.116   70   65   73   -1
 179    -1.930    -4.807    -9.686  186  166  186   -1
 180    -6.866   -10.484    -9.351  246  210  238   -1
 181     6.059    -1.205     3.314  154  139  157   -1
 182     3.764     5.211     5.502   71   64   71   -1
 183     6.920   -10.261     7.757  245  217  248   -1
 184     0.636   -11.298    -1.995  257  228  260   -1
 185    -6.410   -11.940    -2.139  267  233  263   -1
 186     8.507    11.474     3.552    8    3    3   -1
 187     5.965     2.984    -2.902  107   94  100   -1
 188    -3.358     1.878     0.004  118  104  116   -1
 189     7.179     3.354    -5.963  100   89   97   -1
 190    -0.595     2.069    -4.719  114  101  113   -1
 191    -0.182     8.531     4.923   37   33   36   -1
 192    -4.992    -4.472    -4.445  184  164  184   -1
 193    -7.271    11.601     3.132    3    2    7   -1
 194   -11.388     5.053    -3.554   72   67   76   -1
 195     4.870     6.324     8.326   57   51   59   -1
 196    -3.054     4.597    -0.572   80   73   80   -1
 197     4.125    -9.427     3.779  233  205  235   -1
 198     8.273     0.290     4.787  137  124  139   -1
 199     8.529    -5.852    -8.738  190  172  196   -1
 200   -11.024    -1.094    -6.862  152  136  153   -1
 201    -7.003    -4.910     9.445  187  168  188   -1
 202     6.525     7.736    -4.252   47   41   45   -1
 203    -7.965     3.599     8.500   88   80   94   -1
 204    -7.073   -10.853    -8.448  251  215  243   -1
 205    -7.365     8.774   -10.032   38   35   40   -1
 206    -3.469     4.794     2.961   77   69   78   -1
 207     5.938     6.554     4.719   55   50   55   -1
 208   -11.689     5.123     4.051   68   66   -1   -1
 209    11.304    -2.183    -7.914   -1  145  164   -1
 210   -13.806     8.589    -1.827   35   -1   41   -1
 211    -8.652     7.630     9.472   42   37   -1   -1
 212    11.564     5.846     7.562   -1   56   63   -1
 213     0.673     8.194     8.333   40   34   -1   -1
 214   -10.900    10.511     5.419   14   14   -1   -1
 215     6.939    12.245    -4.958    4    1   -1   -1
 216    10.949     3.148     4.215  102   90   -1   -1
 217     3.053     7.354     3.769   -1   42   48   -1
 218    12.667    -8.857    -3.006  225   -1  230   -1
 219     0.316   -11.544     9.269  265   -1  269   -1
 220     2.570    12.040     4.008    0    0   -1   -1
 221    11.479     8.584     1.724   39   -1   35   -1
 222    11.539     6.917    -1.154   -1   49   50   -1
 223     8.631     0.457    -3.110  135   -1  138   -1
 224     1.469     8.925     7.615   -1   28   32   -1
 225   -10.036     1.604     6.623  120  108   -1   -1
 226    -0.418   -11.173    -4.083  254  223   -1   -1
 227     1.725     8.485     9.116   36   32   -1   -1
 228     0.989    -8.051     1.468   -1  194  217   -1
 229    -6.582   -10.132     7.485  248   -1  240   -1
 230     0.445     8.032    -4.070   44   -1   42   -1
 231     8.047    -8.595    -4.254  223  196  222   -1
 232     5.087     6.544    -4.989   59   -1   60   -1
 233     5.419    -0.789     7.430  147   -1  149   -1
 234     3.087    -7.149     1.510  210   -1  209   -1
 235     4.798     0.989     6.607   -1  115  129   -1
 236    12.284    -1.075     0.649  151   -1  154   -1
 237   -12.859    -6.011    -3.771  199   -1  194   -1
 238    -7.467    -8.055    -1.869  221   -1  213   -1
 239   -12.466     2.275     1.066  111   -1  110   -1
 240    -8.699     0.732    -7.273   -1  120  134   -1
 241   -12.861    -0.974    -0.341  150   -1  150   -1
