    1 -0.421  0.551  0.817 131.94  68.83  83.18  69.25  47.42  70.14  48.12
    2 -0.514  1.095 -0.789  62.92  15.85  76.56  18.12 101.87  18.64  43.09
    3 -0.782  0.318 -0.378  52.97  94.90  48.36  95.71  63.07  96.19  44.35
    4 -0.129  0.675 -0.417 112.62  58.76 114.46  59.34 123.00  59.19  46.69
    5 -0.572  0.807 -0.837  55.82  45.40  70.79  47.22  98.60  47.70  41.03
    6  0.039  0.725 -0.021 141.68  53.03 132.34  53.15 121.97  52.91  48.85
    7 -0.868  0.558  0.526  78.41  67.88  36.35  69.15  19.74  70.56  41.83
    8 -0.943  0.911 -0.639  28.60  33.28  32.89  36.11  59.22  37.63  40.57
    9 -0.555  1.117  0.876 121.74   7.12  68.69   8.36  33.06  10.63  43.65
   10 -0.654  0.720 -0.886  46.58  54.29  62.72  56.07  93.40  56.61  45.50
   11  0.553  0.744  0.708 216.42  50.27 187.21  48.89 141.19  47.97  42.97
   12 -0.938  0.633  0.016  52.70  60.83  30.95  62.57  34.12  63.96  43.74
   13 -0.419 -0.395 -0.780  73.34 168.67  85.21 167.98 111.38 167.87  40.70
   14 -0.064  0.182  0.035 134.43 109.26 121.62 109.32 110.51 109.32  48.23
   15 -1.059  0.650 -0.782  12.58  60.55  21.70  62.84  54.78  64.01  76.76
   16  0.202  1.151 -0.733 129.36  11.94 148.61  12.22 163.23  10.77  41.54
   17 -0.456  0.348 -0.827  66.72  92.63  82.43  93.30 108.42  93.41  40.30
   18  0.040 -1.042 -0.601 119.95 234.48 132.33 233.90 143.87 234.66  62.73
   19 -1.033 -0.575 -0.361  29.97 188.85  22.65 187.03  40.77 185.78  48.18
   20  0.392  0.750  0.077 177.03  50.85 169.02  50.21 150.45  49.28  44.03
   21  0.605  0.727 -0.726 164.86  55.50 189.24  54.96 199.72  53.31  41.16
   22  0.062 -0.324  0.572 166.82 162.50 134.84 162.63 101.00 162.61  43.95
   23 -0.877  0.485 -0.814  28.43  78.07  40.11  79.52  71.54  80.16  37.18
   24  0.411  0.317  0.397 191.31  95.24 171.52  94.87 140.04  94.51  54.19
   25 -0.256  0.554  0.517 135.57  69.37 101.13  69.65  74.36  70.13  64.70
   26 -0.211  0.390  0.235 128.70  87.25 106.17  87.52  89.49  87.68  53.56
   27  0.848  0.667  0.082 217.28  60.22 216.50  58.87 192.89  57.22  43.22
   28 -0.193  0.724 -0.767  92.83  54.48 108.85  55.35 129.28  55.18  47.30
   29 -0.341  0.277  0.432 124.32  98.80  92.26  99.04  70.11  99.37  48.13
   30  0.393  0.070  0.463 192.25 120.94 169.72 120.85 135.79 120.79  47.29
   31 -0.447  0.185  0.327 110.40 108.57  81.26 108.79  64.77 109.03  50.19
   32 -0.216 -0.607  0.974 157.28 193.73 104.96 193.71  59.55 192.98  40.35
   33 -0.137  0.877 -0.530 106.65  38.36 114.41  39.20 125.42  38.96  42.62
   34 -0.069 -0.563  0.283 143.55 187.43 120.98 187.32 100.36 187.21  48.44
   35  0.677 -1.126 -0.404 183.39 241.87 197.36 243.23 194.60 245.78  45.98
   36 -0.913  0.323  0.192  61.58  93.67  32.90  94.50  29.28  95.25  39.95
   37  0.444 -0.004  0.863 212.99 128.74 175.89 128.71 124.91 128.74  87.91
   38 -0.375  0.530  0.451 121.96  71.83  88.72  72.31  66.30  72.92  46.00
   39 -0.834 -0.319  0.018  62.54 162.18  41.69 161.39  43.00 160.76  47.31
   40  0.157  0.451 -0.516 133.39  82.35 144.21  82.44 151.26  82.00  44.50
   41  0.710  0.501 -0.947 165.62  78.58 199.25  78.16 217.29  76.84  38.25
   42 -0.503 -0.655 -0.491  74.68 196.13  77.10 194.89  91.61 194.45  46.27
   43  0.850 -0.405  0.623 239.17 170.31 218.64 171.36 172.71 172.22  41.00
   44 -1.089 -0.393 -0.042  36.15 170.28  15.50 168.98  23.40 167.97  49.23
   45 -0.347  0.847 -0.390  92.69  40.54  92.85  41.74 101.46  42.09  37.83
   46  0.477  0.188 -0.427 164.92 109.17 176.98 109.12 177.07 108.72  51.14
   47 -0.175 -0.065 -0.889  89.96 134.80 110.78 134.75 135.45 134.75  45.42
   48  0.058  0.542  0.295 155.56  71.44 134.34  71.34 111.50  71.26  38.86
   49 -0.288  0.704  1.018 152.34  52.07  97.12  52.23  51.21  53.23  35.89
   50  0.826 -0.295 -0.185 204.75 158.09 213.25 158.61 200.65 159.36  45.14
   51 -1.048 -0.530 -0.153  36.03 184.55  20.22 182.92  31.29 181.66  42.42
   52 -0.432  0.950  0.318 111.51  27.38  82.86  28.48  66.41  29.61  50.86
   53  0.090  0.600  0.711 175.00  64.62 137.78  64.29  98.19  64.35  36.51
   54  0.497 -0.175  0.238 192.63 146.42 180.30 146.62 154.16 146.89  47.73
   55 -0.003 -0.517 -0.162 132.50 181.77 128.00 181.59 123.57 181.76  50.46
   56  0.548  0.610 -0.219 179.34  66.20 184.62  65.51 176.05  64.40  68.88
   57  0.294  0.714  0.735 194.36  52.83 159.62  51.98 115.95  51.67  43.06
   58 -0.587 -1.131  0.654 110.03 250.13  65.78 248.59  39.20 246.43  43.35
   59  0.969 -0.005  0.311 236.78 128.76 229.94 128.83 195.79 128.81  42.91
   60  0.789  0.973 -0.390 193.75  30.29 208.89  28.86 204.66  26.35  41.00
   61 -0.775  0.010  0.097  71.12 127.15  47.60 127.23  45.10 127.20  42.47
   62 -0.829 -0.080  0.183  69.15 136.81  41.63 136.62  36.90 136.47  43.48
   63 -1.062 -0.868  0.335  52.72 222.01  16.70 219.47  10.59 217.01  63.32
   64 -0.762  0.245 -0.945  34.49 103.06  52.05 103.74  86.36 103.97  33.78
   65 -0.001 -0.079 -0.251 129.21 136.42 128.13 136.34 127.10 136.40  54.34
   66 -0.388 -0.957  0.320 115.70 229.89  87.47 228.77  70.24 227.75  46.28
   67 -0.685 -0.806  0.313  87.69 214.41  56.33 212.91  44.27 211.42  46.63
   68  0.634 -0.954 -0.217 186.96 225.23 193.50 226.40 183.90 228.38  46.80
   69  0.054  1.026 -0.441 127.10  23.20 133.76  23.62 139.09  22.91  42.79
   70 -1.210  0.510 -0.254  16.92  74.02   4.01  75.90  21.48  77.22  44.44
   71  0.272 -0.874 -0.461 145.74 217.18 155.98 217.29 159.63 218.39  48.70
   72 -0.552 -0.755 -0.672  63.61 206.13  72.49 204.54  94.20 204.04  44.07
   73  0.647 -0.596  0.937 234.06 190.99 197.91 192.35 141.06 193.18  44.21
   74 -0.316  0.950 -0.798  80.58  31.18  96.47  32.67 119.52  32.67  35.80
   75  0.346  0.013 -0.587 147.48 126.90 163.38 126.90 171.08 126.88  41.00
   76 -0.257 -0.245 -0.685  90.01 153.34 102.36 153.02 120.66 153.04  45.86
   77 -0.841 -0.500  0.148  66.78 181.60  40.59 180.41  37.31 179.37  45.64
   78 -0.879  1.049 -0.167  51.54  17.32  37.65  20.15  46.31  22.14  40.86
   79 -0.901  0.036  0.245  64.69 124.40  33.94 124.48  28.23 124.60  45.42
   80 -0.634 -0.467 -0.053  78.69 177.55  62.60 176.54  63.26 175.97  59.86
   81 -0.865 -0.220  0.395  73.71 151.97  37.17 151.46  25.31 150.93  34.87
   82  0.971 -0.066 -0.698 197.40 134.81 226.27 134.92 232.75 135.11  38.50
   83 -0.062 -0.190 -0.048 131.47 148.03 121.88 147.95 113.90 147.97  44.62
   84  0.780 -0.529  0.360 222.34 182.84 210.32 183.91 175.98 185.02  38.67
   85 -1.195 -0.720 -0.324  16.10 204.53   5.70 201.95  25.68 200.13  28.61
   86 -0.679 -0.247 -0.174  70.03 154.24  58.34 153.69  64.07 153.36  49.00
   87  0.763  0.104  0.436 223.92 117.52 208.74 117.29 171.55 117.08  41.94
   88  0.599  0.234 -0.317 179.95 104.51 189.63 104.26 184.39 103.89  43.88
   89 -0.134 -0.772 -0.068 124.12 208.49 114.46 208.03 108.06 208.09  54.97
   90 -0.211 -0.132  0.609 143.24 142.30 105.83 142.26  74.75 142.22  46.05
   91  0.026  0.178  0.482 159.97 109.52 130.97 109.46 101.29 109.47  47.11
   92  0.823 -0.040 -0.156 205.66 132.28 213.09 132.32 199.36 132.44  54.26
   93 -0.294 -0.003  0.699 139.13 128.53  96.93 128.53  63.67 128.53  39.00
   94  0.787 -0.706 -0.404 192.97 199.34 208.62 200.37 205.00 202.19  41.77
   95  0.106 -0.270 -0.269 138.17 156.04 139.15 156.01 137.45 156.20  44.71
   96 -0.252  0.207 -0.639  92.11 107.05 102.71 107.33 119.33 107.33  33.58
   97 -0.477  0.481 -0.714  67.31  78.72  81.05  79.77 100.79  79.97  44.27
   98  0.922 -0.950 -0.196 212.72 224.12 223.14 226.00 210.06 228.68  42.17
   99  0.452  0.565 -0.753 150.56  71.53 173.82  71.33 186.75  70.26  37.78
  100 -0.722 -0.726  0.458  89.78 206.24  52.08 204.89  35.27 203.37  45.33
  101 -0.062  0.025  0.858 166.81 125.57 121.61 125.56  78.21 125.63  44.54
  102 -0.252 -1.129 -0.769  87.52 243.50 102.94 241.92 124.07 242.10  45.24
  103 -1.058 -0.729 -0.567  20.28 204.75  20.87 202.22  46.64 200.85  81.07
  104  0.494 -0.746  0.164 189.45 205.22 179.79 206.11 156.60 207.19  48.00
  105  0.596 -0.472 -0.313 179.79 176.16 189.36 176.61 183.88 177.57  44.16
  106 -0.122 -0.631 -0.096 124.19 193.82 115.63 193.43 110.25 193.41  46.61
  107 -0.472  0.821 -0.015  95.26  42.03  79.32  43.15  76.08  43.96  62.24
  108 -1.135 -1.119 -0.098  29.69 247.67  10.98 243.81  21.52 240.91  68.04
  109 -0.880 -0.889  0.598  80.03 224.68  34.76 222.69  15.68 220.39  42.33
  110  1.010 -0.385  0.117 232.66 167.43 233.51 168.39 207.00 169.51  36.57
  111  0.471 -0.340 -0.940 145.14 162.14 175.33 162.23 195.16 162.93  41.46
  112 -0.349 -0.093 -0.700  81.13 137.88  93.04 137.58 113.08 137.66  56.02
  113 -0.135  0.113  0.467 144.65 116.21 114.08 116.30  87.21 116.50  48.14
  114  1.089  1.012 -0.704 207.50  27.97 238.13  26.15 244.20  22.51  42.16
  115 -0.783  0.002  0.801  97.15 128.06  44.40 128.11  16.07 128.07  38.23
  116  0.644 -0.681 -0.465 178.17 196.95 193.81 197.67 193.88 199.19  43.29
  117  0.066 -0.798 -0.446 127.97 209.96 134.98 209.63 140.42 210.20  54.54
  118 -0.810 -1.142 -0.859  33.17 246.10  46.98 242.84  78.87 241.63  42.67
  119  0.561 -1.214 -0.886 155.13 249.32 184.50 249.96 201.35 252.70  42.39
  120 -0.249 -0.559 -0.674  91.14 185.52 103.13 184.78 120.88 184.85  44.95
  121  0.317 -1.010 -0.282 156.58 231.52 160.72 231.73 157.03 233.13  44.53
  122 -0.059  0.592  0.753 162.96  65.19 121.92  65.05  82.72  65.39  44.50
  123 -0.560  0.250  0.579 109.34 101.45  68.96 101.67  44.44 102.23  43.65
  124  1.163 -0.023  0.224 250.08 130.57 249.97 130.64 217.76 130.71  37.00
  125  0.019 -0.477 -0.178 133.84 177.51 130.15 177.38 126.13 177.61  48.75
  126 -1.021 -0.951 -0.789  15.92 227.18  25.50 223.97  58.20 222.34  34.62
  127  1.120  0.265  0.377 252.54 101.14 246.15 100.34 207.91  99.52  35.89
  128  0.329 -1.034 -0.130 163.42 234.30 162.25 234.99 152.41 236.08  51.96
  129 -0.358  0.019  0.308 118.03 126.37  90.59 126.22  73.53 126.22  51.33
  130 -0.236  0.134  0.152 123.04 114.14 103.70 114.25  90.35 114.49  48.54
  131 -0.261 -1.133  0.531 135.69 248.82 100.62 248.21  73.22 247.19  46.24
  132  0.733  0.374 -0.291 192.60  90.48 203.40  89.90 195.83  89.01  34.48
  133 -0.665  0.487 -0.531  58.22  77.64  60.69  78.72  79.00  79.23  36.63
  134 -0.954 -0.789  0.305  61.92 213.13  28.08 211.07  21.19 209.06  38.83
  135  0.231 -1.134 -0.202 152.05 244.79 151.92 245.06 146.22 245.83  51.35
  136  0.583 -1.086  0.120 195.65 239.93 189.00 241.44 166.52 243.32  47.89
  137  0.719 -0.515 -0.406 187.13 180.10 201.55 180.94 198.95 182.01  56.52
  138  0.339  0.291  0.165 175.71  98.15 163.61  97.91 142.25  97.64  43.62
  139 -0.398 -0.195  0.057 104.72 148.79  86.91 148.54  79.79 148.38  39.50
  140 -0.344 -1.065  0.513 127.29 241.81  91.85 240.98  66.50 239.80  46.07
  141 -0.759  0.608  0.931 104.49  61.93  46.55  62.82  12.73  64.44  49.95
  142  0.117  0.190  0.173 156.10 108.48 140.41 108.44 121.60 108.43  43.25
  143  0.638 -1.205 -0.856 162.97 248.28 192.32 249.17 207.39 252.15  41.85
  144 -0.823 -0.815 -0.226  54.60 214.09  43.62 212.30  53.49 210.61  41.61
  145 -1.011 -0.837 -0.210  37.51 216.89  24.21 214.34  36.70 212.61  40.31
  146  0.867 -0.114  0.396 231.42 139.93 219.57 140.22 182.94 140.48  34.86
  147  0.396 -0.619  0.539 195.40 193.15 170.31 193.77 132.89 194.32  57.17
  148 -0.842 -0.400  0.574  82.54 171.65  39.01 170.58  19.91 169.71  42.54
  149 -0.226 -0.011  0.192 125.42 129.71 104.81 129.29  89.64 129.26  56.63
  150  1.011 -0.748  0.231 237.28 204.61 234.13 206.48 202.81 208.60  53.22
  151  0.658  0.226  0.847 231.58 104.49 198.79 104.08 145.97 103.77  47.00
  152  0.031 -1.139 -0.043 140.11 246.43 131.47 246.21 121.98 246.63  43.65
  153  0.754 -1.146  0.790 237.48 248.01 208.98 250.83 156.86 252.83  29.27
  154 -0.563 -0.452 -0.371  73.41 175.27  70.72 174.36  81.69 174.19  54.08
  155  0.404  0.299 -0.759 146.15  98.12 168.93  98.18 182.69  97.75  45.78
  156  1.116 -0.784  0.149 243.05 207.86 244.65 210.06 215.87 212.54  33.92
  157  0.330  0.200  0.561 190.56 107.39 163.18 107.00 126.16 106.85  54.28
  158 -0.774  1.171 -0.271  44.55   4.60  56.20   8.21  47.00  10.25  36.50
  159 -0.945  0.432 -0.776  23.47  83.44  33.16  84.77  64.31  85.44  35.75
  160  0.668 -0.839  0.934 235.87 216.52 200.12 218.54 143.23 219.70  38.62
  161 -0.426 -0.267  0.290 110.77 156.49  83.72 156.47  67.89 155.89  47.19
  162  1.176 -1.025 -0.335 229.09 230.69 248.70 233.25 239.19 236.92  38.30
  163 -0.971 -0.877 -0.426  33.44 220.46  29.17 217.75  48.53 216.09  33.44
  164 -0.440 -0.421 -0.124  93.96 172.30  82.91 171.87  83.02 171.14  46.64
  165  0.707  0.577 -0.566 179.80  70.45 199.99  69.64 203.42  68.23  55.83
  166  0.931  1.046  0.497 241.20  20.26 226.68  17.49 185.22  15.27  43.71
  167  1.087  0.535 -0.609 210.73  75.12 238.40  74.04 240.55  72.19  37.60
  168 -0.120 -0.862  0.038 129.56 218.27 115.82 217.81 105.30 217.71  39.38
  169 -0.975  0.402  0.084  51.64  85.18  26.86  86.37  28.23  87.63  72.17
  170  0.296 -0.485  0.382 180.61 179.22 159.37 179.12 130.13 179.59  60.00
  171  0.498 -1.024  0.430 200.42 234.74 180.71 236.24 146.78 237.67  45.96
  172 -0.520  0.345  0.962 128.39  90.90  72.28  91.05  32.72  91.77  56.93
  173  1.133 -0.745  0.031 239.69 203.56 245.90 205.55 221.75 208.00  42.00
  174 -1.201  0.490 -0.539   7.72  76.59   6.32  78.44  33.44  79.72  34.72
  175  0.419 -0.734  0.195 184.06 204.16 172.06 204.89 148.51 205.80  37.89
  176  0.002  0.751  0.418 155.29  49.09 128.47  49.10 101.52  49.10  43.11
  177 -0.330 -0.120 -0.269  98.62 140.66  94.50 140.80  98.35 140.45  45.33
  178 -0.459 -0.432  0.223 105.22 173.96  80.38 173.40  67.74 172.95  41.09
  179 -0.787  0.533  0.920 101.37  70.02  43.58  70.84  10.74  72.31  34.14
  180 -0.909 -0.195  0.149  60.59 148.98  33.33 148.42  31.58 148.28  45.32
  181  0.940  0.208 -0.075 218.90 106.95 225.59 106.51 207.31 106.51  44.94
  182  0.267  0.433  0.946 200.46  82.23 157.03  81.94 105.12  81.08  79.14
  183  1.141 -1.139  0.086 242.74 243.59 247.02 246.76 220.58 250.51  39.44
  184  0.643 -0.535  0.498 215.98 183.63 196.26 185.29 157.89 185.54  57.32
  185  0.311 -0.521  0.497 186.32 182.89 161.12 183.28 126.81 183.62  52.90
  186 -0.792  0.226  0.425  81.81 104.27  44.77 104.29  30.49 104.78  53.04
  187 -0.026 -1.126 -0.884 103.54 242.14 125.70 241.11 148.32 242.19  41.72
  188  0.970  1.089 -0.011 202.57  17.43 242.24  15.39 182.50  12.73  39.59
  189 -0.188 -1.045  0.509 141.55 239.08 108.40 238.72  80.74 238.30  46.95
  190 -0.566 -0.376  0.944 123.26 168.96  67.33 168.96  29.30 167.76  41.28
  191 -0.767 -0.033  0.420  83.87 132.00  47.47 131.57  32.73 131.59  31.23
  192  0.525 -0.199 -0.412 169.74 148.30 181.94 148.78 180.95 148.83  46.00
  193  0.982  1.072  0.595 249.82  17.22 232.34  14.50 186.62  12.07  39.41
  194 -0.930 -0.356 -0.374  39.12 165.90  33.21 164.49  50.07 163.84  23.95
  195  0.684  1.212 -0.769 172.84   7.22 195.69   5.82 211.28   3.67  51.20
  196 -0.574 -0.652  0.458 103.50 197.72  67.79 196.77  48.15 196.76  45.30
  197 -1.175 -0.879 -0.588   8.47 220.47   9.19 217.17  37.43 215.62  28.64
  198  0.064 -0.529 -0.762 116.03 181.72 134.61 181.41 152.03 182.19  42.96
  199 -1.128  0.208  0.416  49.39 105.74   9.38 106.37 156.86 252.83  40.85
  200  0.422 -0.503  0.509 196.73 180.83 172.88 181.49 136.71 182.02  45.63
  201 -0.411 -0.378  0.379 115.82 168.40  11.09 254.01  65.97 167.56  47.25
  202  0.292  0.451 -0.599 142.23  82.48  11.09 254.01 166.54  81.93  45.98
  203 -0.194  0.445 -0.105 117.33  81.87 108.27  82.32 156.86 252.83  46.50
  204  0.086  0.026 -0.835 115.23 125.53 136.89 125.78 156.70 125.58  54.38
  205  1.020 -1.207  0.068 231.63 251.06 234.35 253.47 156.86 252.83  51.72
  206 -0.808 -1.227 -0.339  19.56 252.68  45.58 253.49  59.17 252.36  18.14
  207 -0.249 -0.784 -0.325 104.06 209.38 102.76 208.51 156.86 252.83  49.24
  208 -0.404 -0.275  0.689 128.51 157.76  11.09 254.01  54.17 157.15  49.60
  209 -1.205  0.093 -0.368  13.33 118.42  11.09 254.01  26.43 118.86  40.56
  210 -0.815  0.053 -0.271  53.56 123.66  44.72 122.37  55.87 122.46  44.59
  211  0.587 -0.637  0.066  19.56 252.68 189.30 194.47 168.96 195.59  18.14
  212 -0.829 -0.797 -0.193  19.56 252.68  42.92 210.18  51.74 208.93  18.14
  213  0.987  0.021 -0.492 207.40 126.67 228.27 125.85 227.76 125.80  19.58
  214 -0.676  0.523  0.701 103.57  71.66  56.16  72.42  29.65  73.73  48.19
  215  0.435  0.196  0.334  19.56 252.68 174.02 107.75 144.71 107.44  18.14
  216  0.598  0.971  0.445  19.56 252.68 191.37  25.77 155.53  24.28  18.14
  217 -0.530 -0.021  0.869  19.56 252.68  71.34 130.57  35.57 130.51  18.14
  218 -0.171  0.679 -0.548 102.85  58.70 110.96  59.30 156.86 252.83  42.84
  219 -0.691  0.112  0.750 103.60 117.05  54.65 117.21  25.90 114.90  39.52
  220 -1.158 -0.240 -0.546  11.58 153.00  10.57 152.10  37.40 152.97  39.36
  221  0.382  0.489  0.647 199.01  78.33 168.79  75.57 127.90  75.19  16.34
  222 -0.930  0.192 -0.495  34.47 107.97  33.90 108.82  54.47 109.17  49.63
  223 -0.952  0.438  0.121  55.24  80.86  11.09 254.01  28.77  84.24  43.34
  224 -0.380  0.477 -0.422  88.46  78.91  89.51  79.63 156.86 252.83  47.94
  225  0.235 -1.100  0.771 190.49 244.67  11.09 254.01 108.95 246.17  27.57
  226 -1.246  1.059 -0.213  15.04  15.39  11.09 254.01  16.77  22.26  41.48
  227 -0.619  0.145  0.895 116.36 112.55  61.76 112.73 156.86 252.83  43.73
  228 -0.984 -1.221 -0.802  19.56 252.68  28.97 252.19  62.34 250.28  18.14
  229 -0.426 -0.437  0.058 102.17 174.19  11.09 254.01  77.25 173.24  48.00
  230 -1.123  0.944 -0.926  19.56 252.68  15.86  33.76  54.83  35.56  18.14
