    1 -0.049  1.119  0.942 171.53   8.27 123.00   7.81  76.01   8.59  38.95
    2 -0.360  1.065 -0.908  72.68  19.74  92.22  21.60 119.74  21.63  40.23
    3 -0.943  0.364 -0.433  35.80  90.00  32.06  91.11  51.24  91.76  43.55
    4  0.347  0.884  0.398 185.66  36.09 164.80  35.19 134.02  34.44  48.08
    5  0.507 -0.165  0.567 206.60 145.43 182.00 145.72 142.36 145.89  44.77
    6 -0.002  0.482  0.125 143.53  77.96 128.06  78.03 112.63  77.97  50.36
    7  0.478  0.957 -0.625 157.64  31.85 176.61  31.35 184.36  29.54  45.00
    8 -0.211 -0.975 -0.155 113.90 229.64 106.57 228.81 104.54 228.54  82.15
    9 -0.616  0.452  0.230  90.98  80.20  63.80  81.00  53.70  81.72  45.31
   10 -0.963 -0.040 -0.263  40.09 132.49  29.40 132.37  42.96 132.25  42.67
   11 -0.268  0.254 -0.444  97.83 102.08 100.92 102.40 110.54 102.43  48.60
   12 -0.248 -0.674  0.695 143.21 200.37 101.78 200.15  67.85 199.43  44.05
   13  0.078 -0.748 -0.278 135.35 205.18 136.29 205.04 135.17 205.49  48.47
   14 -1.060 -0.296 -0.438  24.67 159.45  20.23 158.47  41.51 157.85  40.22
   15 -0.174  0.509  0.237 132.22  74.73 110.10  75.00  92.79  75.21  46.11
   16  0.063 -0.424 -0.775 115.38 171.17 134.56 170.95 152.36 171.31  43.89
   17  0.619  0.273 -0.364 179.62 100.62 191.68 100.36 187.70  99.74  45.09
   18 -1.020  0.466 -0.176  37.87  78.80  23.23  80.23  34.67  81.28  40.74
   19  0.778  0.217  0.968 246.93 105.48 212.07 104.89 152.43 104.52  41.06
   20 -0.889  0.827  0.388  71.20  39.16  34.66  41.14  23.45  43.18  40.31
   21 -0.797 -0.176  0.863  98.19 147.51  42.75 147.19  12.21 146.72  40.97
   22  0.205  1.076  0.882 192.20  13.92 150.28  12.75 101.76  12.64  81.65
   23  0.491 -0.283 -0.855 150.09 156.58 177.52 156.69 193.97 157.21  43.28
   24 -0.225 -0.600  0.459 136.11 191.91 104.45 191.62  79.40 191.09  48.28
   25 -0.187 -0.221  0.527 142.21 151.69 108.42 151.62  80.14 151.47  46.58
   26  0.259  0.671 -0.525 142.03  60.12 154.68  60.11 160.70  59.23  46.10
   27 -0.487 -0.220  0.607 117.68 151.87  76.46 151.63  50.21 151.30  45.20
   28  0.407  0.264  0.743 204.83 100.48 171.78 100.06 126.20  99.88  80.91
   29  0.015  0.722 -0.924 105.70  55.36 129.77  55.97 153.55  55.35  43.38
   30  0.174  0.039 -0.690 128.41 124.36 145.83 124.33 159.25 124.30  87.16
   31 -0.877 -0.503  0.169  64.13 182.01  36.72 180.75  33.33 179.64  44.85
   32 -1.058 -0.408 -0.822  11.23 170.62  21.89 169.22  56.40 168.46  36.93
   33  1.033 -0.130 -0.375 215.18 141.28 233.90 141.56 227.07 141.99  60.60
   34 -0.591 -1.094 -0.888  52.31 240.42  68.99 237.89  98.84 237.22  40.59
   35  0.450  0.447 -0.358 165.35  82.82 174.32  82.53 172.17  81.76  44.07
   36  0.328 -0.561  0.914 204.70 187.83 163.57 188.64 112.05 188.87  43.55
   37  0.236 -1.133 -0.189 152.82 244.56 152.55 244.91 146.04 245.94  46.92
   38  0.013 -0.748 -0.865 107.67 203.91 129.58 203.32 151.15 203.90  44.86
   39  0.115  1.055 -0.900 115.46  21.94 139.77  22.54 161.51  21.33  41.88
   40 -0.856  0.833 -0.015  59.27  39.84  39.56  41.97  42.40  43.60  46.43
   41  0.418  0.048  0.591 199.65 123.24 172.64 123.17 133.18 123.13  46.91
   42  0.722  0.489 -0.286 191.76  78.74 202.31  78.06 194.51  76.96  46.68
   43 -0.534 -0.606  0.495 108.80 193.06  71.74 192.34  50.34 191.28  42.92
   44  0.089 -0.332  0.270 157.41 163.01 137.62 163.08 115.32 163.17  49.39
   45 -0.241 -0.780 -0.069 114.36 209.67 103.30 208.95  98.56 208.70  47.00
   46 -0.023  0.105 -0.232 128.01 117.41 125.88 117.40 124.43 117.44  89.05
   47 -0.032  1.106 -0.717 109.20  15.80 125.08  16.67 141.67  15.94  50.89
   48 -0.522 -0.499  0.211  99.05 181.23  73.65 180.47  62.74 179.80  51.12
   49  0.633 -0.717 -0.266 184.83 201.01 193.30 201.91 185.51 203.36  44.50
   50 -0.030  0.220  0.361 150.10 105.09 125.05 105.10 100.91 105.19  50.69
   51  0.493 -1.094 -0.460 165.26 239.01 178.48 239.75 179.74 241.75  42.50
   52 -0.238 -0.093  0.843 150.01 138.26 102.74 138.24  62.88 138.14  45.63
   53 -0.051 -0.487  0.487 153.20 179.69 122.92 179.69  94.12 179.55  51.59
   54  1.107  0.586  0.389 251.97  68.28 244.85  66.51 206.19  64.73  38.12
   55  0.558  0.724  0.039 190.22  53.96 186.24  53.04 167.32  51.81  41.23
   56  0.733  1.061  0.004 204.20  19.95 204.33  18.22 184.88  15.84  44.90
   57  0.110  0.877 -0.607 125.90  39.12 139.40  39.42 150.40  38.59  44.76
   58  0.358  0.584  0.648 196.64  66.84 166.38  66.08 125.35  65.67  44.87
   59  0.167 -0.807 -0.828 122.74 209.68 145.06 209.37 163.61 210.35  43.65
   60 -0.888 -0.364  0.389  71.30 167.50  34.72 166.62  23.51 165.73  44.88
   61 -0.493  0.445 -0.403  78.82  82.06  77.90  82.85  89.17  83.11  59.14
   62  0.077 -0.931  0.048 147.85 224.98 136.24 225.07 122.78 225.39  47.80
   63  0.770 -0.076  0.760 237.68 136.25 210.53 136.44 159.78 136.57  44.41
   64 -0.154 -0.844 -0.674  99.71 214.50 112.66 213.57 129.25 213.84  49.92
   65 -0.126 -1.207 -0.300 116.26 252.87 115.36 251.99 117.68 252.14  78.50
   66 -0.603 -0.377  0.624 107.31 168.88  64.18 168.34  39.07 167.63  42.83
   67 -0.434  0.594  0.432 115.91  64.99  82.44  65.44  61.97  66.39  48.88
   68 -1.060 -0.836  0.162  46.45 218.07  17.61 215.55  17.71 213.32  41.39
   69  0.976  0.452  0.524 246.15  81.70 231.61  80.47 188.58  79.32  43.18
   70 -1.124  0.948 -0.847   3.90  29.60  15.54  33.10  51.40  34.85  75.84
   71  0.135  0.613 -0.239 141.88  65.22 142.08  65.21 138.88  64.75  62.74
   72  0.073  1.149 -0.831 114.34  12.09 135.59  12.79 155.22  11.63  37.41
   73 -0.989  0.911 -0.146  41.98  31.63  26.31  34.35  36.08  36.34  43.06
   74  0.748 -0.854  0.279 216.43 216.12 206.70 217.81 176.08 219.58  45.84
   75  0.582 -0.558 -0.228 181.91 184.97 188.10 185.57 179.52 186.66  46.45
   76  0.122 -0.230  0.275 160.58 152.33 141.06 152.39 118.11 152.48  44.10
   77 -0.295  1.202 -0.957  76.83   6.10  98.76   8.08 127.28   7.92  39.96
   78  0.951  0.315 -0.946 186.26  97.24 223.34  96.79 239.58  95.76  37.64
   79  0.674 -0.196  0.080 201.95 148.30 198.32 148.62 176.59 149.00  44.00
   80  0.751 -0.604  0.204 213.62 190.27 206.76 191.43 179.18 192.73  43.68
   81  0.139 -0.616 -0.037 150.04 191.91 142.69 192.00 131.68 192.42  47.09
   82 -0.234  0.837 -0.827  86.97  42.99 104.80  44.18 127.85  43.96  40.31
   83  0.267 -0.323 -0.772 133.57 160.80 155.15 160.76 170.65 161.21  41.31
   84  0.121  1.156 -0.537 129.49  10.41 140.50  10.89 148.72   9.84  52.24
   85  0.177 -0.182  0.672 181.23 147.48 147.04 147.69 107.64 147.72  50.82
   86  0.851 -0.426 -0.878 180.37 170.47 213.62 170.99 227.93 172.27  42.48
   87 -0.454 -1.082  0.425 113.66 243.64  80.37 242.39  60.19 240.97  45.49
   88 -0.907  0.197 -0.022  54.08 107.29  34.33 107.80  38.22 108.32  44.10
   89  0.075  0.835 -0.585 123.62  43.25 135.93  43.60 146.43  42.86  61.27
   90  0.384 -0.038  0.882 208.36 132.26 169.48 132.32 118.54 132.35  45.55
   91 -1.034  0.292 -0.435  27.11  97.48  22.82  98.44  43.50  99.12  41.02
   92 -1.022 -0.107 -0.428  28.58 139.53  24.05 139.19  44.38 138.98  38.73
   93  1.087  0.725 -0.205 226.56  55.33 240.15  53.68 226.11  51.22  40.37
   94  0.221  0.599 -0.525 138.74  67.41 150.71  67.42 157.38  66.74  50.69
   95 -0.178  0.774  0.143 128.25  47.12 109.75  47.62  96.08  47.87  55.14
   96  0.775  1.019  0.508 227.98  22.74 210.20  20.53 169.92  18.39  43.78
   97 -0.430 -0.643  0.073 102.40 196.00  83.59 195.14  76.30 194.54  49.30
   98 -0.731 -0.935  0.158  77.53 227.75  51.97 225.79  46.40 224.09  48.79
   99 -0.734 -0.507 -0.386  57.09 181.19  53.21 180.04  67.43 179.32  39.32
  100 -0.516  1.093 -0.062  89.40  13.41  74.89  15.22  73.90  16.38  41.33
  101  0.632 -0.711  0.726 224.03 202.62 195.80 204.19 147.85 205.20  49.07
  102 -0.336  0.929 -0.941  73.65  33.74  94.70  35.33 123.15  35.29  39.38
  103  0.353  0.165  0.216 178.95 111.20 165.14 111.04 141.57 110.87  45.42
  104  0.235  0.359 -0.941 124.48  92.30 151.75  92.38 173.87  91.85  41.37
  105 -0.487 -0.862 -0.688  69.03 216.97  79.11 215.31 100.45 214.89  44.92
  106 -0.354 -0.622 -0.876  74.31 191.68  92.80 190.62 119.17 190.59  44.15
  107  1.211 -0.495 -0.532 224.18 177.36 251.25 178.52 249.51 180.39  39.60
  108  0.451  0.634  0.672 205.87  61.71 176.28  60.72 133.05  60.14  39.88
  109 -0.496 -0.464 -0.266  83.56 176.76  77.35 175.87  83.60 175.45  64.22
  110 -0.147 -0.088 -0.209 117.62 137.36 113.15 137.29 112.41 137.29  52.11
  111  0.165  0.891 -0.881 120.56  38.57 144.76  38.92 165.34  37.80  33.88
  112  0.580 -0.202 -0.323 177.98 148.76 187.69 148.89 182.73 149.27  57.67
  113  0.846 -0.991 -0.454 196.12 227.67 214.43 229.21 212.24 231.95  40.79
  114  0.877  0.232  0.219 225.19 104.52 219.96 103.98 190.58 103.48  47.39
  115  0.890 -0.358  0.222 226.48 164.90 221.40 165.72 191.67 166.63  43.47
  116 -1.071 -0.564 -0.028  38.46 188.50  17.37 186.72  24.43 185.32  40.52
  117  0.829 -0.858  0.725 241.45 217.55 216.68 219.81 166.67 221.53  34.14
  118  0.499 -0.544 -0.168 176.94 183.84 179.68 184.33 169.60 185.24  42.65
  119 -0.028 -0.099  1.016 176.38 138.89 125.25 138.95  75.01 138.88  41.33
  120  0.796  0.117  0.217 235.02 116.38 201.50 116.02 200.68 115.73  39.98
  121  0.312  0.766 -0.462 149.22  50.45 160.02  50.28 163.32  49.24  30.00
  122  0.052 -0.781  1.009 183.51 211.91 133.90 212.51  82.70 212.22  43.81
  123  0.916  0.428  0.729 249.34  83.82 225.89  82.55 175.08  81.59  47.30
  124 -0.212  0.808 -0.612  96.77  45.42 106.86  46.46 121.77  46.30  42.28
  125  0.692 -1.004 -0.571 178.35 228.99 198.42 230.09 202.10 232.51  44.39
  126 -0.518 -0.830  0.325 103.84 216.61  73.88 215.42  58.54 214.24  46.93
  127 -0.023 -0.854  0.258 146.77 217.78 125.80 217.71 105.50 217.67  47.33
  128 -0.221  0.965 -0.720  94.00  29.78 104.89  30.82 126.92  30.69  45.57
  129  0.161 -0.598  0.842 186.43 191.81 145.66 192.37  99.20 192.35  44.45
  130 -0.615 -0.538  0.250  92.06 185.61  63.75 184.69  53.16 183.66  44.67
  131 -0.740 -1.058 -0.142  65.53 239.80  51.90 237.35  57.40 235.74  43.52
  132  0.165 -0.444 -0.072 151.01 174.25 145.24 174.14 135.38 174.43  63.12
  133 -0.866 -0.840  0.106  62.87 217.85  38.11 215.75  36.77 213.95  34.92
  134 -0.900 -0.798  0.105  59.60 213.62  34.53 211.27  33.85 209.51  86.15
  135  0.931  0.035 -0.270 210.56 124.78 223.81 124.70 213.68 124.60  37.60
  136  0.056 -1.013 -0.606 121.13 231.43 133.93 230.90 145.47 231.78  54.67
  137  1.032 -0.533  0.226 238.95 182.66 236.29 184.06 205.09 185.62  39.64
  138  0.432 -1.198 -0.577 149.25 249.51 175.65 249.67 171.75 251.57  40.30
  139  0.994 -0.234 -0.841 193.83 151.33 228.11 151.67 239.84 152.69  39.64
  140 -0.640  0.999 -0.148  74.64  23.16  62.26  25.20  66.37  26.50  40.25
  141 -1.123 -0.976 -0.353  21.80 231.50  13.37 228.14  32.76 225.85  39.25
  142 -1.038 -0.114  0.295  53.53 140.53  19.39 140.19  14.43 139.94  34.86
  143 -0.385 -1.189 -0.406  88.57 251.43  88.97 249.62  98.52 249.27  48.87
  144 -0.154 -0.392  0.648 150.11 169.82 111.82 169.90  78.35 169.87  50.14
  145 -0.814 -0.627  0.147  69.06 195.01  43.57 193.67  39.43 192.45  44.59
  146 -0.268  0.757  0.419 130.70  48.05 100.02  48.46  77.19  49.08  56.00
  147  0.821  1.092  0.054 213.74  16.83 213.65  14.88 191.22  12.08  49.00
  148 -0.370  0.384  0.399 120.46  87.61  89.21  88.01  68.86  88.02  88.65
  149  0.805 -0.841 -0.167 203.77 213.56 211.16 214.97 198.01 216.99  41.12
  150  0.899 -0.158  0.171 225.22 144.39 222.16 144.68 194.50 145.08  36.00
  151  0.158 -0.568  0.051 155.17 187.09 144.71 187.24 130.04 187.67  47.74
  152 -0.695 -0.450  0.727 102.56 176.99  54.15 176.32  26.73 175.35  36.04
  153 -0.528  0.805  0.035  91.85  43.30  73.40  44.61  69.06  45.67  40.77
  154 -0.697 -0.789 -0.632  51.73 210.07  57.76 208.13  80.13 207.39  43.42
  155 -0.279 -0.666 -0.912  79.80 195.90 100.31 195.00 127.08 194.99  42.53
  156  0.715  1.154 -0.462 184.49  12.09 201.19  10.79 200.26   7.85  53.15
  157  0.151 -1.207 -0.132 147.48 252.87 143.84 252.83 136.19 253.53  76.24
  158  1.032 -0.290  0.219 238.57 157.88 236.18 158.64 205.30 159.49  37.29
  159 -1.010  0.096  0.046  46.96 117.86  23.33 118.14  26.74 118.84  42.88
  160  0.970  0.796  0.304 222.11  46.40 239.08  44.88 179.30  42.95  76.04
  161 -0.964  0.307 -0.910  17.07  96.36  31.62  97.51  67.88  97.95  38.59
  162 -0.216  0.079 -0.355 105.88 120.11 106.18 120.20 111.81 120.17  35.50
  163 -0.034 -0.786  0.203 143.68 210.58 124.69 210.45 106.64 210.44  40.38
  164  0.067  0.655  0.281 155.85  59.81 135.31  59.56 112.84  59.43  51.31
  165  0.854 -0.004  0.959 253.31 128.63 220.26 128.64 160.14 128.72  38.08
  166 -0.334 -0.480 -0.809  78.49 177.12  94.70 176.88 118.39 176.46  86.14
  167 -1.193 -0.747 -0.083  24.79 208.13   4.99 205.49  16.17 203.44  35.75
  168 -0.635 -0.023  0.276  91.01 130.58  61.67 130.55  50.30 130.94  47.87
  169 -0.314 -0.916 -0.097 106.70 223.93  95.83 222.88  93.14 222.42  42.62
  170  0.106 -0.948 -0.773 119.28 224.42 139.06 223.67 155.98 224.48  30.64
  171  0.757 -1.137  0.198 214.01 244.93 207.40 247.13 179.92 249.56  32.30
  172  0.281 -1.010 -0.114 159.87 232.04 157.19 232.46 147.53 233.76  46.53
  173 -1.104 -1.113 -0.652  13.07 244.67  16.57 240.73  46.00 238.90  38.10
  174  0.258 -1.149  0.082 165.41 247.52 155.04 247.77 137.94 248.58  48.37
  175  0.594 -0.005  0.390 207.36 128.85 190.75 128.76 157.49 128.90  45.15
  176  0.113  0.105  0.801 180.47 116.85 140.48 117.23  96.52 117.16  50.82
  177  0.820 -0.031  0.213 219.96 131.57 214.04 131.47 185.31 131.55  36.37
  178  0.784  1.026 -0.365 194.40  24.77 208.43  23.68 203.42  20.61  42.67
  179 -0.943 -0.354  0.724  86.82 166.79  23.26 166.04  12.20 165.20  35.70
  180  0.117 -0.888  0.065 151.96 220.37 140.42 220.88 125.69 220.96  42.57
  181 -0.480  0.502 -0.678  69.87  76.34  79.76  77.41 100.62  78.06  43.50
  182 -0.315  0.073 -0.948  75.14 120.59  96.72 120.73 125.24 121.40  42.33
  183  0.704  1.173 -0.362 187.79  10.19 200.08   8.06 196.00   5.45  29.25
  184  0.699 -0.674  0.651 227.11 198.37 202.52 200.12 157.28 201.25  37.36
  185 -0.741  0.801 -0.443  54.44  44.54  52.75  46.52  69.04  47.85  38.29
  186  0.420 -0.066  0.001 155.97 134.74 184.19 135.36 133.36 135.36  45.06
  187  1.175 -1.142 -0.125 239.92 243.18 247.93 245.71 234.50 250.42  42.66
  188 -0.670  0.643 -0.945  42.97  62.29  61.24  63.88  94.23  64.43  36.00
  189 -0.844  0.389 -0.370  46.93  87.68  42.27  88.30  56.94  88.98  46.25
  190 -1.212  0.311 -0.417  10.81  95.11   4.68  97.06  27.63  97.06  39.69
  191  0.038 -0.416  0.860 176.14 172.54 132.40 172.81  87.40 172.75  38.29
  192  0.348 -0.405  0.848 203.84 170.94 165.54 171.51 116.61 172.26  43.83
  193 -0.903  0.888  0.205  62.99  33.01  33.85  35.32  29.54  37.67  37.83
  194 -0.702 -0.317  0.635  98.29 162.69  53.66 162.15  29.79 160.84  38.46
  195 -1.040 -0.764  0.446  59.01 211.47  18.51 208.71   8.10 206.52  20.61
  196  1.127  0.751  0.267 248.57  51.43 246.49  49.21 212.43  47.77  34.90
  197 -0.670 -1.196  0.027  78.37 254.44  58.68 252.54  56.87 250.69  46.40
  198 -0.625 -0.428 -0.140  76.71 174.13  63.54 171.95  67.87 171.42  17.39
  199  0.371 -1.167  0.976 211.10 252.80 168.24 253.49 149.62 254.07  51.25
  200  0.412  0.291  0.714 204.07  97.59 172.25  97.25 149.62 254.07  13.44
  201  0.790  0.485 -0.098 205.07  79.03 209.91  78.19 149.62 254.07  50.62
  202  0.144  0.252 -0.201 144.13 102.39 143.02 102.34 138.28 102.15  38.50
  203 -0.083  0.154  0.039  78.37 254.44 119.62 112.31 108.59 112.31  46.40
  204 -0.381  0.212 -0.463  86.89 106.39  89.50 106.72 149.62 254.07  39.78
  205 -0.518 -0.628  0.856 124.30 195.59  72.77 195.89  37.09 194.71  48.78
  206 -0.298  0.069 -0.594  89.54 121.07  36.94 254.04 113.54 121.25  40.09
  207  0.770  0.720 -0.637 181.91  57.03 206.51  56.15 211.14  52.02  33.00
  208 -0.552 -0.809 -0.285  77.74 212.76  71.65 211.23  79.43 210.55  42.53
  209 -0.693 -1.040  0.279  85.54 239.14  55.61 237.15  44.80 235.61  44.91
  210  0.244  0.638  0.863 195.03  60.56  36.94 254.04 106.25  59.68  36.42
  211  0.677  1.113 -0.505 179.69  16.52 197.13  15.30 198.47  11.89  36.57
  212  1.150  0.438 -0.269 229.33  84.44 246.35  83.37 149.62 254.07  35.78
  213  0.880  0.728 -0.325 203.97  55.04 218.37  53.60 149.62 254.07  43.34
  214 -0.861 -1.186  0.581  78.37 254.44  36.94 254.04  18.08 251.09  46.40
  215  0.151  0.451  0.809 184.33  80.31 144.40  79.91 149.62 254.07  40.22
  216 -0.261 -1.182 -0.077 112.33 251.63 101.28 250.55 149.62 254.07  40.86
  217  0.124  0.103 -0.753 121.58 117.23  36.94 254.04 157.03 118.27  49.66
  218  1.229  0.865 -0.549 225.03  43.15  36.94 254.04 251.76  36.51  22.22
  219  0.731 -0.317 -0.217 195.28 160.38 203.41 160.85 192.97 161.68  40.71
  220  0.634 -0.010 -0.720 167.58 129.31  36.94 254.04 202.24 129.22  52.41
  221  0.603  0.001 -0.712 165.20 128.23  36.94 254.04 199.09 128.16  45.75
  222 -1.129  0.927 -0.300  22.78  29.96  12.65  33.08  29.85  35.55  34.07
  223  1.294 -0.603 -0.178 245.09 188.59  36.94 254.04 244.83 192.65  39.12
  224 -0.346  0.392  0.424 123.57  86.57  91.76  86.86 149.62 254.07  18.29
  225 -0.580 -0.533  0.294  96.83 185.08  67.42 184.21 149.62 254.07  60.12
  226 -0.547 -0.002  0.495 107.54 128.43  70.38 128.44 149.62 254.07  41.56
  227 -0.328  0.758  0.041 110.47  48.13  94.34  49.85  86.50  50.41  46.05
  228 -0.340  0.773  0.051  78.37 254.44  92.91  47.88  85.11  48.46  46.40
  229 -0.785 -0.621  0.578  88.31 195.40  36.94 254.04  24.89 192.70  42.58
  230  0.365  0.941  0.661 197.74  29.36 167.12  28.13 149.62 254.07  46.29
  231 -0.891  0.428 -0.761  29.06  83.84  38.57  85.14 149.62 254.07  41.18
  232  0.673 -0.862  0.101 202.70 216.64 198.32 217.95 149.62 254.07  46.00
  233 -0.241  0.938  0.404 132.59  28.87  36.94 254.04  80.12  30.12  47.14
  234  0.388 -1.197  0.087 177.09 251.86  36.94 254.04 149.62 254.07  49.75
  235  0.886  0.759 -0.586 194.49  52.46  36.94 254.04 220.79  49.06  40.78
  236 -0.479  0.638 -0.422  79.41  62.06  36.94 254.04  91.11  63.61  41.92
