    1 -1.115 -0.231 -0.534  15.96 152.54  14.96 151.73  40.52 151.22  40.05
    2 -0.487  0.397 -0.624  71.28  87.27  78.99  88.03  98.12  88.25  43.30
    3  0.271 -0.174 -0.027 162.18 146.23 156.38 146.35 143.35 146.47  48.76
    4 -0.968  0.353 -0.750  22.20  91.56  30.74  92.71  61.35  93.27  37.67
    5 -0.394  1.031 -0.766  74.70  22.64  88.56  24.45 111.48  24.67  39.89
    6 -1.013 -0.734 -0.044  43.29 206.47  23.35 204.29  29.96 202.48  46.14
    7 -0.927 -0.041  0.772  82.22 132.77  29.15 132.67   4.55 132.54  42.63
    8  0.402  0.768 -0.416 158.87  50.26 169.26  49.88 169.82  48.67  47.34
    9 -0.276  0.522 -0.105 109.79  73.81  99.72  74.36  96.84  74.57  47.95
   10 -0.511  0.907  0.468 109.99  31.35  74.30  32.48  53.46  33.86  46.40
   11 -0.212  0.879  0.047 121.51  36.30 106.29  36.96  96.75  37.28  52.14
   12  0.794  0.580 -0.390 194.10  69.90 209.37  69.04 205.19  67.54  43.26
   13  0.250  0.496 -0.508 141.95  77.86 153.65  77.83 159.35  77.22  48.29
   14  0.082  0.979  0.922 182.73  23.74 137.15  23.00  88.93  23.28  39.27
   15  0.322  0.290 -0.099 163.99  98.43 161.56  98.30 150.79  97.94  49.31
   16  0.514  0.109 -0.532 164.31 117.23 180.52 117.16 184.42 116.95  46.09
   17 -0.479 -0.210  0.360 108.71 150.63  77.85 150.35  60.63 150.06  46.66
   18 -0.653  0.570 -0.580  57.59  69.08  62.12  70.43  81.96  71.00  58.34
   19 -0.429  0.156  0.788 130.04 111.45  82.36 111.59  47.88 111.82  43.05
   20  0.122 -0.174  0.685 176.81 146.67 141.30 146.79 102.10 146.79  45.00
   21 -0.203 -0.282 -0.250 111.00 157.49 107.41 157.21 108.97 157.18  52.07
   22 -1.098  0.544 -0.256  27.60  70.56  15.55  72.37  31.11  73.65  35.76
   23 -0.922  0.662 -0.928  20.24  59.87  35.95  61.98  71.97  62.88  38.82
   24 -0.951  0.981 -0.107  46.96  24.08  30.03  26.90  37.82  29.00  42.31
   25  0.735  0.692  0.921 241.21  55.65 207.28  53.86 150.10  52.76  38.61
   26 -0.105  0.440  0.805 160.80  81.18 117.06  81.11  76.45  81.42  45.50
   27 -1.068  0.222  0.012  40.13 104.56  17.47 105.25  23.09 105.78  41.94
   28  0.808 -0.671  0.095 214.23 196.81 212.34 198.16 188.59 199.69  43.21
   29  0.581 -0.561  0.965 229.47 187.48 190.89 188.72 133.84 189.35  40.02
   30 -0.492 -0.432  0.670 119.53 174.67  75.86 174.20  47.03 173.48  41.14
   31 -0.757 -0.156  0.695  91.24 145.24  50.00 144.93  18.68 144.52  44.09
   32  0.851  0.243  0.247 224.03 103.32 217.31 102.80 187.00 102.20  40.47
   33  0.535  1.030 -0.431 170.02  23.99 182.81  23.18 182.55  21.25  44.00
   34 -0.654 -0.454 -0.002  78.75 176.20  60.39 175.35  59.56 174.63  44.31
   35  0.322 -0.350  0.119 172.44 164.50 161.85 164.76 142.49 165.11  43.27
   36 -0.717 -0.281  0.121  77.42 158.16  53.54 157.56  49.15 157.06  47.52
   37 -0.985  0.360 -0.068  45.19  89.96  26.43  91.01  33.44  91.87  44.54
   38  0.995  0.999  0.153 232.83  26.53 232.04  24.04 204.11  21.19  44.39
   39 -0.595  0.040  0.537 104.75 123.93  65.15 123.99  43.34 124.09  45.63
   40 -1.056  0.046 -0.350  28.15 123.39  20.28 123.54  38.38 123.70  42.96
   41 -1.093 -1.162 -0.787   9.27 249.32  18.28 245.17  52.03 242.99  38.93
   42 -0.152  1.036 -0.707  98.68  22.58 112.89  23.70 130.56  23.39  49.97
   43 -0.695  0.754  0.229  83.61  47.94  55.56  49.40  46.77  50.76  44.50
   44 -0.055  0.216  0.629 158.39 105.33 122.49 105.37  88.05 105.40  46.26
   45 -0.578  0.345 -0.634  62.51  92.57  69.73  93.31  90.50  93.57  37.33
   46 -1.015 -0.408  0.064  47.12 171.89  22.67 170.69  25.56 169.71  42.17
   47  0.019 -0.851  0.299 152.19 217.48 130.24 217.60 107.69 217.55  43.79
   48 -0.545 -0.024  0.821 120.45 130.83  69.88 130.81  36.20 130.79  44.16
   49  0.336 -0.135  0.632 193.96 142.47 164.00 142.64 123.97 142.73  49.69
   50  0.542  0.520  0.015 187.84  74.96 184.48  74.33 166.70  73.47  47.53
   51  0.710  1.137  0.593 225.74   9.98 203.69   7.51 160.51   5.56  42.17
   52 -0.156  0.069  0.121 129.41 121.07 112.03 121.08  98.92 121.10  56.83
   53  1.165  0.217 -0.017 240.62 106.33 248.99 105.79 226.76 104.97  41.80
   54  0.865  0.321  0.408 231.68  95.22 219.49  94.43 182.28  93.69  42.38
   55 -0.159 -0.454 -0.208 112.28 175.36 114.43 174.96 106.97 174.90  52.18
   56 -0.975 -0.525  0.023  49.46 184.32  27.09 182.79  30.67 181.58  51.19
   57  0.252  1.198 -0.684 135.69   7.09 153.71   7.19 165.96   5.64  44.60
   58 -0.202 -0.788 -0.143 115.15 210.18 107.39 209.53 104.87 209.37  50.54
   59 -1.026  0.466 -0.556  23.53  79.42  24.13  80.96  48.86  81.91  41.55
   60  0.292  0.337 -0.602 142.13  94.14 157.79  94.18 166.68  93.65  43.43
   61  0.321 -0.596  0.756 197.65 191.19 162.60 191.95 117.69 192.26  44.63
   62  0.955  0.186 -0.807 191.91 109.81 224.29 109.52 235.12 108.92  37.37
   63  0.633 -0.238 -0.747 166.50 152.08 192.06 152.26 203.11 152.81  42.00
   64  0.881  0.645  0.328 229.95  62.03 220.84  60.51 186.81  58.92  51.19
   65 -0.825 -0.121  0.541  83.06 141.29  40.84 141.04  22.87 140.74  35.21
   66 -0.006  0.878 -0.672 113.05  38.92 127.62  39.50 142.33  38.90  61.54
   67  0.173  0.526  0.602 178.09  72.84 146.63  72.43 110.02  72.31  49.71
   68 -0.381  1.081  0.465 121.99  13.11  88.03  14.10  65.12  15.37  47.06
   69 -0.976  1.052  0.358  61.78  14.76  25.58  17.59  17.04  20.37  42.42
   70  0.862  0.598 -0.765 185.58  68.86 215.01  68.12 224.97  66.30  37.46
   71 -1.158 -0.782 -0.007  30.82 211.96   8.16 209.31  16.08 207.16  38.91
   72  0.215 -0.163 -0.424 141.86 144.91 150.24 144.92 153.01 145.10  44.95
   73  0.715  0.011  0.341 215.89 127.12 203.41 127.13 170.57 127.17  45.28
   74 -0.561 -0.900 -0.918  53.96 220.43  72.06 218.39 102.59 217.94  37.11
   75  0.158 -0.781  0.165 159.60 209.52 144.76 209.77 125.63 210.15  47.24
   76  0.174  0.711  0.780 185.48  52.86 146.79  52.22 103.19  52.26  46.83
   77 -0.773 -1.094  0.551  88.52 246.33  46.26 244.24  26.98 241.63  32.71
   78  0.110  0.140  0.903 184.42 113.27 140.13 113.16  92.30 113.22  45.68
   79 -0.786 -1.010 -0.363  53.20 234.14  47.93 231.56  62.05 230.05  43.43
   80  0.788 -0.528 -0.113 204.35 181.79 209.56 182.83 194.45 183.97  45.37
   81  0.867 -1.044  0.904 252.17 237.42 221.41 240.48 163.35 242.57  39.38
   82 -0.666  0.261  0.195  85.14 100.43  58.60 100.93  50.84 101.45  48.82
   83 -0.151  0.827 -0.363 111.52  42.99 112.81  43.68 117.81  43.58  63.91
   84 -0.729 -0.845 -0.837  41.39 215.41  55.02 213.16  85.03 212.34  37.33
   85  0.610 -1.090  0.987 232.96 243.26 194.04 245.78 135.62 247.09  42.44
   86 -0.791 -1.113  0.705  92.74 249.08  43.89 247.05  19.19 244.14  48.39
   87 -1.079 -0.291 -0.920   5.89 158.46  20.26 157.41  58.39 156.91  33.20
   88 -1.071  0.997 -0.261  30.00  22.59  18.29  25.85  33.54  28.12  41.33
   89 -0.856  0.941 -0.608  37.84  30.21  41.59  32.92  65.46  34.27  40.93
   90 -0.199 -1.145 -0.133 115.83 247.34 107.70 246.36 104.72 246.14  48.66
   91 -1.134 -0.509 -0.173  27.13 182.43  11.44 180.70  24.75 179.42  39.19
   92  0.610 -0.915 -0.318 180.95 220.95 190.76 221.94 185.35 223.83  41.19
   93  0.495  0.977 -0.213 174.95  28.73 179.19  27.83 170.90  26.14  59.04
   94 -0.111 -0.269  0.968 166.82 157.19 116.35 157.24  69.43 157.01  40.63
   95  0.426 -0.796 -0.571 155.20 208.66 171.44 209.11 177.75 210.37  41.10
   96  0.993 -0.006 -0.113 222.05 128.91 230.79 128.92 213.83 128.94  46.06
   97 -0.360  1.141  0.161 112.25   7.96  90.67   9.19  78.95  10.15  51.57
   98 -0.807 -0.829  0.208  72.25 216.87  43.90 214.96  37.79 213.27  49.57
   99 -0.089  0.204  0.126 135.66 106.96 118.99 107.02 104.75 107.09  49.00
  100  0.758 -0.577  0.738 235.77 188.47 209.22 189.89 159.41 190.81  61.73
  101  0.628  0.989  0.728 223.90  24.85 195.27  22.72 147.47  21.32  48.71
  102  0.491  0.315 -0.409 166.94  96.34 178.42  96.11 177.80  95.55  40.80
  103  0.774 -0.112  0.505 227.69 139.86 210.12 140.10 169.94 140.33  42.29
  104  0.787  1.151  0.699 236.81   8.39 212.20   5.51 163.70   3.32  39.50
  105 -1.189  1.028 -0.426  12.84  19.60   6.93  23.37  29.93  25.86  38.17
  106  0.766 -0.840 -0.811 175.64 211.76 205.31 212.67 217.67 214.96  39.33
  107  1.067 -0.701 -0.079 229.75 199.01 238.54 200.72 219.53 203.02  42.31
  108 -0.499 -0.632 -0.274  85.56 194.14  75.70 193.20  86.06 192.64  50.85
  109 -0.673  1.081  0.022  77.95  13.82  58.45  16.01  56.86  17.68  39.54
  110 -0.815 -1.028  0.374  77.81 238.70  42.54 236.46  30.49 234.16  45.43
  111  0.617 -0.798  0.894 229.71 212.27 194.62 214.01 139.99 215.02  47.21
  112 -0.658 -0.420 -0.424  62.73 171.96  61.16 171.16  75.48 170.55  45.34
  113 -0.150 -1.079 -0.821  94.77 238.01 113.21 236.69 135.03 237.19  45.89
  114 -0.640  0.771 -0.592  58.38  48.29  63.38  50.05  83.49  50.76  43.09
  115  0.085 -0.474 -0.389 131.78 176.85 136.98 176.70 140.07 177.05  48.47
  116 -0.443  0.699  0.402 113.80  53.92  81.55  54.76  62.21  55.44  89.42
  117 -0.022 -1.127 -0.258 127.17 244.60 125.98 243.96 125.35 244.37  60.17
  118 -0.248 -0.384  0.884 150.76 169.60 101.67 169.52  60.37 169.07  43.64
  119  0.302 -0.989 -0.762 137.10 227.87 158.71 227.86 173.38 229.38  43.11
  120 -0.421  0.039 -0.354  87.16 124.17  85.16 124.23  93.58 124.26  37.92
  121 -0.150  0.458 -0.362 111.64  81.00 113.00  81.35 117.93  81.35  46.38
  122  0.823  0.647  0.570 234.61  61.22 215.64  59.69 172.06  58.29  33.89
  123 -1.090 -0.014 -0.541  18.12 129.64  17.61 129.64  42.92 129.60  39.71
  124  0.756  0.388  0.833 239.49  87.60 209.30  86.61 155.58  85.95  35.11
  125 -0.860 -0.771  0.088  62.75 210.46  38.78 208.51  37.98 206.95  43.77
  126 -0.743 -0.327  0.212  78.32 163.11  50.65 162.49  43.19 161.86  46.09
  127 -0.412 -0.346  0.386 116.07 164.83  84.91 164.73  65.64 164.33  53.03
  128  0.909 -0.189  0.646 245.21 147.86 224.92 148.39 177.40 148.81  36.22
  129  0.768  0.882 -0.396 191.67  39.42 206.73  38.16 202.95  35.93  39.89
  130  0.174 -1.208 -0.467 136.98 251.38 145.97 251.43 150.99 252.35  67.88
  131 -0.629 -0.846  0.365  94.80 218.78  62.08 217.28  47.03 215.71  35.11
  132  0.254 -0.502 -0.041 160.15 180.00 154.59 180.20 142.33 180.68  45.14
  133  0.503  0.687  0.101 187.78  57.60 180.59  56.76 159.82  55.72  49.85
  134 -0.420 -0.891 -0.313  89.08 221.01  85.16 219.63  92.26 218.82  70.24
  135  0.195  0.780  0.691 183.64  45.83 149.06  45.17 108.53  44.98  40.00
  136  0.243  1.063  0.630 185.61  16.23 154.11  15.23 115.31  14.79  41.00
  137  0.306  0.574  0.307 178.42  68.52 160.43  67.99 133.82  67.53  42.07
  138 -0.758 -0.483  0.792  99.18 180.78  47.09 179.79  18.59 178.72  41.73
  139  0.251 -0.645 -0.470 143.48 193.92 153.81 193.97 158.07 194.76  40.19
  140  0.186 -0.118  0.494 174.89 140.63 147.89 140.76 115.43 140.75  44.40
  141 -0.584  0.769 -0.909  52.36  49.40  69.63  51.18 100.49  51.71  43.19
  142  0.842  0.601  0.869 248.59  65.41 218.65  63.85 162.47  62.54  43.79
  143  0.156  0.983  0.610 176.87  24.60 144.80  23.86 108.08  23.70  42.12
  144  1.068 -0.524 -0.886 198.56 179.87 235.36 180.78 248.45 182.64  34.58
  145 -0.782 -0.326 -0.279  56.29 162.50  48.08 161.75  58.99 161.17  44.60
  146 -0.324 -0.836 -0.907  75.89 213.33  95.81 211.92 122.91 212.06  41.43
  147 -0.107  1.089 -0.714 102.24  17.23 117.58  18.44 134.58  17.83  40.00
  148 -1.151 -0.984 -0.557  11.80 231.74  11.38 228.18  38.24 225.99  34.85
  149  0.492 -0.871  0.267 193.43 218.41 179.86 219.53 152.53 220.71  52.55
  150  0.127  0.680  0.089 153.84  57.56 141.51  57.57 125.78  57.10  46.46
  151  0.563  0.971  0.143 194.79  28.24 187.01  27.06 163.82  25.32  48.30
  152  0.521 -0.985  0.211 193.78 229.90 182.78 231.20 157.37 232.66  42.15
  153  0.613  0.402  0.014 194.06  87.12 191.87  86.55 173.39  85.80  41.71
  154 -0.333 -0.069  0.553 129.82 135.90  92.95 135.51  65.99 135.33  52.72
  155  0.026 -0.938 -0.275 130.74 224.81 130.95 224.67 130.31 224.90  49.33
  156  0.137  0.661 -0.503 132.13  60.83 142.22  61.04 148.94  60.27  48.34
  157 -0.856 -0.292  0.642  84.00 159.95  37.18 159.32  16.06 158.62  49.50
  158 -0.406 -1.087 -0.229  93.34 241.62  86.58 239.96  90.07 239.25  48.06
  159 -0.175  0.614  0.289 134.13  63.70 109.84  63.73  90.66  64.02  65.41
  160  1.062  0.185 -0.285 221.14 109.64 237.14 109.23 226.58 108.66  36.08
  161 -0.630 -0.837 -0.492  62.94 215.23  64.07 213.50  80.58 212.57  47.81
  162 -0.113  0.410  0.842 161.55  84.34 116.11  84.25  74.30  84.54  55.88
  163 -0.947  0.479 -0.468  34.18  77.99  31.82  79.42  52.27  80.38  36.80
  164  0.016 -0.895  0.030 141.66 221.41 129.81 221.23 117.96 221.19  65.14
  165 -0.788 -0.361  0.172  72.73 166.65  45.91 165.85  41.04 165.32  44.28
  166 -0.308 -0.545  0.079 113.84 185.45  96.24 184.90  86.92 184.55  45.43
  167 -1.017 -1.040  0.525  64.15 241.13  20.55 238.33   6.75 235.30  34.46
  168  0.596  1.031 -0.712 164.65  25.01 188.41  24.29 198.33  21.92  47.12
  169 -0.194 -0.747 -0.472 103.49 204.91 108.57 204.15 118.04 204.66  46.92
  170 -0.755  1.159 -0.236  60.70   6.37  50.67   9.16  59.76  10.90  39.00
  171  0.578  0.045 -0.053 188.21 123.58 188.12 123.63 172.54 123.58  41.67
  172 -0.748 -1.033 -0.072  67.39 237.43  50.89 235.06  53.96 233.36  47.22
  173 -0.995 -0.193  0.314  58.24 148.97  23.80 148.45  17.22 148.13  37.68
  174  0.185 -1.176 -0.649 131.16 247.56 146.87 247.36 158.74 248.26  41.45
  175  0.523 -0.360  0.703 213.56 165.99 184.05 166.62 138.63 167.05  42.83
  176 -0.338  0.875  0.209 116.04  35.91  92.87  36.70  79.10  37.44  28.19
  177  0.258  0.309 -0.887 128.69  97.28 154.05  97.27 174.15  96.69  47.10
  178  0.229  0.317 -0.881 126.33  96.36 151.19  96.45 171.30  96.17  45.42
  179 -0.324  0.099  0.428 125.68 117.63  94.16 118.18  71.73 117.81  48.00
  180  0.165 -0.510 -0.452 136.53 180.16 145.09 180.09 149.62 180.93  46.16
  181  0.170  0.274  0.511 174.09  99.36 146.30  99.19 113.22  99.46  48.55
  182  0.929 -0.893  0.583 239.85 220.83 229.64 222.85 176.56 224.94  35.95
  183  0.528 -0.916  0.900 222.13 224.78 185.02 226.61 131.39 227.78  42.37
  184  0.930 -0.367 -0.486 202.13 165.04 222.85 165.58 221.45 166.79  37.00
  185 -0.270 -0.164  0.364 128.14 145.75  99.90 145.26  79.03 145.52  46.97
  186 -0.041  0.809 -0.695 109.17  45.83 124.11  46.66 140.14  45.98  45.71
  187  0.400 -0.571 -0.262 164.56 186.42 169.32 186.78 163.90 187.76  41.62
  188 -0.478 -0.103  0.211 103.16 139.14  78.31 139.01  66.69 139.06  47.47
  189 -0.073  0.256 -0.132 127.29 101.90 120.69 101.84 116.12 101.75  38.09
  190  0.040 -1.105 -0.333 129.77 241.61 132.47 241.64 133.66 241.94  52.30
  191  0.031  0.966 -0.575 120.02  29.66 131.42  30.26 142.06  29.52  44.50
  192 -0.196 -1.180  0.654 146.62 254.00 107.42 253.77  74.27 252.93  52.62
  193  0.838  0.066 -0.345 199.76 121.40 213.98 121.29 207.84 121.93  44.25
  194 -0.757  0.265  0.808 101.08  99.60  46.46  99.70  19.12 100.57  39.79
  195 -0.121  1.064  0.241 137.27  16.37 115.65  17.01  97.30  17.07  43.00
  196 -0.517 -0.794 -0.219  83.45 211.33  75.14 209.92  79.98 209.25  36.67
  197  1.143 -0.028 -0.541 217.94 130.84 244.49 131.16 243.28 131.31  61.73
  198 -0.590  0.269 -0.053  63.88  99.89  77.96 100.45  48.58 100.80  34.00
  199  0.793 -0.670 -0.730 180.97 194.86 208.16 195.77 217.27 197.81  44.69
  200 -0.654 -0.375  0.416  94.57 168.26  59.20 167.57  43.01 167.51  46.78
  201  0.473  0.226 -0.018 180.23 105.31 177.43 104.68 161.34 104.34  52.31
  202 -1.103  0.386 -0.549  16.18  87.38  16.48  88.98  41.77  90.26  40.10
  203 -1.053 -0.264  0.516  72.86 156.75  10.00 156.07  14.96 155.59  33.71
  204 -0.982 -0.764 -0.020  47.08 209.58  26.52 207.41  31.62 205.77  41.40
  205 -0.036  0.782  0.897 170.85  44.51 124.46  44.42  79.07  44.66  35.30
  206 -0.764 -1.169  0.493  86.87 253.91  47.57 252.15  29.87 249.26  55.00
  207 -0.987  0.781  0.609  78.42  43.88  18.99  45.76  13.22  46.62  38.82
  208 -1.233 -0.672 -0.363   5.38 199.92   5.17 196.37  18.91 195.45  39.46
  209 -0.977  1.111  0.149  53.94   9.47  26.35  12.19  25.38  14.89  30.45
  210 -0.475  0.198 -0.500  76.92 107.64  80.01 108.07  94.48 108.52  44.89
  211 -1.002  0.027  0.647  80.94 126.02  15.85 124.84  12.57 125.32  32.57
  212 -0.925 -0.456  0.494  71.79 177.42  30.41 176.32  16.07 175.69  41.42
  213 -0.115  0.360 -0.904 146.62 254.00 116.80  92.22 141.31  92.01  52.62
  214  0.692  0.047 -0.749 171.47 123.82 198.00 123.34  74.27 252.93  49.11
  215  0.037  0.207  0.933 146.62 254.00 132.25 105.93  84.34 106.06  52.62
  216  1.165  0.730  0.419 146.62 254.00 251.16  51.25 210.61  48.94  52.62
  217  0.126 -0.088 -0.527 146.62 254.00 141.03 137.17 148.84 137.25  52.62
  218  1.230 -0.460 -0.150 240.78 174.43  48.78 254.16 237.68 177.39  40.58
  219  0.427 -0.735  0.978 216.82 205.23 173.90 206.62 119.43 209.74  44.00
  220 -0.315  0.265 -0.375  96.21 100.60  96.00 101.30 103.84 101.38  94.72
  221 -0.289 -0.621  0.145 118.15 193.61  98.17 193.05  74.27 252.93  46.93
  222 -0.421  0.711  0.424 116.66  52.65  83.89  53.26  74.27 252.93  17.46
  223 -0.801 -0.501 -0.553  44.85 180.49  48.78 254.16  68.14 178.43  37.03
  224 -0.179 -0.740 -0.121 118.11 205.21  48.78 254.16 106.12 204.54  44.14
  225  1.141 -0.026 -0.246 229.39 130.88  48.78 254.16 232.64 131.04  41.43
  226 -0.159 -0.885  0.468 146.62 254.00 111.44 221.78  84.97 221.29  52.62
  227  0.275 -0.762  0.606 187.50 208.43 157.50 209.20  74.27 252.93  36.24
  228 -0.761 -1.207  0.172 146.62 254.00  48.78 254.16  43.19 252.11  52.62
  229  0.268  0.262  0.756 192.84 100.51 156.94 100.26  74.27 252.93  44.46
  230  1.240  0.245 -0.499 227.93 103.98  48.78 254.16 251.11 102.40  49.86
  231  0.597  0.026 -0.550 146.62 254.00 188.89 125.80 192.66 125.42  52.62
  232 -0.256 -0.139  0.806 146.91 143.21  48.78 254.16  62.80 143.00  38.29
  233  1.002  0.775  0.914 146.62 254.00 236.09  44.91 176.05  43.04  52.62
  234 -0.660 -0.610  0.250 146.62 254.00  59.16 192.16  49.05 191.12  52.62
  235 -0.200 -0.334 -0.105 146.62 254.00 107.66 162.80 103.73 162.71  52.62
