    1 -1.144  0.320 -0.003  32.32  94.02   9.64  95.09  17.15  95.96  42.38
    2 -0.963 -0.274  0.124  54.26 157.53  27.94 156.78  27.68 156.10  42.19
    3 -0.850  0.678 -0.734  33.80  57.95  42.57  59.93  70.80  60.83  40.49
    4  0.179  1.088  0.934 192.03  12.34 147.53  11.20  97.35  11.23  41.36
    5  0.350  0.436 -0.525 150.12  84.07 163.80  83.95 169.09  83.29  48.27
    6  0.190  0.494  0.092 159.57  76.97 148.04  76.80 131.37  76.48  51.69
    7 -0.389  0.317  0.976 141.27  93.91  86.37  94.09  43.89  94.60  37.85
    8 -0.362  0.191  0.952 142.82 107.55  89.29 107.65  47.29 107.95  44.22
    9 -0.260  0.815 -0.713  88.73  44.94 102.02  46.07 121.30  46.01  43.64
   10 -0.204  0.510  0.843 153.17  73.53 106.41  73.59  65.98  74.12  43.79
   11 -0.929  0.428  0.684  78.66  81.66  29.33  82.66   8.04  83.87  40.95
   12  0.788 -0.028 -0.021 207.90 131.10 209.87 131.15 191.05 131.21  44.70
   13  0.946  0.704 -0.330 209.53  57.51 225.13  56.17 217.25  54.08  40.62
   14 -0.900  0.037  0.430  71.71 124.23  33.33 124.32  20.83 124.41  37.46
   15  0.386  0.301 -0.935 137.96  98.19 166.84  98.18 187.29  97.60  39.21
   16 -0.820 -0.005  0.439  79.65 128.78  41.73 128.77  27.47 128.75  43.91
   17 -0.695 -0.605 -0.229  66.49 191.74  56.77 190.40  64.75 189.54  45.68
   18 -0.612 -0.041  0.253  92.25 132.61  64.18 132.54  53.15 132.48  45.85
   19  0.504 -0.249 -0.226 175.14 153.63 180.10 153.86 172.26 154.29  45.84
   20  0.935  0.481  0.513 242.07  78.69 227.19  77.41 184.96  76.23  41.12
   21 -1.178  0.090 -0.409  14.42 118.73   7.98 119.03  30.27 119.28  40.73
   22 -0.448  0.622  0.904 132.83  60.89  80.07  61.39  41.45  62.48  35.69
   23 -0.350  1.117 -0.899  73.93  14.43  93.25  16.32 120.32  16.35  42.33
   24 -0.156 -0.557  0.333 137.60 186.99 111.90 186.76  90.67 186.47  48.15
   25  0.747  0.904 -0.711 177.77  38.01 203.63  37.00 212.28  34.62  41.29
   26  0.105  0.680 -0.216 140.09  58.28 139.03  58.35 135.29  57.91  49.00
   27 -0.946 -0.435  0.709  78.00 175.68  27.40 174.67   5.53 173.39  42.02
   28  0.353 -0.162 -0.231 161.56 144.77 164.51 144.85 158.49 145.07  48.88
   29 -0.499 -0.906 -0.231  89.13 222.79  74.54 221.38  86.21 220.64  47.70
   30 -0.086 -0.772 -0.007 130.90 208.65 119.35 208.33 110.16 208.31  47.69
   31 -1.212  0.589 -0.310  14.73  65.69   4.04  67.85  23.49  69.38  37.37
   32 -0.616  0.358 -0.500  63.94  91.02  65.65  91.75  82.16  92.15  45.15
   33 -1.200  0.041 -0.624   4.73 123.91   6.72 124.09  36.80 124.16  37.50
   34 -0.454  0.330  0.325 109.78  93.20  80.61  93.58  64.29  93.99  55.15
   35  1.104  0.835 -0.390 220.72  44.84 241.07  42.96 234.36  40.10  39.12
   36  0.129  0.798  0.941 187.71  43.10 142.12  42.37  92.43  42.51  36.78
   37  0.982 -0.356 -0.138 220.11 164.16 229.59 164.93 213.73 165.99  43.46
   38 -1.073 -0.766 -0.183  32.55 209.62  17.86 207.20  30.32 205.35  47.40
   39 -0.483 -0.475 -0.316  82.88 177.78  78.77 176.95  86.66 176.54  62.07
   40  0.629 -1.132  0.846 228.83 247.21 195.73 249.72 142.96 251.18  43.96
   41  1.000 -0.203  0.012 227.57 148.89 231.99 149.36 209.88 149.96  45.43
   42  0.501  0.704 -0.285 172.63  56.68 179.65  56.08 174.08  54.86  42.00
   43  0.654  0.701  1.017 238.04  54.29 198.88  52.56 138.65  51.67  40.11
   44 -1.205  1.081 -0.373  13.27  13.69   5.07  17.68  26.50  20.42  37.47
   45  0.842  0.744  0.758 243.98  50.75 218.26  48.74 166.73  47.22  39.21
   46 -0.518  0.994 -0.531  71.84  25.36  75.61  27.27  91.77  27.96  52.54
   47 -0.575 -0.212  0.276  96.58 150.76  68.01 150.48  55.52 150.16  51.07
   48 -1.137 -0.385 -0.014  32.52 169.42  10.37 168.13  18.18 167.11  43.13
   49  0.938  0.363 -0.858 188.53  92.31 222.40  91.79 235.33  90.63  38.41
   50 -0.059  0.938 -0.623 110.18  32.50 122.26  33.28 135.78  32.84  43.59
   51 -1.191 -0.216 -0.593   6.65 150.95   7.52 150.14  36.27 149.67  38.47
   52 -1.009  1.103 -0.788  17.14  13.62  26.75  17.32  59.21  19.17  42.15
   53 -0.786  0.454 -0.779  38.15  81.27  49.18  82.53  78.04  83.04  38.38
   54 -0.271 -0.138 -0.708  87.90 142.36 100.97 142.17 120.26 142.20  45.14
   55 -0.657 -0.305  0.614 101.79 161.13  58.40 160.64  34.70 160.02  45.43
   56  0.706  0.996 -0.593 178.72  28.37 199.79  27.26 204.20  24.81  40.00
   57 -0.633 -0.711  0.344  93.78 204.18  61.78 202.99  47.69 201.75  49.06
   58  0.433 -0.116  0.127 182.56 140.24 173.36 140.35 152.39 140.51  48.18
   59  0.206  0.429  0.312 169.56  83.50 149.87  83.26 124.35  83.02  42.47
   60  0.424 -1.024 -0.045 175.18 233.44 172.17 234.31 157.99 235.73  47.80
   61 -0.133 -0.026 -0.225 118.28 130.96 114.54 130.98 114.23 130.99  51.97
   62  0.832  0.688  0.998 253.03  56.05 218.08  54.04 156.45  52.77  36.17
   63  0.981  0.387  0.154 231.60  88.85 230.62  87.90 202.86  86.81  40.88
   64 -0.173  0.100  0.322 135.54 117.65 110.07 117.70  89.51 117.76  42.44
   65  0.112 -0.298 -0.914 114.56 158.32 139.43 158.14 161.81 158.49  47.67
   66  0.630 -0.110  0.966 233.82 139.82 196.18 140.06 138.46 140.20  43.28
   67  0.642  1.034  0.962 234.78  19.32 197.48  16.87 139.66  15.52  38.12
   68 -0.832 -0.681  0.189  69.14 201.06  41.34 199.46  36.43 198.02  43.78
   69  0.139  0.159  0.759 181.22 111.36 143.08 111.28 100.67 111.24  46.73
   70  0.627  0.490 -0.673 168.77  79.18 191.59  78.76 199.86  77.63  39.60
   71 -0.705  0.079 -0.434  58.06 120.00  56.42 120.20  71.93 120.29  35.92
   72  0.766 -0.425 -0.442 189.64 171.03 206.33 171.63 204.41 172.70  44.25
   73 -0.298  0.576 -0.070 109.19  68.07  97.48  68.68  93.61  68.95  48.32
   74 -0.553  0.828 -0.238  79.38  41.65  71.44  43.20  77.51  44.02  43.71
   75  0.899 -0.358 -0.189 210.93 164.47 220.82 165.16 207.71 166.14  41.62
   76  0.153  0.400 -0.285 141.74  87.18 143.95  87.20 142.29  86.88  46.36
   77 -0.855  1.030  0.264  69.77  17.87  38.64  20.32  31.33  22.63  51.77
   78  0.409  0.582 -0.216 167.19  68.84 170.35  68.45 163.09  67.60  45.85
   79 -0.849  0.912 -0.773  32.54  33.77  42.76  36.45  72.31  37.63  42.80
   80 -1.077  0.484 -0.863   8.04  77.92  20.22  79.64  56.41  80.50  35.42
   81 -0.701  0.535  0.133  79.39  71.38  55.22  72.46  50.09  73.33  85.17
   82  1.058  1.015 -0.225 223.35  26.25 237.09  23.92 224.04  20.65  43.23
   83  0.019 -0.984 -0.401 125.47 229.22 130.21 228.76 134.49 229.31  45.78
   84 -0.353  0.471 -0.327  94.40  79.34  92.10  80.00  98.52  80.18  60.25
   85 -0.937 -1.050  0.681  77.78 242.62  28.40 240.14   7.32 237.12  42.00
   86 -1.206 -0.805 -0.154  20.90 214.15   3.93 211.27  17.83 209.07  37.88
   87 -0.405  0.998  0.174 108.60  22.87  85.93  23.97  74.57  24.99  65.91
   88 -0.991 -0.188  0.541  67.19 148.70  23.27 148.20   8.45 147.67  39.15
   89 -0.639  0.482  0.385  94.73  76.64  61.00  77.49  45.50  78.34  46.71
   90  0.283 -0.740 -0.649 139.57 203.09 156.84 203.11 167.52 204.15  46.85
   91  0.316  0.948  0.050 169.30  30.39 161.08  29.77 144.55  28.79  53.56
   92 -0.679  0.223  0.454  93.53 104.31  56.58 104.81  39.15 105.14  43.88
   93 -0.339  0.501  0.619 131.77  74.64  92.26  75.01  62.75  75.67  44.40
   94 -0.056 -0.745 -0.606 111.00 204.25 122.52 203.74 135.42 204.04  45.12
   95 -0.166 -1.091 -0.285 113.15 241.09 111.23 240.15 113.48 240.15  45.23
   96  0.048 -1.103 -0.338 130.44 241.50 133.15 241.11 134.69 241.78  47.03
   97 -0.125  0.172  0.498 146.83 110.07 115.06 110.08  86.97 110.18  54.60
   98  0.142  1.096 -0.170 145.27  15.34 142.93  15.32 136.88  14.52  51.75
   99 -0.577 -1.064  0.131  90.97 240.94  68.10 239.12  60.97 237.68  90.56
  100 -0.237 -0.743  0.712 144.99 207.71 103.00 207.48  68.27 206.72  43.78
  101  0.309 -0.071  0.898 202.31 135.82 161.52 135.92 110.96 135.96  41.22
  102 -0.691  0.114  0.286  97.93 116.19  49.25 116.37  55.58 116.49  43.41
  103 -0.225 -0.598  0.448 135.64 191.65 104.48 191.32  79.82 190.87  58.55
  104 -0.333 -0.781 -0.278  98.09 209.39  94.06 208.36  98.42 208.04  52.62
  105 -1.101  1.108 -0.200  29.44  10.48  14.96  14.16  28.65  16.94  39.84
  106  0.424  0.292  0.901 212.56  97.28 173.98  96.91 121.40  96.58  50.30
  107 -0.862 -0.994  0.439  75.74 235.45  37.29 233.16  23.72 230.73  48.10
  108  0.043  0.042 -0.709 116.08 124.00 132.66 124.02 148.21 123.99  40.50
  109 -0.537 -0.309 -0.400  74.77 160.42  73.42 159.74  85.12 159.56  49.16
  110  0.716 -0.318  0.078 205.56 160.83 202.73 161.37 180.62 162.04  43.89
  111  0.421  0.013 -0.627 152.56 126.94 170.91 126.93 179.37 126.92  40.29
  112 -0.799  0.328  0.989 102.88  92.37  42.05  92.86   6.79  93.78  45.00
  113 -0.170  1.041  0.806 154.92  16.62 110.07  16.81  70.46  17.72  85.28
  114  0.831 -1.126 -0.574 190.28 240.83 212.56 242.44 215.14 245.58  43.45
  115  0.380 -0.290  0.536 194.08 158.65 168.53 159.01 131.76 159.25  41.21
  116 -0.065 -0.148 -0.092 129.47 143.60 121.57 143.53 115.29 143.62  45.06
  117 -0.819 -0.611 -0.669  38.99 191.66  45.45 189.95  71.00 189.18  40.18
  118 -0.582  0.972  0.390 100.36  24.31  66.95  25.86  50.31  27.61  82.67
  119 -0.159 -0.651 -0.545 104.04 195.02 112.12 194.36 124.00 194.50  44.44
  120  0.042  0.430 -0.590 120.39  84.45 132.51  84.68 143.66  84.37  45.78
  121  0.142  0.116 -0.909 117.46 116.55 142.43 116.69 164.34 116.57  76.23
  122  0.089 -0.506 -0.362 133.17 180.10 137.40 179.97 139.41 180.33  45.27
  123  0.683 -0.653 -0.488 180.74 193.93 197.80 194.66 198.39 196.19  41.22
  124 -0.079 -0.414 -0.168 125.37 171.19 120.16 170.96 116.96 171.02  45.36
  125 -1.159 -1.026 -0.709   5.73 235.60  11.28 231.84  43.42 229.64  36.50
  126 -0.434 -0.521  0.051 101.14 183.08  83.14 182.37  76.79 181.88  46.13
  127 -0.423  0.679  0.874 134.06  54.93  82.91  55.36  44.93  56.48  55.21
  128 -0.579 -1.006 -0.705  59.95 231.97  69.79 229.75  93.01 229.05  46.50
  129  0.160 -0.961  0.222 162.02 228.44 145.02 228.80 123.59 229.27  50.88
  130  0.365  0.762 -0.929 136.38  52.04 164.78  51.96 185.10  50.62  37.54
  131 -0.717 -1.095 -0.595  51.25 242.01  55.63 239.27  76.92 238.09  42.60
  132 -0.146  0.461 -0.784  96.42  81.38 113.55  81.82 134.10  81.64  56.14
  133  0.091 -0.823 -0.605 124.25 211.99 137.49 211.63 148.58 212.36  45.07
  134 -0.943 -0.320 -0.372  38.00 161.92  31.87 160.97  48.92 160.38  35.33
  135  0.802 -0.483  0.723 239.03 178.64 213.82 179.76 164.27 180.70  37.50
  136  0.194  0.992 -0.169 149.94  26.25 148.29  26.10 141.61  25.24  43.86
  137  0.640  0.099 -0.346 182.38 118.26 193.76 118.15 189.20 117.99  47.67
  138 -0.910 -0.958  0.500  73.48 231.95  31.99 229.62  17.05 227.11  38.53
  139  0.419 -0.450  0.536 197.54 175.36 172.63 175.95 135.39 176.40  48.45
  140 -0.024  0.142 -0.690 110.86 113.93 125.84 113.85 141.57 113.75  40.62
  141  0.479  0.280  0.693 209.10  98.96 179.41  98.36 134.79  98.08  59.17
  142 -1.083  0.501 -0.083  35.28  74.75  16.24  76.57  25.58  77.61  42.30
  143  0.623  0.768 -0.373 179.94  50.60 192.00  49.76 188.64  48.17  41.62
  144 -0.267  0.027  0.641 139.50 125.40  99.73 125.41  68.53 125.26  43.92
  145 -1.099 -0.516 -0.078  34.04 183.27  14.62 181.60  24.09 180.40  42.00
  146 -0.761 -0.501 -0.548  48.67 180.44  51.10 179.06  71.33 178.60  45.40
  147 -0.320 -0.726 -0.260  99.92 203.72  95.42 202.71  98.88 202.44  36.37
  148 -0.374  1.056 -0.929  70.65  20.75  90.75  22.59 119.34  22.61  36.62
  149 -0.187  0.608  0.463 139.65  63.81 108.63  64.21  82.59  64.44  48.86
  150  0.128  0.342  0.712 178.41  92.05 141.93  91.79 101.56  91.79  38.71
  151 -0.101 -0.263  0.844 162.64 156.40 117.46 156.45  75.22 156.36  45.73
  152 -1.157  0.548 -0.655   7.85  70.75  11.27  72.78  41.70  74.14  39.87
  153  0.492 -0.619 -0.868 149.73 190.15 177.55 190.31 194.49 191.59  40.40
  154 -0.451 -1.187  0.106 101.76 253.36  81.31 251.92  73.08 250.69  56.00
  155 -0.712  0.514 -0.794  44.46  75.13  56.70  76.67  84.96  76.96  41.91
  156 -0.150  1.149  0.614 149.23   5.96 112.39   6.15  80.01   6.91  41.00
  157  0.334  0.552  0.471 187.33  70.52 163.52  69.94 130.00  69.46  42.11
  158 -0.783 -0.911 -0.077  63.86 224.56  47.26 222.40  51.10 220.82  42.10
  159 -0.212 -0.259 -0.619  96.53 154.85 106.85 154.43 122.14 154.46  57.00
  160 -0.628 -0.770 -0.252  71.88 208.93  63.73 207.36  71.46 206.44  39.62
  161  0.833 -0.257  0.018 213.41 154.42 214.71 154.92 193.89 155.55  36.17
  162 -0.739 -0.230  0.343  83.81 152.76  50.55 152.29  38.53 152.15  46.44
  163 -0.545 -0.267 -0.223  80.55 156.12  72.20 155.77  77.63 155.29  51.69
  164 -0.008 -1.025  0.433 155.02 236.29 127.42 236.38 100.05 236.24  44.12
  165 -0.856 -0.378 -0.045  58.11 168.53  39.65 167.32  43.56 166.59  52.60
  166 -0.160  0.621 -0.702  97.90  65.00 112.21  65.81 129.53  65.15  46.62
  167 -1.091  0.450  0.060  59.09  80.33   4.57  81.43  35.69  82.53  34.00
  168 -0.634  0.162  0.957 117.33 110.79  60.00 110.76  22.71 111.19  33.70
  169 -0.175  0.884  0.558 144.59  34.54 109.80  34.52  79.92  35.13  55.40
  170 -1.087 -0.079  0.248  47.09 136.69  14.35 136.46  12.10 136.49  40.88
  171  0.560  0.982 -0.407 173.19  28.91 185.49  27.92 184.01  25.98  38.71
  172 -0.038 -0.471  0.276 146.19 177.40 124.22 177.79 103.58 177.75  54.06
  173  0.116 -0.098  0.138 154.68 138.46 140.39 138.47 122.87 138.60  39.78
  174  0.810 -0.935 -0.004 210.65 223.47 212.28 225.22 192.49 227.55  45.22
  175  0.248 -0.168  0.686 188.16 145.93 154.71 146.09 113.61 146.36  46.81
  176 -0.256 -1.001  0.467 133.64 234.54 101.21 233.98  76.29 233.24  48.00
  177  0.969  0.472 -0.792 193.69  81.54 225.77  80.77 235.93  79.28  25.57
  178 -1.026 -0.348  0.419  59.21 166.07  20.09 164.89  10.30 163.91  42.57
  179 -0.333  1.161 -0.779  79.83   9.54  94.77  11.48 117.38  11.46  28.00
  180 -0.740  0.250 -0.598  48.34 102.27  53.62 103.06  74.64 103.21  41.56
  181 -0.898 -0.147  0.056  57.88 143.73  34.93 143.35  35.99 143.56  42.38
  182 -0.858 -0.851  0.318  71.68 219.91  38.14 217.42  29.10 215.47  30.87
  183  0.309  0.904 -0.588 144.15  37.22 159.59  36.37 167.58  35.12  55.68
  184  0.266  0.932  0.229 171.69  31.38 156.14  31.07 132.95  29.74  76.67
  185 -0.198  1.114 -0.104 116.77  12.00 108.05  13.61 103.50  13.18  46.08
  186 -0.344  0.393 -0.038 105.43  86.80  92.94  87.14  87.66  88.47  45.26
  187 -0.593  0.142  0.115  88.34 112.97  66.77 113.22  59.90 114.17  44.33
  188 -0.456 -1.049 -0.303  86.55 238.20  81.24 235.51  89.02 234.77  20.35
  189 -0.638  0.364  0.737 107.37  88.70  60.78  89.93  30.48  89.78  50.14
  190 -0.565 -1.143  0.156  92.98 249.14  69.40 247.27  60.99 246.59  43.43
  191 -0.566 -0.342  0.867 119.84 165.05  67.76 164.65  32.07 164.84  38.92
  192  1.027  0.115  0.581 101.76 253.36 237.28 116.15 191.22 115.73  56.00
  193 -0.298 -0.955  0.687 138.36 230.54  96.53 230.07 142.96 251.18  48.03
  194  0.274  1.153 -0.603 140.44  10.65 156.07  11.84 164.81  10.30  51.21
  195  1.135 -0.097  0.370 101.76 253.36 247.74 138.44 209.56 138.74  56.00
  196  0.037 -0.542  0.750 171.69 185.85 132.27 186.12 142.96 251.18  42.08
  197  0.089 -1.191 -0.451 129.84 250.02 137.32 249.63 142.96 251.18  42.61
  198 -0.459  0.583 -0.523  77.76  68.47  81.54  68.73  96.94  69.06  25.91
  199  1.056 -0.932  0.632 101.76 253.36 240.54 227.28 191.99 229.98  56.00
  200 -1.165  0.122 -0.241 101.76 253.36   8.53 114.44  24.80 117.27  56.00
  201 -1.143  0.161  0.179  39.07 110.97 250.53 253.49   9.96 111.96  44.00
  202 -0.562  0.989  0.429 103.99  22.24  68.79  24.15  50.76  25.53  16.38
  203 -0.927 -0.208  0.152  58.69 151.09  31.66 149.73  29.66 149.25  45.06
  204 -0.445  0.031  0.220 106.54 124.95  81.72 124.99 142.96 251.18  49.71
  205 -0.006  0.629 -0.311 126.52  63.55 127.64  63.86 142.96 251.18  37.67
  206 -0.996 -1.183  0.343 101.76 253.36  23.53 252.20  15.95 249.87  56.00
  207 -0.299 -0.924 -0.614 101.76 253.36  97.97 222.30 114.16 221.42  56.00
  208  0.345 -0.787 -0.361 155.84 208.78 163.66 208.63 162.43 209.72  53.54
  209 -0.524 -0.017  0.745 101.76 253.36  72.33 130.11  41.21 130.08  56.00
  210 -0.727 -0.481  0.204  79.64 179.62 250.53 253.49  44.98 177.61  62.56
  211 -0.510 -0.452 -0.014  91.44 175.73  75.57 175.05  72.42 174.84  38.75
  212  0.561 -0.818 -0.895 101.76 253.36 184.49 210.23 201.71 212.07  56.00
  213 -1.122 -0.950  0.442  50.96 231.40   9.86 228.56 142.96 251.18  36.25
  214  0.014 -0.460  0.169 101.76 253.36 129.68 176.31 112.31 176.37  56.00
