    1 -0.808  0.321 -0.475  47.01  94.74  46.03  95.61  64.54  96.07  44.40
    2 -1.099  0.359  0.041  38.17  89.81  14.06  90.96  19.25  91.91  43.12
    3 -0.497  0.886 -0.820  63.34  37.42  78.33  39.24 104.54  39.61  41.85
    4 -0.558  0.245  0.404 103.07 102.08  69.48 102.44  51.89 102.83  48.58
    5 -1.036  0.676 -0.801  14.12  57.93  24.11  60.25  57.48  61.42  37.57
    6 -1.059  0.242  0.172  46.90 102.25  17.69 102.98  17.46 103.62  40.44
    7  0.027  0.943  0.832 174.05  27.70 131.18  27.21  87.45  27.57  42.96
    8 -0.736  0.669  0.934 106.79  55.17  49.08  56.23  14.67  57.97  38.33
    9 -0.760  0.473  0.696  95.22  76.98  47.23  77.85  22.27  78.99  45.78
   10 -0.397  1.191 -0.771  74.29   6.21  88.34   8.31 111.43   8.56  43.97
   11  1.054  0.605  0.441 249.45  66.22 239.43  64.45 199.05  62.73  41.35
   12 -0.605  0.777 -0.882  51.27  48.54  67.53  50.38  97.52  50.88  46.04
   13  0.776  0.956 -0.691 180.99  32.89 206.59  31.75 214.25  29.17  44.04
   14  0.306 -0.004 -0.397 151.13 128.63 159.54 128.64 160.43 128.64  49.25
   15  0.317  0.350 -0.880 133.96  93.16 160.04  93.19 179.05  92.61  44.76
   16  0.757  0.486 -0.491 187.01  79.47 205.32  78.83 205.40  77.59  46.50
   17 -0.082  0.667 -0.048 129.69  58.93 119.82  59.25 112.04  59.25  48.75
   18 -1.027 -0.027  0.231  52.11 131.13  20.78 131.05  17.86 130.97  40.27
   19 -0.876  0.507 -0.852  27.25  75.85  40.39  77.38  73.09  78.04  39.51
   20 -1.053  0.581 -0.032  39.98  66.25  19.19  68.05  26.07  69.47  42.02
   21 -0.623 -0.448 -0.419  66.13 174.89  64.72 173.96  78.31 173.46  43.35
   22  0.117  0.073  0.084 152.65 120.63 140.41 120.64 124.98 120.59  39.89
   23 -0.943  0.447 -0.814  22.30  81.92  33.47  83.35  65.88  84.02  32.44
   24 -0.320  0.583 -0.304  98.34  67.80  95.48  68.54 100.63  68.76  45.07
   25 -0.930 -0.451  0.603  75.43 177.21  29.50 176.14  11.23 174.88  43.30
   26 -0.312  0.804  1.008 149.73  41.26  94.55  41.49  49.41  42.69  40.25
   27  0.540 -0.737 -0.322 174.71 203.08 183.58 203.83 179.11 205.15  47.43
   28 -0.329 -0.052 -0.743  81.43 133.58  95.11 133.50 116.55 133.51  44.20
   29 -0.455 -0.135  0.212 105.36 142.50  80.70 142.32  68.71 142.17  64.26
   30 -0.696 -0.569 -0.125  70.21 188.17  56.40 186.94  60.62 186.10  47.67
   31 -0.154 -0.040 -0.936  90.14 132.32 112.90 132.25 139.02 132.27  50.60
   32 -0.464 -0.257  0.585 118.81 155.84  79.01 155.57  52.99 155.18  47.30
   33 -0.886 -0.068  0.062  59.24 135.47  36.15 135.29  36.80 135.15  47.19
   34 -0.432 -0.350 -0.789  70.33 164.11  84.82 163.46 109.11 163.36  43.54
   35 -0.982 -0.247  0.141  53.21 154.72  25.72 154.05  25.50 153.43  48.81
   36  0.231  1.159 -0.770 130.58  11.30 151.54  11.52 167.22   9.96  48.27
   37 -0.679  0.528 -0.593  54.70  73.45  59.45  74.72  80.21  75.26  39.12
   38 -0.037 -0.777  0.264 145.80 209.79 124.42 209.70 104.06 209.65  46.78
   39  0.451 -0.017 -0.353 165.52 130.02 174.34 130.00 172.00 130.03  44.40
   40 -0.463  0.479 -0.444  80.04  78.61  81.07  79.45  93.36  79.76  47.25
   41 -0.147  0.820 -0.775  96.65  44.83 113.49  45.76 133.65  45.39  46.23
   42  0.215 -0.508  0.114 162.64 180.90 150.62 181.13 132.77 181.49  48.44
   43 -0.581 -0.116  0.305  97.24 140.65  67.21 140.39  53.94 140.22  39.82
   44 -0.190  0.584  0.735 150.17  65.84 107.99  65.95  71.52  66.47  35.88
   45 -0.766  0.592  0.938 104.09  63.60  45.79  64.58  11.81  66.18  38.82
   46 -0.163  0.887 -0.459 106.82  37.06 111.62  37.92 120.38  37.79  47.42
   47 -0.279 -0.691  0.973 151.46 202.86  98.24 202.71  53.93 201.77  43.47
   48 -0.096  0.518  0.236 139.33  73.90 118.27  74.06  99.87  74.17  47.94
   49 -0.656  0.190  0.949 114.95 107.53  57.59 107.78  21.09 108.24  39.08
   50 -1.074  0.957 -0.904   7.00  28.93  20.71  32.36  58.15  34.01  32.33
   51  0.862  0.724 -0.781 184.99  56.38 215.02  55.41 225.48  53.26  38.08
   52 -0.632  0.731  0.044  82.54  50.93  62.59  52.36  59.66  53.38  49.44
   53 -0.198  0.135  0.435 137.67 113.97 107.38 114.02  82.81 114.11  46.28
   54  0.290  0.397  0.056 167.19  87.20 158.42  86.95 142.03  86.56  41.40
   55  0.185 -0.159  0.234 164.68 144.79 147.67 144.87 125.51 144.94  45.00
   56 -0.941 -0.845 -0.241  43.03 217.49  31.56 215.12  43.92 213.30  45.82
   57  0.367  0.638  0.677 198.62  61.16 167.40  60.31 125.08  59.86  39.00
   58 -0.320 -1.082 -0.206 102.08 240.88  95.39 239.54  96.77 239.06  91.48
   59 -0.560  0.540  0.389 102.25  70.60  69.26  71.38  52.27  72.26  47.79
   60 -0.132  0.107  0.172 133.48 117.02 114.47 117.07  99.08 117.10  43.06
   61 -0.473  0.985  0.401 110.93  23.30  78.43  24.50  59.49  25.83  42.32
   62 -0.665  0.084  0.340  90.57 119.26  58.39 119.41  45.03 119.56  46.18
   63 -0.934  0.195 -0.554  32.34 107.85  33.46 108.44  56.74 108.77  39.89
   64 -0.725  0.173  0.594  94.65 109.58  51.29 109.95  29.55 110.27  42.12
   65 -0.185 -0.717 -0.258 112.36 202.48 109.27 201.84 110.86 201.80  50.04
   66  0.960  0.911  0.606 248.10  34.09 230.26  31.47 183.82  29.21  43.63
   67  0.028  0.939 -0.397 126.38  31.94 131.09  32.36 135.10  31.81  43.07
   68  0.533  0.573  0.714 214.94  68.19 185.15  67.15 139.13  66.47  38.93
   69  0.001 -0.531 -0.855 106.91 181.98 128.33 181.54 149.73 181.99  40.38
   70  0.017  0.443 -0.495 121.68  83.00 129.96  83.23 137.85  82.96  45.43
   71 -0.669 -0.759 -0.683  52.43 206.76  60.66 204.93  84.43 204.21  44.69
   72  0.586  1.182 -0.483 172.61   8.90 187.91   7.91 189.19   5.43  48.56
   73  0.646  0.659 -0.049 194.43  61.00 195.08  60.07 178.77  58.76  35.81
   74  0.626  0.056  0.284 205.85 122.43 193.94 122.33 164.47 122.24  45.17
   75 -1.147 -0.761 -0.569  11.45 208.25  11.98 205.49  38.84 203.87  47.01
   76 -1.102 -0.555 -0.137  31.48 187.34  14.60 185.57  26.07 184.14  40.53
   77  1.090 -0.098  0.004 234.99 138.15 241.31 138.39 218.78 138.71  39.82
   78 -0.620 -0.603  0.340  94.84 192.57  63.13 191.63  48.97 190.54  45.88
   79  0.367 -0.505  0.791 203.18 181.56 167.56 182.28 120.60 182.60  42.18
   80  0.143 -0.960 -0.553 130.81 225.96 142.77 225.71 151.31 226.66  45.47
   81 -1.145 -0.415 -0.044  30.70 172.72   9.82 171.24  18.72 170.10  48.00
   82 -0.423 -1.182 -0.718  73.82 249.65  85.60 247.51 107.11 247.14  45.00
   83  0.293 -0.820 -0.341 152.19 211.96 158.29 212.19 157.14 213.20  54.24
   84 -0.855  0.039 -0.357  46.86 124.18  40.86 124.29  55.95 124.36  40.80
   85  0.170 -0.073  0.318 166.65 135.94 146.12 135.93 120.96 136.03  57.64
   86  0.365 -0.997  0.922 208.45 233.96 167.40 235.52 115.23 236.10  42.61
   87  0.358 -0.092  0.656 196.88 137.88 166.31 138.00 125.04 138.11  47.17
   88  0.047  1.173 -0.462 125.74   8.25 133.05   8.75 139.25   7.94  46.79
   89  0.320  0.587 -0.883 134.17  69.36 160.39  69.39 179.46  68.43  41.50
   90 -0.412  0.377  0.243 110.60  88.30  85.07  88.85  71.35  89.14  47.00
   91 -0.229 -1.181 -0.854  86.48 248.41 105.29 246.78 129.23 247.07  35.90
   92 -0.379  0.075  0.417 120.28 120.36  88.34 120.28  67.36 120.44  66.53
   93 -0.593  0.016  0.911 119.48 126.52  64.57 126.48  28.28 126.59  59.71
   94  0.535 -1.045 -0.468 168.61 233.88 182.73 234.69 183.87 236.72  43.65
   95 -0.162 -0.667 -0.258 114.42 197.32 111.61 196.76 112.90 196.76  41.96
   96  0.467 -1.103  0.210 188.91 242.26 177.04 243.55 152.24 245.07  46.73
   97 -0.041 -0.857 -0.523 115.47 215.97 124.11 215.38 133.70 215.80  44.62
   98 -0.868  0.972 -0.646  35.32  27.07  40.48  29.96  65.88  31.32  42.72
   99 -0.114 -0.160 -0.243 119.43 144.81 116.58 144.62 116.74 144.64  46.11
  100  0.159 -0.205  0.629 177.86 149.86 145.11 150.01 107.62 150.03  39.17
  101 -0.561 -0.326  0.221  95.76 162.89  69.55 162.36  58.88 161.90  45.07
  102 -0.721  1.120  0.313  84.52   8.46  52.54  10.72  41.25  12.74  87.94
  103  0.524  1.131  0.170 192.44  11.68 182.96  10.27 159.16   8.49  46.03
  104  0.118 -0.470  0.859 183.42 178.38 140.85 178.61  94.77 178.55  89.79
  105 -0.212  1.063 -0.776  90.79  19.83 106.92  21.23 127.89  20.95  40.00
  106 -0.706 -0.296 -0.225  65.36 159.41  55.86 158.70  63.49 158.27  50.04
  107 -0.234 -0.197 -0.740  90.07 148.36 104.71 148.10 124.70 148.14  42.27
  108  1.066  0.351 -0.116 228.18  92.87 238.29  92.05 220.89  90.98  39.28
  109  0.449 -0.838 -0.459 161.38 213.16 173.97 213.59 175.70 215.02  48.23
  110  1.026 -0.821 -0.661 203.62 209.65 231.90 211.31 236.61 213.97  41.07
  111 -0.821 -0.829  0.458  80.37 217.54  41.55 215.75  26.56 213.80  36.94
  112  0.423  0.609 -0.764 147.56  67.13 170.88  66.92 184.48  65.80  48.12
  113  0.098 -1.160  0.097 151.59 248.91 138.47 249.03 122.69 249.52  46.23
  114  0.872  1.192 -0.486 197.24   8.90 217.08   6.98 215.88   3.59  38.00
  115  0.555 -1.155  0.501 208.31 248.51 186.97 250.43 149.37 252.06  44.77
  116 -0.239  0.264 -0.682  91.66 101.29 104.09 101.62 122.06 101.59  44.00
  117  0.491  0.337 -0.579 160.44  94.37 178.04  94.12 183.93  93.46  45.62
  118  0.286 -0.429 -0.445 147.57 171.97 157.46 172.04 160.36 172.60  41.69
  119 -0.025 -0.402 -0.290 125.63 169.72 125.74 169.52 126.47 169.67  47.92
  120  0.716 -0.894  0.233 211.79 220.16 203.24 221.80 174.78 223.61  44.43
  121  0.158  0.429 -0.636 129.11  84.80 144.20  84.78 155.93  84.35  66.25
  122 -0.379 -0.899 -0.393  89.67 221.52  89.60 220.05  98.76 219.52  48.02
  123 -0.244 -0.543  0.462 134.45 185.81 102.48 185.52  77.54 185.18  45.27
  124 -0.314 -0.520 -0.688  84.70 181.51  96.57 180.78 115.65 180.75  51.82
  125  0.100 -0.854  0.344 161.34 217.87 138.78 218.03 113.35 218.23  53.47
  126 -0.857  1.002 -0.233  51.19  22.60  40.15  25.33  50.81  27.07  42.70
  127  0.123 -0.254  0.391 165.16 154.94 141.18 154.91 113.68 154.98  60.66
  128  0.067 -0.212  0.512 164.86 150.70 135.31 150.69 103.81 150.70  43.21
  129  0.431 -0.890 -0.551 156.38 218.21 172.04 218.63 177.43 220.17  47.31
  130  0.854  0.655  0.133 219.74  61.32 217.26  59.93 191.54  58.33  40.80
  131  0.070 -0.989  0.373 159.81 232.07 135.57 232.32 109.54 232.52  50.03
  132  1.186  0.220 -0.472 224.46 106.45 249.08 105.83 245.10 105.06  58.00
  133  0.249 -0.013 -0.652 136.49 129.61 153.49 129.61 164.69 129.65  47.33
  134 -0.632 -0.663 -0.536  61.16 197.06  64.13 195.79  82.11 194.90  47.34
  135 -0.220  0.707 -0.522  99.29  55.54 105.92  56.36 117.62  56.41  42.17
  136  0.683 -0.400 -0.077 196.52 169.09 198.90 169.54 183.21 170.56  75.37
  137 -0.613 -0.472  0.252  92.08 178.47  63.99 177.82  53.08 176.91  45.88
  138  0.913  0.779  0.553 241.81  47.72 224.98  45.75 181.37  43.80  40.63
  139  0.664 -0.291  0.758 228.28 158.73 199.24 159.38 149.81 159.81  34.62
  140  0.436  0.221  0.513 198.14 105.23 174.42 104.92 137.90 104.68  48.00
  141 -1.075 -1.020 -0.780  11.24 234.57  20.10 230.97  53.33 229.09  36.75
  142 -0.896 -0.372 -0.015  55.49 167.75  35.34 166.76  38.98 166.10  46.50
  143 -1.103 -0.865 -0.219  28.52 220.04  14.85 217.17  29.25 215.17  41.50
  144  0.440  0.373 -0.249 168.59  90.46 173.43  89.90 167.16  89.29  67.21
  145 -0.457  0.541 -0.812  67.43  73.04  82.23  73.77 107.95  73.96  51.46
  146  0.725 -1.047 -0.070 200.60 234.87 203.20 236.54 186.88 238.89  45.78
  147 -0.390 -0.905  0.229 112.17 223.81  87.34 223.10  73.78 221.92  46.39
  148  0.935 -0.390 -0.074 215.73 167.75 226.62 168.56 203.73 169.65  43.15
  149 -0.500 -0.360  0.006  93.36 166.15  76.44 165.58  72.78 165.20  44.14
  150 -0.537 -0.636 -0.071  87.03 195.11  72.72 193.99  72.48 193.29  36.78
  151 -0.758  0.152  0.302  80.43 111.91  48.65 112.33  38.42 112.54  39.69
  152 -0.922 -0.593  0.123  58.09 191.62  32.21 189.97  31.21 188.75  36.97
  153  0.889 -0.941  0.177 224.63 224.46 221.12 226.56 193.20 228.94  45.44
  154 -0.342 -0.148 -0.316  95.75 143.89  93.21 143.35  99.07 143.29  55.42
  155 -1.202 -0.251 -0.577   6.23 154.45   6.33 153.51  34.78 153.37  37.73
  156 -0.511 -0.530 -0.228  83.55 183.90  75.74 182.64  80.76 182.13  56.71
  157  1.074 -1.087 -0.504 213.82 236.62 237.54 238.87 235.50 242.57  42.22
  158 -0.917 -0.120  0.442  70.52 141.17  31.46 141.07  18.87 140.57  42.68
  159  0.759  0.134 -0.450 188.70 114.77 205.60 114.61 204.07 114.29  35.83
  160 -0.622 -0.396  0.977 119.15 171.33  61.32 171.04  22.80 170.03  40.50
  161  0.024 -1.130  0.123 145.88 246.12 130.74 246.03 114.95 246.26  43.75
  162  0.758 -0.404 -0.776 176.44 168.36 204.42 168.99 215.96 169.93  47.17
  163  0.203 -1.073  0.012 157.72 239.22 149.27 239.57 135.54 240.49  46.06
  164  0.611 -0.940  0.281 204.47 225.30 192.34 226.82 163.08 228.41  37.29
  165  1.018  0.412  0.523 245.38  85.48 238.63  84.75 187.69  83.65  32.95
  166 -0.271  0.007  0.776 144.38 127.35  99.26 127.81  62.72 127.41  42.78
  167 -0.854 -0.002  0.879  93.35 128.53  36.61 128.39   6.58 128.38  29.59
  168 -0.091 -1.082 -0.640 106.62 239.07 119.03 237.92 133.44 237.66  37.59
  169 -0.928 -0.149  0.156  58.76 144.15  31.40 144.05  29.38 143.40  42.35
  170 -1.041 -0.871  0.344  54.92 222.21  18.85 219.91  11.94 217.28  34.92
  171 -0.249 -0.386 -0.014 115.93 168.41 102.37 168.35  95.97 168.18  48.77
  172 -0.104  0.289  0.729 157.90  97.69 117.17  97.59  79.65  97.31  57.85
  173 -0.976  0.115  0.493  66.42 115.56  25.24 115.86  11.31 116.85  42.08
  174  0.599 -0.468 -0.293 181.05 176.08 189.56 176.08 183.63 177.05  29.66
  175 -0.416  0.791 -0.330  88.64  45.91  85.61  47.13  93.14  48.08  46.47
  176 -1.116 -0.591 -0.355  22.32 190.95  14.03 188.82  33.46 187.17  42.09
  177 -0.885 -1.219 -0.873  25.68 253.70  39.51 250.84  72.92 249.22  39.33
  178  0.078  0.025  0.780 177.51 125.57 135.99 125.90  95.21 125.48  48.67
  179 -0.506  0.578  0.721 120.21  65.23  74.29  66.92  43.73  67.92  53.47
  180  1.073  1.023  0.612 252.33  23.26 245.95  19.27 187.81  16.51  38.04
  181 -0.714 -0.804  0.399  88.99 214.12  52.67 212.58  38.98 211.92  38.00
  182 -1.129  0.515 -0.215   5.46  74.09  23.52  74.92   7.68  76.36  38.75
  183  0.971 -0.756  0.399 240.30 205.51 230.81 208.23 192.35 209.96  39.77
  184 -1.191  0.533 -0.295   9.95  71.09  10.18  74.41  18.13  74.63  43.31
  185 -0.437  0.389 -0.870  66.91  88.49  39.51 250.84 111.69  89.33  45.81
  186 -0.438  0.310 -0.038  97.43  95.67  82.91  96.10 149.37 252.06  40.95
  187 -0.703  1.125  0.340  87.14   7.82  54.44  10.02 149.37 252.06  20.27
  188  0.323 -1.026  0.349 181.57 235.22 162.22 236.18 149.37 252.06  47.67
  189 -0.486 -0.066  0.687 120.69 135.37  76.44 135.29  46.90 135.19  33.62
  190 -0.809 -0.971  0.299  75.66 233.18  43.29 229.65  34.12 227.57  50.88
  191 -0.934 -0.975  0.627  25.68 253.70  29.01 231.94   9.89 229.20  39.33
  192  1.058 -0.400 -0.834 199.46 167.99 234.60 168.23 245.49 169.72  25.19
  193  0.520 -0.724  0.346 198.95 203.35  39.51 250.84 152.06 205.38  44.44
  194 -0.014 -0.835  0.347 151.02 215.77 126.89 215.79 102.77 216.34  52.08
  195 -0.095  0.752  0.398 145.71  48.87 118.31  49.02 149.37 252.06  43.11
  196 -0.782  0.083  0.819  97.94 119.25  44.53 119.37  15.41 119.61  35.56
  197 -0.324  0.086  0.093 113.72 118.92  94.10 119.66  85.78 119.35  34.47
  198 -0.615 -0.661  0.116  86.77 198.34  39.51 250.84  58.27 196.15  43.70
  199 -0.296 -0.878 -0.226 103.46 219.52  97.83 218.49 149.37 252.06  39.48
  200 -0.473  0.037  0.173 102.15 124.26  78.82 124.30  68.57 124.63  51.95
  201  0.584  0.077 -0.263 180.87 121.65 188.16 119.69 181.19 119.53  21.66
  202  0.458  0.779  0.674 206.60  46.52 177.07  45.29 149.37 252.06  36.70
  203 -1.147 -0.943  0.379  46.24 230.44   7.55 227.49 149.37 252.06  40.40
  204 -0.537  0.418  0.947 126.29  82.97  70.34  83.15  31.87  84.11  36.94
  205  0.089  0.099 -0.913  25.68 253.70 137.21 118.37 159.75 118.26  39.33
  206 -1.070 -0.903 -0.436  23.80 223.34  39.51 250.84  40.49 218.42  36.00
  207 -1.214  0.521 -0.583  25.68 253.70   5.15  76.05  34.02  75.98  39.33
  208 -0.964 -0.290  0.389  25.68 253.70  26.76 158.78  16.99 157.99  39.33
  209 -1.248  1.108 -0.235  14.07  10.23  39.51 250.84  17.41  17.47  38.90
