    1 -0.435  0.621  0.435 115.66  62.05  82.42  62.73  61.47  63.53  46.42
    2 -0.053  1.144  0.950 171.51   5.51 122.62   5.05  75.38   5.86  39.00
    3 -0.039  0.255  0.355 149.07 101.46 124.15 101.48 100.33 101.50  47.92
    4  0.112  1.084 -0.899 115.27  19.02 139.50  19.65 161.23  18.42  47.71
    5  0.201  1.108  0.886 192.10  10.38 149.86   9.22 101.31   9.14  85.09
    6  0.393  0.307  0.747 203.60  95.94 170.24  95.51 124.63  95.28  84.88
    7 -0.287  0.266 -0.458  95.65 100.80  99.07 101.15 109.45 101.19  45.81
    8 -0.017  0.517  0.118 141.88  74.29 126.47  74.38 111.52  74.33  50.32
    9  0.462  0.977 -0.624 156.31  29.86 175.01  29.39 182.88  27.58  45.12
   10 -0.807 -0.165  0.856  96.93 146.22  41.67 145.92  11.60 145.47  43.14
   11 -0.270 -0.650  0.694 141.16 197.77  99.47 197.54  65.96 196.79  47.41
   12 -0.042  1.126 -0.716 108.34  13.75 124.06  14.70 140.75  13.98  45.22
   13  0.459 -0.253 -0.872 146.63 153.52 174.25 153.59 191.60 154.08  82.76
   14 -1.025  0.473 -0.183  37.11  78.11  22.73  79.58  34.51  80.64  42.67
   15  0.336  0.925  0.397 184.66  31.68 163.63  30.77 133.02  30.03  48.18
   16 -0.969 -0.032 -0.270  39.20 131.61  28.79 131.52  42.64 131.47  44.58
   17  0.051 -0.742 -0.296 132.24 204.55 133.50 204.38 133.45 204.75  47.62
   18 -0.242 -0.574  0.454 134.40 189.14 102.73 188.82  78.11 188.35  48.23
   19  0.093  0.893 -0.610 124.29  37.47 137.72  37.87 148.96  37.05  54.62
   20 -0.046  0.122 -0.244 125.40 115.69 123.50 115.74 122.74 115.70  91.28
   21 -1.063 -0.290 -0.447  24.02 158.75  19.95 157.79  41.61 157.18  41.34
   22 -0.620  0.478  0.229  90.56  77.43  63.35  78.26  53.35  79.03  38.21
   23 -0.242  0.865 -0.837  85.87  40.17 103.98  41.40 127.52  41.21  42.73
   24  0.058  0.849 -0.589 121.88  41.77 134.13  42.19 145.03  41.52  51.66
   25 -0.166 -0.189  0.736 158.36 148.39 107.18 148.42  79.47 148.28  44.24
   26  0.013  0.754 -0.937 105.05  52.21 129.53  52.85 153.79  52.19  44.00
   27  0.338  0.210  0.207 177.26 106.48 163.57 106.31 140.55 106.10  47.35
   28  0.109 -0.596 -0.053 146.61 189.89 139.63 189.92 129.39 190.23  48.26
   29  0.989 -0.105 -0.387 210.98 138.75 229.30 138.98 223.37 139.31  75.75
   30 -0.227  0.822 -0.621  95.07  43.96 105.25  44.99 120.78  44.91  47.25
   31 -0.231 -0.963 -0.171 111.42 228.44 104.43 227.52 103.27 227.26  58.12
   32 -0.360  1.097 -0.915  72.39  16.50  92.20  18.42 119.99  18.44  43.17
   33 -1.038  0.300 -0.447  26.31  96.66  22.45  97.65  43.68  98.29  41.98
   34 -0.096  0.185  0.028 131.27 108.96 118.29 109.04 107.87 109.06  51.11
   35 -0.949  0.372 -0.444  34.88  89.19  31.53  90.33  51.17  91.03  44.49
   36 -0.545 -0.583  0.489 107.54 190.66  70.69 189.92  49.61 188.94  46.33
   37  0.744  0.254  0.972 244.15 101.61 208.47 100.93 149.04 100.53  41.24
   38  0.287 -0.545  0.926 201.44 186.11 159.15 186.85 107.76 187.00  43.50
   39 -0.889 -0.493  0.160  62.67 180.92  35.50 179.65  32.65 178.56  48.19
   40  1.202 -0.196 -0.567 222.10 147.64 250.20 148.14 249.96 148.87  42.56
   41  0.036 -0.399 -0.795 112.29 168.67 131.88 168.45 150.72 168.74  43.81
   42 -0.266 -0.763 -0.081 111.66 207.85 100.78 207.08  96.86 206.78  46.90
   43  0.067  1.174 -0.827 114.08   9.51 134.97  10.28 154.66   9.11  40.96
   44 -0.614 -0.357  0.617 105.98 166.69  62.98 166.17  38.34 165.47  41.12
   45  1.107  0.819  0.272 247.19  44.80 244.25  42.43 210.46  39.90  36.75
   46  0.159 -0.146  0.666 179.38 143.71 145.25 143.81 106.23 143.83  41.16
   47  0.344  0.621  0.648 195.39  62.95 164.91  62.17 124.05  61.76  42.25
   48 -0.894  0.847  0.385  70.65  37.03  34.17  39.08  23.12  41.16  40.19
   49 -0.350 -0.459 -0.826  76.41 175.17  93.18 174.47 117.61 174.34  62.68
   50  0.068 -0.296  0.257 154.96 159.28 135.34 159.32 113.84 159.38  47.79
   51 -0.253 -0.071  0.838 148.42 135.88 101.13 135.85  61.71 135.77  43.35
   52 -0.169 -0.360  0.642 148.45 166.63 110.24 166.52  77.18 166.31  49.99
   53  0.474 -0.125  0.561 203.44 141.33 178.52 141.52 139.57 141.67  41.21
   54 -0.828 -0.614  0.133  67.23 193.78  42.11 192.33  38.79 190.98  47.13
   55  0.251 -0.995 -0.121 156.70 230.64 154.26 230.97 144.80 231.90  47.87
   56  0.400  0.089  0.592 198.11 118.90 170.75 118.78 131.49 118.70  43.12
   57  0.715  1.111  0.010 202.93  14.76 202.44  12.98 183.00  10.56  45.10
   58 -0.994  0.917 -0.155  41.14  30.97  25.79  33.72  35.97  35.74  43.06
   59 -0.494 -0.862 -0.710  67.59 216.98  78.42 215.27 100.68 214.82  41.31
   60 -0.538 -0.478  0.202  97.26 179.01  72.02 178.27  61.68 177.57  48.14
   61 -0.505  0.455 -0.415  77.30  81.02  76.63  81.88  88.60  82.16  66.52
   62  1.062  0.771 -0.207 224.30  50.71 237.54  48.93 223.78  46.42  40.87
   63  0.728 -0.049  0.760 234.03 133.39 206.10 133.50 155.81 133.58  39.60
   64  0.120  0.272 -0.212 141.60 100.26 140.65 100.27 136.60 100.08  42.17
   65  0.854  0.754 -0.330 201.63  52.42 215.74  51.08 208.59  49.06  42.39
   66 -0.012 -0.728 -0.886 104.63 201.85 127.10 201.23 149.68 201.83  44.57
   67 -0.597 -1.095 -0.910  51.00 240.46  68.47 237.89  99.14 237.24  41.36
   68 -0.140 -1.205 -0.320 114.23 252.72 113.92 251.74 117.16 251.85  93.60
   69 -0.896 -0.348  0.382  70.28 165.77  33.91 164.92  23.12 164.07  43.12
   70 -0.510 -0.457 -0.278  81.84 175.92  75.91 175.09  82.90 174.71  59.38
   71 -0.171 -0.841 -0.697  97.40 214.11 111.02 213.15 128.60 213.38  44.04
   72  1.202  0.306 -0.625 219.87  97.94 249.91  97.25 252.01  96.10  41.29
   73  0.150  0.064 -0.706 125.65 121.82 143.34 121.75 157.62 121.67  91.60
   74  0.540 -0.188 -0.336 174.04 147.40 183.54 147.52 179.62 147.88  54.68
   75  0.958 -0.202 -0.865 190.01 148.31 224.37 148.54 237.49 149.18  40.65
   76  0.938  0.354 -0.955 184.82  93.34 222.03  92.85 238.70  91.70  37.68
   77  0.813 -0.399 -0.898 176.30 167.78 209.68 168.25 225.06 169.40  42.67
   78 -0.191  0.804  0.144 127.10  43.91 108.40  44.40  94.85  44.72  53.14
   79  0.572  0.028 -0.726 162.08 125.49 185.90 125.48 196.83 125.38  45.45
   80 -0.749  0.812 -0.455  53.20  43.50  51.90  45.54  68.80  46.65  40.50
   81 -0.862  0.845 -0.022  58.47  38.48  38.98  40.68  42.16  42.33  42.06
   82  1.163 -0.464 -0.549 219.50 174.34 246.36 175.39 245.61 177.08  41.92
   83  0.768  1.074  0.521 227.86  16.95 209.57  14.60 168.66  12.41  43.08
   84 -0.541 -0.615  0.845 121.79 194.87  70.24 194.20  35.55 192.89  55.06
   85 -1.070 -0.830  0.148  45.00 217.31  16.68 214.78  17.47 212.56  42.53
   86 -0.450 -0.623  0.066 100.29 193.90  81.52 193.04  74.81 192.42  46.07
   87  0.204 -0.628 -0.950 121.51 191.33 148.66 191.10 171.40 191.99  47.43
   88  0.853  0.297  0.221 223.25  97.77 217.52  97.13 188.24  96.45  53.26
   89 -0.523  1.111 -0.062  88.75  11.48  74.14  13.33  73.25  14.54  44.14
   90 -0.070 -0.454  0.479 151.14 176.27 120.89 176.20  92.70 176.05  54.88
   91  1.168 -1.090 -0.122 236.81 237.90 248.87 240.80 230.75 244.58  43.18
   92 -0.185  0.541  0.234 131.05  71.33 108.87  71.62  91.84  71.87  45.89
   93  0.291  0.783 -0.465 147.24  48.65 157.87  48.53 161.51  47.51  36.00
   94 -0.740 -0.503 -0.400  56.06 180.80  52.71 179.59  67.54 178.93  38.78
   95  0.793  0.032  0.205 217.30 124.98 211.16 124.92 183.14 124.86  44.86
   96  0.540  0.767  0.034 188.39  49.56 184.31  48.62 165.78  47.36  48.82
   97 -0.749 -1.050 -0.160  64.19 238.88  51.06 236.51  57.43 234.76  44.80
   98  0.763  1.053 -0.362 192.60  22.02 206.34  20.58 201.23  17.88  43.90
   99  0.894  0.475  0.733 247.45  78.84 223.65  77.47 172.60  76.47  46.00
  100 -0.369 -0.602 -0.895  72.20 189.67  91.26 188.60 118.53 188.56  40.93
  101 -0.733 -0.920  0.070  76.21 225.97  50.83 224.01  51.69 222.36  41.93
  102  0.357 -0.012  0.887 206.14 129.53 166.59 129.55 115.81 129.56  41.92
  103 -1.104 -1.116 -0.663  12.63 245.00  16.68 241.06  46.34 238.86  37.97
  104  0.640 -0.148  0.066 198.44 143.44 194.80 143.65 173.95 143.93  39.47
  105  0.460 -0.527 -0.188 172.75 182.08 175.65 182.52 166.78 183.34  45.38
  106  0.158  0.920 -0.884 119.92  35.62 144.10  36.00 164.83  34.86  38.24
  107 -0.169 -0.073 -0.222 115.13 135.81 110.87 135.74 110.92 135.75  39.33
  108 -0.275  0.785  0.422 130.15  45.00  99.29  45.48  76.40  46.15  53.00
  109 -0.050 -0.081  1.016 174.34 136.91 122.86 136.95  72.99 136.89  39.72
  110  0.595 -0.703 -0.285 180.92 199.53 189.29 200.37 182.83 201.70  39.44
  111 -0.397  0.223 -0.477  84.86 105.21  87.85 105.55 100.43 105.64  39.56
  112 -0.496 -0.196  0.603 116.56 149.24  75.50 149.02  49.42 148.84  45.05
  113 -0.699 -0.792 -0.651  50.77 210.31  57.53 208.36  80.61 207.45  40.85
  114 -1.075 -0.558 -0.041  37.54 187.81  16.95 186.06  24.57 184.67  40.29
  115  0.050 -0.912  0.029 144.46 223.05 133.52 222.99 120.85 223.32  51.14
  116  0.585  0.292 -0.368 176.67  98.62 188.07  98.36 184.89  97.89  46.25
  117  0.425  0.465 -0.366 162.84  80.95 171.76  80.68 170.13  80.01  44.14
  118  0.642  0.310 -0.956 159.59  97.43 192.37  97.29 211.59  96.45  33.95
  119  1.087  0.655  0.401 250.67  61.16 242.75  59.21 203.71  57.34  40.00
  120  0.114  0.633 -0.247 139.69  63.25 139.95  63.23 137.28  62.80  55.00
  121 -0.708 -0.435  0.719 101.03 175.37  52.70 174.65  25.91 173.68  39.33
  122 -0.538  0.828  0.035  90.91  40.90  72.38  42.27  68.20  43.33  40.62
  123  0.236 -0.297 -0.790 130.20 158.17 152.04 158.11 168.51 158.53  44.20
  124  0.789 -0.783  0.720 237.74 209.89 212.41 211.86 163.07 213.35  42.29
  125 -0.648  1.012 -0.154  73.70  21.78  61.45  23.87  65.96  25.26  40.38
  126 -0.333 -0.902 -0.109 104.42 222.42  93.96 221.38  91.88 220.83  38.00
  127  0.895  0.064 -0.279 207.07 121.82 220.07 121.72 210.62 121.54  37.80
  128  0.653 -0.993 -0.588 174.34 227.91 194.48 228.88 199.19 231.19  42.42
  129  0.995 -0.475  0.202 234.72 176.67 232.22 177.87 202.34 179.20  42.85
  130  0.083 -0.935 -0.790 116.55 222.96 136.73 222.42 154.52 223.20  36.26
  131  0.438  0.674  0.673 204.75  57.54 174.91  56.52 131.82  55.88  40.00
  132 -0.374  0.411  0.399 120.14  84.66  88.84  85.09  68.59  85.28  86.79
  133 -0.640  0.002  0.285  90.43 128.04  61.32 128.04  49.05 128.19  48.91
  134  0.462 -1.092 -0.479 161.79 238.85 175.24 239.38 177.53 241.41  42.80
  135  0.127 -0.542  0.038 151.86 184.49 141.46 184.59 127.70 184.91  47.68
  136  0.659  1.131 -0.498 178.27  14.39 195.27  13.18 196.41  10.59  36.86
  137 -0.911 -0.788  0.091  58.01 212.18  33.48 210.38  33.44 208.63  47.05
  138 -1.026 -0.099 -0.439  27.82 138.66  23.68 138.34  44.43 138.17  41.29
  139 -0.393 -1.194 -0.432  87.13 251.87  88.12 250.02  99.04 249.58  47.41
  140  0.957  0.510  0.529 244.67  75.61 229.57  74.18 186.53  72.98  43.86
  141 -1.014  0.107  0.044  46.48 116.71  22.97 117.03  26.45 117.50  43.59
  142  0.133 -0.424 -0.088 147.51 172.21 141.98 172.05 133.05 172.34  61.40
  143 -0.473 -1.057  0.420 111.68 240.97  78.37 239.69  58.74 238.34  48.97
  144  0.591 -0.651  0.720 220.27 196.46 191.30 197.65 144.34 198.57  53.56
  145  0.866 -0.094  0.154 221.65 137.91 218.56 138.08 191.91 138.32  55.62
  146 -0.296 -0.644 -0.931  77.52 193.69  98.64 192.76 126.25 192.79  37.12
  147  0.201  0.615 -0.536 136.54  65.73 148.70  65.74 155.96  65.04  52.25
  148 -0.316  0.086 -0.613  87.31 119.41  96.23 119.53 112.75 119.54  43.90
  149  0.138  0.481  0.817 183.47  77.10 143.06  76.70  98.24  76.70  40.00
  150 -0.912  0.210 -0.027  53.48 105.87  33.86 106.42  38.00 107.12  43.98
  151  1.180  0.162 -0.270 231.65 111.93 249.45 111.60 237.10 111.12  41.42
  152  0.603  0.018 -0.734 164.47 126.53 188.99 126.54 199.97 126.36  55.69
  153  0.087 -0.870  0.047 148.55 218.52 137.29 218.72 123.61 218.99  46.67
  154  0.105  1.168 -0.538 127.91   9.39 138.96   9.50 147.20   8.47  53.72
  155 -0.489  0.523 -0.700  68.42  74.40  78.92  75.60 100.83  75.69  46.46
  156 -0.629 -0.519  0.241  90.41 183.63  62.36 182.70  52.28 181.64  47.93
  157  0.770 -0.810 -0.175 200.35 210.37 207.52 211.75 194.98 213.70  49.17
  158 -1.125 -0.976 -0.372  20.91 231.37  13.24 227.98  33.29 225.73  33.71
  159 -0.337  0.962 -0.951  73.18  30.46  94.56  32.11 123.39  32.00  39.25
  160  0.336 -1.110  0.983 208.33 246.31 164.43 247.90 110.07 248.49  41.97
  161 -0.241  0.993 -0.810  86.93  27.14 104.09  28.16 126.56  28.42  44.06
  162 -1.058 -0.396 -0.833  10.88 169.44  22.00 168.15  56.84 167.36  34.33
  163 -1.195 -0.744 -0.098  24.06 207.74   4.82 205.14  16.57 203.08  35.38
  164  0.756  0.738 -0.667 180.21  54.49 204.72  53.64 211.60  51.64  42.71
  165  0.365 -1.164  0.095 175.28 248.48 166.31 249.57 147.14 250.74  42.16
  166  0.543 -0.543 -0.247 177.74 183.43 184.08 183.96 176.53 185.16  46.65
  167  0.055  0.689  0.281 154.74  56.18 133.96  55.97 111.74  55.86  48.47
  168 -0.060 -0.760  0.192 140.88 207.86 122.00 207.68 104.75 207.62  40.12
  169  0.430 -1.182 -0.348 163.74 248.67 172.48 248.91 169.51 251.07  79.62
  170  1.202  0.899 -0.565 221.73  39.18 250.47  36.97 249.25  33.57  39.29
  171 -0.876 -0.831  0.095  61.45 216.87  37.03 214.72  36.30 212.97  50.88
  172  0.237  0.687 -0.532 139.98  58.38 152.26  58.73 159.14  57.57  49.51
  173 -0.677 -1.180  0.017  77.40 253.15  58.04 250.72  56.68 248.91  47.89
  174 -1.041 -0.100  0.288  52.99 138.99  19.07 138.71  14.44 138.57  45.44
  175 -0.275 -1.171 -0.088 110.80 250.56  99.66 249.21  96.39 248.74  30.75
  176 -0.531 -0.808  0.318 102.24 214.24  72.57 213.25  57.62 211.93  48.00
  177 -1.111  0.966 -0.794   8.96  27.80  15.60  31.11  52.27  32.70  61.62
  178  0.804 -0.970 -0.463 192.17 225.58 210.19 226.99 208.62 229.77  44.27
  179  0.101  0.132  0.833 181.64 114.34 138.53 114.16  95.11 113.95  71.29
  180  0.680  0.143 -0.503 178.97 113.61 197.93 113.86 197.74 113.54  53.59
  181 -0.238  0.089 -0.369 103.42 119.08 103.95 119.17 110.48 119.22  42.50
  182  0.227 -1.119  0.075 162.78 244.57 151.56 244.38 135.81 245.53  44.65
  183  0.298  0.707 -0.955 129.54  57.49 158.07  57.57 179.99  56.46  28.20
  184  0.312 -0.387  0.852 200.90 169.12 161.58 169.64 113.22 170.05  46.29
  185  1.097 -0.211 -0.399 219.65 149.43 240.34 149.75 233.92 150.46  58.38
  186 -0.712 -0.300  0.623  97.02 160.77  52.58 160.25  29.54 159.34  35.64
  187  0.698  0.518 -0.294 189.45  76.10 199.87  75.41 192.67  73.35  44.56
  188  0.824  1.158 -0.104 208.37  10.83 213.19   8.64 197.92   5.53  33.86
  189 -0.706 -1.020  0.268  84.17 236.97  54.24 234.97  44.34 233.74  44.94
  190  0.709 -0.557  0.183 209.14 185.28 202.34 186.27 176.02 188.08  46.78
  191 -0.639 -0.414 -0.164  74.34 171.87  62.28 170.80  67.35 170.35  23.79
  192 -0.851  0.395 -0.375  46.11  87.05  41.49  87.68  56.52  88.39  45.42
  193 -1.214  0.318 -0.427  10.21  94.32   4.52  96.34  27.80  96.32  39.53
  194 -0.960  0.329 -0.927  16.81  94.55  32.09  95.22  68.82  95.66  44.65
  195  0.724  1.146  0.063 212.56  11.50 199.44   8.59 189.09   6.70  43.52
  196 -1.137  0.933 -0.306  22.06  29.24  11.85  32.48  29.68  35.09  34.21
  197  0.990 -0.227  0.198 234.05 151.45 231.76 152.03 202.03 152.45  37.86
  198  0.852 -0.300  0.196 222.15 159.16 217.20 159.82 189.12 159.83  41.85
  199  0.654 -0.615  0.638 222.53 192.80 197.76 193.50 153.41 194.47  35.17
  200  0.901 -1.132  0.410 242.41 244.61 218.83 247.58 193.56 250.29  30.00
  201  0.388 -0.041  0.008 153.51 131.67 180.72 133.05 130.37 132.78  42.79
  202  0.571  0.042  0.386 204.96 123.45 188.45 123.45 155.26 124.55  48.33
  203 -0.343  0.784  0.048 109.84  46.24  92.41  46.19  85.38  47.65  49.30
  204  0.638 -0.816  0.088 199.25 212.35 194.59 213.54 173.00 213.84  56.90
  205  0.358  0.974  0.650 196.93  25.55 166.19  24.30 125.41  24.44  41.00
  206  0.978  0.545  0.356 231.59  71.40 236.05  71.39 186.04  70.13  36.25
  207  0.769  0.529 -0.105 203.01  74.49 207.74  73.61 134.93 252.53  43.05
  208  0.103 -0.193  0.263 199.29 254.25 139.02 148.43 116.81 148.50  50.10
  209  0.713 -0.798  0.270 212.90 210.46 202.95 211.95 134.93 252.53  46.38
  210  1.138 -1.155 -0.924 203.07 241.70 242.22 243.86 134.93 252.53  37.45
  211  0.687 -0.293 -0.232 190.86 158.01 198.86 158.41 134.93 252.53  47.39
  212 -0.478  0.647 -0.434  77.82  60.99  80.16  62.49  90.50  62.61  41.67
  213 -0.350  0.423  0.422 123.15  83.30  91.40  83.66 134.93 252.53  17.11
  214  1.261 -0.538 -0.190 241.82 182.12  35.48 252.57 242.09 185.67  39.63
  215  0.811  0.029  0.974 250.05 125.18 215.67 125.09 134.93 252.53  35.71
  216  1.116  0.471 -0.244 226.65  80.38 243.37  79.23 229.42  79.56  36.22
  217  0.212 -1.124 -0.204 150.23 243.72  35.48 252.57 144.53 244.96  46.85
  218  0.132 -1.198 -0.144 145.34 251.84 141.84 251.74 134.93 252.53  54.13
  219 -0.874 -1.172  0.577 199.29 254.25  35.48 252.57  17.06 249.52  50.10
  220  1.158  0.186 -0.354 199.29 254.25 246.76 109.64 238.17 108.24  50.10
  221 -0.049 -0.830  0.245 143.97 215.25 123.05 215.10 103.68 215.07  50.79
  222 -0.908  0.907  0.199  62.39  31.09  33.41  33.48 134.93 252.53  40.91
  223  0.734 -1.077  0.208 212.31 238.84 204.99 240.84 134.93 252.53  40.62
  224 -0.561 -0.806 -0.297  76.30 212.50  70.89 211.07  78.92 209.94  42.37
  225  0.232  0.668  0.870 194.27  57.28 153.12  56.64 104.95  56.39  39.45
  226  0.116  0.127 -0.754 120.86 115.62  35.48 252.57 156.37 115.18  22.49
  227  0.034 -1.015 -0.625 118.38 231.67 131.67 231.07 134.93 252.53  52.64
  228 -0.798 -0.605  0.571  86.85 193.66  35.48 252.57  24.07 190.99  39.31
  229  0.139 -0.787 -0.851 119.38 207.68 142.19 207.31 161.89 208.22  46.88
  230 -0.352  0.800  0.052 108.77  44.22  35.48 252.57  83.98  45.72  46.89
  231 -0.593 -0.513  0.283  95.23 182.93  66.12 181.99 134.93 252.53  49.10
  232 -0.892  0.447 -0.776  28.40  81.93  38.46  83.28 134.93 252.53  43.31
  233 -0.359 -0.199  0.911 141.46 149.58  89.64 149.74 134.93 252.53  32.95
  234 -0.551  0.022  0.489 107.00 125.90  70.04 125.92 134.93 252.53  41.94
  235 -0.249  0.967  0.411 132.12  25.73  35.48 252.57  79.15  27.05  41.50
  236  0.865  0.779 -0.592 192.38  50.40  35.48 252.57 218.97  47.01  40.89
