    1  0.037  0.431  0.485 161.12  82.80 132.19  82.70 102.15  82.71  49.07
    2 -0.724  0.616 -0.644  48.78  64.42  55.08  65.98  78.27  66.66  43.58
    3 -0.214  0.550  0.831 151.78  69.26 105.34  69.35  65.57  69.92  39.90
    4  0.096  0.559 -0.582 125.49  71.33 137.97  71.55 148.17  71.06  46.26
    5 -1.003  0.409 -0.800  17.19  85.73  27.41  87.11  60.25  87.78  34.15
    6 -0.254  0.760  0.250 125.39  48.10 101.71  48.65  85.08  49.14  48.72
    7 -0.008  0.733 -0.579 116.34  53.48 127.45  53.97 138.75  53.51  50.72
    8 -0.469  1.143 -0.843  65.10  11.18  81.14  13.47 107.75  13.85  43.38
    9 -0.573  0.450 -0.694  60.86  81.84  70.45  82.82  93.26  83.12  45.65
   10  0.594  0.786  0.906 228.12  45.51 192.08  43.80 137.32  42.86  42.58
   11 -0.432  0.312 -0.432  83.30  95.91  84.18  96.46  95.62  96.63  90.86
   12  0.502  0.232  0.234 192.90 104.27 180.78 103.97 154.74 103.65  45.84
   13 -1.144 -0.217 -0.563  12.20 151.07  12.13 150.29  39.14 149.82  40.12
   14 -0.824  0.336  0.736  90.68  91.75  40.25  92.44  15.02  93.32  46.82
   15  0.643  0.255 -0.411 180.18 102.48 193.91 102.19 191.89 101.64  45.20
   16  0.302  0.153 -0.594 143.35 112.76 158.92 112.73 167.34 112.51  44.79
   17 -0.482 -0.280  0.346 107.96 158.04  77.60 157.69  60.99 157.32  87.31
   18 -0.370  0.650 -0.166  98.92  60.39  90.13  61.25  90.85  61.65  47.30
   19 -1.067 -0.389  0.031  40.94 169.84  17.47 168.64  22.40 167.64  40.76
   20 -0.596 -0.607 -0.213  76.30 191.90  66.99 190.71  72.84 190.01  45.84
   21  0.086  0.385  0.773 176.97  87.31 137.51  87.07  95.21  87.14  43.00
   22  0.516  0.864  0.948 222.88  36.92 183.78  35.19 128.27  34.38  44.81
   23 -0.712 -0.431 -0.479  55.74 173.19  55.85 172.20  72.95 171.62  45.47
   24 -0.350 -0.074  0.311 118.71 136.05  91.52 135.98  73.95 135.91  49.68
   25 -0.231  0.202  0.052 119.67 107.04 104.33 107.23  94.70 107.32  53.00
   26 -0.326 -0.440 -0.260  99.42 173.96  94.82 173.41  98.44 173.22  47.98
   27  0.681  0.948  0.292 211.05  30.50 199.71  28.79 169.25  27.00  45.00
   28 -1.222  1.073 -0.477   7.94  14.88   3.79  18.94  29.13  21.61  34.69
   29  0.104 -0.078 -0.107 144.12 136.30 138.96 136.28 131.13 136.33  51.74
   30  0.383  1.134 -0.493 154.17  13.26 167.35  12.90 170.65  11.13  77.68
   31 -0.559  1.021  0.483 106.05  19.01  69.14  20.36  48.55  22.06  53.51
   32 -0.861 -0.315  0.152  65.06 161.92  38.49 161.18  35.44 160.48  43.56
   33 -0.542 -0.133  0.319 101.34 142.39  71.39 142.20  56.73 142.00  47.38
   34  0.054  0.850  0.795 174.98  37.76 134.08  37.22  91.36  37.48  82.29
   35 -1.138  0.570 -0.281  22.83  67.87  11.50  69.83  28.64  71.22  38.58
   36 -1.129  0.014 -0.577  13.17 126.73  13.80 126.81  41.02 126.81  39.00
   37 -0.783 -0.088  0.504  85.69 137.79  45.48 137.61  28.13 137.41  43.95
   38 -1.100  0.070 -0.377  22.87 120.87  15.86 121.10  35.57 121.31  40.67
   39 -0.254  1.136 -0.780  86.94  12.36 102.75  13.93 124.32  13.76  50.32
   40  0.630  0.569  0.345 208.63  69.49 194.48  68.52 162.47  67.52  42.59
   41  0.515 -1.166  0.084 188.24 248.16 181.82 249.54 161.49 251.34  48.00
   42 -0.138 -0.714  0.369 140.63 203.64 113.73 203.38  90.81 203.07  47.07
   43  0.026 -0.011  0.432 157.96 129.42 130.96 129.42 103.21 129.41  42.31
   44  0.462 -0.839 -0.329 167.52 213.51 175.57 214.13 172.10 215.51  49.63
   45  0.826 -0.565  0.836 245.78 187.28 216.84 188.84 162.17 189.93  41.55
   46  0.177  0.780  0.259 164.91  46.87 146.76  46.53 123.69  46.13  45.00
   47  0.449 -0.776  0.319 191.63 208.83 175.44 209.82 146.55 210.71  42.15
   48  0.544 -0.562  0.958 225.83 187.67 186.88 188.85 130.55 189.40  40.83
   49  0.414 -0.216 -0.824 144.49 149.97 169.82 150.02 185.84 150.42  44.08
   50 -1.186 -0.781 -0.068  25.93 211.75   5.58 209.05  16.13 206.87  39.42
   51  0.470 -0.710  0.979 220.06 203.49 178.90 204.84 122.70 205.39  41.80
   52 -1.002  1.036 -0.144  40.76  18.27  24.87  21.40  34.82  23.70  44.10
   53  0.039 -0.563 -0.527 122.48 185.79 132.23 185.50 141.05 185.90  45.81
   54  1.001  0.870  0.299 239.21  39.33 233.32  37.03 199.37  34.62  38.62
   55  0.647  0.522  0.165 202.95  74.62 195.78  73.80 170.86  72.80  42.65
   56 -0.625  0.036  0.787 111.55 124.30  61.38 124.34  30.48 124.45  41.26
   57 -0.797 -0.219  0.088  68.71 151.51  45.31 151.01  43.55 150.60  45.71
   58  0.602  0.859  0.548 214.35  38.86 192.08  37.27 152.04  36.00  43.86
   59 -0.124  0.267  0.949 164.84  99.54 114.96  99.49  69.01  99.73  38.85
   60  0.032 -0.166 -0.506 122.61 145.23 131.51 145.14 139.63 145.25  44.75
   61  0.330  0.421 -0.086 165.14  84.98 162.32  84.73 150.92  84.26  51.17
   62  0.813  0.284 -0.190 203.51  99.48 211.98  98.99 199.67  98.28  39.76
   63 -0.019 -0.696  0.293 148.51 201.30 126.26 201.26 104.52 201.22  46.41
   64 -0.268  0.520 -0.430  98.37  74.55 100.94  75.18 110.02  75.25  40.61
   65 -0.609  0.359  0.410  98.58  89.81  64.12  90.41  47.21  91.01  41.75
   66 -0.316  1.035  0.028 111.31  19.71  95.43  20.75  88.22  21.39  67.14
   67 -1.082 -1.188 -0.822   8.92 251.80  19.59 247.60  54.08 245.46  42.14
   68 -0.714  0.827 -0.662  49.02  42.59  56.10  44.68  79.77  45.55  38.33
   69 -0.747  0.866  0.237  78.97  35.85  50.05  37.65  41.89  39.32  43.81
   70  0.051  0.680  0.602 167.06  56.28 133.71  55.98  98.80  56.05  42.88
   71 -0.841 -0.451  0.766  90.21 177.35  38.39 176.44  12.31 175.27  42.98
   72 -0.222 -1.119 -0.189 111.69 244.55 105.42 243.50 104.90 243.26  46.73
   73 -0.512  0.244  0.767 121.44 101.93  73.53 102.16  41.36 102.60  47.39
   74 -1.021  1.138  0.348  57.16   5.42  20.91   8.61  13.56  11.73  42.04
   75  0.555  0.150  0.426 205.26 112.67 186.81 112.42 152.34 112.21  42.39
   76  0.588  1.024 -0.472 173.09  24.95 188.10  24.02 188.90  21.89  30.58
   77 -0.634 -0.885 -0.570  59.70 220.09  63.92 218.09  83.14 217.22  44.53
   78  0.780 -0.780  0.986 247.94 210.19 212.42 212.35 151.93 213.66  39.48
   79  0.817 -0.482 -0.124 206.50 177.14 212.52 177.93 197.69 179.14  70.46
   80  0.049  1.134  0.580 166.03   8.38 133.46   7.96  99.43   8.06  43.62
   81 -0.385 -0.337  0.880 137.77 164.63  86.88 164.44  48.10 163.90  39.75
   82 -0.019 -0.948 -0.326 124.82 225.79 126.27 225.30 128.20 225.70  49.20
   83 -0.738 -0.411 -0.023  70.12 171.71  51.86 170.77  53.02 170.11  43.97
   84  0.625  0.738 -0.455 176.93  53.84 191.92  53.01 191.82  51.41  54.78
   85  0.255 -0.521 -0.294 150.53 181.59 154.42 181.71 151.92 182.27  42.31
   86  0.641 -0.262  0.752 226.05 155.71 196.71 156.21 147.85 156.59  59.84
   87 -0.722 -1.153  0.146  77.99 250.89  52.98 248.45  47.62 246.44  87.72
   88 -0.210  1.194 -0.784  90.67   6.61 107.10   8.11 128.26   7.81  37.00
   89  0.378 -0.060  0.682 199.71 134.55 168.51 134.64 125.87 134.67  37.86
   90 -1.116  1.033 -0.305  24.15  18.82  13.92  22.34  31.40  24.85  38.58
   91 -0.865 -0.054  0.502  77.73 134.06  36.72 133.93  20.95 133.80  37.69
   92 -0.049 -0.838  0.010 134.95 215.42 123.17 215.26 112.82 215.24  49.98
   93 -1.041 -0.737 -0.176  37.91 206.40  19.98 204.13  34.59 202.51  46.32
   94 -0.007  1.106  0.947 175.57   9.76 127.52   9.18  79.67   9.80  42.90
   95  0.152  0.025  0.589 175.67 125.64 144.41 125.62 108.62 125.61  43.00
   96 -1.160 -0.505 -0.223  22.83 181.89   8.94 180.13  24.54 178.85  40.50
   97 -0.483 -0.888 -0.348  81.77 220.69  78.87 219.14  87.90 218.28  45.52
   98  0.126 -0.677 -0.421 131.46 197.57 142.73 197.39 142.06 197.89  45.43
   99 -0.227  0.511  0.863 151.80  73.32 103.86  73.39  63.02  73.96  47.30
  100 -0.859 -1.083  0.700  85.96 246.08  36.66 243.72  13.32 240.82  67.65
  101 -0.908  1.004 -0.677  30.44  23.72  36.49  26.77  63.59  28.28  39.33
  102 -0.572 -0.365  0.653 111.29 167.54  67.36 167.06  40.60 166.45  42.58
  103 -0.334 -1.162  0.608 131.95 252.32  92.81 251.66  63.63 250.36  55.42
  104 -0.818 -0.268  0.186  70.39 156.87  42.85 156.26  37.85 155.74  45.18
  105  0.240 -0.563  0.650 186.09 187.64 153.85 188.17 114.34 188.39  44.41
  106  0.211 -1.080 -0.811 127.27 237.12 149.45 236.83 166.85 238.26  42.74
  107  0.820 -1.070 -0.203 203.73 236.49 212.66 238.32 200.76 241.06  44.89
  108 -0.855 -0.955  0.349  73.04 230.93  38.42 228.70  28.02 226.49  43.33
  109 -1.023  0.420 -0.081  41.08  83.47  22.49  84.90  30.66  85.88  41.81
  110 -0.999  0.513 -0.511  27.80  74.44  26.72  76.07  49.52  77.09  35.89
  111 -0.205 -0.763  0.454 137.67 209.11 106.63 208.75  81.30 208.24  51.57
  112  0.626 -0.816 -0.868 161.35 209.60 191.04 210.16 206.74 212.12  36.05
  113 -0.657  0.395 -0.696  53.04  87.44  61.88  88.40  86.04  88.73  40.50
  114 -0.033 -0.777  0.949 173.22 211.55 124.74 211.91  77.24 211.44  43.15
  115  0.104 -0.442 -0.089 144.87 173.98 139.04 173.96 130.46 174.22  45.43
  116  0.010 -1.074  0.853 172.88 242.95 129.63 243.50  84.51 242.99  41.00
  117 -0.699 -0.550  0.228  83.17 186.88  55.13 185.80  46.47 184.81  43.80
  118 -0.577  0.233 -0.547  65.76 104.17  69.64 104.64  87.29 104.84  39.50
  119 -0.041 -0.514 -0.463 117.69 180.96 124.07 180.61 131.45 180.85  45.31
  120  0.122  0.400 -0.674 124.31  87.61 140.67  87.88 153.89  87.42  53.04
  121  0.086 -0.630  0.172 153.34 193.97 137.27 194.05 118.83 194.27  47.88
  122  0.722 -0.186 -0.534 182.24 146.98 201.56 147.19 203.65 147.67  38.93
  123  0.501  0.592  0.877 218.67  65.83 182.09  64.70 129.74  64.14  46.14
  124  0.739  0.980  0.937 242.33  25.40 207.79  22.78 149.87  21.23  46.84
  125  0.242 -0.323  0.753 190.38 162.43 154.16 162.70 110.45 162.81  51.04
  126 -0.833 -0.765  0.192  69.21 210.02  41.23 208.21  36.19 206.65  43.84
  127 -0.917 -0.245  0.608  76.82 154.82  30.86 154.24  12.13 153.61  39.60
  128 -0.129  0.971 -0.755  99.13  29.42 115.29  30.58 134.58  30.00  41.28
  129 -0.039 -1.120 -0.285 124.82 243.84 124.15 243.12 125.09 243.50  57.90
  130 -0.238 -1.001  0.654 142.62 235.18 102.96 234.81  70.45 233.87  44.06
  131 -0.401  0.022  0.516 122.11 125.81  85.80 125.82  61.47 126.15  46.05
  132  0.462  0.641 -0.047 178.40  62.57 176.12  61.96 161.66  61.01  33.89
  133 -0.364 -0.567  0.106 109.67 187.92  90.30 187.27  80.82 186.82  46.60
  134 -0.849 -0.311 -0.319  48.78 160.96  41.33 160.11  54.97 159.60  36.42
  135 -0.490  0.810  0.403 109.51  41.84  76.67  42.86  57.99  44.33  80.68
  136 -0.265 -0.789 -0.533  95.06 209.50 101.20 208.31 114.33 208.50  48.74
  137  0.474  0.107 -0.817 150.06 117.46 175.87 117.42 191.13 117.37  46.08
  138 -0.840 -1.037  0.534  81.48 240.28  39.32 238.04  21.83 235.49  38.47
  139  0.613 -0.353 -0.148 187.59 164.34 191.48 164.63 179.31 165.32  55.90
  140  0.325 -0.756 -0.612 144.77 204.73 161.16 204.76 170.04 205.88  61.67
  141 -0.694 -0.308  0.391  89.75 161.16  55.15 160.57  40.43 160.18  46.27
  142  0.705  0.135  0.573 224.40 114.27 203.07 113.98 160.85 113.74  38.67
  143  1.078 -0.730  0.215 242.40 202.57 240.98 204.57 209.78 206.79  32.64
  144 -0.578  0.358 -0.861  54.20  91.56  70.44  92.38  98.89  92.61  39.60
  145  0.880  0.497 -0.333 203.69  78.23 218.33  77.33 211.10  75.95  45.30
  146 -1.162 -0.997 -0.622   8.47 232.92  10.56 229.25  39.83 227.07  37.00
  147 -0.439 -1.071 -0.274  88.59 239.89  83.19 238.13  88.84 237.39  41.60
  148  0.400  0.752 -0.044 173.13  51.01 169.68  50.34 155.89  49.35  38.96
  149 -0.398 -0.491  0.035 103.91 179.89  86.99 179.28  80.68 178.86  39.12
  150  0.320 -0.311  0.220 176.14 160.51 161.69 160.76 138.40 161.05  49.86
  151  0.502 -0.240  0.947 221.52 153.59 182.32 153.99 126.95 154.37  46.85
  152 -0.659 -0.785  0.350  91.49 212.29  58.96 210.71  45.01 209.28  60.36
  153 -0.367 -0.070  0.785 135.68 135.80  89.04 135.81  53.55 135.65  37.86
  154 -1.072 -0.998  0.497  57.88 236.66  14.93 233.81   3.17 230.78  36.67
  155 -1.098  0.264  0.002  36.90  99.92  14.38 100.76  20.95 101.68  41.62
  156  0.376  0.068 -0.613 149.15 121.45 166.39 121.38 174.75 121.27  51.33
  157  1.058  0.696  0.281 243.36  57.21 239.18  55.29 205.43  53.24  34.00
  158 -0.043 -0.082 -0.602 112.79 136.67 123.60 136.36 137.01 136.66  44.69
  159 -0.257 -0.720 -0.177 108.81 203.06 101.90 202.43 101.26 202.19  45.67
  160  0.749 -1.071 -0.283 194.42 236.52 205.10 238.08 197.03 240.69  36.05
  161  0.934  0.209 -0.586 198.56 107.44 222.98 107.02 225.37 106.38  42.00
  162  0.629 -0.611 -0.800 164.11 189.31 191.58 189.71 204.59 191.15  51.00
  163 -0.342 -0.270 -0.314  95.87 156.20  93.27 156.19  99.04 155.69  42.08
  164  0.151 -0.235  0.037 153.79 152.53 143.96 152.59 129.75 152.93  53.50
  165  1.103  0.540 -0.650 210.43  74.82 239.85  73.62 243.36  71.70  52.67
  166 -0.280 -0.253  1.000 152.36 155.65  98.13 155.51  52.68 155.15  50.07
  167  1.065  1.048  0.178 239.91  21.71 239.42  18.68 209.97  15.60  68.45
  168  0.406  1.157 -0.613 159.90  11.64 164.72  11.09 185.60   8.88  34.74
  169  0.408  0.212 -0.146 169.69 106.60 170.44 106.37 160.33 106.07  43.89
  170 -1.143  0.422 -0.601  11.05  83.83  12.38  85.41  40.79  86.53  48.74
  171 -0.635  0.123  0.521  99.98 114.94  61.24 115.14  40.08 115.78  47.27
  172  0.993 -0.198 -0.205 218.46 148.29 230.44 148.54 217.25 149.11  36.19
  173 -0.286  0.901 -0.430  96.67  35.38  99.22  36.22 108.27  36.39  61.00
  174  0.084  0.438 -0.955 110.67  84.19 136.65  84.36 160.87  84.01  43.61
  175 -0.163  0.342  0.615 148.14  91.99 110.79  91.67  79.02  92.22  54.41
  176 -0.076  0.185  0.924 168.21 108.66 120.10 108.28  74.34 108.43  60.32
  177  0.976  0.652 -0.085 221.71  62.44 229.20  61.00 211.15  58.66  43.63
  178  0.658 -0.446  0.124 202.39 174.17 196.83 174.61 173.56 175.46  35.49
  179 -0.775 -0.986 -0.092  64.12 232.41  48.17 230.20  52.47 228.40  42.10
  180  1.110 -0.958  0.125 250.11 225.06 238.75 228.48 225.55 231.24  39.57
  181 -1.029 -0.511 -0.028  42.19 182.97  21.71 181.09  27.83 179.93  51.38
  182  1.142 -0.872  0.176 246.37 216.75 247.48 219.29 217.38 222.10  28.43
  183 -0.576 -0.777 -0.246  76.99 209.51  69.15 208.02  75.82 207.24  40.62
  184 -1.070  0.502 -0.597  17.83  75.51  19.95  77.69  46.57  78.30  39.71
  185 -1.195  0.846 -0.253   6.31  38.24  12.17  41.00  11.69  44.04  38.60
  186  0.318  0.392 -0.476 149.15  88.49 160.59  88.27 164.41  87.71  40.73
  187 -0.466  0.824  0.437 112.82  40.20  79.14  41.46  58.55  42.33  16.63
  188  0.929  1.044  0.418 237.90  20.70 226.20  18.24 188.08  15.64  34.67
  189  0.243  0.861 -0.492 141.83  40.17 153.04  40.94 157.96  39.91  57.50
  190 -1.037 -0.141  0.291  53.34 143.28  19.58 142.89  14.53 142.92  43.17
  191 -0.779 -1.027 -0.461  50.12 235.88  48.94 232.76  66.27 231.17  29.94
  192 -0.184 -1.141 -0.880  89.29 244.05 109.91 242.48 133.91 243.50  52.83
  193 -0.817 -1.103  0.466  80.80 247.64  42.10 244.53  26.32 241.95  22.88
  194  0.192  0.443 -0.176 149.39  82.65 148.02  82.59 141.72  82.20  41.84
  195  0.685  0.688 -0.826 168.04  59.80 197.14  59.15  46.95 254.24  51.76
  196  0.344 -0.466  0.956 131.95 252.32 165.28 178.43 111.80 178.63  55.42
  197  0.364  0.932  0.044 173.44  33.16 165.93  30.89 149.26  29.80  20.43
  198 -0.973 -0.407  0.462  66.06 172.19  25.52 171.13  13.26 170.42  43.64
  199 -0.683  0.368  0.174  82.71  89.91  56.82  89.46  50.12  89.98  29.02
  200  0.950  0.285 -0.298 211.08  99.47 225.60  98.92 216.50  98.34  38.62
  201  0.014  0.862  0.023 131.95 252.32 129.76  38.84 117.99  38.62  55.42
  202 -0.182  0.361 -0.206 114.57  90.77  92.81 251.66 109.16  91.10  44.61
  203 -0.275 -0.772 -0.202 106.30 208.48  92.81 251.66 100.66 207.38  48.21
  204 -0.097  1.042 -0.649 131.95 252.32 118.46  22.80 133.32  22.39  55.42
  205 -0.375  0.200  0.383 131.95 252.32  88.82 107.22  69.02 107.48  55.42
  206 -1.225 -0.745 -0.307  13.67 205.85   2.74 205.34  22.30 203.27  42.64
  207  0.730  0.262 -0.863 170.53 101.97 201.57 102.40 216.21 101.16  40.77
  208 -0.052 -0.074  0.664 160.01 136.07  92.81 251.66  86.94 136.05  50.94
  209 -0.989  0.019  0.458 131.95 252.32  23.79 127.93  12.00 124.74  55.42
  210 -0.539  0.002  0.168  95.79 128.09  71.95 128.10  46.95 254.24  44.61
  211  0.423 -0.655  0.374 191.50 196.39 172.82 197.17  46.95 254.24  48.50
  212  0.076  0.931  0.669 172.03  29.57 136.43  29.21  98.43  29.31  41.83
  213 -0.726 -0.879 -0.796  43.15 218.35  55.25 217.35  46.95 254.24  34.53
  214 -0.818 -0.530 -0.606 131.95 252.32  45.41 181.95  68.71 181.23  55.42
  215 -0.159  0.905 -0.781 131.95 252.32 112.26  37.16 132.74  36.81  55.42
  216 -0.535  0.062 -0.410  74.36 122.45  73.88 121.54  85.50 121.59  42.10
  217  1.065  0.545  0.903 131.95 252.32 242.82  69.64 182.59  68.21  55.42
  218 -0.331 -0.286 -0.142 103.37 158.12  92.81 251.66  93.48 157.59  24.50
  219 -0.435  0.130  0.996 137.76 114.15  81.37 114.24  46.95 254.24  45.05
