    1 -0.333  0.007 -0.609  85.83 127.52  94.51 127.54 111.06 127.53  45.77
    2 -0.909  0.321  0.396  69.55  93.68  32.50  94.47  21.43  95.27  42.45
    3 -0.534  1.023 -0.732  63.14  22.97  74.46  25.11  98.03  25.70  43.58
    4 -0.668  0.223 -0.107  73.49 104.75  59.31 105.23  62.45 105.54  44.50
    5  0.229 -0.593  0.532 180.32 190.53 152.51 191.04 117.84 191.27  47.79
    6 -0.424  0.377  0.658 125.47  87.79  83.17  88.14  53.65  88.68  44.04
    7 -0.352  1.129  0.926 142.75   6.26  90.36   6.78  49.13   8.50  44.31
    8 -0.713  0.373  0.649  97.89  87.94  52.42  88.58  28.35  89.42  45.97
    9 -0.081  0.252  0.335 144.49 101.76 119.82 101.82  97.37 101.86  53.03
   10 -0.604  0.724 -0.818  53.63  53.83  67.61  55.50  95.21  55.99  41.74
   11  0.265 -0.783 -0.944 127.09 206.75 154.83 206.61 176.65 207.78  40.56
   12  0.932  0.555 -0.319 208.75  72.40 223.77  71.37 215.53  69.73  39.33
   13  0.523  0.521 -0.792 155.25  76.08 180.83  75.84 194.59  74.74  44.33
   14  0.141 -0.090  0.113 155.95 137.59 142.92 137.61 126.06 137.67  48.07
   15  0.247  0.441  0.157 167.24  82.48 154.02  82.23 134.16  81.92  65.59
   16 -0.364  0.625  0.427 122.10  61.77  89.91  62.33  68.27  63.05  47.18
   17  0.472  0.689 -0.024 180.11  57.56 177.13  56.88 161.65  55.86  53.12
   18  0.849 -0.475  0.274 224.97 176.99 217.23 178.09 185.84 179.18  49.88
   19 -0.015  1.163 -0.162 131.43   7.92 126.70   8.37 122.36   8.01  52.33
   20  0.242  0.290  0.932 197.65  97.40 154.33  97.06 103.33  96.98  42.03
   21 -0.922  0.877 -0.569  33.08  36.65  34.65  39.28  58.35  40.75  42.79
   22  0.535  0.635  0.557 208.79  62.03 185.02  60.97 145.43  60.15  43.72
   23 -0.656  0.852  0.114  82.83  37.80  60.00  39.48  54.68  40.86  49.32
   24  1.139  0.225 -0.707 211.31 105.97 243.17 105.51 248.87 104.68  39.97
   25  0.684  0.589 -0.548 178.51  69.12 197.71  68.47 200.65  67.08  49.18
   26 -1.115  0.193 -0.318  23.67 107.83  14.01 108.49  32.07 108.98  42.18
   27 -0.595 -0.062 -0.099  80.57 134.80  66.80 134.69  68.50 134.60  45.21
   28  0.095  0.101 -0.707 120.74 118.04 137.86 118.09 152.78 117.99  42.89
   29 -0.141 -0.433  0.431 142.77 174.03 113.44 173.95  88.14 173.74  50.63
   30  0.162  0.779 -0.781 123.99  49.60 144.57  49.88 161.44  48.96  47.11
   31  1.113  1.026 -0.674 210.50  26.65 240.74  24.57 245.19  20.90  38.71
   32 -0.406  0.735  0.747 130.59  49.17  84.88  49.73  51.61  50.83  43.70
   33 -0.731 -0.139  0.057  73.71 143.04  52.29 142.73  50.46 142.49  48.31
   34 -1.037 -1.022  0.376  56.43 238.78  19.25 235.88  10.89 232.91  41.42
   35  0.910  0.407  0.627 244.49  86.13 224.95  85.01 178.21  84.07  43.81
   36 -0.539 -0.192  0.032  90.72 148.58  72.34 148.22  68.34 147.99  52.10
   37 -0.175  0.652  0.935 159.55  58.13 109.38  58.14  64.87  58.78  43.82
   38 -0.610 -0.912 -0.316  71.01 223.53  65.91 221.65  75.32 220.64  46.82
   39  0.745  0.229  0.498 224.83 104.49 207.03 104.00 167.44 103.60  48.69
   40 -0.479 -0.323 -0.312  83.49 161.86  79.13 161.28  86.97 161.04  61.71
   41 -0.195  0.584  0.661 146.78  65.96 107.45  66.07  74.09  66.59  50.37
   42  0.256  0.555  0.076 164.84  70.81 154.91  70.51 138.03  70.03  52.97
   43  0.284  0.685  0.233 173.52  57.00 157.96  56.50 134.59  55.99  45.64
   44  0.695  0.876 -0.441 183.58  39.96 199.14  38.89 197.76  36.89  41.60
   45  0.994 -0.059 -0.203 218.56 134.17 230.50 134.29 217.16 134.47  42.61
   46  0.121  0.577  0.554 171.45  67.47 141.07  67.13 107.13  67.04  42.05
   47  0.372  0.948 -0.677 146.47  32.72 165.91  32.53 176.68  30.96  47.27
   48 -0.097  1.019 -0.400 115.06  23.46 118.36  24.23 124.02  23.96  49.83
   49  0.553  0.952  0.443 205.77  29.36 186.61  27.83 151.47  26.48  42.39
   50 -0.381  0.409  0.954 141.11  84.01  87.20  84.21  45.49  84.89  41.58
   51  0.314  1.052 -0.359 153.32  21.00 160.36  20.67 159.63  19.28  47.82
   52  0.095  0.442  0.325 160.17  81.95 138.11  81.80 113.79  81.70  36.88
   53 -1.077 -0.121 -0.495  21.04 141.02  18.65 140.58  42.34 140.37  43.00
   54  0.641  1.101 -0.844 163.60  18.57 192.59  17.74 207.19  15.06  37.00
   55  0.977  0.901 -0.880 191.10  39.32 226.26  37.96 239.74  34.96  32.64
   56  0.740 -0.526 -0.254 194.53 181.47 204.30 182.23 194.97 183.49  42.25
   57 -1.012  0.676 -0.726  18.98  57.89  26.25  60.14  56.69  61.27  38.55
   58 -0.154  0.098  0.661 150.54 117.86 111.84 117.88  77.81 117.94  42.75
   59 -0.059  1.093  0.200 141.35  13.72 122.13  13.98 104.54  14.07  52.67
   60  1.135  0.419 -0.278 227.69  86.27 244.70  85.24 233.29  83.81  42.71
   61  1.123 -0.207 -0.785 207.01 148.68 241.27 149.07 250.11 149.83  69.64
   62 -0.357 -0.065  0.016 106.91 135.06  91.18 135.00  84.97 134.94  46.35
   63 -0.744 -0.917 -0.857  39.28 222.79  53.56 220.27  84.49 219.37  39.97
   64 -0.121  0.273  0.109 132.10  99.72 115.68  99.87 102.49  99.91  45.86
   65  0.310 -0.734  0.508 186.74 205.17 161.00 205.99 126.32 206.42  44.07
   66 -0.462 -0.190  0.916 132.06 148.87  78.63 148.71  39.79 148.36  44.82
   67 -0.633  0.280  0.287  91.52  98.37  61.84  98.86  49.95  99.36  50.26
   68 -1.106  0.965 -0.915   3.59  28.07  17.55  31.59  55.88  33.33  34.73
   69  0.350  0.492  0.574 192.98  76.73 165.39  76.08 127.54  75.73  90.00
   70  0.551  0.321  0.706 216.11  94.70 186.97  94.07 141.14  93.69  48.09
   71  0.627  0.698  0.264 205.17  56.28 194.02  55.14 165.28  53.95  46.00
   72 -0.044  0.171  0.419 151.10 110.28 123.56 110.28  97.37 110.34  46.40
   73 -0.961 -0.408 -0.163  43.93 171.48  29.24 170.28  39.19 169.43  42.38
   74 -0.390 -0.616 -0.653  79.12 191.55  88.87 190.52 107.71 190.35  47.23
   75  0.357 -0.500 -0.307 159.07 179.27 164.85 179.51 161.71 180.20  47.81
   76 -1.008 -0.931 -0.044  43.89 227.45  23.90 224.67  30.42 222.50  53.11
   77  0.893  0.869 -0.236 208.65  40.54 220.08  38.91 208.81  36.57  43.76
   78  1.009  0.792  0.439 245.50  46.89 234.69  44.65 194.79  42.56  43.37
   79  0.252 -0.794 -0.239 152.44 209.63 154.18 209.90 149.59 210.69  50.13
   80  0.718 -0.538 -0.944 166.47 181.53 200.12 182.08 217.96 183.46  43.43
   81  0.873 -0.108  0.633 241.59 139.45 221.12 139.81 174.54 139.99  48.50
   82  0.409  0.129  0.297 187.09 114.87 171.13 114.72 143.66 114.61  45.87
   83  0.206  0.768  0.632 182.27  47.26 150.12  46.58 111.83  46.35  58.43
   84  0.491  0.281 -0.484 164.11  99.87 178.25  99.69 180.54  99.17  44.00
   85 -0.895 -0.692 -0.209  48.44 201.30  36.21 199.39  46.61 198.08  43.16
   86 -0.176 -1.178 -0.670  97.93 248.66 110.43 247.31 127.05 247.61  46.19
   87  0.186 -0.839 -0.641 131.42 213.27 147.11 213.22 158.52 214.12  46.12
   88  0.349 -0.726  0.011 170.58 203.11 164.46 203.55 148.97 204.42  56.45
   89 -0.335 -0.497 -0.445  91.72 179.61  94.10 178.90 104.67 178.79  47.68
   90  0.206  0.289 -0.222 148.88  98.52 149.42  98.54 144.74  98.20  48.48
   91  0.705 -0.938 -0.121 196.92 223.67 201.06 225.03 186.99 227.05  53.23
   92  0.171 -0.902 -0.392 139.31 220.42 145.80 220.39 147.78 221.27  48.76
   93 -0.916 -0.449 -0.359  40.99 175.44  34.53 174.13  50.68 173.32  43.40
   94  0.311  0.182 -0.205 158.85 109.65 160.22 109.57 153.67 109.35  44.50
   95  0.104  0.997 -0.491 129.67  26.43 138.83  26.76 145.48  25.96  43.00
   96  0.918 -0.236 -0.717 192.13 151.73 220.86 152.08 228.47 152.81  40.17
   97 -0.543  0.784 -0.768  60.94  47.60  73.60  49.34  98.58  49.72  43.11
   98 -1.196 -0.428  0.139  32.51 174.31   3.53 172.86   7.01 171.57  39.50
   99  0.759 -0.886 -0.199 198.58 217.99 206.41 219.51 194.93 221.54  45.75
  100 -0.723 -0.273  0.183  79.18 157.33  52.70 156.73  46.20 156.23  42.79
  101 -0.356  0.155  0.796 137.13 111.51  90.20 111.60  54.13 111.90  45.10
  102  0.323  0.375 -0.095 164.20  89.71 161.64  89.50 150.62  89.06  46.67
  103 -0.294 -1.035  0.495 131.22 238.39  97.18 237.73  71.74 236.73  46.90
  104 -0.529 -0.487  0.361 104.26 180.13  72.61 179.41  56.28 178.70  57.74
  105 -1.114  1.030 -0.144  30.17  18.61  13.43  22.01  25.28  24.58  43.17
  106 -0.527 -0.878  0.554 111.76 222.44  72.38 221.29  48.57 219.88  46.54
  107 -0.714 -0.208  0.569  94.71 150.77  52.54 150.32  31.56 149.91  69.92
  108  1.044  0.438 -0.222 222.12  84.17 235.58  83.17 222.62  81.83  38.26
  109 -0.238  0.156 -0.130 112.37 112.09 103.74 112.16 101.34 112.25  56.39
  110  0.298 -0.609  0.469 184.11 192.01 159.72 192.58 126.75 192.99  62.87
  111  0.753  0.114  0.368 237.03 116.55 197.62 116.27 190.64 115.99  50.05
  112  0.905  0.012 -0.342 205.50 127.09 220.88 127.07 213.84 127.03  36.12
  113 -0.763 -0.017  0.206  76.16 130.08  48.51 130.05  41.70 129.92  44.56
  114  0.636 -1.042 -0.748 166.84 232.45 192.39 233.30 203.38 235.78  42.83
  115  0.188  0.317  0.712 183.82  94.68 148.30  94.39 107.04  94.41  45.21
  116  1.138 -1.013 -0.277 222.92 229.85 248.19 232.21 227.59 235.53  60.45
  117 -0.123  0.733 -0.640 103.78  53.35 115.81  54.12 130.81  53.73  46.80
  118 -0.053  0.973 -0.910 100.16  29.81 122.91  30.77 146.87  30.11  41.16
  119  1.044 -0.115  0.148 236.78 140.00 237.12 140.30 209.08 140.65  42.63
  120 -0.603  0.461 -0.189  76.63  79.78  66.17  80.75  71.34  81.41  87.59
  121 -0.993 -0.269 -0.023  46.00 156.89  25.39 156.08  30.93 155.54  45.98
  122  0.244  0.077 -0.088 157.39 120.27 153.51 120.25 143.18 120.21  52.16
  123 -1.075  0.284  0.295  49.90  97.64  15.59  98.46  11.10  99.26  45.63
  124 -0.944 -0.754 -0.812  22.36 206.45  33.41 204.06  65.74 202.91  41.45
  125 -0.573  0.609  0.253  95.96  63.53  68.28  64.50  56.60  65.47  51.38
  126 -0.136 -0.326  0.993 165.50 163.35 113.60 163.42  66.12 163.15  41.33
  127 -0.494 -1.151 -0.794  64.63 246.41  78.58 244.07 103.83 243.64  44.64
  128 -0.064 -0.624  0.524 153.44 194.28 121.49 194.29  91.42 194.06  44.39
  129 -0.684 -0.631 -0.175  69.36 194.51  57.88 193.29  63.51 192.40  54.28
  130 -0.048 -0.802  0.272 145.02 212.39 123.19 212.27 102.69 212.18  46.50
  131  0.394 -0.111 -0.726 146.44 139.43 167.97 139.45 180.45 139.64  44.31
  132  0.964  0.140  0.237 233.44 113.97 229.16 113.59 198.17 113.22  39.92
  133 -0.161  0.039 -0.803  94.27 124.26 112.05 124.30 133.41 124.34  44.57
  134  0.047  0.818 -0.467 125.47  44.66 133.05  44.99 139.49  44.43  38.95
  135 -0.167 -0.618  0.507 143.32 193.79 110.57 193.60  82.70 193.21  46.71
  136 -0.004 -0.902 -0.910 104.51 219.38 127.85 218.60 151.27 219.42  42.53
  137  0.852  0.501 -0.726 186.15  78.46 214.18  77.71 222.61  76.28  49.41
  138 -0.676  0.371 -0.863  45.26  90.03  60.40  90.98  90.64  91.32  44.93
  139 -0.397 -0.304  0.490 121.45 160.63  86.33 160.35  62.83 160.02  48.45
  140 -0.079  0.616  0.285 142.78  63.50 119.99  63.62  99.48  63.73  41.71
  141  0.266 -0.079  0.184 169.98 136.46 156.07 136.51 134.82 136.56  39.12
  142 -0.391  0.410 -0.699  77.26  86.12  88.79  86.91 109.24  86.91  55.36
  143 -1.096 -0.583 -0.367  24.15 189.88  15.99 187.81  35.95 186.49  26.42
  144 -0.468 -1.035 -0.351  83.13 235.89  80.37 234.12  89.30 233.41  43.04
  145  0.752 -1.117 -0.097 201.89 241.84 205.92 243.66 190.39 246.25  42.12
  146 -1.110  0.529 -0.482  18.35  72.52  15.25  74.37  38.91  75.58  34.58
  147 -0.668  0.623  0.165  83.68  61.92  58.51  63.32  51.72  64.20  46.87
  148  0.856  0.275  0.693 242.50  99.72 219.53  98.97 170.60  98.49  43.45
  149  1.009 -0.770  0.267 238.58 206.91 233.98 208.94 201.27 211.11  41.80
  150 -0.215  0.288 -0.501 100.54  98.61 106.38  98.92 117.41  98.90  51.00
  151  0.055 -1.147  0.434 160.85 248.94 134.02 249.38 105.76 249.32  44.76
  152  0.882 -0.416  0.651 243.33 171.28 221.96 172.65 174.90 173.32  43.45
  153  0.103 -0.024  0.050 150.14 130.76 139.01 130.76 125.10 130.83  44.47
  154  0.891 -0.288 -0.646 192.56 156.99 218.39 157.43 223.43 158.28  38.18
  155 -1.137  0.554 -0.229  36.21  69.63   5.43  71.33  36.58  72.56  37.00
  156  0.217  0.050 -0.065 155.89 123.21 150.80 123.10 139.80 123.07  55.04
  157  0.851  1.069 -0.494 195.10  21.17 214.89  19.50 214.21  16.52  36.33
  158  0.328 -1.038  0.332 181.39 236.41 162.73 237.37 134.77 238.26  40.88
  159  0.053 -0.449  0.548 165.05 175.70 133.82 175.85 101.10 175.87  47.05
  160 -0.377  0.524 -0.642  80.85  74.48  90.01  75.28 108.61  75.25  58.62
  161 -0.531  0.803  0.548 111.14  42.02  72.09  43.23  48.45  44.40  46.13
  162  0.173 -0.491 -0.323 142.11 178.63 145.99 178.58 145.52 179.03  59.00
  163  0.542 -0.834  0.127 192.27 214.02 184.70 215.10 162.46 216.52  48.22
  164  0.797 -0.722 -0.878 175.72 199.87 208.18 200.62 222.87 202.71  34.46
  165  0.724 -0.645 -0.197 195.53 193.63 202.78 194.59 191.57 196.07  47.45
  166 -0.938 -1.146 -0.616  29.92 247.85  33.30 244.31  58.69 242.42  39.43
  167 -0.661  0.576  0.843 110.37  65.66  57.43  66.55  25.05  67.83  40.91
  168 -0.083 -0.408 -0.173 125.05 170.47 119.48 170.46 117.03 170.20  87.53
  169  0.144  1.051 -0.889 118.49  22.38 142.72  22.88 163.72  21.61  24.22
  170  0.469  1.018  0.728 209.79  21.34 178.32  19.63 132.52  18.65  32.75
  171  1.021  1.109  0.009 229.36  16.01 234.20  13.09 211.92   9.78  58.50
  172 -1.136  0.372  0.264  42.85  88.02   9.22  89.24   7.13  90.33  38.25
  173 -0.260 -0.152 -0.602  92.75 143.92 101.93 143.63 117.20 143.63  38.39
  174  0.488  0.497 -0.815 151.38  78.46 177.37  78.27 192.27  77.32  44.36
  175  0.033 -0.532  0.660 167.68 184.70 131.76 184.96  94.84 184.84  46.71
  176 -0.833 -0.603  0.258  71.60 192.76  40.96 191.41  33.54 190.10  65.12
  177  0.532  0.014 -0.805 155.53 126.82 181.73 126.82 195.91 126.78  28.50
  178  1.160  0.219 -0.303 228.79 106.36 247.14 105.72 236.56 104.97  53.69
  179 -1.083 -1.135 -0.550  18.60 247.36  18.34 243.45  43.76 241.11  41.00
  180  1.071 -0.383 -0.166 226.61 166.80 238.58 167.71 223.14 168.95  34.20
  181 -0.065 -1.172  0.647 168.55 252.56 115.48 252.86  96.27 252.75  47.04
  182  0.069  0.926 -0.885 111.79  34.75 135.23  35.38 156.76  34.63  42.73
  183  0.831 -0.768 -0.162 224.56 205.90 203.21 207.44 219.43 209.55  43.74
  184  1.186 -0.982  0.192 250.98 227.96 252.10 230.90 221.23 234.25  40.88
  185 -0.442  0.296  0.801 129.37  96.23  80.89  96.58  46.26  96.99  42.42
  186  0.073 -0.984  0.042 147.09 230.41 135.82 230.40 122.47 231.07  49.49
  187  0.501  0.508  1.004 223.93  74.44 182.35  73.38 124.73  73.02  36.83
  188  1.093  0.666  0.211 234.16  60.55 248.33  58.46 200.60  56.50  33.08
  189 -0.869  0.489 -0.704  33.31  77.44  40.45  78.82  68.22  79.52  47.83
  190 -1.173 -0.759  0.275  39.73 210.36   5.27 207.87   3.50 205.55  34.88
  191  0.484 -0.922  0.992 221.89 226.07 180.43 227.74 123.54 228.20  41.92
  192 -1.206  0.170 -0.633   3.92 110.31   6.22 111.09  36.67 111.37  37.43
  193 -0.335 -0.312 -0.775  79.65 160.43  94.57 159.60 117.07 159.55  67.30
  194 -0.839 -0.750 -0.399  46.82 206.85  42.55 204.79  58.84 203.63  38.75
  195 -0.938 -0.597 -0.593  30.91 190.46  33.08 188.62  58.17 188.19  78.73
  196 -0.525  0.315  0.187  97.73  95.03  73.55  95.48  63.33  95.48  46.31
  197  0.102 -1.023  0.164 154.50 234.82 138.92 235.00 120.50 235.40  41.00
  198 -0.980 -1.088 -0.013  47.66 244.15  26.66 241.01  31.55 238.52  33.67
  199  0.510 -0.348 -0.112 180.15 164.55 180.88 163.82 168.60 164.37  64.87
  200 -0.952 -1.002 -0.795  22.09 232.09  32.53 228.87  64.21 227.98  42.16
  201  0.359 -0.317  0.140 176.54 161.19 165.65 161.19 145.09 161.54  39.10
  202  1.091 -0.871  0.115 228.62 216.71 248.62 218.98 202.09 221.55  34.79
  203  1.068  0.332  0.200 240.61  94.53 240.06  93.39 209.11  92.61  34.47
  204  1.208 -1.170  0.029 246.22 246.33 253.65 249.73 229.08 253.82  31.67
  205  0.941  0.537 -0.849 189.57  75.41 222.50  74.30 235.79  72.54  23.86
  206  0.080  0.746  0.586 169.01  49.60 136.74  48.89 102.10  48.99  54.39
  207 -0.641  0.630  0.879 113.58  60.09  59.42  60.41  25.20  62.05  52.46
  208  0.726 -0.164 -0.045 201.87 145.37 203.22 145.09 186.42 145.44  24.76
  209  0.133 -0.374 -0.753 125.71 166.42 139.80 165.59 161.12 166.52  31.98
  210 -0.818 -0.681  0.579  84.68 202.30  41.80 200.89  21.41 198.26  42.16
  211  0.026  0.346  0.263 151.38  91.82 130.94  92.36 109.79  91.82  46.93
  212  0.488  1.157  0.403 193.28   8.04 182.76   6.52 141.37   4.65  46.56
  213 -1.088  0.124  0.348  61.87 114.74   7.83 115.16  17.62 115.83  36.82
  214  0.405 -1.192  0.274 186.11 252.22 170.62 253.42 144.23 254.13  37.94
  215 -0.577  0.192  0.730 112.60 107.53  67.36 107.58  35.93 108.38  34.24
  216 -1.119  0.606 -0.864   4.07  65.69  15.94  67.27  52.84  68.44  25.00
  217  0.833  1.118  0.419 229.54  13.27 216.00  10.23 178.82   7.72  24.20
  218  0.906 -0.346 -0.202 211.10 163.31 221.52 163.79 208.93 164.74  25.75
  219  1.090 -0.861 -0.127 246.36 214.36 230.98 217.27 241.28 220.32  36.68
  220  0.346  0.896 -0.189 162.58  36.50 163.86  36.03 144.23 254.13  39.29
  221 -1.193  0.704  0.097  31.30  52.54 130.61 253.96   9.00  57.02  41.20
  222 -0.507  0.577 -0.336 106.38 254.07  76.38  69.20  85.34  69.68  58.40
  223 -0.438  0.322  0.403 114.17  93.99  82.09  94.32 144.23 254.13  50.17
  224 -0.142 -0.462 -0.693 100.05 175.40 130.61 253.96 131.01 175.08  45.00
  225 -0.227  0.072  0.203 125.66 121.05 104.80 121.11  88.97 120.09  42.88
  226 -0.602 -0.484  0.468 101.48 180.08  64.68 179.37  45.51 178.52  40.40
  227  1.114  0.348 -0.650 211.41  93.77 130.61 253.96 244.49  91.86  32.35
  228  0.589 -1.126 -0.217 182.85 242.22 188.91 244.33 179.49 246.51  55.17
  229  0.075 -1.063  0.940 106.38 254.07 136.29 242.94  87.46 242.02  58.40
  230 -0.864 -0.218 -0.356  46.05 151.19  39.90 150.49  55.11 150.12  28.31
  231  0.018  0.549  0.368 154.75  70.47 130.13  70.41 104.93  70.66  43.68
  232  0.893  0.114  0.261 228.24 116.55 221.88 116.28 144.23 254.13  38.62
  233  0.782  0.281  0.640 234.04  98.47 211.40  97.78 165.76  98.90  36.53
  234 -0.194  0.086  0.311 133.16 119.20 107.88 119.26 144.23 254.13  38.42
  235 -0.459  0.543 -0.858  65.33  72.73  82.16  73.81 144.23 254.13  42.82
  236  0.023  0.321  0.776 171.39  94.08 130.61 253.96  89.38  94.06  38.86
  237 -0.966 -0.678  0.293  60.32 201.25  26.90 199.44 144.23 254.13  44.07
  238 -0.313 -1.082 -0.401  95.41 239.56 130.61 253.96 104.84 239.02  38.33
  239 -0.326  0.896 -0.745 106.38 254.07  95.42  37.97 116.66  38.03  58.40
  240 -0.299 -1.209 -0.142 106.38 254.07  97.40 253.22 144.23 254.13  58.40
  241  0.951 -1.068  0.985 106.38 254.07 230.83 243.44 168.27 245.77  58.40
  242 -0.614  0.155  0.242  91.59 111.79  63.95 112.06 144.23 254.13  43.92
  243 -0.794  0.530 -0.709  39.64  72.98  48.26  74.40  74.43  76.15  45.03
  244  0.527  0.790 -0.201 178.13  45.21 182.54  49.45 144.23 254.13  24.86
