    1 -1.154  0.334  0.001  31.48  92.54   8.55  93.67  16.13  94.58  43.12
    2 -0.682  0.360 -0.515  57.22  90.77  58.91  91.62  76.95  92.02  44.92
    3 -0.361  0.830 -0.765  77.69  43.33  91.92  44.72 114.39  44.83  42.57
    4  0.329 -0.724 -0.645 143.76 201.38 161.53 201.52 171.50 202.57  52.22
    5 -0.903  0.692 -0.763  27.90  56.49  37.36  58.61  67.38  59.60  42.02
    6 -0.259  0.624 -0.747  87.58  64.48 102.14  65.35 122.72  65.29  44.09
    7  0.175  0.924 -0.645 130.24  34.58 145.96  34.81 157.58  33.77  48.74
    8 -0.643  0.517  0.377  93.99  72.98  60.54  73.87  45.44  74.80  41.69
    9 -0.619 -0.018  0.229  90.72 130.13  63.54 130.10  53.52 130.07  48.15
   10 -0.968  0.454  0.659  73.93  78.81  25.24  79.92   5.64  81.26  41.66
   11  0.255  0.465 -0.569 140.09  81.05 154.12  81.04 162.10  80.45  48.25
   12 -0.589 -0.197  0.252  94.37 149.19  66.61 148.86  55.26 148.56  46.35
   13 -0.239 -0.862  0.729 145.46 220.52 102.73 220.32  67.37 219.38  51.58
   14 -0.542  0.641  0.919 124.59  58.62  69.97  59.29  32.48  60.60  41.18
   15 -0.717 -0.609 -0.218  64.90 192.29  54.56 190.92  62.49 190.01  44.66
   16  0.017  0.760 -0.274 130.04  49.99 130.02  50.30 129.55  49.94  51.67
   17 -0.341  0.650 -0.127 103.02  60.39  93.07  61.19  91.96  61.56  47.79
   18  0.280  0.024  0.694 191.40 125.73 158.07 125.73 116.28 125.69  41.44
   19 -0.636  0.886 -0.254  71.10  35.46  62.94  37.31  70.85  38.39  45.05
   20  0.921  1.000 -0.433 203.44  28.02 222.24  26.26 218.61  23.31  39.88
   21 -0.700  0.593  0.112  78.73  65.25  55.35  66.45  51.00  67.50  48.56
   22 -0.275 -0.979 -0.631  90.41 228.62 100.44 227.35 116.91 227.27  44.43
   23  0.103  0.363  0.776 178.67  89.64 139.28  89.39  96.70  89.43  48.40
   24 -0.612 -0.275 -0.236  73.89 157.01  65.35 156.48  72.31 156.14  47.06
   25  0.597  1.016 -0.727 164.25  26.52 188.50  25.80 199.03  23.49  42.71
   26  1.139  0.750 -0.196 231.35  52.98 245.54  51.10 230.73  48.53  41.75
   27 -1.156 -0.392 -0.028  30.29 170.18   8.54 168.86  17.16 167.79  41.09
   28  0.780  0.770  0.422 224.86  48.79 210.46  47.11 173.64  45.52  41.93
   29 -1.117 -0.527 -0.092  31.67 184.48  12.87 182.73  23.02 181.36  40.44
   30 -0.764  0.526 -0.822  38.65  73.95  51.43  75.37  81.55  75.93  51.42
   31 -0.266  0.944  0.529 135.08  27.80 100.07  28.33  72.89  29.20  46.22
   32  0.270  0.276 -0.950 127.22 100.63 155.22 100.70 177.30 100.27  44.20
   33  0.425 -0.197 -0.271 166.40 148.38 171.83 148.51 166.58 148.82  47.02
   34  0.693  0.987  0.717 229.27  25.19 202.22  22.97 154.07  21.36  41.21
   35 -0.613  1.010 -0.571  61.70  23.53  66.09  25.78  85.01  26.67  43.32
   36 -0.953 -0.192  0.147  56.12 148.77  28.89 148.24  27.64 147.77  40.50
   37 -0.212 -0.045 -0.266 109.59 132.97 106.51 132.92 108.80 132.91  53.79
   38 -0.590  0.190  0.067  87.31 108.21  66.97 108.55  62.46 108.82  44.28
   39  0.183  0.661  0.446 172.82  58.91 147.59  58.51 117.04  58.27  42.56
   40  0.804  0.659  0.085 213.58  60.95 211.96  59.68 188.68  58.13  41.52
   41 -0.011  0.832  0.963 175.86  39.01 127.12  38.58  78.69  39.07  33.10
   42 -0.201  0.191  0.467 138.61 108.04 107.03 108.12  81.25 108.26  44.37
   43 -0.487  0.309  0.981 132.26  94.64  75.77  94.90  34.86  95.50  40.08
   44 -0.969 -0.441  0.682  74.74 176.37  25.03 175.26   4.58 173.95  41.89
   45  0.279 -0.120 -0.276 153.32 140.57 156.88 140.59 153.39 140.73  52.24
   46  0.528  0.559 -0.708 158.83  72.13 181.50  71.81 192.00  70.65  42.00
   47  0.081  0.499  0.274 156.80  76.09 136.70  75.99 114.34  75.87  48.00
   48  0.373  0.857 -0.327 159.73  40.97 166.44  40.55 163.87  39.32  46.89
   49 -0.485 -1.021  0.142 100.12 236.14  77.57 234.78  68.87 233.51  46.51
   50  0.488  0.940 -0.409 166.75  32.95 178.11  32.29 177.47  30.61  37.67
   51  0.567  1.169 -0.618 165.75  10.75 185.71   9.87 192.32   7.40  42.85
   52  0.428  1.159 -0.442 160.31  10.77 171.95  10.15 173.16   8.24  41.50
   53 -0.042 -0.825 -0.616 111.98 212.42 124.05 211.80 137.09 212.24  45.00
   54 -0.534  0.591 -0.562  69.25  67.07  74.10  68.24  91.63  68.67  45.87
   55 -0.133 -0.506  0.330 139.59 181.54 114.35 181.37  92.84 181.17  53.43
   56 -0.060 -0.743 -0.003 133.36 205.62 122.02 205.34 112.27 205.39  48.83
   57  0.446 -0.946 -0.084 175.59 225.18 174.39 226.00 161.51 227.39  46.71
   58  0.362  0.006  0.112 175.67 127.61 165.93 127.60 146.37 127.59  48.61
   59 -0.475  0.364  0.299 106.76  89.66  78.42  90.09  63.41  90.55  53.47
   60 -0.277 -0.321 -0.653  89.33 161.14 100.22 160.71 117.59 160.70  45.11
   61 -1.056  1.133 -0.830  11.23  10.45  22.16  14.42  56.79  16.43  38.64
   62 -0.325  0.039  0.657 134.56 124.09  93.68 124.12  62.52 124.19  45.89
   63 -0.221  0.119  0.275 129.37 115.72 105.15 115.79  87.12 115.86  45.27
   64  0.328  0.077  0.898 203.98 120.09 163.49 119.99 112.66 119.95  46.00
   65 -0.512  0.707  0.893 126.46  51.66  73.30  52.31  36.22  53.68  51.00
   66 -0.122 -0.090  0.791 158.68 137.92 115.27 137.93  75.50 137.82  39.81
   67  0.897  0.368  0.525 239.28  90.23 223.24  89.25 180.91  88.39  40.88
   68 -0.814  0.018  0.411  79.19 126.33  42.48 126.38  29.11 126.43  44.00
   69 -0.268  1.101  0.816 146.24   9.92  99.54  10.33  61.19  11.57  81.00
   70 -0.803 -0.652 -0.679  40.16 195.90  47.17 194.09  72.79 193.26  39.07
   71  0.720 -0.298  0.735 232.29 159.40 205.12 160.11 155.99 160.64  44.07
   72  0.866  0.003 -0.317 203.11 127.94 216.95 127.93 209.25 127.93  40.00
   73 -0.369  0.463 -0.113 100.95  79.81  90.19  80.40  88.89  80.75  47.34
   74  0.779  0.869 -0.389 193.17  40.76 207.71  39.50 204.03  37.38  44.50
   75 -0.329 -0.787 -0.297  97.80 209.98  94.56 208.97  99.56 208.65  46.17
   76  0.627  0.106 -0.086 191.43 117.38 193.08 117.35 178.52 117.02  44.94
   77 -0.079  0.681 -0.367 117.85  58.14 120.19  58.62 124.47  58.46  48.75
   78 -0.969 -0.334 -0.387  35.01 163.40  29.23 162.39  47.24 161.73  37.82
   79 -0.991 -0.267  0.118  51.37 156.89  25.01 156.10  25.46 155.46  45.38
   80 -0.516 -0.925 -0.416  76.21 224.36  75.57 222.62  87.55 221.93  47.17
   81 -0.908  0.937 -0.813  25.63  31.19  36.96  34.09  68.76  35.44  35.17
   82  0.009 -1.096  0.614 163.73 244.36 129.22 244.68  94.43 244.42  44.87
   83  0.976 -0.908 -0.622 200.83 218.65 227.07 220.23 230.45 223.12  41.31
   84 -1.096 -0.064  0.241  45.88 135.11  13.51 134.91  11.54 134.76  39.31
   85  0.293  0.697 -0.261 155.14  56.92 158.30  56.69 154.08  55.85  43.14
   86 -0.954 -1.039  0.669  75.73 241.41  26.72 238.91   6.41 235.90  39.70
   87 -0.807 -0.647  0.197  71.89 197.37  43.93 195.97  38.37 194.58  45.39
   88 -0.922 -0.125  0.048  55.37 141.61  32.49 141.26  34.29 141.01  46.73
   89 -0.889 -0.376 -0.045  54.99 168.24  36.19 167.20  40.70 166.42  49.21
   90  0.075  0.444 -0.342 132.59  82.69 135.91  82.81 137.36  82.52  42.87
   91 -1.063 -0.788 -0.207  32.76 211.97  18.85 209.36  32.23 207.45  45.35
   92 -0.700  0.404  0.721 101.94  84.45  53.61  85.08  26.59  86.00  48.12
   93 -0.523 -0.502 -0.319  79.15 180.67  74.70 179.68  83.29 179.22  56.81
   94 -0.507  0.122  0.439 109.17 115.35  74.73 115.41  55.03 115.58  93.65
   95 -0.835  0.465 -0.802  32.73  80.15  44.26  81.50  74.67  82.08  37.75
   96  0.761 -0.246 -0.571 184.30 152.88 205.50 153.19 208.67 153.85  41.69
   97 -0.097 -1.068 -0.312 118.41 238.39 118.37 237.64 120.74 237.86  48.00
   98  0.363 -0.761 -0.361 157.56 205.74 165.34 206.04 164.20 207.10  51.46
   99  1.032  0.393  0.527 251.05  87.85 237.53  86.61 193.73  85.53  53.36
  100 -0.563 -0.020  0.727 115.06 130.39  68.19 130.36  38.48 130.32  37.43
  101 -0.895  0.067  0.399  71.02 121.03  34.00 121.19  22.56 121.36  40.83
  102  0.550  0.899  1.011 228.56  33.17 187.67  31.25 129.01  30.29  44.12
  103 -0.583 -0.685  0.352  98.76 201.36  66.96 200.34  51.72 199.26  50.35
  104  0.086 -0.286  0.721 174.89 158.64 137.41 158.81  97.31 158.77  39.36
  105  0.143  1.161 -0.648 127.35  10.46 142.76  10.83 154.84   9.62  41.89
  106 -1.206 -0.223 -0.594   5.11 151.67   6.11 150.83  35.00 150.38  38.17
  107 -0.242  0.462 -0.823  86.26  81.28 103.91  81.87 127.00  81.77  50.00
  108  0.134 -1.071 -0.350 137.66 237.98 141.93 237.82 142.86 238.74  48.03
  109  0.393 -0.128  0.592 197.43 141.68 169.94 141.84 130.76 141.95  47.25
  110  0.062 -0.052  0.108 148.63 133.65 134.71 133.66 119.11 133.67  39.89
  111  0.077 -0.513 -0.392 130.91 180.81 136.11 180.65 139.42 181.01  45.13
  112  0.503 -0.626 -0.869 150.67 190.77 178.74 191.01 195.56 192.32  41.11
  113  0.326  0.039 -0.660 142.94 124.30 161.16 124.29 171.87 124.24  40.43
  114 -0.717 -0.458  0.202  80.51 177.10  53.36 176.16  45.98 175.32  47.00
  115  0.168 -1.205 -0.479 135.93 251.13 145.41 250.95 150.79 252.16  43.74
  116 -0.135  0.108 -0.723  99.62 117.31 114.70 117.38 132.87 117.37  50.30
  117 -0.162 -0.720 -0.559 103.25 202.12 111.85 201.37 124.28 201.53  53.85
  118  0.262 -0.756  0.274 173.15 206.97 155.74 207.48 130.98 208.03  47.72
  119  0.597 -0.215 -0.014 191.52 150.21 190.11 150.49 172.94 150.90  42.79
  120 -0.112 -0.423 -0.203 121.06 172.07 116.77 171.78 115.36 171.82  42.27
  121  0.700 -0.972  0.947 239.29 230.52 203.58 232.88 145.80 234.42  42.18
  122  0.949  0.037 -0.228 213.80 124.62 225.80 124.41 213.93 124.30  60.63
  123 -0.913 -0.931  0.487  72.66 228.94  31.68 226.67  17.33 224.23  42.12
  124 -0.604 -0.356  0.829 115.18 166.85  63.55 166.39  30.67 165.64  36.00
  125  0.134 -0.883 -0.613 127.81 217.97 141.87 217.69 152.76 218.57  44.93
  126 -0.349 -1.141  0.142 112.57 248.46  91.89 247.25  80.70 246.38  45.14
  127 -0.738 -0.206  0.337  83.41 150.35  50.76 149.87  38.58 149.56  84.91
  128  0.439 -0.317  0.631 203.15 161.46 174.92 161.94 133.53 162.25  40.62
  129  0.729 -1.039  0.173 210.51 234.82 204.39 236.93 178.17 238.88  46.00
  130 -0.408  0.490 -0.370  87.76  77.40  86.54  78.13  95.29  78.37  42.00
  131  0.864  0.079 -0.080 212.14 120.33 217.55 120.01 200.39 119.80  41.63
  132 -1.145  0.181  0.173  38.62 108.81   8.67 109.34  10.05 109.88  45.20
  133 -0.667 -1.131 -0.634  54.44 245.35  60.80 242.65  82.72 241.62  40.12
  134 -1.003 -0.173  0.513  65.02 147.02  22.17 146.56   8.56 146.12  48.44
  135  1.059  0.787 -0.635 207.37  50.13 235.43  48.61 238.76  45.93  37.86
  136 -0.684  0.243  0.435  92.41 102.12  56.15 102.55  39.55 103.28  44.02
  137 -0.624  1.024  0.381  96.10  18.61  62.56  20.38  46.97  22.42  86.58
  138  0.733 -0.503 -0.581 181.50 178.70 202.59 179.28 206.40 180.58  38.11
  139 -0.943 -0.673 -0.176  52.05 199.38  27.40 197.50  47.33 196.31  42.38
  140 -0.198 -0.538  0.453 138.32 185.40 107.35 185.07  82.05 184.71  62.50
  141 -0.458  0.054  0.184 103.98 122.54  80.47 122.52  69.53 122.64  68.79
  142 -0.118 -0.145 -0.139 122.97 143.22 116.13 143.18 112.40 143.31  50.44
  143  1.085 -1.135  0.339 248.09 244.30 242.28 247.58 205.85 250.97  42.56
  144 -0.184  0.948 -0.676  96.90  31.27 109.70  32.38 126.59  32.35  45.97
  145  1.021  0.965  0.177 236.02  30.01 234.90  27.52 205.73  24.72  56.25
  146 -0.463 -1.096  0.173 103.17 244.17  79.92 242.69  69.38 241.45  47.23
  147 -0.430 -0.509  0.032 100.78 181.78  83.61 181.08  77.88 180.66  46.40
  148  0.080  0.566  0.044 147.78  69.41 136.52  69.42 123.14  69.47  51.78
  149  0.086 -0.991 -0.430 130.43 229.67 137.05 229.34 141.64 230.22  46.90
  150  0.516 -1.169  0.074 187.92 248.42 181.89 249.81 161.96 251.64  42.40
  151 -1.187 -0.542 -0.315  17.01 185.69   6.64 183.73  25.90 182.42  39.65
  152 -0.195 -0.636  0.758 150.66 196.33 107.46 196.20  70.18 195.67  43.21
  153 -0.661 -0.297  0.601 100.91 160.22  58.07 159.74  34.87 159.36  44.37
  154 -0.456 -1.030 -0.328  85.62 235.37  81.28 233.80  90.03 232.99  42.05
  155  0.034 -0.361 -0.926 107.25 164.64 131.68 164.36 155.31 164.83  43.92
  156  0.097 -0.771  0.453 165.29 209.35 138.45 209.65 108.80 209.75  44.12
  157 -1.147 -1.036 -0.735   5.95 236.52  12.58 232.68  45.44 230.57  36.00
  158 -0.851 -0.800  0.469  73.53 214.61  40.84 212.77  19.49 210.82  47.55
  159  0.032  0.088 -0.936 106.66 119.50 131.50 119.40 155.44 119.32  63.71
  160 -0.627 -0.766 -0.231  72.73 208.53  63.79 206.96  70.77 206.03  36.00
  161  0.692 -0.097 -0.097 196.61 138.17 199.75 138.31 184.89 138.50  32.43
  162 -0.593 -0.341 -0.423  68.99 163.90  67.65 162.86  81.30 162.87  43.58
  163  0.875 -0.487 -0.137 210.98 177.61 218.54 178.54 203.58 179.86  39.60
  164 -0.769 -0.873 -0.049  66.25 220.62  48.64 218.59  51.26 217.10  42.40
  165 -0.340 -0.184 -0.741  80.53 147.26  93.90 146.73 115.47 146.76  36.20
  166 -0.314 -0.733 -0.279  99.84 204.43  96.00 203.38 100.17 203.10  56.33
  167 -0.062 -0.006 -0.736 105.64 128.90 121.99 128.79 139.80 128.80  32.90
  168  0.126  1.069  0.180 157.36  17.04 141.40  16.56 122.15  16.09  61.95
  169  0.404  0.510  0.887 210.01  74.12 171.97  73.73 119.79  73.12  47.00
  170  0.184  1.097  0.002 155.63  14.88 147.35  14.45 134.17  13.71  46.37
  171 -0.057  0.408 -0.632 109.91  86.67 122.55  86.93 136.34  86.72  31.50
  172 -0.543  1.114 -0.306  66.55  11.93  79.01  14.07  70.02  15.30  42.12
  173 -0.858 -0.954  0.426  75.72 231.01  37.77 228.75  24.65 226.63  49.21
  174 -0.028 -0.392  0.266 146.63 169.64 125.40 169.20 104.81 169.20  55.47
  175 -0.972 -1.148  0.298  59.97 251.65  26.35 248.90  19.82 245.61  41.75
  176 -1.033 -0.333  0.405  58.06 164.35  19.47 163.29  10.31 162.35  27.37
  177 -1.108  0.506 -0.882   4.42  75.61  17.16  77.58  54.43  78.40  37.73
  178 -0.535 -0.445 -0.032  88.63 175.02  72.85 174.38  71.06 173.76  38.62
  179  1.065 -0.947  0.106 237.02 224.36 239.21 226.84 212.58 229.73  40.00
  180 -0.407  0.542  0.636 125.99  70.00  85.07  70.46  55.83  71.82  54.28
  181  0.616 -0.794 -0.876 160.31 207.44 189.99 207.80 206.19 209.69  47.33
  182  0.977  0.133  0.340 238.70 114.78 230.87 114.29 195.53 113.93  30.39
  183 -0.756 -0.546 -0.562  48.44 184.86  51.64 184.12  72.14 182.76  45.26
  184 -0.183 -0.888  0.482 141.67 222.42 108.51 222.03  82.98 221.50  53.75
  185 -0.271  0.643  0.451 131.38  59.80  99.81  60.74  75.42  60.76  48.62
  186 -0.764  0.072 -0.432  52.54 120.67  50.35 120.84  66.62 121.09  42.10
  187  0.864  0.435 -0.907 180.35  85.25 214.78  84.66 230.14  83.38  25.57
  188 -0.462  0.167  0.953 133.73 109.92  78.31 110.74  38.47 110.42  46.47
  189 -1.143  1.124 -0.223  24.79   8.57  10.68  12.45  26.11  16.01  39.22
  190  0.024  0.470  0.733 169.70  78.20 130.85  77.99  91.09  78.30  38.29
  191 -0.704  0.151  0.930 109.64 112.29  52.54 111.74  17.60 112.16  24.34
  192 -0.809  0.243 -0.611  41.89 103.15  46.43 103.51  69.55 103.84  24.16
  193 -1.172  0.550 -0.553  12.89  70.43   7.65  71.93  39.00  74.08  39.75
  194  0.996 -0.745  0.492 246.34 205.55 233.77 206.64 191.38 208.61  43.16
  195 -0.435  1.195 -0.833  68.62   5.91  84.59   8.42 110.40   8.51  32.60
  196  0.522  0.170 -0.413 169.32 110.63 181.59 110.50 180.57 111.59  48.29
  197 -0.601  1.043  0.428 100.39  16.09  64.61  18.34  47.42  20.40  51.30
  198 -0.315  0.522  0.870 143.92  72.00  94.44  72.18 251.66 254.22  52.79
  199 -1.196 -0.825 -0.191  20.62 215.97   5.13 213.33 251.66 254.22  41.59
  200  0.770 -1.192  0.492 226.92 251.89 209.72 254.04 251.66 254.22  41.07
  201 -0.522 -1.060 -0.760  63.22 237.22 209.72 254.04 100.03 234.46  43.59
  202 -1.098  0.526 -0.077  34.10  72.10  14.66  73.65  24.08  75.35  46.33
  203  1.150 -0.194  0.417 162.18 253.92 249.49 148.63 209.19 149.32  42.16
  204 -1.123 -0.935  0.417  49.95 229.72   9.85 226.86 251.66 254.22  33.62
  205 -1.190 -0.848 -0.408  13.47 217.93 209.72 254.04  29.23 212.82  34.62
  206  0.724  0.924  0.968 162.18 253.92 206.27  28.70 147.17  27.29  42.16
  207  0.009 -0.406  0.169 162.18 253.92 129.16 170.63 111.86 170.68  42.16
  208 -0.893  1.101  0.370 162.18 253.92  34.27  14.63  23.78  13.01  42.16
  209 -1.010 -1.245 -0.879 162.18 253.92  26.98 253.09  62.57 251.14  42.16
