    1 -0.526  1.029 -0.719  64.31  22.36  75.17  24.48  98.15  25.07  43.12
    2 -0.879  0.349  0.394  72.30  90.70  35.64  91.53  24.10  92.37  45.15
    3 -1.103  0.216 -0.312  25.02 105.36  15.24 106.09  32.85 106.57  41.46
    4  0.316  0.533  0.144 172.84  73.02 161.16  72.63 140.90  72.12  90.22
    5  0.162  0.525  0.335 166.78  73.30 145.19  73.06 119.67  72.84  31.71
    6 -1.067 -0.096 -0.493  22.05 138.35  19.63 138.02  43.05 137.82  40.98
    7 -0.333  0.035 -0.599  86.23 124.65  94.52 124.74 110.69 124.73  45.51
    8  0.186  0.651  0.572 178.08  59.64 147.95  59.16 112.39  58.99  47.56
    9 -0.531  0.798 -0.757  62.42  46.25  74.74  47.92  99.19  48.36  41.25
   10 -0.047  0.984 -0.892 101.40  28.72 123.60  29.67 146.83  28.95  44.91
   11 -0.680  0.408  0.637 100.57  84.14  56.00  84.83  31.79  85.71  46.20
   12 -0.124 -1.101  1.010 167.40 246.85 114.92 247.19  66.46 246.07  42.69
   13  0.607  0.432  0.712 221.37  83.11 192.98  82.24 146.18  81.65  49.06
   14  0.079  0.940 -0.868 113.44  33.42 136.17  34.02 157.11  33.06  47.25
   15  0.330  0.650  0.060 170.82  61.14 162.56  60.68 145.42  59.99  51.79
   16  0.973  0.561  0.623 249.91  70.25 231.72  68.62 184.46  67.22  41.76
   17  0.357  0.764  0.228 179.81  49.03 165.60  48.34 141.49  47.55  48.51
   18 -0.488 -1.110 -0.792  65.14 242.15  79.20 239.92 104.18 239.43  42.12
   19  0.253 -0.484  0.543 182.90 179.10 155.03 179.53 119.65 179.77  47.74
   20  0.005  0.270  0.426 155.91  99.86 128.82  99.83 101.57  99.86  44.62
   21  0.606  0.738  0.560 215.19  51.35 192.53  49.98 151.96  48.89  43.06
   22  0.962  1.023 -0.174 217.03  25.01 227.34  22.86 213.01  19.87  40.14
   23  0.260 -0.708 -0.223 153.68 200.83 154.97 201.06 149.69 201.78  44.65
   24 -0.362  0.783  0.757 135.10  44.05  89.54  44.54  55.10  45.64  43.75
   25  0.414  0.580  0.583 199.01  67.51 172.17  66.71 133.07  66.22  45.07
   26 -0.671 -0.596 -0.160  71.32 191.02  59.03 189.72  64.24 188.85  96.00
   27  0.430  1.000 -0.192 169.98  26.02 172.50  25.28 164.04  23.79  50.81
   28 -0.322 -0.466 -0.442  93.01 176.41  95.43 175.77 105.68 175.64  47.86
   29 -0.114 -0.351  0.443 145.81 165.34 116.23 165.35  90.17 165.13  47.17
   30 -1.165  0.717  0.101  34.10  51.22   6.92  53.61  11.15  55.66  42.55
   31 -1.095  0.545 -0.474  20.06  70.91  16.78  72.78  39.89  73.96  41.12
   32  0.468  0.240  0.288 192.00 103.37 177.35 103.06 149.52 102.78  47.80
   33 -0.595  0.333  0.294  95.38  92.82  65.81  93.36  53.03  93.91  46.72
   34  0.796  0.351  0.499 229.31  91.93 212.46  91.09 172.23  90.36  87.83
   35  1.116 -0.135 -0.741 208.16 141.61 240.80 141.88 247.96 142.35  37.62
   36  0.080  0.861 -0.452 129.01  40.23 136.44  40.53 141.92  39.89  43.11
   37  0.078 -0.355  0.557 167.69 165.70 136.56 165.87 103.11 165.85  42.82
   38  1.032  0.087 -0.212 221.54 119.54 234.46 119.34 221.16 119.07  44.18
   39 -0.477  0.859  0.562 116.80  36.19  77.72  37.12  52.73  38.49  53.91
   40 -0.592 -0.867 -0.312  73.06 218.85  67.65 217.12  76.98 216.11  46.97
   41  0.912  0.419  0.690 247.35  84.80 225.49  83.63 176.08  82.64  40.27
   42  0.092  0.129 -0.695 120.97 115.20 137.59 115.25 152.08 115.14  42.93
   43 -0.165 -1.128 -0.675  98.71 243.45 111.64 242.26 128.19 242.51  43.79
   44 -0.720 -0.107  0.063  75.03 139.62  53.46 139.38  51.25 139.19  51.75
   45 -0.884 -0.663 -0.214  49.34 198.28  37.40 196.48  47.77 195.22  43.19
   46 -0.443 -0.977 -0.355  85.26 229.83  82.96 228.26  91.67 227.59  46.71
   47  0.668  0.206  1.013 239.08 106.59 200.37 106.08 140.17 105.80  40.21
   48  0.178 -0.838 -0.395 139.94 213.85 146.47 213.89 148.71 214.62  45.88
   49 -0.634  0.600  0.831 112.40  63.10  60.26  63.92  27.87  65.25  41.09
   50  0.545  0.563 -0.763 158.29  71.89 183.18  71.57 195.62  70.35  39.38
   51  0.330 -0.621  0.517 188.87 193.34 163.12 194.08 127.85 194.47  45.36
   52  0.771 -0.021 -0.059 204.98 130.39 208.03 130.43 190.89 130.47  46.46
   53  0.148  1.042 -0.477 134.16  21.98 143.36  22.17 148.93  21.20  50.06
   54 -0.585 -0.029 -0.088  81.89 131.27  67.78 131.21  68.94 131.17  47.44
   55  0.356 -0.434 -0.284 159.89 172.58 164.81 172.79 160.77 173.38  46.41
   56 -0.646  0.259 -0.089  76.20 101.02  61.50 101.54  63.64 101.89  37.25
   57  0.738 -0.429 -0.229 195.38 171.74 204.11 172.35 194.00 173.39  44.27
   58  0.410  0.987 -0.640 151.16  28.73 169.74  28.39 178.73  26.69  40.23
   59  1.121  0.493  0.212 245.97  78.07 245.45  76.67 214.06  75.10  40.00
   60 -0.122  0.173  0.658 153.38 109.82 115.28 109.83  80.81 109.94  42.75
   61  0.906 -0.277  0.677 246.22 157.03 224.75 157.78 175.91 158.44  42.94
   62 -0.997 -0.897 -0.040  45.02 223.83  24.99 221.15  31.17 219.08  50.00
   63 -0.952 -0.383 -0.163  44.74 168.88  30.16 167.74  39.98 166.94  43.09
   64  0.908  0.034  0.650 245.31 124.78 224.87 124.69 177.18 124.62  42.00
   65  0.391  1.153 -0.344 160.76  10.89 168.26  10.27 166.08   8.58  45.83
   66 -0.072 -0.336 -0.152 126.56 163.02 120.85 162.90 116.96 162.96  49.15
   67 -0.056  1.060 -0.394 118.94  19.29 122.53  20.02 127.45  19.62  51.94
   68 -0.451 -0.152  0.913 132.85 144.69  79.73 144.57  40.84 144.31  42.33
   69  0.761 -0.695 -0.936 170.48 197.11 204.35 197.82 221.65 199.76  46.56
   70 -0.298  0.701  0.435 128.51  53.83  96.83  54.30  73.81  54.92  48.57
   71 -0.516 -0.435  0.363 105.39 174.62  73.94 174.04  57.23 173.41  52.33
   72  1.014  0.285  0.235 237.65  99.17 234.34  98.43 202.94  97.61  42.08
   73 -0.372 -0.586 -0.653  80.70 188.44  90.62 187.49 109.22 187.34  47.31
   74  0.275  0.838  0.632 188.60  39.98 157.55  39.09 118.28  38.73  47.28
   75  0.034 -1.201 -0.739 114.24 250.10 131.67 249.28 148.35 250.29  48.44
   76 -0.479  0.609 -0.306  83.73  64.79  79.22  65.82  86.70  66.28  45.19
   77 -0.387  0.401  0.407 119.13  85.57  87.46  86.00  67.01  86.45  45.75
   78  0.204 -0.798 -0.656 132.38 209.12 148.90 208.96 160.63 209.97  46.02
   79  0.368 -0.605  0.046 173.73 190.69 166.52 191.10 149.47 191.80  47.76
   80 -1.086  1.037 -0.132  33.30  17.87  16.27  21.22  27.24  23.75  50.60
   81  1.089  0.032  0.143 240.48 124.96 241.86 124.88 213.61 124.78  43.83
   82  0.727  0.669 -0.524 183.23  61.13 202.16  60.27 203.81  58.61  51.77
   83 -0.953 -0.962 -0.794  22.14 228.09  32.40 224.98  64.26 223.52  40.67
   84  0.904 -0.169 -0.674 192.60 145.09 219.60 145.33 225.66 145.85  42.03
   85 -0.525 -0.842  0.540 111.33 218.60  72.76 217.48  49.26 216.10  69.00
   86  0.995  0.709 -0.293 215.12  56.99 230.24  55.52 220.50  53.34  41.43
   87  0.674  1.136 -0.793 168.36  14.97 196.06  14.01 208.41  11.15  39.50
   88 -0.982 -0.243 -0.021  47.07 154.10  26.48 153.39  31.74 152.89  43.49
   89  0.175  0.799 -0.756 126.13  47.56 145.95  47.78 161.75  46.83  40.66
   90 -0.134 -0.437 -0.700 100.56 172.80 114.76 172.37 132.05 172.54  44.42
   91  0.566 -0.699  0.153 195.40 200.22 187.29 201.19 163.73 202.34  46.45
   92 -0.112  0.754 -0.621 105.50  51.23 116.97  51.86 131.06  51.63  47.95
   93  0.090 -0.884  0.073 149.19 220.19 138.08 220.21 122.25 220.46  45.92
   94  0.835 -1.198 -0.946 176.46 246.73 211.73 248.10 228.67 251.66  40.23
   95 -0.193  0.158  0.200 128.98 111.64 108.07 111.73  92.48 111.80  43.12
   96  1.018  0.977 -0.821 196.78  31.73 230.54  30.10 241.39  26.77  35.31
   97  0.699 -0.818 -0.096 197.17 211.62 200.46 212.83 185.36 214.49  64.18
   98 -1.052  0.308  0.297  52.05  95.05  17.93  95.99  12.94  96.85  47.47
   99  0.331  0.265 -0.198 160.91 101.17 162.38 101.04 155.27 100.71  44.50
  100 -0.289 -0.981  0.475 130.77 232.49  97.75 231.95  72.85 230.93  45.57
  101 -0.519  0.670  0.264 101.36  57.05  73.82  58.02  60.91  58.90  46.28
  102  0.502  0.336 -0.470 165.56  94.30 179.34  94.06 180.99  93.43  47.42
  103 -0.021 -0.709  0.287 148.12 202.62 126.08 202.59 104.61 202.54  48.48
  104 -0.594 -0.444  0.466 102.09 175.80  65.54 175.12  46.24 174.34  58.67
  105 -1.087 -0.556 -0.374  24.73 187.06  17.01 185.13  36.99 183.88  26.04
  106 -0.208  0.319 -0.480 101.96  95.49 107.08  95.83 117.22  95.81  41.40
  107 -0.609  0.901  0.129  87.86  32.69  64.80  34.29  58.22  35.79  46.13
  108  0.764  0.993 -0.408 190.87  28.22 206.24  26.84 203.02  24.45  43.98
  109  0.551  0.803 -0.022 187.15  45.94 185.34  44.98 168.86  43.68  44.48
  110 -0.906 -0.423 -0.360  41.96 172.72  35.63 171.47  51.61 170.71  49.59
  111  0.382 -0.073 -0.704 146.16 135.63 166.76 135.64 178.54 135.77  41.79
  112  0.929  0.129 -0.340 207.65 115.30 223.34 115.07 216.04 114.70  43.77
  113  0.889 -0.328  0.281 228.94 161.87 221.36 162.76 189.62 163.46  44.24
  114  1.146  0.455 -0.611 215.74  83.13 244.34  82.15 246.24  80.50  30.50
  115 -0.368  0.437  0.951 142.80  80.98  88.34  81.25  47.31  81.87  41.75
  116 -0.702 -0.173  0.569  95.88 146.89  53.84 146.53  32.63 146.24  61.93
  117 -0.225  0.216 -0.110 114.28 105.82 105.05 105.92 101.65 105.99  53.03
  118 -0.046 -0.546  0.532 155.39 186.02 123.37 186.06  92.71 185.88  49.62
  119  0.175  0.025  0.123 159.33 125.60 146.52 125.70 128.76 125.75  48.82
  120 -0.160  0.067 -0.794  94.81 121.43 112.12 121.50 133.34 121.49  47.48
  121  0.739 -0.996 -0.068 201.87 229.68 204.66 231.32 188.13 233.56  44.16
  122  0.177 -0.436 -0.306 143.12 172.98 146.40 172.98 145.23 173.38  46.06
  123 -1.189 -0.403  0.139  33.17 171.68   4.25 170.30   7.62 169.11  39.79
  124 -0.143  0.686  0.946 163.09  54.42 112.85  54.43  67.46  55.01  43.82
  125  0.700  0.810  0.280 212.22  44.79 201.70  43.28 171.48  41.77  42.33
  126  1.041 -0.617  0.274 241.57 191.26 237.35 192.94 204.09 194.73  39.57
  127  1.190  0.590 -0.245 233.53  69.20 250.54  67.67 237.14  65.49  40.48
  128  0.240  0.149 -0.061 158.07 112.97 153.03 112.90 141.77 112.69  51.92
  129 -0.331  0.204  0.786 139.03 106.28  92.95 106.39  56.70 106.79  48.79
  130  1.175  1.161 -0.639 217.13  13.33 247.14  10.70 249.81   6.37  46.41
  131  0.509  0.537 -0.789 154.13  74.50 179.45  74.25 193.20  73.11  43.73
  132  0.266  0.177 -0.085 159.57 109.97 155.77 110.00 145.14 109.77  48.35
  133 -0.934 -0.719 -0.820  22.98 202.79  34.40 200.56  66.90 199.45  32.93
  134  0.064 -1.067  0.419 161.10 240.38 134.92 240.70 107.21 240.78  44.92
  135  0.383  0.483 -0.108 169.01  78.74 167.83  78.38 156.67  77.75  56.83
  136  0.886  0.577 -0.681 190.75  70.86 217.74  69.95 224.14  68.30  68.94
  137 -0.152 -0.549  0.513 144.92 186.45 112.15 186.32  83.85 185.99  41.12
  138  0.950 -1.098  0.560 245.33 241.61 228.95 244.66 184.54 247.38  43.71
  139 -0.381 -0.249  0.496 123.14 154.79  87.99 154.58  63.97 154.33  46.17
  140 -0.345 -0.006  0.036 108.86 128.82  92.46 128.98  85.41 128.81  49.70
  141  0.580 -1.028 -0.188 183.32 232.97 187.91 234.17 177.72 236.12  48.82
  142  0.721 -0.452 -0.932 167.22 173.08 200.27 173.61 217.92 174.71  41.40
  143  0.761 -1.185 -0.155 200.41 248.47 206.67 250.37 193.36 253.16  40.38
  144 -0.141  0.701 -0.134 117.00  55.37 116.11  55.90 106.00  56.08  51.94
  145  0.299 -0.714 -0.949 129.88 199.73 158.14 199.60 179.89 200.78  42.59
  146 -0.509 -0.289 -0.031  84.03 158.80  79.47 158.17  66.58 157.90  74.12
  147 -0.414  0.342  0.789 131.54  91.43  83.92  91.69  49.23  92.26  46.64
  148 -0.741 -0.877 -0.849  39.72 218.61  54.02 216.21  84.34 215.51  37.02
  149  1.099 -0.244 -0.161 229.17 152.77 241.47 153.38 225.62 154.17  37.22
  150  0.342 -0.929  0.335 182.76 225.02 164.22 225.91 136.00 226.75  49.57
  151 -0.569  0.500 -0.162  80.60  75.91  69.68  76.57  73.11  77.20  95.38
  152 -0.539  0.240  0.672 115.19 102.40  70.87 102.64  42.82 103.07  43.38
  153  0.724 -0.539 -0.174 196.33 183.00 202.78 183.80 190.68 185.03  37.86
  154  0.016  1.149  0.186 147.58   8.20 129.92   8.17 111.81   8.02  56.11
  155  0.066 -0.998  0.921 181.15 234.89 135.35 235.54  87.41 235.19  61.12
  156  0.190 -1.173  0.385 171.10 251.09 148.26 251.80 119.98 252.30  42.15
  157 -0.858 -0.190 -0.355  46.60 148.19  40.49 147.63  55.56 147.32  36.42
  158 -0.142  0.654  0.679 152.40  58.47 113.09  58.66  78.13  58.97  55.59
  159  0.088  0.624  0.377 161.49  62.75 137.54  62.56 111.01  62.58  47.17
  160 -0.745  0.016  0.211  78.12 126.58  50.39 126.62  43.15 126.47  43.39
  161  1.155  0.319 -0.670 214.19  96.70 245.05  96.03 249.14  94.99  38.26
  162  0.875 -0.221 -0.604 192.82 150.34 216.91 150.67 220.45 151.32  33.15
  163 -0.824 -0.723 -0.395  48.41 203.99  44.13 202.07  60.03 200.92  39.12
  164  0.944  0.253  0.255 232.39 102.37 227.11 101.74 195.56 101.08  34.11
  165  0.046 -0.454  0.663 168.98 176.39 133.17 176.59  95.94 176.51  39.50
  166  0.839  0.421  0.643 239.05  84.51 217.45  83.43 170.89  82.61  35.80
  167  1.103  0.604 -0.198 228.12  67.63 241.83  66.06 227.32  64.14  46.04
  168 -0.741 -0.961  0.999 109.02 233.38  48.19 231.87  11.55 229.51  41.36
  169  0.087  0.438  0.266 157.09  82.47 137.44  82.37 115.27  82.34  44.25
  170 -0.934 -1.106 -0.609  30.50 243.75  33.67 240.33  58.76 238.53  39.57
  171  0.173 -1.115  0.851 187.96 246.92 146.85 247.86  99.88 247.63  66.53
  172 -0.158  0.177  0.318 136.79 109.64 111.74 109.66  91.04 109.72  48.89
  173 -0.529 -0.146  0.044  92.18 143.40  73.32 143.59  68.77 143.41  50.68
  174  0.183  0.353  0.295 150.54  91.40 157.25  91.27 105.60  91.11  57.27
  175  0.315  0.046  0.189 174.53 123.45 161.21 123.41 139.20 123.36  34.56
  176  0.732 -0.615  0.566 226.54 192.02 205.90 193.68 163.63 194.51  43.46
  177 -0.912  0.884 -0.553  34.52  35.81  35.70  38.45  58.54  40.12  39.16
  178 -0.827 -0.573  0.221  69.94 189.54  42.29 188.18  34.80 186.97  19.67
  179 -1.198  0.192 -0.631   4.65 108.04   6.98 108.87  37.19 109.22  37.36
  180 -1.168 -0.729  0.274  40.21 207.03   5.81 204.64   3.98 202.43  34.75
  181 -0.621  0.675  0.167  88.62  56.27  63.15  57.69  56.14  59.09  46.49
  182 -1.077 -1.096 -0.539  19.48 243.34  18.82 239.58  43.80 237.35  41.11
  183 -0.926 -0.573 -0.595  31.92 187.90  34.28 186.13  59.24 185.63  75.75
  184 -0.485  0.379  0.194 101.91  88.07  77.62  88.52  66.73  89.26  49.69
  185  0.634  1.061  0.465 213.88  18.13 195.19  16.30 158.25  14.44  49.73
  186  0.561 -0.235 -0.037 182.90 152.38 189.12 152.54 165.57 153.10  80.52
  187  0.128 -0.923  0.164 156.84 224.41 141.62 224.62 122.89 225.04  40.71
  188 -0.329 -0.288 -0.774  80.27 157.77  95.15 157.06 117.60 157.41  60.15
  189  0.234  0.399  0.736 188.77  86.18 153.31  85.84 110.18  85.22  47.16
  190  1.198 -1.041  0.055 246.35 233.43 252.75 236.48 227.21 240.05  27.43
  191 -1.123  0.568 -0.191  39.24  67.84   6.49  69.89  36.49  71.12  36.52
  192 -0.417  0.533 -0.167  83.00  72.66  91.80  73.06  75.45  74.03  37.70
  193  0.559  0.603  0.986 228.29  64.54 188.50  63.18 130.83  62.68  42.91
  194  0.813 -0.636 -0.869 177.54 191.34 209.71 191.94 224.18 193.94  44.40
  195 -0.856  0.508 -0.687  34.89  75.52  41.81  76.90  68.48  77.60  40.71
  196  0.416 -1.093  0.272 186.89 241.83 171.85 242.64 145.27 243.93  33.66
  197 -0.966 -1.056 -0.007  49.20 240.79  28.05 237.80  32.49 235.41  34.33
  198  1.053 -0.912 -0.259 221.29 219.22 236.49 222.16 224.52 225.19  51.37
  199 -0.662  0.400 -0.854  46.89  87.23  61.77  88.24  91.54  88.25  43.87
  200 -0.813 -0.649  0.572  84.86 198.75  42.30 197.46  22.15 195.02  43.33
  201 -0.090 -0.286  0.730 166.09 158.06 114.68 159.08  87.59 158.89  46.50
  202  1.204  0.381 -0.307 232.21  90.49 251.83  89.01 240.64  87.61  25.15
  203  0.206  0.366 -0.417 136.54  90.54 152.13  91.10 146.90  90.67  36.22
  204 -1.096  0.976 -0.921   4.51  26.88  18.43  30.45  57.08  32.39  38.10
  205 -0.447  0.561 -0.832  67.13  70.45  83.57  71.54 109.13  72.74  43.00
  206 -1.110  0.624 -0.865   4.86  63.59  16.97  65.51  53.61  66.67  23.38
  207  0.605  0.862 -0.335 182.07  40.74 188.86  40.19 187.91  38.39  36.00
  208 -1.075  0.145  0.350  62.98 112.37   9.30 112.81  18.48 113.71  38.26
  209  1.113 -0.803 -0.432 229.77 208.70 235.84 209.96 247.54 212.85  36.03
  210  0.402 -0.187  0.157 181.04 148.08 170.23 147.60 148.45 147.61  26.18
  211  0.557  1.133  0.721 217.30   9.73 187.79   7.31 141.00   5.91  23.23
  212  0.350 -0.487  0.652 200.47 180.30 162.95 179.73 129.00 179.96  27.00
  213  1.095 -0.774 -0.140 245.70 205.31 231.76 208.40 241.63 211.13  37.00
  214  0.965  0.605 -0.814 192.45  68.49 225.26  67.35  56.65 254.16  37.13
  215 -0.618  0.650  0.870 115.56  57.74  11.50 253.18  27.74  59.82  55.53
  216  0.156  1.061 -0.858 120.70  21.29  11.50 253.18 163.66  20.50  37.50
  217  0.147  0.816  0.588 175.22  41.75 143.88  41.84 108.21  41.71  54.15
  218  0.058  0.384  0.793 175.31  87.37 134.53  87.15  56.65 254.16  34.00
  219 -1.001  0.689 -0.720  20.21  56.44  27.28  58.72  56.65 254.16  40.38
  220 -0.716 -0.237  0.187  80.03 153.69  53.44 153.00  46.68 152.55  38.38
  221  0.028 -0.855 -0.923 107.05 214.78 130.91 213.75 154.77 214.57  31.44
  222 -0.007  0.688  0.285 149.26  56.09 127.50  56.07  56.65 254.16  34.47
  223 -0.378  0.435 -0.682  79.11  83.60  90.11  84.37  56.65 254.16  46.44
  224 -0.383  0.441  0.655 129.13  81.01  11.50 253.18  57.40  81.94  44.17
  225  0.250  0.341  0.986 200.49  91.66  11.50 253.18 101.89  91.72  41.81
  226  1.221 -0.817 -0.267 235.43 209.98  11.50 253.18 240.99 215.15  34.25
  227 -0.651 -1.180  0.501 248.80 252.86  59.35 253.13  39.67 250.85  54.11
  228 -0.959 -0.648  0.288  60.84 197.93  27.70 196.21  56.65 254.16  44.26
  229  0.662 -0.971 -0.777 168.28 224.80 194.67 225.63 207.13 229.16  42.34
  230 -0.287 -1.023 -0.416  97.24 233.93  11.50 253.18 107.69 232.43  38.11
  231 -0.321  0.907 -0.730  82.54  35.47  95.95  36.83 116.55  36.86  43.62
  232  0.139  0.069  0.053 152.99 120.24 142.94 121.66 127.74 121.29  47.22
  233 -0.277 -1.154 -0.150 108.15 248.45  99.73 247.22  56.65 254.16  43.94
  234 -0.592  0.739 -0.806  55.24  52.28  68.70  54.05  95.88  54.46  40.57
  235  0.922 -0.988  0.974 248.80 252.86 227.66 234.82 165.91 236.91  54.11
  236 -0.246 -0.902  0.784 146.94 225.08 101.88 224.78  56.65 254.16  56.74
  237 -0.585  0.204  0.250  94.70 106.57  67.05 106.90  56.65 254.16  47.95
  238 -0.261 -0.124 -0.594 248.80 252.86 101.78 140.85 116.80 140.86  54.11
  239 -0.778  0.552 -0.705  41.58  71.09  49.80  72.52  56.65 254.16  59.57
  240  0.491 -0.243 -0.001 248.80 252.86 179.17 153.45 162.58 153.85  54.11
