    1  0.396  0.710  0.927 211.26  53.09 170.83  51.92 117.84  51.49  43.70
    2 -0.536  1.058 -0.782  61.11  19.58  74.29  21.82  99.66  22.40  43.62
    3  0.145  0.789  0.022 152.83  46.49 143.30  46.38 129.93  45.91  50.72
    4 -0.578  0.782 -0.826  55.71  47.91  70.23  49.68  97.77  50.15  43.22
    5 -1.067  0.225  0.409  54.94 103.86  15.83 104.51   7.23 105.17  42.56
    6 -0.524  1.098  0.891 125.25   9.21  71.97  10.30  35.19  12.47  44.38
    7  0.951 -0.025 -0.097 219.05 130.80 226.49 130.89 209.25 130.92  45.03
    8 -0.334 -0.145  0.304 120.01 143.59  93.20 143.49  75.77 143.33  47.72
    9  0.598  0.301  0.848 226.09  96.61 192.44  95.97 139.98  95.59  42.63
   10  0.711 -1.097  0.543 223.62 242.11 203.59 244.50 162.29 246.40  43.95
   11  0.391  0.513 -0.563 152.34  76.36 167.89  76.18 174.27  75.34  45.85
   12 -0.867  0.674  0.041  60.30  56.54  38.20  58.25  39.25  59.64  44.60
   13 -0.767  0.524  0.901 102.53  71.09  45.82  71.98  13.26  73.37  36.08
   14 -0.048 -0.599 -0.002 134.48 190.54 123.27 190.33 113.35 190.37  50.26
   15 -0.143  0.567  0.559 147.58  68.04 113.09  68.14  82.85  68.48  49.89
   16 -0.784  0.604  0.520  86.15  63.11  45.26  64.33  27.26  65.72  45.03
   17  0.630  1.129  0.735 224.47  10.11 195.58   7.74 147.42   6.12  43.17
   18 -1.181  0.110 -0.350  16.20 116.57   7.40 116.96  27.71 117.26  41.04
   19  0.076  0.276  0.014 146.31  99.61 136.16  99.61 123.97  99.49  48.17
   20  0.246  1.175 -0.697 134.60   9.47 153.10   9.59 165.89   8.02  49.09
   21  0.784 -0.249  0.549 230.32 154.05 211.29 154.66 169.18 155.14  77.50
   22 -0.365  0.888 -0.058 103.50  35.29  90.54  36.38  87.18  36.98  47.47
   23 -0.214 -0.549 -0.672  94.36 184.45 106.68 183.80 123.93 183.85  40.95
   24 -0.657 -0.206 -0.153  72.83 149.92  60.56 149.49  65.21 149.20  44.37
   25 -0.091 -0.032  0.631 155.17 131.63 118.61 131.63  84.72 131.58  46.18
   26 -0.829  0.085  0.255  71.90 119.16  41.45 119.35  34.08 119.54  39.79
   27 -0.611  0.563  0.712 109.94  67.39  63.05  68.17  34.75  69.31  46.94
   28 -0.951  0.888 -0.622  28.39  35.56  32.00  38.32  57.87  39.82  40.67
   29  0.638  0.039  0.296 207.39 124.27 195.24 124.21 165.15 124.14  46.30
   30 -0.308 -0.819  0.348 124.15 215.02  95.83 214.37  76.27 213.65  47.04
   31  0.002  0.179  0.498 158.37 109.39 128.43 109.36  98.42 109.42  50.16
   32  0.215 -0.177  0.622 182.62 146.88 151.07 147.04 113.07 147.10  46.45
   33 -0.327  0.260  0.332 121.78 100.76  93.94 100.98  75.35 101.23  48.68
   34 -0.088  0.883 -0.534 110.90  37.79 119.37  38.53 129.93  38.18  44.80
   35  0.632  0.786 -0.181 188.17  48.31 193.38  47.28 182.39  45.68  45.66
   36  0.094  0.779 -0.920 112.87  49.73 137.65  50.25 160.40  49.36  42.48
   37  0.772 -0.346  0.929 244.88 164.55 211.24 165.48 153.44 166.06  40.09
   38  0.470  0.962  0.094 184.66  29.13 177.23  28.09 157.07  26.72  46.31
   39 -0.862  0.485 -0.790  30.69  77.97  41.52  79.44  71.93  80.05  37.44
   40 -0.446  0.346 -0.795  68.83  92.79  83.37  93.44 108.11  93.56  43.32
   41 -0.178 -1.082 -0.801  92.96 238.37 110.39 237.10 131.81 237.42  45.14
   42 -0.709  0.069  0.119  78.10 120.88  54.39 121.01  49.97 121.14  44.55
   43  1.060  0.474  0.324 245.22  79.81 239.56  78.48 204.06  77.09  41.64
   44  1.072  0.553 -0.099 229.29  72.47 239.13  71.11 220.70  69.37  52.48
   45 -0.049  0.533 -0.142 129.07  73.02 123.20  73.26 118.60  73.15  52.19
   46 -0.739  0.594  0.921 105.83  63.44  48.86  64.40  14.79  65.92  39.96
   47  0.716  0.841 -0.705 175.34  44.26 200.55  43.38 209.24  41.24  40.32
   48 -1.020 -0.504 -0.157  38.49 181.80  23.07 180.25  33.83 179.10  41.62
   49 -1.020 -0.700 -0.570  23.78 201.53  24.79 199.25  50.00 197.93  76.43
   50 -0.218  0.324  0.458 136.76  93.92 105.26  94.02  80.16  94.25  60.10
   51 -0.601 -0.402 -0.028  82.72 170.64  66.04 169.89  65.19 169.28  73.18
   52 -1.053  0.645 -0.766  13.65  61.04  22.22  63.23  54.66  64.43  43.17
   53 -0.445 -0.625 -0.471  80.72 192.94  82.97 191.86  95.98 191.52  46.82
   54 -0.802 -0.279  0.031  66.09 157.84  45.03 157.19  45.33 156.66  42.86
   55 -0.743  0.270 -0.922  37.06 100.53  53.92 101.26  87.15 101.51  38.25
   56 -0.306 -0.248  0.391 126.01 154.59  96.06 154.41  74.86 154.18  44.31
   57 -0.085  0.430  0.237 140.28  83.18 119.39  83.27 100.77  83.40  52.94
   58 -0.360  0.954  0.281 116.77  27.25  90.48  28.20  74.28  29.11  49.18
   59  0.638 -0.032 -0.388 180.62 131.50 193.45 131.55 190.60 131.62  41.93
   60  0.786  0.620  0.897 244.73  63.30 212.68  61.62 155.91  60.54  38.00
   61  0.177  0.605  0.335 167.91  65.05 146.89  64.74 120.83  64.46  50.38
   62 -0.683  0.315  0.414  91.54  94.43  56.33  95.05  40.30  95.64  45.86
   63 -0.097  0.085  0.193 137.52 119.39 118.18 119.35 101.46 119.37  70.72
   64 -0.995 -0.550 -0.361  33.57 186.26  26.56 184.56  44.04 183.43  40.43
   65 -0.467  0.316  0.589 118.69  94.38  78.70  94.77  52.59  95.20  44.32
   66 -0.622  0.148  0.706 108.69 112.28  61.90 112.49  34.07 112.81  45.77
   67  0.088 -0.496 -0.711 120.05 178.60 137.18 178.35 152.28 178.82  46.50
   68  0.091  0.021 -0.795 117.09 126.14 137.39 126.14 155.60 126.12  40.59
   69 -0.777  0.088 -0.218  59.22 118.99  48.40 119.22  57.28 119.36  35.92
   70  1.050 -0.151 -0.942 194.86 143.10 233.31 143.34 248.72 143.87  38.78
   71 -0.559 -1.061  0.624 111.56 242.40  68.89 241.02  42.93 239.11  46.67
   72  0.162  0.256  0.509 173.44 101.30 145.44 101.13 112.68 101.06  45.61
   73  0.748 -0.725 -0.208 197.22 201.76 205.24 202.87 194.22 204.59  45.63
   74 -0.414 -0.334 -0.082  98.06 163.22  85.42 162.84  83.83 162.51  48.07
   75  0.437 -0.315  0.428 194.80 161.01 174.43 161.52 141.23 161.72  89.66
   76 -0.800 -0.444  0.158  71.01 175.60  44.80 174.58  40.44 173.69  47.79
   77  0.607 -1.186 -0.841 160.74 246.62 189.19 247.42 203.92 250.13  55.42
   78 -0.257  0.552  0.494 134.52  69.62 101.09  69.91  75.17  70.38  43.25
   79  0.118  1.085 -0.441 132.85  17.40 140.30  17.67 144.88  16.74  42.57
   80  0.478  0.890  0.648 207.32  35.00 179.10  33.57 136.50  32.63  44.90
   81  0.074 -1.100  0.507 165.46 244.30 136.12 244.65 104.61 244.65  67.07
   82  0.953  0.996 -0.058 220.82  27.37 226.86  25.20 207.94  22.37  41.78
   83  0.039 -0.066 -0.056 140.22 135.12 132.25 135.11 123.27 135.14  47.80
   84  0.697  0.399 -0.259 190.70  87.83 199.78  87.30 191.27  86.48  45.64
   85 -0.259 -0.239 -0.657  90.85 152.72 102.12 152.40 119.43 152.40  46.07
   86 -0.355  0.555  0.859 139.81  68.34  90.23  68.64  51.70  69.52  41.92
   87 -0.501 -0.730 -0.666  68.50 203.51  77.62 202.06  98.41 201.67  48.04
   88  1.126 -0.395  0.320 250.97 168.51 246.36 169.72 210.81 170.95  49.04
   89  0.065 -1.059 -0.903 110.94 235.04 134.73 234.33 157.09 235.38  46.44
   90 -0.334  0.913 -0.792  79.20  34.87  94.68  36.37 117.76  36.40  39.44
   91 -0.730  0.032  0.766 100.74 124.74  50.19 124.80  22.06 124.87  38.85
   92 -1.164 -0.691 -0.336  18.65 201.43   8.97 198.92  28.82 197.24  27.06
   93 -0.246  0.207 -0.604  93.98 107.04 103.39 107.31 118.57 107.30  33.92
   94 -0.852  1.082 -0.133  55.39  13.77  40.37  16.58  47.35  18.59  41.14
   95 -0.679 -0.666  0.461  93.85 199.77  56.51 198.59  38.87 197.26  43.12
   96 -0.513 -0.562  0.466 109.67 188.39  74.08 187.66  53.39 186.80  47.86
   97 -0.532 -0.430 -0.351  77.05 173.17  73.85 172.28  83.70 171.88  56.53
   98 -0.047 -0.478 -0.041 133.05 177.92 123.37 177.74 114.93 177.79  52.62
   99  0.713 -0.970 -0.360 188.31 226.23 201.17 227.50 196.47 229.62  45.12
  100  1.148 -0.905  0.080 243.09 219.86 247.75 222.39 221.56 225.42  43.56
  101  0.398  0.061 -0.555 153.22 122.06 168.64 122.03 174.59 121.94  41.00
  102  1.046 -0.666 -0.180 223.98 195.36 235.97 196.89 221.27 199.00  42.04
  103  1.082  0.139 -0.642 209.06 114.45 237.77 114.17 241.25 113.68  42.31
  104  0.169 -0.172 -0.245 144.71 145.91 145.68 145.91 142.28 146.05  44.79
  105  0.979  0.020  0.648 251.37 126.19 232.36 126.09 184.07 126.04  46.10
  106 -0.897  0.441  0.108  60.07  81.27  34.70  82.36  34.16  83.28  64.93
  107 -1.027 -0.821  0.322  55.55 216.86  20.37 214.42  14.11 212.17  53.90
  108  0.825  0.740 -0.542 190.96  54.19 212.07  53.09 213.55  51.08  45.26
  109 -0.827  0.383  0.206  70.19  87.30  41.77  88.17  36.16  89.03  41.26
  110  0.255  0.283  0.190 169.23  98.92 154.93  98.73 133.59  98.51  51.92
  111 -0.856 -0.838  0.586  81.84 218.99  37.38 217.21  18.30 215.08  45.15
  112  0.673 -0.297 -0.379 199.02 158.11 188.33 158.67 209.01 159.34  46.38
  113  0.563  0.430  0.382 204.16  83.68 187.50  82.98 154.78  82.34  53.57
  114 -0.484 -0.001  0.852 127.41 128.37  76.34 128.39  40.40 128.47  47.61
  115  0.831 -0.917  0.821 245.57 224.01 217.23 226.53 163.14 228.27  47.57
  116 -0.196  0.064  0.714 148.83 121.41 107.39 121.42  71.90 121.48  39.43
  117  0.652 -0.521  0.190 204.42 181.92 196.37 182.73 170.39 183.69  52.19
  118  0.201 -1.185 -0.328 144.46 249.49 148.82 249.55 148.11 250.72  54.48
  119 -0.174 -0.052 -0.864  90.97 133.54 110.84 133.48 134.61 133.58  42.72
  120 -0.235  0.112  0.313 129.66 116.54 103.44 116.51  84.42 116.52  35.53
  121 -0.188 -0.544  0.980 160.11 186.84 107.99 186.99  61.78 186.25  46.34
  122  0.739 -0.824  0.138 210.03 212.66 205.33 214.15 180.51 215.91  46.26
  123 -0.348 -0.085 -0.672  82.42 136.95  92.97 136.99 112.36 136.78  44.77
  124 -0.309 -0.070 -0.234 101.97 135.50  96.40 135.51  98.99 135.38  46.87
  125  0.041  0.072  0.879 177.21 120.55 132.70 120.51  86.94 120.59  45.53
  126  0.107 -0.731 -0.409 132.99 203.06 139.17 202.88 142.73 203.46  45.56
  127  0.062 -0.005 -0.246 135.14 128.71 134.57 128.77 132.65 128.83  45.91
  128 -1.061 -0.368 -0.026  39.15 167.67  18.50 166.46  24.95 165.41  48.83
  129  0.741 -0.396  0.105 208.87 168.72 205.42 169.43 182.02 170.30  51.33
  130 -0.998 -0.905 -0.791  18.00 222.32  27.86 219.31  60.30 217.81  32.57
  131 -0.451  0.474 -0.750  69.99  79.53  82.86  80.43 106.00  80.78  41.68
  132  0.529  0.295  0.493 205.76  97.44 184.15  97.11 147.51  96.58  43.92
  133 -0.814 -0.173  0.400  78.78 146.81  42.56 146.43  29.61 146.06  40.08
  134  0.815  0.580 -0.859 178.06  70.76 210.06  70.08 223.95  68.50  40.53
  135  0.898 -0.487 -0.371 203.78 177.25 220.04 178.06 214.18 179.45  38.46
  136 -0.190 -0.700 -0.283 110.95 200.60 108.79 199.95 111.29 200.11  48.98
  137 -0.632 -0.723  0.326  93.12 205.43  61.84 204.18  48.43 203.01  48.88
  138 -0.775 -0.776 -0.213  59.50 209.86  48.53 208.25  57.10 206.86  45.01
  139  0.872 -0.597 -0.891 181.63 187.35 215.63 188.11 230.29 189.92  39.80
  140  0.379 -0.848 -0.232 163.96 214.84 167.23 215.32 160.88 216.68  50.04
  141 -0.331 -0.199  0.675 134.77 149.51  93.05 149.39  61.33 149.17  50.10
  142  0.731 -0.521 -0.425 187.28 180.71 202.82 181.38 200.53 182.67  45.85
  143 -0.915 -0.742  0.289  65.00 207.99  32.27 206.11  25.16 204.31  40.00
  144  0.090 -0.999 -0.601 124.34 229.86 137.43 229.46 148.33 230.55  45.97
  145  0.303 -0.940 -0.136 160.73 224.67 159.55 225.16 150.13 226.39  51.94
  146  0.279 -1.013  0.043 165.72 232.94 157.26 233.47 141.33 234.42  46.93
  147 -0.283 -0.945  0.500 132.40 228.81  98.30 228.22  72.48 227.34  43.27
  148  0.393  1.085  0.734 203.24  14.03 170.17  12.38 125.17  11.57  51.50
  149  0.095 -0.347 -0.143 141.97 164.14 138.05 164.03 131.67 164.23  45.27
  150  0.314 -0.791 -0.416 151.17 208.73 160.29 208.94 161.77 210.11  48.83
  151 -0.183  0.701 -0.733  94.72  56.64 109.88  57.49 128.67  57.53  46.59
  152 -0.651  0.705 -0.874  47.29  55.75  62.95  57.49  93.24  58.17  39.32
  153  0.535 -0.401  0.618 211.23 170.30 185.04 170.85 143.08 171.34  56.35
  154 -0.744 -1.139 -0.331  58.14 247.48  52.11 244.75  64.29 243.45  45.33
  155 -0.485  0.338  0.964 131.89  91.66  75.95  91.81  35.89  92.59  33.72
  156  0.804  0.572  0.070 203.27  69.63 217.80  68.82 178.39  67.56  57.06
  157  0.924  1.163 -0.498 201.21  11.93 222.23   9.87 221.12   6.39  41.23
  158 -0.030  0.744 -0.380 121.84  51.74 125.19  52.17 129.33  52.06  46.79
  159 -0.972 -0.808 -0.206  41.34 213.73  28.21 211.32  39.84 209.78  42.10
  160  0.124 -0.927  0.011 150.61 224.34 141.03 224.39 128.41 224.82  64.80
  161 -0.321  0.498 -0.398  94.72  76.67  95.52  77.33 104.12  77.60  43.00
  162 -0.635  0.490 -0.484  62.71  77.36  63.66  78.36  79.81  78.87  33.23
  163  0.205  0.832  0.693 184.81  40.25 150.06  39.64 109.53  39.46  43.86
  164  0.109 -1.205 -0.423 132.61 251.42 139.45 251.51 143.23 252.08  48.80
  165 -1.084 -1.156  0.387  52.54 253.33  14.07 250.08   6.51 246.67  46.45
  166  0.704 -1.126 -0.320 189.02 242.08 200.42 243.56 194.07 246.17  43.17
  167  0.458  0.457  0.580 202.81  80.34 176.87  79.88 137.34  79.20  49.17
  168  0.579 -0.518  0.223 199.24 181.64 188.78 182.41 162.29 183.26  41.75
  169  1.103  0.258 -0.468 217.50 102.43 240.61 102.03 237.01 101.15  44.14
  170  0.618 -1.096 -0.909 159.15 237.33 190.14 238.04 207.38 240.75  41.28
  171  0.749 -0.648  0.939 243.20 196.27 208.82 197.97 150.72 199.02  37.88
  172  0.074 -0.382  0.298 157.23 168.50 136.05 168.42 112.91 168.20  51.71
  173  0.943  0.235 -0.081 218.98 104.59 225.67 103.90 207.94 103.23  59.56
  174 -0.105  0.213  0.137 134.44 105.78 117.44 105.87 102.69 106.29  49.07
  175  1.134  0.007  0.199 246.58 127.63 246.77 127.51 215.89 127.49  55.00
  176  1.178 -1.072 -0.006 242.17 236.44 250.35 239.44 227.46 243.12  38.12
  177  0.251  0.493 -0.506 142.12  78.17 153.79  78.03 159.42  77.42  36.22
  178  0.908 -0.206  0.415 235.58 149.76 224.05 149.88 185.95 150.38  31.13
  179  0.447 -0.810 -0.094 175.22 211.17 174.40 211.87 161.94 213.27  44.59
  180  0.228  0.903 -0.882 126.12  37.50 151.17  37.61 171.07  36.48  41.67
  181 -1.168  0.508 -0.232  21.75  74.21   8.19  76.13  24.21  77.21  34.23
  182  0.470  0.332 -0.691 154.28  94.75 175.75  94.61 186.03  94.53  43.87
  183  0.976 -0.063 -0.857 191.63 134.46 226.29 134.68 238.72 134.70  34.67
  184 -0.874  0.259  0.730  85.52  99.93  35.12 100.48  10.80 101.68  41.22
  185 -0.928 -0.852 -0.419  37.66 217.66  33.68 215.26  51.83 213.61  38.12
  186  0.909 -1.043 -0.192 211.75 233.54 221.79 235.57 208.67 238.53  39.78
  187 -0.867 -0.155  0.165  65.04 144.65  37.63 144.26  34.51 144.37  46.07
  188  0.282 -0.957  0.774 194.86 229.43 158.44 230.54 113.27 230.92  32.00
  189 -0.785 -1.093 -0.864  35.21 241.50  49.60 237.67  81.12 236.51  51.16
  190 -0.108 -0.888  0.511 148.84 222.25 116.84 222.14  87.80 222.07  51.00
  191 -1.133 -0.217 -0.528  14.45 150.84  13.16 150.02  38.72 150.45  38.53
  192  0.634 -0.778  0.488 214.73 208.91 195.25 210.37 157.32 212.03  42.64
  193 -0.907 -0.328 -0.367  41.53 162.85  35.56 161.72  51.78 161.15  29.19
  194 -0.681  0.035  0.412  91.79 124.33  56.55 124.41  40.75 124.90  41.33
  195 -0.008 -0.663  0.101 142.00 197.33 127.47 197.21 112.90 197.44  39.50
  196 -1.181  0.488 -0.526  10.16  76.66   8.24  78.83  34.71  79.83  37.29
  197  0.689 -1.097 -0.863 166.96 237.88 197.44 238.12 212.18 240.93  24.64
  198 -0.907  0.206 -0.449  38.50 106.35  35.93 107.40  54.87 107.74  41.16
  199  0.455 -0.331  0.565 201.71 162.76 176.69 163.67 137.44 163.61  48.67
  200 -0.381 -0.307  0.250 113.33 160.50  88.60 160.75  73.46 159.86  45.40
  201  0.458 -0.290 -0.870 146.73 156.92 174.14 158.00 191.59 157.56  39.71
  202 -0.745  0.336 -0.331  58.28  93.04  51.85  93.84  64.59  94.25  45.08
  203 -1.223  1.040 -0.196  17.86  17.45  16.95 254.50  18.01  24.08  38.12
  204  0.530  0.570  0.440  52.54 253.33 184.23  68.17 149.46  67.33  46.45
  205  0.111 -1.181  0.429 165.74 252.31  16.95 254.50 111.01 253.02  46.41
  206 -0.930  0.436 -0.754  25.58  83.00  16.95 254.50  64.70  85.00  42.00
  207 -0.580  0.149  0.890 119.23 111.16  66.36 111.35  29.73 114.27  37.77
  208 -0.288  0.879 -0.402  97.71  37.46  98.90  38.56 107.19  38.69  42.43
  209 -0.783 -0.758 -0.184  52.54 253.33  47.58 206.25  55.31 205.18  46.45
  210  0.563 -0.288  0.579 212.06 158.15  16.95 254.50 147.16 159.29  48.12
  211  0.590 -1.201  0.205 199.62 252.17 189.94 253.64 111.01 253.02  49.19
  212  0.588  0.320 -0.436 174.36  95.93 188.23  95.62 111.01 253.02  43.55
  213  0.064  0.647  0.754 174.28  59.45 135.16  59.09 111.01 253.02  38.14
  214  0.828  0.567 -0.246  52.54 253.33 213.35  70.01 203.09  68.54  46.45
  215  0.113  0.793  0.445 165.78  44.70 140.62  45.09 109.97  44.25  47.88
  216  0.074 -0.383 -0.127 140.73 167.84  16.95 254.50 129.21 167.95  59.70
  217  0.733 -0.261 -0.282 193.03 155.35 203.40 154.69 195.65 155.29  26.22
  218 -0.192 -0.999  0.512 141.31 234.09 107.88 233.79  80.28 233.82  46.76
  219  0.547  0.630 -0.689 161.30  64.95 183.45  64.80 193.13  63.22  37.67
  220  0.963  0.368  0.436 241.32  90.43 229.85  89.44 111.01 253.02  33.29
  221 -0.497 -0.030  0.798 124.05 131.17  16.95 254.50  41.40 131.75  50.43
  222 -0.969 -1.175 -0.824  19.63 250.26  30.87 246.36 111.01 253.02  46.09
  223 -0.772 -0.032  0.199  75.18 131.72  47.62 131.65 111.01 253.02  44.26
  224 -0.537 -0.342  0.934 125.95 165.11  70.23 165.56  32.62 164.09  46.62
  225  0.771 -0.921 -0.255 197.33 221.48 207.42 222.84 111.01 253.02  34.67
  226 -1.075 -1.221 -0.044  52.54 253.33  16.95 254.50  24.62 251.77  46.45
  227 -0.121  0.689 -0.533 107.88  57.65 116.00  58.28 111.01 253.02  44.82
  228 -0.330 -0.089  0.078 111.73 137.60  16.95 254.50  85.00 137.44  39.75
  229 -0.371 -0.317  0.103 108.97 161.56  16.95 254.50  80.40 161.01  42.50
  230 -1.128  0.941 -0.924  52.54 253.33  15.33  34.01  54.32  35.73  46.45
  231 -0.799 -0.358  0.552  85.96 167.08  43.55 166.10 111.01 253.02  34.92
  232 -1.244 -0.526  0.145  28.20 185.02  16.95 254.50   2.76 181.52  39.14
  233 -0.381 -0.390 -0.776  75.44 168.18  89.96 167.47 111.01 253.02  51.84
