    1 -0.423  0.511  0.421 116.36  73.89  83.72  74.44  63.24  75.07  47.09
    2  0.019  0.631 -0.887 107.43  64.49 130.22  64.99 152.57  64.43  44.63
    3 -0.946 -0.065 -0.238  42.59 135.17  31.07 134.98  43.47 134.85  44.57
    4  0.376  0.756  0.395 188.13  49.41 167.88  48.60 136.86  47.87  47.02
    5  0.689  0.174 -0.911 165.18 110.93 197.26 110.82 214.15 110.34  40.44
    6 -0.168  0.770 -0.591 101.58  49.35 111.25  50.18 124.97  50.01  40.42
    7  0.039  0.374  0.144 147.92  89.24 132.29  89.25 115.60  89.17  47.15
    8  0.179  0.805 -0.879 121.90  47.17 146.27  47.51 166.55  46.47  43.61
    9  0.397  0.467  0.647 200.04  79.25 170.50  78.62 129.03  78.22  47.93
   10 -0.213  0.218 -0.404 104.32 105.74 106.52 105.98 113.94 105.98  46.49
   11 -1.023  0.270 -0.403  29.36  99.82  23.82 100.68  43.29 101.24  42.32
   12 -1.052 -0.316 -0.408  26.45 161.57  20.89 160.53  41.01 159.87  40.40
   13 -0.499 -0.675  0.514 112.75 200.47  75.42 199.69  52.64 198.62  52.15
   14 -0.169 -0.838 -0.033 122.46 215.63 110.73 215.08 103.78 214.89  54.90
   15  0.953  0.650 -0.325 210.36  62.97 225.89  61.75 217.74  59.82  43.79
   16  0.166 -0.851  0.980 192.63 219.12 146.11 220.04  94.27 219.93  41.62
   17 -0.842  0.795  0.003  61.34  43.84  40.97  45.83  42.94  47.38  46.57
   18  0.314  0.622 -0.509 147.56  65.19 160.15  65.05 165.19  64.18  44.71
   19  0.524  0.394 -0.340 172.51  88.31 181.90  87.98 178.28  87.25  52.25
   20 -0.354  0.973 -0.889  73.83  29.08  92.73  30.75 119.53  30.78  37.71
   21 -0.868 -0.824  0.141  63.95 216.23  37.76 214.21  35.18 212.44  45.79
   22 -0.928  0.343 -0.399  38.49  92.23  33.46  93.28  51.28  93.88  43.05
   23 -1.006  0.448 -0.155  39.96  80.72  24.59  82.09  35.03  83.07  43.06
   24  0.222 -0.293  0.684 185.73 159.18 151.87 159.45 111.28 159.54  48.97
   25  0.895 -0.171  0.760 248.61 146.02 223.85 146.52 171.68 146.87  37.88
   26  0.194  0.554 -0.221 147.87  71.34 148.20  71.27 143.56  70.78  57.50
   27  0.455 -0.623  0.878 214.55 194.07 177.06 195.17 125.31 195.66  42.18
   28  1.160  0.592 -0.207 232.67  68.89 247.62  67.38 233.12  65.31  40.69
   29  0.447  0.137  0.735 208.02 113.87 175.95 113.68 130.19 113.48  84.84
   30  0.850  0.350 -0.084 210.84  92.74 216.14  92.07 199.27  91.19  44.44
   31 -0.356 -1.181 -0.353  93.33 250.79  91.77 249.11  99.20 248.58  54.17
   32  0.141 -0.497 -0.714 124.66 178.55 142.50 178.42 157.19 178.90  47.84
   33 -0.444  0.609 -0.387  83.94  65.00  82.95  66.01  92.87  66.38  42.42
   34 -0.195 -0.161  0.858 154.66 145.53 107.40 145.52  66.22 145.35  41.48
   35  0.784  0.913 -0.017 207.81  35.26 209.57  33.66 190.51  31.48  46.72
   36  0.176 -0.997  0.108 159.00 231.81 146.60 232.17 129.38 232.75  53.65
   37  0.639  1.125  0.007 196.12  13.18 194.52  11.55 175.94   9.38  49.40
   38  0.261 -0.509 -0.028 161.24 180.80 155.22 180.99 142.44 181.48  63.15
   39 -0.143  0.410  0.244 135.29  85.13 113.29  85.31  95.27  85.45  46.00
   40  0.474 -0.079  0.590 204.58 136.47 178.54 136.59 138.42 136.68  48.76
   41  0.104  0.550  0.286 159.38  70.68 139.15  70.53 116.00  70.37  42.88
   42  1.192  0.562  0.221 252.46  71.15 252.96  69.44 220.58  67.55  39.67
   43 -1.192  0.674  0.199  35.11  55.53   3.72  57.85   4.96  59.91  40.17
   44 -1.010 -0.131 -0.398  30.75 142.07  25.08 141.67  44.15 141.40  42.07
   45 -0.879  0.767  0.394  72.44  45.62  35.74  47.43  24.15  49.29  51.40
   46  0.159  0.833 -0.606 130.22  43.62 144.32  43.83 154.71  42.92  43.56
   47 -0.980  0.241 -0.868  16.98 103.25  30.00 104.04  64.85 104.42  34.78
   48 -1.031 -0.860  0.206  50.80 220.67  20.42 218.19  18.44 215.89  44.34
   49  0.344  1.088  0.245 179.43  15.34 164.29  14.38 139.67  13.25  77.22
   50  0.123  0.970 -0.910 115.78  30.62 140.55  31.14 162.60  30.02  39.24
   51 -0.974  0.893 -0.120  44.28  33.43  27.70  36.05  36.32  38.00  39.10
   52 -0.718 -0.518 -0.340  60.32 182.46  54.81 181.25  67.12 180.56  48.84
   53  0.210  0.191 -0.172 151.16 108.67 149.92 108.63 143.26 108.46  44.59
   54  0.007 -0.587  0.510 159.41 190.25 129.06 190.36  98.47 190.27  48.00
   55 -0.842 -0.536  0.197  68.50 185.58  40.26 184.30  35.23 183.18  46.26
   56  0.250  0.260 -0.889 127.71 102.13 153.29 102.18 173.30 101.81  42.89
   57 -0.716 -1.088 -0.090  69.67 243.10  54.29 240.75  57.42 239.00  46.79
   58 -0.364  0.296  0.405 121.15  96.78  89.93  97.09  69.13  97.49  90.31
   59 -0.211  0.760 -0.798  90.05  50.81 107.02  51.82 128.84  51.63  40.81
   60  0.609 -0.285  0.584 216.31 157.91 192.84 158.44 151.29 158.87  45.34
   61  0.795  0.848  0.466 228.02  40.62 212.22  38.74 173.43  36.91  45.58
   62 -0.573 -1.093 -0.821  56.38 240.55  70.68 238.09  97.91 237.44  41.59
   63  0.941  0.034  0.223 230.93 124.76 226.75 124.66 196.57 124.58  42.55
   64 -1.001  0.066  0.059  48.27 121.22  24.25 121.41  26.98 121.48  43.00
   65 -0.860  0.597  0.907  93.85  62.83  35.79  64.00   4.84  65.80  41.73
   66  0.703 -0.617 -0.165 194.88 190.95 200.66 191.83 188.39 193.20  45.58
   67  0.248 -0.036 -0.643 136.69 131.90 153.34 131.96 164.17 132.06  87.37
   68 -0.304  1.106 -0.947  76.37  15.77  97.89  17.57 126.10  17.49  43.74
   69 -0.300 -0.028 -0.880  79.03 131.10  98.19 131.02 124.09 131.09  48.82
   70 -0.716  0.775 -0.409  58.02  47.29  55.21  49.15  69.95  50.18  46.86
   71  0.161 -0.776 -0.220 145.07 208.09 144.83 208.03 140.62 208.65  66.40
   72 -0.866 -0.414  0.412  74.26 172.82  36.96 171.86  24.52 170.87  41.69
   73  0.086  1.076 -0.844 115.02  19.53 136.95  20.19 156.93  19.12  41.46
   74 -0.476 -0.567  0.235 104.27 188.33  78.47 187.53  65.84 186.84  44.26
   75 -0.105 -0.854 -0.608 106.65 215.59 117.64 214.81 131.19 215.15  48.38
   76  0.963  1.182 -0.904 189.01  11.59 224.72   9.85 239.12   5.97  36.60
   77 -0.110 -0.491  0.673 155.15 180.59 116.60 180.54  81.35 180.15  52.87
   78  0.244 -0.156  0.062 163.19 144.40 153.59 144.47 137.41 144.61  44.78
   79  0.090 -0.812 -0.794 117.20 210.40 137.31 209.89 155.50 210.71  39.37
   80 -0.574 -0.599  0.275  96.76 192.01  67.98 191.06  55.72 190.17  52.11
   81  0.358 -0.400 -0.719 143.58 168.51 164.38 168.58 176.94 169.22  39.12
   82 -0.461 -0.296  0.635 120.99 160.03  79.28 159.74  51.15 159.35  47.63
   83  0.612  0.595  0.049 195.28  67.24 191.79  66.40 171.93  65.30  40.69
   84 -1.106 -1.101 -0.605  14.48 243.65  16.22 239.77  43.95 237.54  39.00
   85 -0.818  0.374 -0.325  51.50  88.93  44.56  89.93  57.86  90.55  44.11
   86  0.457 -0.461  0.823 212.53 176.89 177.23 177.68 127.74 178.07  43.44
   87  0.880 -0.766  0.267 227.34 206.80 220.44 208.56 188.96 210.45  43.16
   88  0.273 -0.667  0.819 195.81 198.91 157.48 199.74 110.62 199.94  38.08
   89  0.821  0.054 -0.438 194.47 122.78 211.92 122.71 209.40 122.59  50.08
   90  0.372 -1.061 -0.056 170.11 237.29 166.70 238.01 153.57 239.33  42.66
   91 -0.249  1.163 -0.820  85.84   9.72 103.21  11.30 126.17  11.20  52.11
   92  0.256 -0.868 -0.757 133.18 215.78 154.01 215.66 169.00 216.89  41.11
   93 -0.002  1.049 -0.726 111.45  21.68 128.05  22.40 144.66  21.63  51.70
   94  0.184  0.360  0.790 186.63  90.10 148.00  89.76 103.66  89.72  40.22
   95  0.209  0.976  0.871 192.17  24.49 150.65  23.58 102.61  23.34  81.76
   96  0.236 -0.681  0.005 160.38 198.59 152.73 198.94 138.92 199.53  53.59
   97  0.164  1.116 -0.561 132.41  14.66 144.87  14.92 153.44  13.88  49.77
   98  0.308 -1.164 -0.143 161.16 247.75 160.06 248.31 151.00 249.63  45.04
   99 -0.287 -0.540 -0.746  85.11 183.44  99.37 182.60 120.26 182.72  83.87
  100  1.009  0.014 -0.871 194.10 126.84 229.50 126.83 242.43 126.77  32.33
  101 -0.496  1.040 -0.065  91.08  19.05  76.93  20.71  75.78  21.76  41.67
  102 -0.043  1.042  0.920 171.16  16.57 123.62  16.14  77.41  16.88  43.11
  103 -1.062 -0.441 -0.787  12.13 174.20  21.46 172.66  54.80 171.87  37.36
  104 -0.465 -0.861 -0.631  73.31 216.98  81.04 215.39 100.48 214.89  42.23
  105 -0.570 -0.441  0.645 111.27 175.68  67.63 175.18  41.21 174.29  44.95
  106 -0.081 -0.136 -0.170 125.03 142.36 119.88 142.28 116.82 142.30  43.09
  107  0.777 -0.344  0.122 212.62 163.48 209.18 164.14 184.67 164.91  38.37
  108 -1.138  0.885 -0.804   4.38  35.98  13.88  39.34  48.91  40.98  72.43
  109 -0.895  0.158 -0.011  55.73 111.45  35.55 111.79  38.89 112.25  44.38
  110 -0.697 -0.988  0.182  81.64 233.46  55.43 231.50  48.38 229.77  49.17
  111  0.788 -0.707 -0.951 172.23 198.26 207.10 198.98 224.67 201.00  38.68
  112  0.793  0.410 -0.277 198.34  86.84 209.59  86.20 200.92  85.26  43.67
  113 -0.226 -0.731 -0.849  86.91 202.60 105.57 201.66 129.48 201.79  40.81
  114  0.127  0.795 -0.578 128.41  47.38 141.11  47.57 150.78  46.77  58.30
  115 -0.893  0.836  0.217  64.48  38.71  34.91  40.83  29.99  42.74  45.20
  116  0.811 -1.044 -0.515 190.80 232.93 210.78 234.52 211.17 237.23  43.67
  117 -0.392 -1.165  0.440 120.02 252.24  86.86 251.22  65.13 249.83  60.75
  118 -0.182 -0.752  0.703 149.75 208.53 108.88 208.54  73.62 207.78  69.48
  119  0.673 -0.167  0.414 215.13 145.55 199.17 145.86 163.90 146.16  41.21
  120  0.486  0.507  0.669 208.86  75.13 180.00  74.29 136.46  73.75  39.38
  121 -0.672 -0.373  0.654 101.99 168.53  56.79 167.93  31.77 167.14  41.67
  122 -0.657 -1.105  0.300  89.95 246.16  59.36 244.14  47.27 242.22  42.77
  123  0.620 -0.608 -0.105 190.01 190.27 192.29 191.07 178.49 192.25  47.20
  124  1.040 -0.060 -0.244 220.96 134.32 235.14 134.46 223.09 134.64  36.10
  125  0.588 -0.377 -0.808 160.31 165.99 187.35 166.22 201.17 166.87  87.38
  126 -0.144 -1.016 -0.108 121.72 233.85 113.41 233.39 108.65 233.08  49.59
  127  1.010 -0.530  0.289 239.57 182.46 234.23 183.86 200.60 185.35  36.27
  128 -0.524 -0.820 -0.232  82.27 213.99  74.37 212.53  79.79 211.76  45.33
  129  0.521  0.899 -0.635 161.09  37.79 181.06  37.23 188.75  35.57  44.55
  130 -1.207  0.291 -0.387  12.49  97.38   4.93  98.57  26.97  99.19  37.62
  131 -0.386 -0.690  0.328 130.45 201.24  79.70 200.73  83.40 200.08  51.78
  132  0.732  1.052 -0.527 183.52  22.66 202.67  21.37 204.31  18.75  35.86
  133 -1.058 -0.584  0.014  41.16 190.64  18.47 188.83  23.85 187.39  40.76
  134  0.591 -1.110 -0.403 176.01 240.47 188.57 241.54 186.69 243.91  49.90
  135 -0.207  0.892 -0.788  90.90  37.43 107.39  38.41 128.91  38.38  86.50
  136 -0.077 -1.215 -0.240 123.01 253.73 120.25 253.17 119.85 253.33  82.16
  137 -0.305 -0.681 -0.815  80.97 197.80  97.65 196.75 121.18 196.79  42.43
  138  0.253 -0.649  0.092 165.18 195.50 154.61 195.80 137.09 196.36  38.83
  139 -1.170 -0.826  0.189  36.81 217.22   6.06 214.48   7.13 212.09  41.62
  140  0.691 -0.082 -0.678 174.14 136.47 198.02 136.51 206.05 136.75  48.35
  141 -0.486  0.152 -0.902  61.33 112.70  79.62 113.01 108.63 113.13  48.20
  142  0.969 -0.510 -0.814 192.81 178.70 225.61 179.50 236.63 181.21  39.68
  143  0.463 -0.120  0.867 214.79 140.95 177.89 141.15 126.51 141.27  36.00
  144 -0.618  0.962 -0.136  77.12  27.17  64.48  29.05  67.81  30.27  36.11
  145  0.742 -0.401 -0.915 169.59 168.03 202.58 168.40 219.18 169.48  36.77
  146 -0.476 -0.900  0.348 108.62 224.03  78.24 222.89  61.37 221.70  42.44
  147  0.722 -0.094 -0.685 176.61 137.66 201.15 137.68 209.23 137.94  57.41
  148  0.061 -0.935  0.289 155.68 226.20 134.67 226.35 111.94 226.51  46.93
  149  0.745 -0.773 -0.208 196.90 206.60 204.93 207.78 193.92 209.60  40.87
  150  0.190 -0.991 -0.088 164.24 230.11 141.23 230.75 149.62 231.68  49.19
  151 -0.689 -0.780 -0.571  54.59 209.23  58.37 207.35  78.41 206.55  40.19
  152  0.276  0.548 -0.503 144.52  72.58 156.38  72.52 161.61  71.75  51.42
  153 -0.153 -0.315  0.558 146.59 161.80 112.02 161.56  81.98 161.36  57.20
  154  0.331 -0.745 -0.858 136.01 203.11 161.44 203.02 179.46 204.25  57.89
  155  1.104 -0.329 -0.792 205.29 160.60 239.29 161.25 248.70 162.72  39.29
  156  0.874  0.940  0.026 217.14  32.59 219.17  30.53 197.23  28.29  52.62
  157  0.187 -0.980 -0.692 129.52 227.52 147.16 227.32 160.37 228.13  48.90
  158 -0.624 -0.092  0.300  92.84 138.20  62.79 138.04  50.19 137.61  45.92
  159 -0.607  0.373  0.233  91.98  88.59  64.78  89.22  54.42  89.88  45.31
  160  1.171 -0.212 -0.327 229.05 149.56 248.11 149.85 238.69 150.60  45.51
  161  0.833 -0.881  0.670 239.63 219.82 216.97 222.07 169.19 223.89  38.87
  162  0.913 -0.940 -0.138 214.20 223.34 222.41 225.23 207.08 227.84  43.14
  163 -0.501  0.739  0.037  94.44  50.37  76.19  51.52  71.42  52.42  52.70
  164  0.395 -1.030 -0.911 139.75 231.33 167.86 231.44 187.17 233.34  38.36
  165 -0.455  0.418 -0.364  83.68  84.77  81.77  85.64  90.99  85.66  62.69
  166 -0.251  0.673  0.401 131.46  56.87 101.85  57.40  79.33  57.92  51.00
  167 -0.278 -0.551  0.471 131.72 186.75  98.89 186.67  74.16 185.91  47.12
  168 -0.296 -0.276  0.914 147.35 157.95  96.46 157.85  54.68 157.65  47.93
  169 -1.115 -0.980 -0.296  24.51 232.07  13.91 228.73  31.15 226.42  39.58
  170  0.217 -0.952  0.121 163.16 227.07 150.92 227.38 132.65 228.06  53.40
  171 -0.253 -0.964 -0.056 113.84 228.91 102.14 228.03  97.04 227.63  42.50
  172 -0.833 -0.872  0.139  67.22 221.30  41.43 219.22  38.30 217.42  38.27
  173  0.856 -1.034  0.305 226.91 234.42 218.11 236.78 185.29 239.37  43.15
  174 -0.593  1.166  0.010  84.92   5.22  66.72   7.22  64.29   8.77  47.21
  175  0.546 -1.200 -0.299 176.05 250.25 184.22 251.37 178.62 253.21  45.30
  176  1.154 -0.478  0.287 251.85 176.90 249.32 178.35 214.50 179.88  35.57
  177  0.699 -0.251 -0.275 190.28 153.57 200.00 153.89 192.16 154.67  41.34
  178 -0.330  0.836 -0.915  75.11  43.18  95.29  44.53 122.70  44.49  37.00
  179 -0.371 -0.708  0.101 108.79 202.75  89.73 201.88  80.35 201.43  56.00
  180  0.048 -0.870  0.238 152.46 219.20 133.25 219.29 112.71 219.43  45.71
  181 -1.186 -0.758 -0.037  27.04 209.44   5.40 206.80  14.86 204.68  36.00
  182 -0.246  0.022 -0.542  96.24 125.99 103.33 126.02 116.26 126.05  37.17
  183 -0.454  0.452 -0.629  74.23  81.63  82.18  82.70 101.30  82.64  47.19
  184  0.589  0.566 -0.920 156.18  71.92 187.22  71.60 205.24  70.30  49.50
  185 -0.767 -0.213  0.880 101.83 151.36  45.82 151.00  14.26 150.78  42.03
  186  0.398  1.156  0.029 175.90   9.34 169.50   8.05 152.97   6.70  31.72
  187  0.618 -0.143  0.814 226.46 143.47 194.40 143.40 143.18 143.59  36.19
  188  0.371  0.716 -0.459 154.51  55.57 166.06  55.35 168.57  54.27  35.60
  189 -0.454 -0.490 -0.228  88.81 179.70  81.70 178.50  85.84 178.17  35.55
  190  0.452  1.202 -0.670 154.25   7.30 173.65   6.61 184.17   4.65  42.81
  191 -0.751  1.151 -0.723  43.44   9.12  52.52  12.17  78.81  13.57  38.18
  192  0.707  0.212 -0.341 188.61 107.14 200.54 106.30 195.46 105.89  48.95
  193  0.154 -0.445  0.300 164.34 174.78 144.41 174.82 119.95 175.29  34.62
  194  0.859 -0.399 -0.173 208.16 168.58 216.70 169.31 203.35 170.54  43.47
  195 -0.767 -0.665  0.177  74.75 199.05  48.23 198.04  42.45 196.24  44.91
  196 -1.069  0.035  0.198  62.20 124.28   8.31 124.38  28.76 124.97  39.37
  197 -0.918 -0.381  0.787  90.16 169.83  26.43 169.01  10.52 167.79  35.95
  198  0.275  0.542  0.842 196.95  70.72 157.73  70.22 109.94  69.87  39.64
  199  1.044  0.191 -0.344 231.20 109.02 226.98 108.80 242.00 108.16  36.05
  200 -1.029 -0.157  0.313  55.01 145.13  20.22 144.70  14.42 144.50  45.31
  201 -0.332  0.178 -0.421  92.88 109.83  94.46 110.08 104.06 110.25  39.89
  202  0.847  0.947 -0.385 199.40  32.85 214.53  31.91 210.39  28.70  42.71
  203  0.280  0.016  0.031 184.83 126.54 146.12 126.31 161.20 126.94  57.70
  204 -0.005  0.114  0.378 152.68 116.02 127.97 116.85 102.10 116.05  49.69
  205  0.779 -1.002  0.126 213.03 230.73 209.42 232.60 184.66 235.03  41.21
  206  0.747  0.629 -0.204 186.58  64.39 211.62  63.52 182.12  62.22  33.22
  207  1.037  0.269  0.494 250.08 100.46 237.89  99.66 195.43  99.34  46.10
  208  0.313  1.159  0.568 189.74   6.45 161.22   5.18 124.52   4.87  43.62
  209 -1.207  0.223 -0.621   4.46 104.42   5.89 105.32  36.30 106.77  39.53
  210  0.761  1.093 -0.403 190.65  18.70 205.97  16.60 202.32  13.50  28.60
  211 -0.675  0.554 -0.894  44.34  71.38  60.61  72.70  91.96  73.22  28.80
  212  0.207  1.082 -0.742 129.20  18.70 149.23  19.70 163.77  17.57  45.69
  213  0.949 -1.088  0.739 252.65 241.12 229.49 244.34 177.70 247.29  40.24
  214  1.149 -0.021 -0.253 245.15 130.11 237.13 131.01 250.37 130.24  37.42
  215  0.916 -0.221  0.307 233.40 151.38 223.59 151.28 192.36 151.83  63.05
  216 -0.177  0.693 -0.101 113.00  55.41 113.49  57.05  99.54  57.22  45.50
  217  1.153  0.379  0.213 245.43  90.42 250.90  88.23 213.32  87.00  31.89
  218  0.120 -0.510  0.869 184.05 182.95 141.02 182.79  94.62 182.73  28.25
  219  0.449  0.162  0.709 207.12 111.37 176.13 110.91 100.12 254.27  13.97
  220  0.880  0.107  0.956 162.50 254.11 223.03 116.79 162.60 116.57  52.31
  221 -0.176 -0.686  0.473 141.18 201.01 109.67 200.64 100.12 254.27  37.27
  222  0.175 -0.348  0.285 165.00 164.90 146.97 164.58 121.86 164.74  20.77
  223  0.044  0.055 -0.201 162.50 254.11 132.84 122.62 129.29 122.64  52.31
  224  0.976 -1.057 -0.434 208.44 234.45 227.65 236.46 224.12 238.66  47.74
  225  0.755 -0.911  0.731 235.26 223.35 208.91 225.56 100.12 254.27  44.06
  226 -0.337  0.312  0.403 162.50 254.11  92.75  95.72  71.58  95.41  52.31
  227  1.151 -0.729  0.303 162.50 254.11 249.05 204.73 213.50 207.06  52.31
  228  0.395  0.027  0.242 162.50 254.11 169.58 125.47 144.44 125.44  52.31
  229  0.978  0.283  0.728 162.50 254.11 232.63  98.09 180.86  97.39  52.31
  230 -0.296  0.678  0.049 114.22  57.54  97.25  57.18  89.55  58.54  52.22
  231 -1.121  0.904 -0.271  24.84  31.92  13.33  36.48  29.64  37.20  37.15
  232 -0.220  0.851  0.385 133.69  38.25  21.24 253.69  82.75  39.27  42.00
  233 -0.654 -0.496  0.744 107.15 182.00  58.42 181.26  29.66 180.22  45.44
  234 -0.147  0.046 -0.294 114.99 124.34 112.87 123.12 116.24 123.16  47.36
  235  0.386  0.831  0.661 199.65  40.93 169.41  39.78 100.12 254.27  40.75
  236  0.984 -0.098  0.926 162.50 254.11 234.13 138.83 173.81 139.06  52.31
  237  1.224  0.326 -0.294 234.63  94.56  21.24 253.69 242.34  94.81  39.38
  238 -0.747 -0.672  0.598  92.69 200.84  21.24 253.69  27.37 198.06  39.54
  239 -0.542 -0.599  0.315 101.14 192.01  71.32 191.08 100.12 254.27  56.72
  240 -0.536 -0.074  0.510 109.19 136.14  71.53 136.05 100.12 254.27  44.40
  241  0.955  0.695 -0.579 200.37  58.40 225.29  59.01 226.69  55.02  39.89
  242 -0.591 -0.460 -0.122  80.11 176.58  21.24 253.69  69.72 175.16  42.64
