    1 -0.239  0.044  1.014 156.79 123.48 102.42 123.50  55.88 123.54  41.00
    2 -0.485  0.832  0.459 112.03  39.36  77.02  40.36  56.09  41.57  46.81
    3 -0.293  0.030  0.450 129.51 125.06  97.32 125.10  73.69 125.11  47.77
    4 -1.099 -0.244 -0.514  18.27 153.88  16.57 153.06  41.14 152.51  40.41
    5  0.342  0.446 -0.465 151.70  82.95 163.04  82.82 166.17  82.17  45.64
    6 -0.667 -0.328  0.142  82.91 163.05  58.66 162.42  52.70 161.85  39.06
    7 -0.968 -0.230  0.329  61.47 153.04  26.58 152.44  19.05 151.82  40.77
    8 -0.367 -0.397  0.404 120.78 170.50  89.57 170.13  68.78 169.69  66.30
    9 -0.133  0.522  0.306 138.64  73.28 114.33  73.45  93.76  73.64  50.90
   10  0.490  0.704 -0.377 168.13  56.81 178.37  56.28 176.52  55.03  47.03
   11  0.894  0.474 -0.355 204.02  80.61 219.65  79.78 213.22  78.44  44.27
   12 -0.558  0.698 -0.847  56.76  56.65  72.26  58.19 100.28  58.57  41.14
   13 -0.923  0.946 -0.084  50.50  27.87  32.87  30.48  39.33  32.47  42.59
   14  0.399  0.292 -0.560 153.18  98.72 168.80  98.62 174.91  98.13  44.62
   15 -0.433  0.364 -0.579  77.86  90.66  84.37  91.29 101.13  91.46  45.14
   16  0.645  0.797  0.175 203.22  46.33 195.62  45.05 170.29  43.58  47.70
   17  0.483  0.529  1.009 222.42  72.24 180.36  71.19 122.78  70.78  43.03
   18 -0.988 -0.742 -0.008  47.05 207.34  25.79 205.15  30.70 203.39  82.08
   19 -1.075  0.526 -0.238  30.37  72.50  17.78  74.22  32.34  75.44  36.05
   20 -0.103 -0.023  0.158 135.63 130.68 117.53 130.67 102.24 130.67  49.61
   21 -0.153  0.783  0.063 127.45  46.40 112.35  46.85 101.37  47.02  51.07
   22  0.842  1.129 -0.262 203.39  14.34 214.69  12.41 205.01   9.42  54.86
   23 -1.047  0.975 -0.233  33.31  24.95  20.64  28.05  34.50  30.28  42.00
   24  0.102  1.161 -0.934 113.16  11.31 138.51  12.02 161.60  10.72  42.83
   25 -0.894 -0.073  0.797  86.30 136.18  32.59 136.02   6.41 135.83  40.54
   26  0.063  0.823 -0.626 121.02  44.50 134.68  44.90 146.88  44.21  51.67
   27  1.093  0.115 -0.772 204.96 116.85 238.31 116.66 246.83 116.23  35.93
   28 -0.043  0.101  0.164 141.32 117.65 123.74 117.68 107.45 117.68  44.38
   29 -0.222  0.434 -0.066 116.17  82.99 105.26  83.36 100.19  83.49  48.35
   30  0.955 -0.078 -0.299 211.44 136.13 226.15 136.28 217.01 136.52  42.24
   31 -0.939 -0.542  0.051  53.87 186.09  30.70 184.62  32.66 183.38  43.00
   32  0.240  0.616  0.776 191.10  63.11 153.92  62.40 109.28  62.29  45.94
   33  0.580  0.864 -0.179 183.66  40.26 187.99  39.28 177.45  37.63  46.94
   34  0.643  0.064 -0.492 176.98 121.80 193.67 121.72 194.77 121.59  45.38
   35  0.390  0.178  0.754 203.74 109.53 169.93 109.27 124.19 109.12  43.92
   36  0.317  1.137 -0.658 142.28  13.42 160.29  13.29 170.87  11.58  48.56
   37  0.847 -0.148  0.401 229.92 143.42 217.52 143.81 180.86 144.15  49.05
   38 -0.128 -0.477 -0.168 120.95 177.77 115.11 177.41 112.55 177.41  54.59
   39 -0.380  0.098  0.802 135.18 117.69  87.56 117.75  51.73 117.90  43.25
   40  0.879  0.575  0.903 253.16  68.21 222.73  66.51 164.61  65.33  41.88
   41  0.888 -0.658 -0.103 213.40 194.90 220.00 196.21 203.52 197.96  43.17
   42 -0.824  0.904 -0.565  42.29  34.04  44.63  36.54  66.50  37.82  44.43
   43 -0.218 -0.231  0.397 134.35 152.72 105.32 152.61  82.54 152.46  48.34
   44 -0.450 -0.655 -0.164  91.63 196.84  81.90 195.78  83.71 195.24  49.07
   45 -1.097 -1.148 -0.758   9.90 247.99  17.72 243.89  50.54 241.70  41.27
   46  0.252 -0.263  0.698 189.04 156.00 155.12 156.26 113.49 156.34  51.52
   47  0.703  0.857  0.724 230.38  38.80 203.35  36.82 154.77  35.40  52.95
   48 -0.146 -0.809 -0.102 121.78 212.35 113.18 211.81 108.34 211.72  54.08
   49 -0.529  0.314 -0.593  68.51  95.85  74.61  96.49  93.21  96.69  37.89
   50  0.388 -0.255  0.029 174.80 154.58 168.58 154.76 152.01 155.09  41.93
   51 -0.817 -0.326  0.664  88.61 163.62  41.32 162.96  18.63 162.13  42.26
   52 -0.437 -0.265  0.387 113.70 156.53  82.26 156.18  63.36 155.85  43.18
   53 -0.376 -0.902 -0.272  94.48 222.09  89.72 220.76  94.43 220.27  89.69
   54  0.376 -0.754  0.755 202.50 207.71 168.39 208.78 122.75 209.29  49.62
   55 -0.052  1.031 -0.677 108.76  23.26 123.00  24.09 138.38  23.50  42.85
   56 -0.436 -0.482  0.681 125.26 180.07  81.81 179.60  51.65 178.86  53.19
   57 -0.114 -1.052 -0.774  99.75 235.29 116.83 234.26 136.49 234.70  44.07
   58 -0.047  0.277 -0.846 102.97 100.24 123.51 100.39 145.17 100.20  41.68
   59 -0.669  0.681  0.228  85.94  55.68  58.21  56.97  49.07  58.13  44.69
   60  0.907 -0.821  0.077 222.15 211.87 222.60 213.68 198.60 215.82  39.58
   61 -0.139 -0.731 -0.431 110.05 203.51 114.04 202.82 121.46 203.00  46.62
   62 -1.002  0.441 -0.529  26.81  82.05  26.47  83.46  49.93  84.36  43.10
   63  0.190  0.561  0.124 160.85  70.02 148.08  69.85 130.20  69.45  46.29
   64 -0.289 -0.136  0.574 134.67 142.78  97.61 142.75  69.08 142.48  75.31
   65  0.227 -1.183 -0.432 142.93 248.91 151.43 248.92 154.44 250.27  88.38
   66 -0.611  0.540 -0.538  62.89  72.25  66.24  73.36  83.92  73.86  53.43
   67  0.426 -0.444  0.164 183.35 174.20 172.70 174.63 150.28 175.19  41.79
   68  0.258 -0.497 -0.400 146.76 178.98 154.62 179.04 156.15 179.64  47.61
   69 -0.742 -1.137  0.705  97.53 251.53  49.04 249.60  23.58 246.79  46.84
   70  0.775 -0.279 -0.692 180.90 156.12 206.57 156.45 214.32 157.20  43.76
   71 -0.701 -0.370  0.230  83.00 167.79  54.86 167.04  46.19 166.33  42.75
   72 -0.785 -0.875  0.223  74.89 221.71  46.15 219.77  39.13 218.01  45.65
   73  0.628  0.365  0.052 196.84  90.84 193.54  90.30 173.40  89.62  44.22
   74  0.458 -0.268  0.660 205.99 156.37 176.99 156.79 134.19 157.05  45.82
   75 -0.962  0.320 -0.058  47.65  94.24  28.71  95.15  34.95  95.96  43.28
   76 -1.030  0.028 -0.332  31.33 125.30  22.82 125.39  39.99 125.59  42.42
   77 -0.495 -0.066  0.839 125.93 135.37  75.26 135.31  39.98 135.23  41.82
   78 -0.178  0.227  0.089 137.27 104.53 103.50 104.65 108.78 104.74  49.83
   79 -0.347  1.004  0.454 124.71  21.43  91.66  22.25  68.66  23.32  42.06
   80  0.600  0.256 -0.370 177.98 102.40 189.61 102.15 186.45 101.61  40.00
   81 -0.783 -1.012 -0.309  55.40 234.53  48.02 231.98  60.17 230.42  45.21
   82 -0.601 -0.490  0.016  84.33 179.95  65.89 179.06  63.41 178.41  46.43
   83  0.303 -0.212  0.537 187.19 150.54 160.34 150.76 124.60 150.87  38.94
   84 -0.786 -0.493 -0.516  47.45 179.64  48.39 178.41  67.92 177.69  46.64
   85  0.095 -0.731  1.008 187.32 206.47 138.51 207.10  86.63 206.89  42.29
   86 -0.349  0.966 -0.721  80.40  29.23  93.05  30.81 113.74  30.96  40.72
   87 -0.119 -0.764 -0.081 125.06 207.74 115.96 207.27 109.95 207.23  43.00
   88 -0.172 -1.168 -0.101 119.60 249.72 110.50 248.94 105.97 248.66  48.76
   89  0.511 -0.833 -0.542 163.71 212.32 180.18 212.89 184.45 214.49  43.29
   90 -0.912  0.603 -0.887  22.61  65.98  36.81  67.85  71.30  68.67  49.54
   91 -0.420  0.624  0.403 115.92  61.82  84.03  62.50  64.18  63.43  89.64
   92  0.007 -1.137 -0.232 130.76 245.62 128.96 245.14 126.96 245.62  52.55
   93 -0.546 -0.883 -0.866  57.14 218.81  73.44 216.85 101.94 216.41  39.23
   94 -1.138 -0.788  0.033  34.28 212.74  10.13 210.13  16.25 207.99  41.50
   95  0.372  1.099 -0.033 171.04  15.18 166.82  14.39 152.77  13.02  42.38
   96  0.683 -0.071  0.005 199.81 135.55 199.13 135.66 180.31 135.80  40.73
   97 -0.745 -0.342 -0.252  61.01 164.23  51.80 163.43  61.40 162.90  37.58
   98  0.783  0.975  0.577 231.43  27.07 211.34  24.76 168.01  22.89  40.08
   99 -1.051  0.192  0.019  42.06 107.68  19.24 108.27  24.29 108.85  43.06
  100  0.663 -0.954  0.851 232.18 228.30 199.31 230.62 146.12 231.88  41.07
  101  1.097  0.778  0.162 241.94  49.26 242.69  47.12 213.60  44.63  41.65
  102 -0.411  0.172 -0.466  83.98 110.43  86.38 110.71  98.78 110.80  43.20
  103 -0.295  1.108 -0.933  77.64  15.58  98.77  17.33 126.35  17.18  38.62
  104 -0.949  0.316 -0.716  25.07  95.38  32.52  96.41  61.57  96.88  32.93
  105  0.855  0.984  0.690 242.34  26.05 219.42  23.43 170.53  21.34  38.90
  106 -0.176 -0.300  0.241 120.68 159.88 116.51 159.67  80.88 159.47  54.54
  107 -0.597 -0.891  0.383  98.75 223.55  65.39 222.07  49.31 220.59  62.04
  108  0.721 -0.985 -0.314 190.73 227.86 202.13 229.22 195.49 231.54  44.31
  109  0.304  0.965  0.646 191.73  26.72 160.62  25.63 120.37  25.09  40.75
  110 -0.075  0.416 -0.318 120.02  85.36 120.59  85.68 122.98  85.52  46.94
  111 -0.311  1.050  0.158 116.61  17.72  95.79  18.71  83.47  19.46  45.38
  112 -0.023 -0.448  1.006 176.43 176.38 125.83 176.62  75.91 176.39  47.68
  113 -1.083  0.365 -0.524  19.18  89.82  18.33  91.08  42.67  91.94  40.71
  114  0.901 -0.300  0.558 240.95 159.32 223.80 160.12 180.05 160.82  40.65
  115 -0.951  0.998  0.365  64.45  20.62  28.22  23.23  18.96  25.78  46.55
  116 -0.780 -1.079  0.389  81.62 244.10  46.08 241.85  32.83 239.51  42.24
  117  0.260  0.680  0.693 189.59  56.55 155.95  55.83 114.43  55.56  31.33
  118 -1.069 -0.316 -0.902   7.42 161.05  21.16 159.92  58.54 159.39  33.73
  119  0.220  0.100  0.889 193.98 117.49 151.85 117.50 103.13 117.49  52.90
  120  0.220  0.611 -0.462 141.05  65.96 150.62  66.04 154.94  65.26  38.21
  121 -1.172  1.001 -0.395  15.56  22.43   8.53  26.04  30.17  28.45  42.00
  122 -0.233 -0.667  0.171 124.26 198.33 103.95 197.85  90.02 197.50  44.19
  123  0.128  0.899  0.908 186.36  32.46 142.07  31.64  93.69  31.77  43.80
  124  0.675  0.959 -0.672 172.97  32.25 196.48  31.34 204.15  28.98  41.67
  125  0.911 -0.738 -0.682 192.98 201.73 220.32 202.86 226.55 205.12  39.44
  126 -0.170 -0.208 -0.937  88.55 149.37 111.35 149.04 137.51 149.15  52.33
  127  0.353 -0.560 -0.010 170.15 185.93 164.83 186.32 150.15 186.97  44.71
  128  0.334 -0.644 -0.426 152.49 193.72 162.31 193.92 163.98 194.82  42.60
  129  0.006  0.129  0.641 164.48 114.55 128.93 114.56  93.21 114.70  48.49
  130 -0.634  1.012  0.026  81.69  21.24  62.44  23.19  60.09  24.64  40.00
  131 -0.053  0.383 -0.925  99.46  89.50 123.09  90.02 147.42  89.61  41.27
  132 -0.829 -0.804  0.100  66.10 213.82  41.93 211.94  40.17 210.33  43.39
  133 -0.620 -0.422 -0.387  67.58 172.24  64.98 171.26  77.36 170.95  47.12
  134 -0.351  0.018 -0.322  94.76 126.35  92.28 126.37  98.53 126.38  45.90
  135 -0.655 -0.420  0.653  97.80 173.51  61.76 172.95  27.89 172.03  45.96
  136 -0.378 -1.101 -0.196  97.11 243.11  89.35 241.62  91.27 240.95  51.06
  137  0.495 -0.617 -0.243 173.67 191.11 179.09 191.65 171.99 192.71  47.29
  138 -1.109 -1.077  0.397  56.60 244.89   8.22 241.73   9.34 238.61  38.59
  139  0.999 -0.192  0.076 230.43 147.74 231.89 148.20 207.93 148.77  50.29
  140  1.019  0.155  0.452 246.93 112.39 235.84 111.87 195.39 111.54  43.93
  141 -0.570 -0.018  0.558 107.82 130.16  67.81 130.13  44.66 130.33  45.74
  142  1.007  0.453  0.341 241.38  81.86 234.05  80.74 198.42  79.38  42.40
  143 -0.796 -0.166  0.565  86.71 146.23  43.81 145.85  24.46 145.46  39.08
  144 -0.095  0.978 -0.666 105.48  28.43 118.66  29.45 134.32  28.84  49.09
  145 -1.144 -0.979 -0.512  14.13 231.30  11.96 227.80  37.14 225.60  35.31
  146  0.908  0.258  0.811 251.88 101.37 225.47 100.61 170.96 100.05  33.67
  147  0.600  0.950 -0.745 163.83  33.15 188.76  32.51 200.00  30.31  38.00
  148  0.214  0.887  0.630 182.92  34.69 151.01  33.85 112.62  33.65  51.92
  149 -0.703 -0.511  0.813 105.05 183.75  53.05 183.00  22.37 181.87  43.02
  150  1.062 -0.498 -0.454 214.61 177.96 236.50 179.00 232.67 180.67  35.57
  151  0.577 -1.124  0.145 196.13 243.87 188.41 245.49 165.04 247.36  41.85
  152 -0.069  0.962  0.253 142.59  27.29 121.03  27.57 101.70  27.64  42.88
  153  0.242  0.416  0.598 184.15  84.53 154.04  84.05 116.57  83.87  59.75
  154  0.642 -0.758  0.971 235.18 208.11 197.34 209.91 139.43 211.12  40.02
  155  0.384  0.440  0.327 186.15  82.52 168.59  82.02 140.25  81.53  44.00
  156 -0.073  0.778 -0.328 119.84  48.21 120.79  48.56 123.47  48.33  57.25
  157  0.837 -0.777  0.711 241.62 209.25 217.48 211.08 167.99 212.65  40.78
  158  0.541 -1.012  0.201 195.13 232.67 184.84 234.04 159.59 235.61  41.57
  159  0.177 -0.467 -0.337 141.88 176.02 146.35 175.99 146.38 176.48  43.71
  160  0.250  0.172  0.521 181.79 110.31 154.71 110.16 120.26 109.89  46.67
  161  0.613 -0.562  0.712 221.85 187.03 193.59 188.17 146.69 188.94  42.17
  162 -0.918  0.456 -0.440  37.98  80.47  34.67  81.71  53.74  82.51  42.45
  163  0.827 -0.006 -0.697 184.98 128.92 211.81 128.68 219.13 128.96  47.67
  164 -0.723  1.120 -0.211  64.66  10.49  53.92  13.08  61.60  14.70  35.11
  165 -0.725 -1.134  0.559  93.34 250.51  51.35 248.40  30.81 245.96  37.68
  166 -0.359 -0.811 -0.307  80.95 212.70  99.30 211.42  83.59 210.64  41.79
  167  0.208 -0.893  0.152 163.57 220.95 149.95 221.35 130.65 222.01  50.50
  168  0.567  0.101  0.041 191.04 118.02 187.08 117.76 168.10 117.58  49.20
  169  0.530 -0.652  0.244 195.80 195.62 183.72 196.51 156.91 197.48  42.38
  170 -0.431 -0.172  0.238 108.53 146.41  83.10 146.20  69.72 146.11  38.76
  171  0.106  0.919 -0.535 128.23  34.61 139.04  34.93 147.35  34.16  35.80
  172 -0.247 -0.590  0.108 120.56 190.15 102.55 189.66  91.24 189.37  45.71
  173  0.045 -0.949  0.297 154.70 227.64 132.89 228.04 110.33 227.87  47.81
  174 -0.745 -0.396  0.193  77.52 170.40  50.43 169.57  43.91 169.08  47.30
  175 -0.729 -1.066 -0.052  69.92 241.00  52.79 238.62  54.82 236.91  35.92
  176  0.313 -0.883  0.577 189.72 220.93 161.44 221.90 123.84 222.56  44.76
  177  1.099 -0.018  0.143 231.93 130.16 248.62 130.22 203.72 130.17  34.92
  178 -0.002 -0.089 -0.926 104.13 137.28 128.06 137.20 152.15 137.30  42.87
  179 -0.098 -0.873 -0.950  94.61 216.80 118.46 215.43 144.33 216.04  35.93
  180  0.026  0.753 -0.646 117.09  51.63 130.80  52.21 144.43  51.49  49.38
  181  0.873  0.780 -0.355 202.34  49.87 217.61  48.48 211.34  46.32  55.50
  182 -1.073  1.056  0.153  56.15  15.17  10.38  18.22  26.66  20.57  38.33
  183  0.628  0.957 -0.408 179.30  31.40 192.22  30.37 190.57  28.99  45.62
  184  0.066 -0.939  0.036 146.16 225.89 135.23 225.46 122.01 226.25  55.87
  185 -0.278  1.116  0.817 145.37   8.28  98.51   8.85  60.26   9.98  42.15
  186 -0.396  0.638  0.431 119.09  60.40  86.57  60.95  65.11  61.59  17.48
  187  0.978 -0.858 -0.064 244.07 214.64 216.91 216.91 233.00 220.15  50.08
  188 -1.117 -0.519 -0.138  29.95 183.40  13.06 181.68  24.79 180.60  39.57
  189 -0.957 -0.775  0.011  50.74 210.78  29.00 208.59  32.66 206.93  41.00
  190  0.231 -0.107 -0.486 140.92 139.48 151.93 138.98 156.69 139.13  29.82
  191 -0.075 -0.963  0.397 147.32 230.30 120.44 229.53  95.16 229.19  64.85
  192 -0.227 -1.221 -0.436 102.06 253.79 105.11 253.01 113.87 252.97  63.88
  193 -1.214 -0.730 -0.211  18.16 206.00   3.33 203.34  19.43 201.43  26.91
  194 -0.456  0.998  0.055  99.40  23.27  80.89  24.51  74.74  25.55  48.67
  195 -0.708 -0.207  0.565  95.06 150.47  53.30 150.11  32.17 150.03  40.62
  196  0.605 -0.923  0.328 223.80 223.49 181.36 225.29 179.13 227.01  40.88
  197  0.244 -1.136 -0.601 138.28 243.65 152.78 243.60 162.47 244.30  33.44
  198  0.131  0.160  0.921 187.00 111.14 142.33 111.01  93.45 111.23  42.25
  199  0.567 -1.054  0.861 223.74 239.44 189.25 241.66 136.27 242.18  42.50
  200  1.035  0.510 -0.012 247.15  77.12 225.13  75.20 232.80  73.50  40.84
  201  1.096 -0.204 -0.064 232.90 149.03 241.52 149.31 221.93 149.97  62.12
  202  0.335 -0.181 -0.374 154.49 147.04 162.49 146.61 162.12 146.80  49.87
  203 -0.113 -0.380 -0.075 125.61 168.03 116.63 167.34 110.11 167.33  29.50
  204 -1.025 -0.283  0.561  76.35 158.82  13.25 158.13  14.81 157.70  38.50
  205 -0.597  0.740 -0.543  63.95  51.64  67.67  53.24  85.23  53.47  37.23
  206 -1.211 -0.678 -0.326   6.55 199.83   8.44 198.65  17.30 195.36  38.41
  207 -0.797  0.222  0.399  70.00 105.20  50.02 104.45  21.42 105.07  34.75
  208  0.438  0.235  0.075 204.12 103.45 160.52 104.14 177.74 103.74  41.29
  209 -0.053  0.349  0.822 166.25  90.09 105.11 253.01  80.50  92.03  48.88
  210  0.404  0.185 -0.053 172.95 109.28 105.11 253.01 156.51 108.89  46.06
  211  0.585  0.520  0.125 195.75  75.43 189.28  73.77 166.40  72.87  46.48
  212  0.966  0.501  0.570  21.80 254.29 230.78  75.15 185.77  73.90  42.40
  213  0.990  0.061  0.312 238.80 122.26 232.09 121.73 197.94 121.54  45.60
  214 -0.730 -0.825 -0.734  43.54 213.39  55.47 211.22  79.76 210.86  39.35
  215  0.003 -0.291  0.941 176.12 159.49 128.54 159.63  32.88 253.92  48.50
  216  0.887 -0.880 -0.781 187.06 215.67 105.11 253.01 227.73 219.35  40.88
  217  0.071 -1.098 -0.303 133.78 241.08 135.50 240.75  32.88 253.92  38.67
  218 -0.155 -0.427  0.881 159.25 174.03 111.65 174.06  68.87 173.88  37.46
  219  0.709  0.235  0.055  21.80 254.29 201.95 103.06 180.77 104.08  42.40
  220 -0.657  0.192  0.215  86.67 107.77  59.47 108.17  50.81 108.72  50.09
  221  1.030 -0.406  0.683  21.80 254.29 237.97 171.52 187.57 172.59  42.40
  222 -1.069 -0.034 -0.516  20.97 131.82  19.57 131.71  32.88 253.92  40.36
  223 -0.893 -0.491  0.512  75.64 181.24  33.75 180.12  18.22 179.17  38.54
  224 -0.125 -0.972  0.477  21.80 254.29 115.00 230.95  87.62 230.48  42.40
  225 -0.473 -0.814 -0.196  88.32 213.31  79.55 211.99  32.88 253.92  41.50
  226  1.226 -0.587 -0.814 214.59 186.04 251.55 187.32  32.88 253.92  33.33
  227  1.262 -0.233 -0.228 240.45 151.43 105.11 253.01 243.66 153.10  31.00
  228 -0.980 -1.070  0.539  68.25 244.40  24.39 241.64  32.88 253.92  40.82
  229 -0.630 -0.655  0.265  21.80 254.29  62.25 196.93  51.06 195.85  42.40
  230 -0.011  0.184 -0.094 134.30 109.16 127.14 109.27  32.88 253.92  50.38
  231  1.159  0.641  0.884  21.80 254.29 252.73  59.44 192.35  57.59  42.40
  232 -0.291  0.787  0.213  21.80 254.29  97.79  45.93  83.11  46.49  42.40
