    1 -0.055  0.051 -0.338 121.17 123.01 122.67 123.06 125.59 123.02  37.10
    2 -1.204  0.221 -0.229  18.37 104.76   4.45 105.56  20.97 106.14  39.48
    3 -0.665  0.289 -0.898  44.95  98.53  61.62  99.26  92.85  99.48  81.41
    4 -0.779  0.408  0.885 100.79  83.78  44.62  84.49  12.91  85.57  43.38
    5  0.142  0.385  0.756 181.40  87.47 143.39  87.17 101.05  87.16  79.46
    6  0.010  0.871  0.617 163.86  36.01 129.29  35.76  94.43  35.96  47.24
    7 -1.001  0.741  0.589  68.07  47.66  21.99  49.59   5.57  51.78  42.07
    8 -0.128  0.616  0.763 157.03  62.42 114.57  62.41  76.05  62.86  44.79
    9 -0.876 -0.021  0.035  59.24 130.49  37.35 130.44  38.79 130.40  45.25
   10 -0.067  0.562 -0.904  99.09  71.42 121.56  72.03 145.52  71.61  46.83
   11  0.059  0.226 -0.850 112.24 105.44 134.16 105.59 154.77 105.37  45.10
   12 -0.989  0.204 -0.248  38.17 106.66  26.70 107.30  40.16 107.72  46.95
   13  0.566 -0.358 -0.598 166.52 164.28 185.56 164.61 191.77 165.32  44.00
   14 -0.245  0.440  0.501 135.89  81.54 102.33  81.77  75.93  82.14  44.35
   15  0.387 -0.249 -0.144 167.97 153.83 168.17 153.99 158.39 154.32  92.26
   16  0.563  0.368 -0.724 161.28  91.42 185.06  91.19 195.87  90.38  42.08
   17  0.255  0.881  0.807 193.79  34.91 155.58  33.90 109.47  33.64  44.21
   18 -0.900  0.443  0.403  70.76  80.54  33.48  81.62  21.95  82.71  43.29
   19 -0.969  0.400 -0.077  46.27  85.68  28.05  86.85  35.11  87.72  41.53
   20 -0.110 -0.460 -0.558 107.89 175.42 117.13 174.99 128.86 175.14  46.24
   21  0.099  0.068 -0.364 133.90 121.31 138.37 121.32 140.39 121.27  47.14
   22  0.801  0.823  0.114 214.40  44.17 211.66  42.57 187.23  40.66  45.67
   23 -0.392  1.119  0.744 131.81   7.95  86.36   8.78  52.93  10.41  44.75
   24  0.445  0.974  0.011 179.19  28.13 174.40  27.25 157.87  25.90  48.35
   25 -0.649 -0.042  0.253  88.73 132.71  60.24 132.63  49.86 132.55  42.29
   26  0.457  0.593 -0.075 176.93  67.48 175.49  66.95 162.32  66.06  46.85
   27  0.310 -0.952 -0.788 136.89 224.01 159.50 224.00 175.06 225.48  43.82
   28  0.677 -0.397 -0.566 177.21 168.16 196.97 168.59 200.66 169.53  86.64
   29  0.458  0.026  0.304 191.79 125.59 176.36 125.56 147.98 125.50  47.90
   30 -0.892 -0.178 -0.124  51.88 147.06  36.23 146.57  43.63 146.25  44.13
   31 -0.242  0.181  0.293 128.17 109.10 102.90 109.23  84.49 109.34  48.50
   32 -0.075 -1.088  0.552 153.61 243.54 120.36 243.56  89.20 243.06  55.26
   33 -0.644 -0.394  1.005 118.30 171.23  58.73 170.73  19.84 169.78  40.70
   34 -0.107  1.060  0.059 131.53  17.58 117.15  18.08 105.64  18.18  49.59
   35 -1.127 -0.696 -0.831   4.44 200.70  15.02 198.15  50.83 196.81  36.97
   36 -0.329  0.919  0.847 141.76  29.25  92.97  29.70  54.47  30.95  46.80
   37 -1.046  0.322 -0.828  12.15  94.81  23.21  95.89  57.64  96.44  79.70
   38 -0.262  0.566 -0.931  80.62  70.76 102.08  71.62 129.31  71.49  40.31
   39  0.000 -0.796 -0.399 123.79 209.95 128.32 209.54 132.74 209.95  47.48
   40  0.567  0.597 -0.153 188.39  67.50 183.89  66.74 180.47  65.58  93.95
   41 -0.425 -0.238 -0.583  78.37 152.76  85.12 152.39 101.95 152.26  44.88
   42  0.061 -0.476  0.486 163.35 178.45 134.67 178.64 104.29 178.64  53.18
   43 -0.707 -0.768  0.366  87.60 210.55  53.92 209.15  40.21 207.58  47.24
   44 -0.271  0.318 -0.314 102.41  95.38 100.51  95.71 105.36  95.82  49.71
   45  0.332  1.175 -0.525 148.62   9.12 161.96   8.86 167.36   7.13  47.69
   46 -0.843  0.665  0.928  96.33  55.39  37.51  56.66   5.50  58.61  41.30
   47  0.175 -0.917 -0.872 121.81 220.64 145.80 220.28 165.88 221.44  43.68
   48  1.136 -0.326 -0.224 229.91 160.97 245.07 161.83 231.49 162.93  46.03
   49 -0.596  0.699 -0.382  70.11  55.37  67.38  56.81  79.32  57.51  42.50
   50 -0.406 -0.172  0.432 118.20 146.57  85.44 146.40  64.22 146.25  86.13
   51 -0.017  0.156  0.067 139.89 112.01 126.47 112.04 113.51 112.02  46.44
   52  0.806  0.997  0.589 233.99  24.86 213.83  22.44 169.73  20.41  38.07
   53 -0.612 -0.328 -0.751  55.20 162.04  66.63 161.28  92.04 161.04  40.90
   54  0.185 -0.063  0.267 165.91 134.81 147.65 134.84 124.22 134.87  48.27
   55  0.895  0.089 -0.561 196.11 119.37 219.05 119.23 220.76 118.96  41.41
   56 -0.724  0.303 -0.223  63.96  96.44  53.82  97.13  62.07  97.58  47.56
   57 -0.276 -1.120  0.598 136.95 247.74  98.99 247.16  69.25 246.03  43.66
   58  1.171 -0.008 -0.523 221.20 129.05 247.29 129.07 245.45 129.10  41.46
   59 -1.068 -0.007 -0.599  18.09 128.94  20.01 128.92  47.02 128.91  40.69
   60 -0.338 -0.734  0.752 137.09 207.03  92.17 206.67  57.49 205.70  48.28
   61  0.467 -0.466 -0.820 149.37 174.95 175.24 175.11 190.56 176.03  44.75
   62 -0.602  0.930 -0.116  79.38  30.50  66.12  32.28  68.49  33.44  40.76
   63 -0.121  0.683  0.025 128.94  56.95 115.76  57.31 105.80  57.38  47.15
   64 -0.418  0.378  0.001 100.73  88.52  84.90  89.02  80.15  89.36  53.60
   65 -0.997 -0.074  0.124  50.95 136.14  24.34 135.93  24.72 135.81  42.92
   66 -0.204 -0.683 -0.009 120.03 199.59 107.11 199.01  99.58 198.81  52.00
   67 -0.827 -1.021 -0.809  33.35 233.87  45.07 230.92  75.54 229.67  40.81
   68 -0.479  0.044  0.376 109.42 123.65  77.89 123.65  60.07 123.65  97.12
   69 -0.649 -0.611 -0.095  75.70 192.66  61.18 191.42  63.57 190.57  45.36
   70  0.524 -0.150 -0.178 178.76 143.59 182.27 143.74 172.35 144.00  42.76
   71 -0.782 -0.674  0.558  87.81 201.09  45.35 199.76  25.91 198.18  40.19
   72  0.587  0.305  0.114 195.68  96.91 189.39  96.47 167.18  95.93  51.78
   73 -0.050 -0.621  1.003 173.83 194.95 122.89 195.22  73.50 194.78  44.12
   74  0.557  0.977  0.474 207.47  26.69 187.15  25.04 150.68  23.65  90.60
   75  0.146 -0.243  0.214 160.73 153.58 143.22 153.61 123.08 153.72  29.40
   76 -0.182  0.367  0.228 131.06  89.67 109.17  89.87  92.33  90.04  42.38
   77 -0.579 -0.931  0.332  98.38 227.58  67.42 226.13  52.83 224.65  43.68
   78  0.314  0.861 -0.182 160.08  40.03 160.60  39.62 153.04  38.61  59.33
   79  0.514 -0.949  0.774 215.64 227.97 183.20 229.70 134.95 230.72  46.33
   80  0.252  1.037  0.181 168.63  20.55 154.59  19.95 133.58  19.04  47.59
   81  1.141  0.138 -0.263 228.76 114.42 245.35 114.06 233.31 113.59  42.17
   82  0.008 -0.535  0.946 176.83 185.59 129.12 185.90  81.14 185.62  44.68
   83  0.626 -1.121  0.829 227.90 245.90 195.37 248.41 143.30 249.87  41.67
   84 -0.561 -0.982 -0.820  57.50 229.13  71.88 227.02  98.94 226.40  35.44
   85  0.550  0.297 -0.679 161.79  98.40 183.78  98.20 193.02  97.58  41.07
   86 -1.035 -0.688  0.243  51.82 202.30  19.88 200.32  16.62 198.46  40.71
   87  0.595 -0.610  0.739 221.37 192.22 191.82 193.38 143.92 194.20  84.93
   88 -0.342 -0.884 -0.244  98.59 220.18  93.11 219.03  96.29 218.60  47.40
   89  1.160 -0.525 -0.671 214.60 180.22 245.53 181.36 249.64 183.29  37.84
   90  0.158 -1.077  0.790 184.29 242.47 145.16 243.51 101.09 243.56  52.20
   91  1.070  0.999  0.164 239.75  26.64 239.99  23.97 210.98  20.94  32.57
   92  0.856  0.443 -0.353 200.85  83.65 215.83  82.89 209.64  81.68  45.75
   93 -0.385 -0.987  0.405 119.32 233.19  87.64 232.26  67.18 231.15  56.54
   94  0.240 -0.970 -0.267 150.28 227.58 152.90 227.77 149.47 228.79  47.14
   95  0.702 -1.143  0.065 204.02 245.31 201.21 247.19 179.79 249.42  52.20
   96  1.150 -0.133 -0.551 218.32 141.38 245.06 141.77 244.45 142.25  63.41
   97  0.147 -0.505  0.196 159.72 180.87 143.58 181.02 123.41 181.26  57.35
   98 -0.094 -0.143  0.262 140.43 143.25 118.40 143.21  99.00 143.17  41.80
   99 -0.520 -0.053 -0.771  62.88 133.67  75.86 133.56 100.71 133.53  39.73
  100  0.581 -0.773  0.336 203.99 208.25 189.35 209.48 158.19 210.69  43.38
  101 -1.089  0.860 -0.176  31.29  36.82  16.07  39.63  28.68  41.71  37.69
  102  0.007 -1.209 -0.905 105.77 250.40 128.99 249.38 152.05 250.43  41.29
  103 -0.502 -0.208  0.940 129.18 150.84  74.22 150.56  35.16 150.15  49.78
  104 -1.122 -1.055 -0.304  23.54 239.98  13.26 236.52  30.82 233.86  40.81
  105 -0.276  0.277 -0.519  94.36  99.67 100.19 100.12 112.67 100.05  46.25
  106  0.353  0.596  0.880 205.52  65.19 166.16  64.30 115.68  63.99  37.11
  107  0.441 -0.314  0.597 201.99 161.15 175.10 161.61 135.07 161.92  42.19
  108 -0.654 -0.777 -0.224  70.52 209.82  61.02 208.18  68.12 207.18  46.74
  109 -0.564  0.789 -0.207  79.50  45.59  70.23  47.07  75.34  47.91  36.33
  110 -0.017 -0.885  0.677 163.73 222.28 126.41 222.45  89.52 222.19  46.74
  111  0.300  1.139 -0.221 157.45  11.55 159.06  11.19 153.27   9.78  44.26
  112 -1.155  0.625 -0.638   8.71  62.64  11.31  64.94  41.25  66.46  37.67
  113 -0.341 -0.972  0.052 109.86 230.34  92.76 229.33  84.97 228.60  47.06
  114  0.759 -1.049  0.144 212.03 235.64 207.43 237.60 182.17 239.96  46.33
  115 -0.874 -0.704 -0.753  30.85 201.31  40.20 199.20  69.41 198.27  41.90
  116 -0.910  0.564  0.242  63.75  67.76  33.04  69.18  27.54  70.51  40.73
  117  0.223  0.644  0.972 197.57  59.70 152.36  58.86  99.96  58.82  41.96
  118  1.042  0.764 -0.911 195.40  52.94 232.64  51.66 246.86  49.07  37.00
  119  0.372  0.361  0.570 194.80  90.38 167.70  90.08 129.76  89.72  44.81
  120  0.340 -0.058  0.731 198.34 134.36 164.60 134.43 120.49 134.46  44.70
  121 -0.043 -0.529 -0.919 100.73 181.76 124.00 181.28 148.20 181.65  35.80
  122 -0.114 -1.014  0.920 164.63 237.07 116.00 237.38  70.93 236.53  45.14
  123  1.181  0.294 -0.454 224.79  99.03 248.67  98.33 244.00  97.25  33.25
  124 -0.573 -1.011 -0.865  54.78 231.99  70.76 229.73  99.58 229.14  38.21
  125 -0.950  0.838 -0.054  48.98  39.19  29.98  41.56  35.83  43.46  43.78
  126 -1.127 -0.596 -0.546  14.47 190.89  13.83 188.77  39.94 187.48  33.81
  127  0.267 -0.225  0.724 191.46 151.98 156.78 152.23 113.95 152.32  45.12
  128 -0.704 -1.051  0.333  86.69 240.63  54.30 238.67  41.81 236.79  91.44
  129  0.844 -0.709  0.878 249.11 202.39 218.92 204.41 162.22 205.78  35.38
  130  0.686  0.416  0.466 218.29  85.17 200.73  84.34 162.98  83.66  44.28
  131 -0.068 -1.158  0.275 143.42 249.87 121.11 249.65 100.70 249.48  52.38
  132  0.187 -0.162 -0.253 145.99 144.84 147.50 144.85 144.14 145.00  39.67
  133  0.429  0.146  0.581 200.27 112.96 173.78 112.75 134.58 112.61  41.00
  134 -0.168  0.219  0.004 123.83 105.34 110.87 105.47 102.42 105.55  50.40
  135  0.878 -0.777 -0.504 197.00 206.05 217.58 207.30 217.12 209.53  39.50
  136 -0.376 -0.166  0.441 121.52 145.96  88.60 145.81  66.71 145.54  16.52
  137 -0.028 -0.957 -0.444 119.62 226.40 125.39 225.83 131.85 226.28  46.43
  138  0.528 -0.824  0.169 192.68 213.18 183.35 214.25 159.54 215.52  43.17
  139 -0.471 -1.081 -0.387  81.89 240.58  79.99 238.59  90.77 237.88  29.64
  140  1.133 -0.854 -0.588 215.45 213.14 243.23 214.94 244.00 217.79  88.25
  141 -0.861  0.292 -0.274  49.05  97.61  40.02  98.24  51.95  98.79  36.33
  142  0.023 -0.093 -0.925 106.37 137.69 130.61 137.62 154.33 137.70  38.90
  143 -0.908  0.186 -0.737  21.98 108.99  40.21 109.53  60.16 109.83  33.75
  144 -0.404 -0.678  0.067 104.61 199.66  86.31 198.80  78.84 198.21  48.80
  145  0.578 -1.141 -0.409 174.67 243.58 187.25 244.96 185.66 246.98  47.98
  146  0.260 -0.437 -0.040 160.69 173.33 155.18 173.48 142.80 173.90  39.83
  147 -0.102 -0.497 -0.428 117.21 179.29 115.74 178.95 128.38 179.17  44.07
  148 -0.587 -0.463  0.420 101.04 177.77  66.40 177.02  48.77 176.50  53.90
  149 -0.007 -0.856 -0.730 110.86 215.12 127.47 214.56 144.43 215.39  59.14
  150  0.845  0.628  0.471 232.61  63.34 217.56  61.89 178.05  60.61  43.23
  151  0.889 -0.112  0.196 225.04 139.78 221.29 139.81 192.27 140.24  34.93
  152 -1.079 -0.993  0.400  53.55 235.77  14.66 232.81   6.50 230.07  45.03
  153  0.622  0.458 -0.746 165.57  82.45 190.93  82.09 202.05  81.01  32.00
  154 -0.184  0.247 -0.001 122.14 102.51 109.15 102.65 101.08 102.78  40.18
  155 -0.455 -0.781  0.862 130.61 212.76  79.44 212.02  42.60 210.74  46.05
  156  0.496 -1.074  0.440 200.63 240.18 180.54 241.57 146.21 242.92  39.31
  157  1.048  0.273 -0.912 195.83 101.36 233.24 100.89 247.50  99.94  32.38
  158  0.487  0.231 -0.358 168.48 104.78 178.19 104.59 175.43 104.36  44.50
  159 -1.175  0.850 -0.649  11.03  39.05   6.91  42.29  43.95  44.07  68.21
  160 -0.280  0.510 -0.388  98.80  75.58  99.63  76.14 107.33  76.24  53.56
  161  0.606 -0.822 -0.426 176.35 211.26 190.06 212.31 188.93 213.80  44.63
  162 -0.408 -0.813  0.764 131.11 215.91  84.61 215.15  50.72 213.89  49.67
  163 -0.663 -1.143  0.317  89.97 250.38  58.65 248.32  46.04 246.28  43.10
  164  0.470 -1.001  0.452 198.86 232.53 177.77 233.93 143.41 235.22  46.00
  165 -1.169 -0.844  0.207  37.61 219.23   5.99 216.44   6.52 213.93  35.88
  166 -0.888 -1.058  0.451  73.71 242.55  34.60 240.05  20.93 237.04  42.45
  167  0.071 -0.186 -0.394 130.29 147.39 135.54 147.25 139.01 147.38  45.36
  168 -0.045 -0.948 -0.610 111.91 225.02 123.71 224.36 136.55 224.79  49.75
  169  0.335 -0.577  0.868 203.54 189.45 164.10 190.27 114.67 190.29  50.27
  170  0.489  0.981  0.713 211.03  25.10 180.48  23.53 135.06  22.83  40.00
  171  0.758 -0.763  0.667 233.64 207.75 208.57 209.44 162.95 210.85  21.80
  172  1.084 -0.158  0.322 247.26 144.40 242.14 144.84 206.50 145.32  29.43
  173 -0.034 -1.036  0.489 154.91 237.89 124.67 237.76  95.47 237.48  36.08
  174 -0.752 -0.755 -0.635  46.50 206.61  52.14 204.87  75.48 203.74  37.82
  175  0.931 -0.342 -0.161 232.73 162.76 213.74 163.48 228.63 164.65  53.00
  176  0.346  0.582 -0.878 137.18  70.13 162.63  70.09 182.17  68.61  51.08
  177  1.049  0.164 -0.291 219.79 111.49 235.86 111.13 225.56 111.45  42.83
  178  0.267  0.117 -0.924 127.90 116.52 154.93 116.56 176.11 116.42  23.83
  179  0.826 -1.197 -0.346 198.58 249.08 212.86 250.76 206.36 253.71  33.14
  180 -0.365 -1.011  0.436 122.33 235.64  89.69 234.80  67.67 234.03  52.55
  181  0.235  0.406  0.390 175.32  86.02 152.93  85.34 124.10  85.12  22.63
  182  1.100  0.645 -0.635 210.86  64.34 239.61  63.00 242.64  60.69  33.50
  183 -0.335  0.777  1.017 148.03  44.61  92.04  43.97  47.07  45.31  49.75
  184 -1.117 -0.383 -0.024  22.27 169.33  19.03 168.16   9.51 166.60  31.50
  185  1.155  0.653  0.198 248.53  61.66 248.94  59.73 218.05  58.62  41.39
  186  0.123  0.158 -0.941 114.59 112.42 140.57 112.47 163.78 112.35  38.67
  187 -0.003  0.798  0.944 175.84  42.75 127.98  42.42  80.23  42.76  32.00
  188 -0.036  0.581  0.069 114.69  67.83 138.39  67.60  86.82  67.82  43.53
  189 -0.451  0.797 -0.210  89.55  45.17  82.00  46.41  85.13  46.52  41.40
  190 -0.247  0.421 -0.884  83.72  85.35 103.44  85.97 128.92  86.16  40.62
  191 -0.659  0.970 -0.645  54.73  27.79  61.59  30.25  83.83  31.12  27.75
  192  0.326  1.117 -0.407 152.59  14.52 161.54  14.27 162.50  12.59  32.00
  193  1.195  0.516 -0.472 231.60  77.52 246.13  74.78 253.04  74.21  31.05
  194 -0.439 -0.093 -0.834  68.18 138.38  84.05 137.29 110.34 137.26  21.66
  195  0.874  0.227  0.513 226.17 252.54 220.82 104.22 179.17 103.65  32.12
  196  1.148  0.576 -0.803 208.42  71.49 243.74  70.35 206.36 253.71  39.27
  197  0.572 -0.599  0.823 222.77 190.39 189.54 193.31 206.36 253.71  16.57
  198  1.194 -0.547 -0.673 217.29 182.37 248.91 183.49 206.36 253.71  45.70
  199  0.411  0.396 -0.055 173.43  87.95 170.82  87.01 157.10  86.56  88.42
  200  0.727 -1.211 -0.277 192.74 250.72 202.91 252.49 206.36 253.71  57.02
  201  0.923 -1.222 -0.421 204.05 250.78 222.41 252.88 206.36 253.71  51.90
  202  0.599 -1.229 -0.632 167.97 251.74 188.89 252.66 206.36 253.71  60.75
  203  0.147  0.571  0.921 226.17 252.54 144.10  66.85  94.95  66.88  32.12
  204  0.524 -0.345  0.612 209.87 164.31  32.95 254.22 142.20 165.31  40.00
  205  0.095 -1.036 -0.464 129.85 233.34 137.92 234.55 206.36 253.71  55.03
  206 -0.648  0.190 -0.659  55.22 108.60  62.78 109.09 206.36 253.71  31.00
  207  0.240  0.804 -0.331 226.17 252.54 152.88  45.97 151.89  45.10  32.12
  208 -0.890 -1.179  0.793 226.17 252.54  32.95 254.22   6.81 251.18  32.12
  209 -0.638  0.876  0.495  98.81  34.05  61.01  35.48  40.91  37.58  43.55
  210  0.022  0.092 -0.936 106.18 119.86 130.25 118.63 155.00 118.54  24.68
  211 -1.057 -0.410 -0.229  32.18 171.29  19.66 170.21  33.35 170.13  41.90
  212  0.820 -0.093 -0.030 210.35 137.64 213.23 137.81 194.46 138.35  45.64
  213  1.140 -0.460 -0.931 202.85 173.41 242.37 174.30 206.36 253.71  35.41
  214 -0.674  0.824 -0.682  52.01  42.97  60.20  44.97 206.36 253.71  35.75
  215 -0.538 -0.672  0.789 226.17 252.54  70.66 200.11  38.12 198.82  32.12
  216 -0.257 -0.986  0.373 226.17 252.54 101.26 231.97  79.94 231.27  32.12
  217  1.229  0.357 -0.899 211.55  93.23 251.45  92.47 206.36 253.71  32.89
  218  1.131 -1.020  0.604 226.17 252.54 248.37 236.63 200.27 239.65  32.12
  219 -0.081  0.434 -0.821 226.17 252.54 120.12  84.61 141.20  84.35  32.12
  220 -1.195  0.898 -0.633 226.17 252.54   7.31  37.34  37.52  39.35  32.12
  221  0.045  0.591 -0.726 226.17 252.54 132.86  68.20 148.99  68.67  32.12
  222 -1.253  0.126 -0.403   7.50 114.92  32.95 254.22  23.71 115.72  41.02
  223 -1.048 -0.358  0.436  57.83 168.69  32.95 254.22   7.79 163.48  39.94
