    1 -0.709  0.607 -0.632  50.54  65.34  56.49  66.85  79.04  67.50  44.79
    2  0.642  0.752  0.900 232.18  49.20 197.24  47.48 142.08  46.47  39.29
    3  0.127  0.549 -0.567 128.80  72.39 141.11  72.56 150.42  72.05  47.23
    4 -0.237  0.732  0.257 127.17  51.07 103.39  51.57  86.23  52.01  47.96
    5  0.429  0.708 -0.031 176.15  55.55 172.65  54.95 158.02  53.97  38.04
    6  0.414  1.116 -0.482 157.25  15.18 170.60  14.68 173.05  12.88  82.00
    7 -0.040  0.180  0.920 171.37 109.00 124.05 108.94  77.75 109.05  51.12
    8  0.542  0.192  0.254 197.26 108.38 185.06 108.11 157.75 107.82  48.13
    9 -0.191  0.530  0.825 153.65  71.43 107.75  71.48  67.83  72.00  46.16
   10  0.344  0.148 -0.582 147.49 113.32 163.15 113.28 170.67 113.06  45.11
   11  0.681  0.223 -0.397 184.00 105.72 197.81 105.45 194.90 104.94  44.87
   12 -0.840 -0.324  0.095  66.54 162.73  39.91 161.98  41.00 161.29  43.62
   13  0.662 -0.323  0.755 228.08 162.02 198.96 162.79 149.77 163.22  60.74
   14 -0.351  0.626 -0.154 101.11  62.89  92.10  63.69  92.14  64.05  47.50
   15 -1.138 -0.219 -0.558  12.94 151.29  12.73 150.50  39.45 150.02  39.60
   16 -0.556  0.440 -0.681  62.88  82.88  72.11  83.80  94.24  84.09  48.62
   17 -0.992  1.026 -0.136  42.01  19.36  25.94  22.43  35.41  24.71  44.30
   18  0.064  0.403  0.489 163.70  85.81 134.99  85.68 104.41  85.66  46.29
   19 -0.775 -0.101  0.511  86.70 139.14  46.27 138.94  28.50 138.70  42.17
   20 -1.121  0.010 -0.570  14.18 127.22  14.58 127.28  41.45 127.28  36.53
   21 -1.155 -0.504 -0.213  23.64 181.88   9.40 180.14  24.52 178.83  38.76
   22  0.012  1.081  0.942 177.13  12.50 129.57  11.86  81.64  12.42  43.00
   23  0.720  0.890  0.300 214.80  36.60 203.82  34.90 172.60  33.14  46.04
   24 -1.015  0.409 -0.079  41.89  84.69  23.28  85.93  31.28  86.91  42.53
   25  0.021  0.720 -0.564 119.51  54.76 130.40  55.16 140.78  54.67  49.00
   26 -0.530 -0.147  0.327 102.71 143.87  72.58 143.66  57.42 143.45  48.67
   27 -1.130  0.565 -0.276  23.79  68.33  12.33  70.27  29.17  71.63  40.78
   28 -1.092  0.066 -0.371  23.92 121.31  16.72 121.55  36.11 121.72  41.75
   29 -0.812  0.323  0.742  92.03  93.14  41.51  93.81  15.83  94.65  51.42
   30 -0.468 -0.292  0.357 109.61 159.32  79.00 158.91  61.74 158.55  77.83
   31 -0.995  0.399 -0.790  18.21  86.82  28.13  88.16  60.54  88.79  34.23
   32  0.188 -0.003  0.598 179.27 128.57 148.22 128.57 111.57 128.57  42.95
   33 -0.303 -0.440 -0.251 101.83 174.01  97.11 173.48 100.05 173.32  49.27
   34  0.516  0.100 -0.803 154.24 118.26 180.17 118.25 194.41 118.05  45.23
   35 -0.454  1.121 -0.827  67.03  13.49  82.64  15.68 108.48  16.01  43.94
   36 -1.215  1.065 -0.466   8.96  15.81   4.47  19.81  29.28  22.45  34.85
   37  0.792  0.941  0.935 246.98  29.54 213.50  26.95 155.08  25.31  48.71
   38  0.976  0.983  0.420 241.96  27.32 231.09  24.66 192.44  22.09  41.60
   39 -0.410  0.303 -0.421  85.74  96.84  86.47  97.32  97.17  97.55  91.22
   40 -0.722 -0.418 -0.018  71.78 172.44  53.41 171.58  54.26 170.85  46.81
   41  0.061 -0.549 -0.514 124.93 184.29 134.45 184.05 142.50 184.46  47.29
   42 -0.898  0.992 -0.664  31.92  25.00  37.52  27.97  63.98  29.47  37.56
   43 -0.550  1.000  0.478 106.70  21.15  70.23  22.66  49.58  24.30  48.65
   44  0.676  0.521  0.357 213.13  74.42 199.33  73.43 166.33  72.49  46.03
   45  0.202  0.740  0.270 167.65  51.09 149.47  50.70 125.64  50.28  44.79
   46  0.483 -0.751  0.964 220.59 207.69 180.24 209.15 124.52 209.75  41.77
   47 -0.131 -0.739  0.372 141.36 206.29 114.47 206.04  91.27 205.72  52.29
   48 -0.847 -1.089  0.701  87.15 246.61  37.99 244.32  14.36 241.39  52.04
   49 -0.610  0.025  0.794 113.28 125.50  63.01 125.53  31.55 125.61  44.03
   50 -0.295  1.004  0.030 113.20  23.00  97.58  23.95  89.90  24.53  56.45
   51 -0.701 -0.427 -0.469  57.01 172.76  56.89 171.73  73.39 171.24  42.80
   52 -0.655 -0.795  0.355  92.07 213.27  59.35 211.85  45.23 210.41  50.18
   53  0.066 -0.163 -0.491 126.22 144.86 134.97 144.80 142.13 144.92  44.90
   54 -0.825 -0.456  0.771  91.90 177.88  40.02 176.99  13.49 175.80  40.30
   55 -0.557  0.227 -0.538  67.93 104.71  71.67 105.19  88.71 105.37  39.60
   56  0.659  0.709 -0.441 180.48  56.78 195.48  55.95 194.52  54.35  57.79
   57 -0.092  0.257  0.945 167.64 100.64 118.39 100.57  72.06 100.78  45.82
   58  0.851 -0.625  0.821 247.32 193.45 219.38 195.19 165.07 196.44  40.29
   59 -0.859 -0.066  0.510  78.70 135.40  37.44 135.26  21.25 135.09  44.27
   60 -0.580 -0.611 -0.209  77.90 192.22  68.56 191.04  74.01 190.40  47.66
   61  0.055 -0.029  0.444 161.07 131.31 134.02 131.31 105.38 131.31  48.21
   62  0.849  0.230 -0.176 207.17 104.98 215.72 104.56 202.55 103.95  45.67
   63  0.689 -0.489  0.123 205.07 178.39 199.93 179.20 176.45 180.18  34.95
   64 -0.233  1.116 -0.765  89.34  14.43 104.81  15.89 125.59  15.68  47.70
   65  1.048  0.800  0.306 243.54  46.51 238.30  44.29 203.63  41.97  41.00
   66 -0.736  0.844  0.235  79.97  38.16  51.26  39.91  42.98  41.51  43.88
   67 -0.732 -1.163  0.149  77.09 252.02  51.88 249.57  46.60 247.47  87.50
   68  0.071  1.104  0.586 168.26  11.54 135.83  11.06 101.23  11.10  39.06
   69 -1.062  0.496 -0.589  18.98  76.24  20.63  77.92  47.03  78.96  40.75
   70 -0.038 -0.847  0.013 136.05 216.44 124.34 216.12 113.67 216.22  54.56
   71 -0.558 -0.376  0.656 112.81 168.75  68.90 168.26  41.78 167.61  45.89
   72 -0.699  0.816 -0.649  50.89  43.73  57.55  45.74  80.54  46.60  35.54
   73 -0.316 -0.269 -0.302  98.79 156.17  95.94 155.77 100.95 155.73  45.20
   74  0.455 -0.216 -0.810 148.66 149.89 174.05 149.96 189.13 150.39  40.96
   75 -0.359 -0.343  0.881 140.24 165.28  89.67 165.11  50.39 164.58  36.85
   76 -1.012  1.121  0.350  58.10   7.25  21.86  10.35  14.29  13.41  40.28
   77 -0.014 -0.945 -0.317 125.66 225.50 126.82 225.03 128.33 225.43  46.28
   78  0.800 -0.832  0.966 248.86 215.56 214.43 217.89 154.52 219.35  40.93
   79  0.600  0.105  0.443 209.91 117.41 191.59 117.22 155.92 117.06  47.06
   80 -1.181 -0.780 -0.057  26.81 211.69   6.00 208.98  16.08 206.84  42.17
   81 -0.205  0.493  0.858 153.79  75.30 106.28  75.35  65.36  75.85  47.50
   82 -0.220 -1.123 -0.178 112.29 245.00 105.60 243.97 104.62 243.72  46.97
   83 -0.490 -0.882 -0.196  83.07 220.63  79.96 219.11  77.89 218.12  47.84
   84  0.686  0.468  0.179 206.89  80.18 199.86  79.37 174.00  78.44  42.18
   85  0.217  0.416 -0.161 152.23  85.50 150.64  85.39 143.45  85.01  44.28
   86 -1.107  1.026 -0.295  25.35  19.54  14.83  23.01  31.81  25.42  35.19
   87 -0.190  1.173 -0.770  93.05   8.77 109.17  10.16 129.57   9.81  39.25
   88 -0.246  0.509 -0.417 100.95  75.72 103.18  76.35 111.56  76.35  43.35
   89  1.014  0.564 -0.072 225.57  71.29 233.15  69.91 214.41  68.21  50.21
   90  0.078  0.824  0.794 177.17  40.69 136.65  40.03  93.66  40.20  91.21
   91  0.076  0.652  0.605 169.52  59.35 136.37  58.99 101.05  59.02  49.17
   92 -0.198 -0.786  0.455 138.46 211.58 107.40 211.21  81.98 210.67  47.15
   93 -0.849 -0.969  0.354  73.79 232.38  39.01 230.15  28.33 227.91  43.38
   94  0.184 -0.253  0.051 157.41 154.43 147.37 154.52 132.37 154.75  51.81
   95 -0.254 -0.779 -0.522  96.53 208.37 102.38 207.60 114.92 207.36  45.72
   96 -0.019 -0.503 -0.449 120.19 179.86 126.34 179.56 132.95 179.81  48.20
   97  0.154  0.389 -0.661 127.80  88.81 143.85  88.88 156.49  88.49  43.47
   98  0.099 -0.656  0.171 154.45 196.65 138.59 196.76 120.01 196.99  40.95
   99  0.647 -0.384 -0.136 191.24 167.46 194.98 167.89 182.20 168.63  50.69
  100 -0.642  0.386 -0.684  54.87  88.39  63.46  89.32  86.93  89.63  36.33
  101  0.774  0.252 -0.853 174.67 103.23 205.97 102.92 219.91 102.20  36.41
  102  0.225 -1.058 -0.803 128.76 234.86 150.84 234.61 167.81 236.04  42.89
  103  0.132 -0.451 -0.080 147.76 174.88 141.95 174.90 132.68 175.18  45.50
  104 -0.829 -0.777  0.195  69.68 211.25  41.64 209.41  36.43 207.82  45.03
  105  0.204  0.384 -0.079 168.17  88.78 141.38  88.48 152.96  88.07  50.67
  106 -0.828 -1.047  0.537  82.77 241.41  40.50 239.24  22.74 236.63  40.94
  107  0.420  0.063 -0.600 153.42 121.91 170.78 121.87 178.21 121.76  52.50
  108 -1.057 -0.392  0.031  42.12 170.14  18.46 168.93  23.46 168.05  41.60
  109  0.245 -0.605  0.641 186.19 191.98 154.35 192.56 115.14 192.81  47.12
  110 -0.692 -0.560  0.232  83.94 188.00  55.82 186.91  46.89 185.91  41.06
  111 -0.496  0.227  0.771 123.14 103.77  75.28 103.94  42.66 104.34  43.10
  112  0.053 -0.091  0.464 147.48 137.88 142.20 137.76  89.64 137.83  46.69
  113  0.492  0.595 -0.035 181.50  67.25 179.22  66.64 163.94  65.70  42.86
  114  0.645  0.818  0.552 218.40  43.18 196.62  41.58 156.05  40.23  40.67
  115  0.435 -0.697  0.351 191.60 200.68 173.96 201.53 143.97 202.32  48.33
  116  0.275  0.843 -0.481 145.04  42.51 156.36  42.51 160.45  41.49  55.77
  117 -0.231 -1.033  0.652 143.17 238.56 103.68 238.19  71.15 237.23  44.17
  118 -0.803 -0.279  0.191  71.98 157.98  44.39 157.36  38.94 156.85  51.26
  119  0.559 -0.610  0.944 226.57 192.70 188.48 193.94 132.53 194.59  35.79
  120  0.282 -0.528 -0.288 153.18 182.28 157.20 182.43 154.14 183.05  48.21
  121 -0.338 -0.090  0.322 120.52 137.82  92.74 137.64  74.85 137.63  54.76
  122  0.161 -0.670 -0.522 133.50 196.50 144.58 196.37 151.79 197.05  48.62
  123  0.649 -0.818 -0.859 163.69 209.74 193.35 210.35 208.51 212.37  39.89
  124 -0.906 -0.253  0.615  78.18 155.74  32.04 155.16  12.85 154.51  39.65
  125 -0.897 -0.736  0.077  58.81 206.77  34.92 204.84  35.18 203.28  41.67
  126 -0.024 -1.124 -0.382 125.18 243.67 124.13 243.22 132.67 243.73  57.27
  127 -0.351 -0.576  0.113 111.19 188.84  91.70 188.21  81.73 187.77  46.80
  128  0.515 -0.301  0.951 222.89 160.21 183.68 160.66 128.10 160.98  47.80
  129 -0.813 -0.523 -0.581  43.12 182.78  45.65 181.27  68.56 180.55  51.45
  130  0.442  0.183 -0.122 173.80 109.58 173.87 109.42 162.75 109.14  58.00
  131 -1.042 -0.734 -0.091  38.89 206.28  20.51 203.99  29.40 202.48  45.29
  132  0.762 -0.219 -0.525 186.07 150.23 205.65 150.51 207.02 151.08  38.64
  133 -0.724  1.172  0.018  73.01   4.06  53.15   6.60  52.55   8.56  42.33
  134  0.916  0.437 -0.325 207.09  84.31 222.04  83.49 214.25  82.24  40.91
  135 -0.013 -0.725  0.295 149.16 204.28 126.90 204.30 105.05 204.34  54.48
  136  0.746  0.075  0.590 228.67 120.46 207.44 120.29 164.03 120.16  38.44
  137  0.101  0.902  0.676 174.56  32.76 139.04  32.22 100.46  32.24  35.50
  138 -0.381 -0.500  0.043 105.76 180.78  88.70 180.19  81.83 179.77  39.50
  139 -0.479  0.789  0.402 110.41  44.22  77.75  45.20  58.99  46.03  83.82
  140 -0.604  0.342  0.412  99.12  91.64  64.54  92.18  47.55  92.83  44.40
  141  0.007 -1.124  0.866 173.59 248.33 128.97 248.89  84.15 248.37  48.00
  142 -0.388  0.006  0.523 123.56 127.52  87.14 127.52  62.33 127.89  48.68
  143  0.341 -0.761 -0.610 146.09 205.26 162.83 205.32 171.25 206.48  52.05
  144  1.119 -0.794  0.225 246.41 209.01 245.36 211.28 213.41 213.80  43.31
  145 -0.150  0.329  0.075 127.68  93.84 112.91  94.08 100.74  94.23  51.39
  146 -1.183  0.840 -0.247   7.21  38.78  13.57  41.86  12.04  44.52  38.75
  147  0.490 -0.850 -0.326 169.87 214.61 178.53 215.44 174.34 216.74  44.70
  148 -0.964 -0.415  0.471  67.15 173.12  26.42 172.06  13.62 170.96  38.08
  149  0.828 -1.151 -0.184 205.18 244.73 213.53 246.75 200.79 249.78  43.34
  150  0.346 -0.347  0.228 178.81 164.28 164.46 164.58 140.50 164.93  43.50
  151  0.539 -1.184  0.095 190.77 250.12 184.34 251.60 163.33 253.19  47.72
  152 -1.161 -0.994 -0.610   9.03 232.65  10.66 228.99  39.50 226.82  32.07
  153  0.384  1.112 -0.265 162.89  14.68 167.82  14.20 162.24  12.42  36.73
  154 -1.029 -0.149  0.294  54.26 144.32  20.38 143.88  15.15 143.59  43.38
  155 -0.408  0.990  0.201 109.27  23.61  85.64  24.84  73.15  25.83  74.14
  156 -0.636 -0.874 -0.554  60.14 218.94  63.77 216.96  82.41 216.16  47.38
  157 -0.364  0.180  0.402 121.20 109.25  89.86 109.16  69.37 109.35  57.67
  158 -1.062 -1.005  0.503  59.03 237.46  15.92 234.61   3.76 231.57  36.58
  159 -1.085 -1.183 -0.812   8.92 251.30  19.29 247.09  53.41 245.14  38.65
  160  0.623  0.999 -0.456 176.76  27.47 191.76  26.46 191.59  24.35  40.78
  161 -0.104  0.952 -0.738 101.97  31.29 117.67  32.49 136.15  31.74  46.55
  162 -0.565 -0.779 -0.241  78.11 209.74  70.19 208.28  76.57 207.46  40.50
  163 -0.628  0.108  0.524 100.90 116.58  61.97 116.76  40.75 117.28  44.75
  164  0.558  0.830  0.941 226.46  40.63 188.34  38.87 132.59  38.10  35.80
  165  1.104  0.969  0.177 243.19  29.93 243.52  26.99 213.69  23.94  60.92
  166  0.408 -0.119  0.683 202.44 140.77 171.67 140.94 128.58 141.05  37.86
  167 -1.092  0.256  0.004  37.53 100.77  15.00 101.60  21.33 102.56  42.47
  168  0.765 -1.136 -0.265 196.52 243.10 206.74 244.84 197.83 247.69  46.94
  169 -0.783 -0.231  0.093  70.13 152.91  46.84 152.15  44.51 151.75  42.71
  170 -0.988  0.507 -0.501  29.12  75.12  27.77  76.67  50.04  77.77  33.67
  171  0.861 -0.521 -0.120 210.33 181.40 217.21 181.94 201.55 183.30  61.39
  172 -0.730 -0.880 -0.891  39.45 218.80  55.10 216.45  87.03 215.75  40.37
  173 -0.112 -0.565  1.016 168.75 189.19 116.15 189.07  67.41 188.71  50.48
  174 -0.243 -0.722 -0.168 110.43 203.32 103.24 202.83 102.17 202.35  44.00
  175 -0.179 -1.128 -0.876  90.23 242.95 110.30 241.26 134.54 241.78  52.48
  176 -0.249 -0.255  0.995 154.89 155.85 101.49 155.68  55.58 155.47  55.18
  177 -0.259  0.887 -0.419  99.51  36.98 101.95  37.62 110.19  37.73  59.69
  178 -0.837 -0.313 -0.312  50.23 161.14  42.49 160.44  55.77 159.78  33.92
  179  0.722  0.673 -0.814 171.76  61.43 200.82  60.56 213.75  58.79  54.57
  180  0.551  0.554  0.869 222.85  69.92 187.43  68.72 134.82  68.13  34.55
  181  1.169 -0.949  0.185 249.03 224.63 250.36 227.45 219.64 230.59  32.67
  182  0.745  0.188 -0.078 202.02 109.22 205.31 108.73 189.20 108.30  50.38
  183 -0.012 -0.083 -0.587 116.09 136.52 126.84 137.13 139.18 136.52  45.89
  184 -0.511  0.061 -0.392  77.47 122.03  76.08 121.98  87.10 122.03  35.27
  185  1.041 -0.247 -0.193 223.03 153.39 235.34 153.61 221.30 154.40  29.47
  186  0.462 -0.817  0.297 191.82 212.86 176.70 214.16 148.49 214.90  42.23
  187  0.974  0.165 -0.577 202.31 111.99 227.01 111.45 228.72 110.93  47.38
  188  1.108  0.622  0.296 248.24  64.76 244.47  62.99 209.67  61.10  33.25
  189  0.116  0.412 -0.928 115.00  86.96 139.52  86.82 163.28  86.51  44.92
  190 -0.679  0.348  0.181  83.50  91.91  57.18  91.66  50.33  92.14  30.26
  191 -0.782 -1.021 -0.442  50.56 235.53  48.56 232.06  65.29 230.77  28.15
  192 -0.344 -1.182  0.519 125.36 253.67  93.15 253.44  64.16 252.65  32.58
  193 -0.018  0.839 -0.362 113.66  42.29 132.17  42.36 119.60  42.09  16.98
  194  0.392  0.886  0.056 176.36  37.76 168.89  35.82 151.36  34.72  22.98
  195  0.256 -0.376  0.754 125.36 253.67 155.64 168.38 111.68 168.50  32.58
  196 -0.263 -0.773 -0.190 107.85 208.66 141.73 253.65 101.30 207.63  50.00
  197 -0.434 -1.074 -0.266  89.34 240.22  83.75 238.43  89.01 237.69  45.58
  198 -0.161  0.342 -0.192 117.04  92.74 141.73 253.65 110.53  93.02  50.06
  199  0.987  0.225 -0.287 214.73 105.57 229.52 105.10 219.60 104.63  38.00
  200 -1.135  0.416 -0.591  12.09  84.47  13.26  86.06  41.03  87.24  45.50
  201 -0.687 -0.319  0.397  90.68 162.40  55.92 161.82 163.33 253.19  46.56
  202  0.657 -0.617 -0.787 125.36 253.67 194.43 190.37 206.74 191.88  32.58
  203  1.142  0.490 -0.644 213.97  80.01 243.88  78.53 246.85  76.72  47.89
  204 -0.771 -0.994 -0.090  64.59 233.34 141.73 253.65  52.72 229.30  47.00
  205 -0.346 -0.081  0.789 137.85 137.01 141.73 253.65  55.32 136.85  43.83
  206  0.118  0.355  0.773 179.93  89.69 141.73 253.65  98.21  91.10  43.04
  207  0.356 -0.516  0.964 125.36 253.67 166.68 183.89 112.69 184.12  32.58
  208 -0.018 -0.840  0.956 174.87 218.19 126.30 218.85 163.33 253.19  42.81
  209 -1.018 -0.512 -0.011 125.36 253.67  22.72 181.30  28.28 180.12  32.58
  210  0.355  0.386 -0.456 152.47  89.82 164.90  88.77 166.30  87.63  31.36
  211 -1.224 -0.741 -0.290  14.57 205.85   2.65 204.76  21.88 202.78  41.44
  212 -0.979  0.012  0.478 125.36 253.67  24.81 128.78  12.09 125.30  32.58
  213 -0.529 -0.018  0.176  97.08 130.19  73.04 130.16 163.33 253.19  44.72
  214 -0.309 -0.294 -0.139 105.67 158.82  96.20 158.87  95.47 158.36  27.77
  215 -0.071  1.027 -0.633 125.36 253.67 121.08  24.32 135.06  23.75  32.58
  216 -0.562  0.342 -0.855  56.07  93.18  71.89  93.94 163.33 253.19  33.17
  217  1.112  0.480  0.898 125.36 253.67 247.80  76.69 187.30  75.36  32.58
  218 -0.135  0.887 -0.776 125.36 253.67 114.69  38.98 134.70  38.61  32.58
