    1 -0.976  0.736 -0.706  23.09  51.59  29.79  53.97  58.95  55.20  42.67
    2 -0.811  0.431  0.389  78.62  81.90  42.86  82.84  30.26  83.81  42.95
    3 -1.077  0.284 -0.300  27.99  98.22  17.92  99.16  34.69  99.77  41.86
    4  0.708 -0.239 -0.887 167.70 151.97 199.25 152.22 215.04 152.82  38.64
    5  0.147 -0.630  0.078 155.10 193.65 143.53 193.83 127.90 194.14  49.38
    6  0.906  0.671  0.481 238.29  59.07 224.05  57.33 183.47  55.72  42.19
    7 -0.962 -0.171 -0.018  49.13 146.44  28.57 145.96  33.39 145.57  45.69
    8  0.096  0.994 -0.820 116.78  27.81 137.94  28.38 156.91  27.35  43.59
    9 -0.147 -1.001 -0.695  99.57 230.38 113.37 229.33 130.60 229.64  44.81
   10 -0.732 -0.768 -0.865  40.19 207.36  54.79 205.31  85.98 204.55  40.91
   11  0.506  0.925  0.009 184.49  33.27 180.74  32.26 163.54  30.79  47.24
   12  0.527  1.001  0.194 193.66  25.01 183.35  23.69 158.54  22.19  55.36
   13  1.196  0.566 -0.590 220.77  72.21 249.56  70.92 250.22  68.79  40.24
   14  0.255 -0.677 -0.709 135.04 196.62 153.93 196.63 167.36 197.48  44.80
   15  0.343 -0.247 -0.213 161.36 153.49 163.54 153.66 156.87 153.92  46.91
   16  0.295  0.405 -0.050 163.43  86.51 158.82  86.30 146.39  85.87  64.95
   17 -1.084  0.679 -0.860   7.47  57.70  19.47  60.13  55.62  61.34  38.55
   18  1.113  0.443 -0.245 227.16  83.82 242.63  82.75 230.03  81.25  42.74
   19 -0.304 -0.382 -0.438  94.79 167.67  97.27 167.17 107.14 167.08  51.22
   20 -0.382  0.561  0.227 112.64  68.91  88.29  69.53  74.46  70.10  48.57
   21  0.713  0.446  1.009 242.94  81.28 205.22  80.12 144.58  79.46  39.89
   22  0.079  0.211 -0.669 120.74 106.86 136.26 106.96 149.93 106.77  41.76
   23  1.082  0.045 -0.659 208.40 123.77 237.70 123.74 241.86 123.51  39.56
   24  0.909  0.196 -0.897 184.53 108.88 219.33 108.62 234.00 108.00  38.88
   25 -0.503  0.478  0.312 104.67  77.42  75.45  78.06  60.41  78.71  53.73
   26  0.436  1.047  0.618 202.45  18.50 174.58  16.98 133.73  15.96  48.00
   27  0.197 -0.678 -0.416 140.78 197.45 148.37 197.43 151.21 198.12  61.71
   28  0.875  0.342 -0.087 212.85  93.54 218.67  92.88 201.70  91.97  45.15
   29  0.992 -0.669 -0.192 218.91 195.66 230.37 197.19 216.64 199.12  46.88
   30  0.290  0.564 -0.198 157.31  70.41 158.18  70.24 151.52  69.56  46.68
   31  0.376 -0.329  0.543 193.99 162.70 168.07 163.16 131.10 163.39  45.00
   32  0.601  0.527  0.263 202.76  73.83 191.24  73.06 162.85  72.18  49.60
   33 -0.559  0.792 -0.778  59.16  46.75  72.03  48.48  97.58  48.98  39.86
   34  0.336  0.868  0.600 193.04  37.09 163.71  36.10 125.47  35.53  52.89
   35 -0.980 -0.804 -0.034  46.88 213.90  26.84 211.58  32.42 209.74  41.71
   36 -1.071 -0.486 -0.395  25.19 179.57  18.91 177.93  38.90 176.83  38.12
   37 -1.038 -0.025 -0.603  23.96 130.87  21.41 130.79  52.55 130.70  42.75
   38  0.856 -0.003 -0.594 191.50 128.57 214.98 128.58 218.30 128.59  43.34
   39 -0.058  0.428  0.342 146.86  83.18 122.16  83.23  99.11  83.32  38.42
   40 -0.123 -0.376  0.524 148.03 168.10 115.20 168.08  86.03 167.85  43.80
   41 -0.482 -1.001 -0.802  65.37 230.93  79.79 228.90 105.17 228.51  43.77
   42 -0.935 -0.314 -0.164  46.34 161.53  31.91 160.66  41.45 160.01  45.17
   43  0.766  1.028  0.554 229.03  21.63 209.42  19.28 167.22  17.28  44.00
   44  0.746 -1.160  0.414 221.67 248.05 206.91 250.53 170.72 252.77  40.68
   45 -0.630  0.474 -0.825  50.86  79.48  64.95  80.63  93.21  80.98  41.00
   46  1.121  0.658  0.210 245.94  61.37 245.50  59.48 214.20  57.40  40.29
   47 -1.072  1.016 -0.907   7.07  22.85  20.89  26.47  58.42  28.24  32.25
   48  0.040 -0.839  0.887 177.38 217.89 132.54 218.42  86.34 218.08  41.96
   49 -1.099  0.761  0.113  40.90  46.59  13.76  48.96  16.34  51.03  40.95
   50 -0.412  0.717 -0.233  92.59  53.54  85.97  54.60  89.81  55.07  40.94
   51  0.041  1.180 -0.378 128.36   7.21 132.49   7.67 135.60   6.96  45.40
   52 -0.477 -0.208 -0.308  83.82 149.94  79.28 149.54  87.02 149.39  63.48
   53  0.239  0.676  0.271 171.02  57.87 153.36  57.44 129.01  56.99  44.00
   54  0.766 -0.274  0.612 231.35 156.71 209.66 157.35 165.12 157.88  42.60
   55  0.718 -0.766 -0.794 172.08 204.54 200.45 205.29 212.58 207.26  42.96
   56 -0.500 -0.310  0.375 107.29 161.31  75.60 160.90  58.15 160.47  44.79
   57  0.255  0.312  0.142 167.35  95.85 154.82  95.68 135.48  95.52  49.00
   58  0.627 -0.353  0.218 203.28 164.64 193.83 165.21 167.00 165.84  45.91
   59  0.562  0.075 -0.038 188.34 120.59 186.05 120.50 171.44 120.30  54.19
   60 -0.912 -0.627 -0.850  23.93 193.13  36.71 191.19  69.90 190.29  35.23
   61 -0.549 -0.941  0.995 126.98 230.70  69.05 229.76  28.72 227.75  41.79
   62  0.811  0.689 -0.909 175.77  59.98 209.50  59.22 225.27  57.21  38.29
   63 -0.593  0.357 -0.052  82.59  90.60  66.87  91.27  66.85  91.71  50.11
   64 -0.887 -0.351 -0.361  43.66 165.17  37.53 164.19  53.29 163.58  43.90
   65  0.413 -0.290  0.127 180.88 158.13 171.34 158.43 150.61 158.84  47.12
   66 -0.010 -0.349  0.551 159.38 165.21 127.16 165.28  95.25 165.19  44.17
   67 -1.011  1.070 -0.105  41.36  14.51  23.81  17.73  32.50  20.17  48.33
   68 -0.388  0.850  0.301 114.98  38.19  87.57  39.09  71.07  40.03  47.00
   69 -0.343  1.019  0.606 130.94  19.28  91.90  20.00  62.83  21.31  48.05
   70 -0.599  0.512  0.607 107.05  73.09  64.61  73.83  40.16  74.86  50.00
   71 -0.157  0.149 -0.776  95.60 113.04 112.48 113.24 132.80 113.18  45.17
   72  0.710 -0.689 -0.003 201.92 198.53 201.90 199.67 183.07 201.13  43.04
   73 -0.859 -0.588 -0.227  51.07 190.24  40.08 188.74  50.32 187.58  43.61
   74  0.318  0.748  0.328 180.30  50.31 161.70  49.72 134.07  49.13  73.79
   75 -0.307  0.952 -0.701  84.90  30.71  97.25  32.15 116.68  32.18  40.44
   76  0.401 -0.168  0.539 196.58 145.77 170.45 146.02 134.13 146.18  37.15
   77 -0.388 -0.830 -0.359  89.79 214.39  88.68 213.21  96.37 212.73  47.04
   78  0.691  0.879  0.953 238.68  35.77 202.68  33.57 144.69  32.31  36.25
   79  0.313  0.491  0.985 206.18  76.03 162.05  75.28 107.83  75.08  56.12
   80  0.051 -1.064 -0.763 114.84 236.11 133.32 235.38 150.77 236.35  53.24
   81  0.505  0.159  0.174 190.80 111.85 180.99 111.64 157.32 111.40  47.13
   82  0.554  0.827  0.588 211.76  41.97 186.96  40.37 146.09  39.43  44.49
   83  0.138 -0.105  0.576 173.84 139.32 142.89 139.39 107.84 139.40  44.62
   84 -0.292 -0.845  0.435 129.07 218.03  97.48 217.44  74.32 216.68  43.16
   85 -0.125 -0.151  0.996 166.68 144.47 114.77 144.51  67.02 144.42  42.43
   86 -0.422 -0.940  1.002 139.14 230.27  82.70 229.73  39.73 227.98  34.43
   87 -0.904 -0.507 -0.597  33.76 181.12  36.52 179.61  61.08 178.90  44.32
   88  0.841 -0.796  0.954 251.98 211.69 218.92 213.96 158.99 215.44  86.19
   89 -0.340 -0.503 -0.659  83.40 179.93  93.82 179.14 112.24 179.09  44.11
   90  0.310 -0.201  0.568 189.16 149.35 161.10 149.51 124.11 149.74  84.56
   91  0.137 -0.947  0.796 182.63 228.88 142.86 229.61  98.98 229.66  45.92
   92 -0.570  0.062 -0.061  84.34 121.71  69.32 121.79  69.25 121.87  53.06
   93  0.327  0.438 -0.076 165.26  83.28 162.01  83.00 150.27  82.51  48.20
   94 -0.649 -0.505 -0.150  73.62 181.23  61.33 180.35  65.65 179.64  49.29
   95  0.174 -0.279 -0.256 144.77 156.93 146.15 156.94 143.13 157.18  49.07
   96 -0.108  0.399  0.226 137.83  86.33 116.87  86.47  99.17  86.57  43.00
   97 -1.177 -0.335  0.140  34.42 164.36   5.59 163.23   8.69 162.24  35.06
   98 -0.340  0.114 -0.578  86.41 116.45  93.78 116.76 109.29 116.71  50.35
   99 -0.848 -0.113 -0.354  47.56 140.10  41.48 139.79  56.36 139.60  39.45
  100 -0.555  0.721  0.850 120.65  50.12  68.68  50.99  34.10  52.38  42.19
  101  0.751  0.935  0.961 244.31  29.96 209.15  27.47 150.04  26.00  41.65
  102 -0.677 -0.077  0.570  98.25 136.58  56.41 136.47  34.73 136.20  56.56
  103  0.429 -0.825  0.277 188.20 213.81 173.26 214.74 146.30 215.72  44.58
  104 -0.068  0.792  0.976 171.09  43.16 120.89  42.82  72.98  43.53  50.84
  105  0.139 -1.132  0.088 154.90 245.88 142.71 246.12 126.76 246.72  45.93
  106 -0.032  1.032 -0.855 104.11  23.73 125.10  24.67 146.79  23.96  43.50
  107 -0.056 -0.140  0.475 152.56 142.94 122.09 143.21  94.42 142.90  47.65
  108  1.147  1.144 -0.196 232.03  13.39 246.29  10.47 231.39   6.54  42.08
  109  0.580  0.687 -0.701 163.69  59.38 186.84  58.85 196.57  57.36  38.36
  110 -0.569  0.679  0.802 117.53  54.78  67.38  55.63  34.87  56.97  46.20
  111 -0.702 -0.149  0.194  81.60 144.13  54.96 143.76  47.65 143.50  41.55
  112  0.075 -0.863  0.393 160.95 218.87 136.24 219.13 109.13 219.25  44.92
  113  1.183  0.409  0.113 247.38  86.86 251.51  85.67 223.75  84.24  38.40
  114 -0.508 -0.037  0.071  95.18 132.05  75.39 132.12  69.60 132.09  65.08
  115  0.772  1.145 -0.191 204.61  12.34 205.02  10.40 200.71   7.46  41.53
  116  1.109 -0.242  0.285 247.81 152.91 244.51 153.62 210.21 154.38  40.45
  117  0.475  0.789  0.099 185.17  47.09 177.70  46.05 157.22  45.03  42.49
  118  0.328  0.611  0.795 199.89  63.60 163.38  62.92 116.83  62.47  44.97
  119  0.548 -0.766 -0.139 182.44 206.41 184.82 207.24 173.03 208.61  41.81
  120  0.853 -0.092  0.955 252.99 137.94 220.11 138.19 160.12 138.38  41.00
  121  0.973  0.413 -0.344 211.31  86.83 227.86  86.01 220.36  84.79  40.43
  122  0.374 -0.651  0.357 186.44 196.02 167.60 196.71 138.11 197.34  42.88
  123  0.825 -0.052 -0.519 191.73 133.50 212.10 133.57 212.71 133.71  44.20
  124  0.498  1.116 -0.564 161.81  15.64 178.78  14.98 184.03  12.81  40.38
  125  0.714 -0.907 -0.097 198.63 220.62 202.07 222.02 186.91 224.02  40.95
  126  0.716 -0.266 -0.106 198.31 155.28 202.18 155.70 187.45 156.29  40.69
  127 -0.708  0.104  0.224  82.05 117.14  54.21 117.30  45.77 117.59  52.50
  128  0.132  0.532  0.463 168.78  72.23 142.18  72.00 111.63  71.97  48.08
  129 -0.321  0.524  0.943 146.29  71.67  93.65  71.96  51.29  72.62  45.86
  130 -0.933 -1.005 -0.593  31.10 233.20  33.66 230.13  58.18 228.45  39.79
  131  0.620 -1.073 -0.914 159.19 235.00 190.37 235.68 207.81 238.26  42.60
  132  0.430  0.357  0.185 184.60  91.36 173.19  90.97 149.91  90.53  38.25
  133  0.980  0.391  0.677 252.72  87.80 232.68  86.57 183.10  85.59  38.28
  134  0.070 -1.138 -0.849 113.44 243.27 135.34 242.53 155.64 243.65  45.45
  135  1.052  0.610  0.223 240.51  66.12 238.31  64.47 207.05  62.65  41.86
  136  0.346  0.022 -0.661 144.73 126.02 163.29 126.01 173.79 126.02  42.36
  137  0.096 -1.037  0.448 165.05 237.29 138.35 237.68 108.88 237.82  52.00
  138  0.731  0.723  0.709 232.23  52.81 206.18  51.12 157.98  50.03  43.24
  139 -0.270 -0.046 -0.578  92.67 133.09 100.93 132.93 115.37 132.97  38.21
  140 -0.946 -0.571  0.271  61.53 189.48  28.96 187.98  23.36 186.81  42.14
  141  0.308  1.013  0.582 189.52  21.93 160.94  20.77 123.23  20.14  38.72
  142 -0.258  0.920  0.792 146.19  29.62 100.68  29.81  63.11  30.86  41.39
  143  0.182  1.114 -0.789 125.56  15.80 146.60  16.19 163.50  14.79  31.43
  144 -0.142 -0.972  0.968 163.96 232.83 112.93 233.18  66.47 232.03  40.94
  145 -0.097  0.819 -0.571 108.80  44.32 118.36  45.29 130.62  44.80  47.51
  146 -1.060  0.593 -0.458  23.94  65.78  20.27  67.76  42.25  69.09  39.41
  147 -0.663 -1.080  0.468  95.75 244.21  58.24 242.35  39.99 240.28  44.62
  148 -0.883  0.919 -0.524  38.35  32.20  38.52  34.82  59.99  36.45  58.45
  149 -0.998 -1.168 -0.693  21.51 250.03  27.47 246.21  56.47 244.19  35.83
  150  0.321  0.844 -0.074 176.48  41.65 154.85  41.03 161.32  39.71  47.26
  151 -0.788 -0.647 -0.384  52.19 196.00  47.79 194.34  62.77 193.38  39.50
  152  0.089 -0.263 -0.575 125.16 155.05 137.23 154.93 147.40 155.29  43.24
  153  0.984  0.031  0.287 237.06 124.99 231.45 125.13 198.08 124.82  47.88
  154  0.425 -0.667  1.003 217.02 199.24 174.19 200.22 117.53 200.64  56.71
  155  0.679 -0.513 -0.029 198.19 180.41 198.51 181.57 181.21 182.54  52.06
  156 -0.319  0.159  0.082 113.01 111.46  95.09 111.96  85.94 111.73  47.62
  157 -1.181  0.254 -0.631   6.22 101.58   8.75 102.62  38.60 103.09  35.27
  158 -1.073 -0.997 -0.510  20.86 232.98  19.12 229.59  43.06 227.54  31.33
  159  0.272 -0.490 -0.192 155.78 178.37 156.35 178.73 149.49 179.26  59.67
  160 -0.016  0.847  0.734 166.44  38.23 126.39  37.69  87.70  38.16  60.75
  161 -0.482  0.622 -0.099  91.10  62.72  78.53  63.87  78.41  65.02  51.08
  162  0.164  0.892  0.270 164.29  35.19 145.39  34.72 122.22  34.39  44.14
  163 -0.045  0.385  0.664 160.64  87.39 123.45  87.24  87.50  87.40  51.11
  164  0.127  0.552  0.848 183.83  69.53 141.89  69.14  96.08  69.15  38.00
  165 -0.824  0.566 -0.664  38.74  69.49  45.03  71.03  70.39  71.78  42.00
  166  0.050  0.599  0.129 148.42  65.84 133.47  65.83 117.17  65.75  45.86
  167 -0.593  0.387 -0.172  57.02  87.51  79.09  88.45  50.71  89.03  45.05
  168  0.835 -0.408 -0.856 179.99 168.66 211.95 169.22 225.92 170.52  39.80
  169 -0.744 -0.878  0.980 108.07 224.16  47.93 222.77  12.16 220.83  38.91
  170  0.541  0.655 -0.732 159.15  62.61 182.84  62.13 194.16  60.76  32.38
  171 -0.187  0.376 -0.057 119.88  88.88 108.89  89.57 103.10  89.45  56.05
  172 -0.350  0.507 -0.635  83.86  76.05  92.66  77.14 110.94  77.02  41.48
  173  0.101 -0.941 -0.499 129.13 224.30 138.54 223.96 145.52 224.76  39.43
  174  0.691  0.113  0.160 206.61 116.64 200.41 116.44 175.24 116.35  40.88
  175 -0.045  0.865 -0.248 125.58  38.94 123.57  39.51 123.15  39.09  41.80
  176  1.088 -0.561 -0.834 202.14 183.69 237.61 184.58 248.45 186.68  41.80
  177 -0.350 -0.115  0.511 126.72 140.64  91.24 140.31  66.27 140.20  35.76
  178 -0.243 -0.881 -0.424 100.93 219.15 103.51 218.11 111.97 218.06  37.89
  179  0.275 -1.146 -0.524 143.71 244.58 156.25 244.68 162.19 246.19  36.25
  180 -0.500  0.832  0.218 100.95  39.81  76.19  41.67  63.96  42.10  48.19
  181 -0.272  0.346  0.769 143.68  90.90  99.33  91.03  62.53  92.00  44.77
  182 -1.179  0.623 -0.637   6.47  63.01   8.93  65.42  39.14  66.34  39.62
  183 -0.121 -0.363 -0.709 101.70 165.18 115.88 164.96 133.84 165.17  47.50
  184 -1.057 -1.119  0.320  64.71 248.68  10.77 245.61  22.05 243.22  41.02
  185 -0.609  0.130  0.411  98.61 114.34  64.12 114.51  47.21 114.85  62.88
  186 -0.505  1.065 -0.682  67.66  18.90  77.19  20.07  98.73  21.59  44.98
  187  0.798 -0.436 -0.957 172.85 171.25 208.06 171.81 225.82 173.42  40.12
  188  0.482  0.189 -0.740 153.59 109.34 176.81 109.24 189.02 108.83  29.33
  189  0.959  0.799 -0.580 201.13  48.30 225.42  47.43 227.60  44.94  47.12
  190  0.147  0.985 -0.421 136.13  27.45 143.34  27.71 146.74  26.95  48.25
  191  0.107  0.597  0.398 163.36  65.43 139.94  65.18 111.21  65.62  56.11
  192 -0.190  0.407 -0.425 105.62  86.30 108.88  86.87 116.74  86.68  46.56
  193 -0.229 -1.004 -0.175 111.49 232.54 104.70 231.53 103.70 231.62  45.61
  194 -0.940 -0.972  0.008  52.20 231.79  30.71 229.11  34.15 226.96  34.33
  195  0.327 -0.294  0.816 200.57 159.37 163.31 159.72 115.82 159.87  31.00
  196  1.175 -0.706  0.107 246.47 199.69 250.66 201.73 223.15 204.13  27.71
  197  0.507  0.483 -0.454 166.38  79.19 180.09  79.13 180.60  78.23  49.91
  198 -0.765  0.946 -0.953  34.08  31.40  51.70  34.06  86.38  33.81  40.50
  199 -1.163 -0.651  0.273  40.62 198.53   6.43 196.57   4.44 194.44  31.11
  200  0.830 -0.969  0.737 242.54 229.85 216.64 231.49 166.79 233.28  29.27
  201 -1.105  0.549  0.199  58.43  68.90   4.82  71.20  25.23  72.19  38.74
  202 -0.734 -1.205 -0.352  58.48 253.85  53.20 251.90  66.09 250.22  46.50
  203 -0.955 -0.855 -0.796  21.94 217.39  32.11 214.69  64.21 212.26  39.44
  204  0.909 -0.779  0.546 242.03 208.51 224.03 211.30 182.12 212.45  40.92
  205 -1.131  1.081  0.287  47.24  11.21   8.06  14.68   9.19  18.54  39.60
  206  0.204  0.336  0.068 159.25  93.08 149.85  93.55 132.92  93.31  46.78
  207 -1.048  0.207  0.353  65.34 105.45  12.37 106.07  20.44 107.88  41.76
  208 -0.349  0.472  0.768 136.71  77.49  53.20 251.90  55.91  78.42  51.70
  209 -0.320 -0.213 -0.794  80.23 149.98  96.06 149.62 119.05 149.71  55.70
  210 -0.067 -0.150 -0.100 128.99 143.82  53.20 251.90 115.41 143.72  74.28
  211 -0.504  0.847 -0.726  66.08  41.12  53.20 251.90 100.40  43.29  45.03
  212 -0.284  0.617  0.652 138.26  62.09  97.97  62.87  66.42  63.07  43.08
  213  1.131  0.252 -0.888 203.74 103.44 241.71 102.97 170.72 252.77  33.85
  214  0.968  0.766  0.625 249.37  49.35 231.26  46.28 183.65  45.26  39.92
  215 -0.697 -0.026  0.075  77.61 130.79  55.80 131.14 170.72 252.77  48.46
  216 -0.413  0.633 -0.813  71.19  63.49  86.75  64.68 170.72 252.77  43.56
  217 -0.547 -0.755 -0.299  77.63 206.76  72.20 206.31  80.36 204.64  45.90
  218 -0.587 -0.343  0.468 240.36 254.03  66.29 164.44  46.81 163.85  35.94
  219  0.727 -0.169 -0.155 240.36 254.03 203.26 145.74 190.31 146.09  35.94
  220  0.077 -0.249  0.667 171.98 154.60  53.20 251.90  98.64 154.71  39.12
  221  0.760 -0.992  0.871 241.55 232.47 209.75 234.67 154.52 236.24  80.00
  222 -0.528 -0.752  0.509 109.93 208.77  53.20 251.90  50.32 206.58  44.96
  223  0.193 -0.957  0.356 170.58 228.23 148.34 229.07 121.81 229.26  45.50
  224 -0.256 -0.779  0.754 144.88 211.77 100.94 211.50 170.72 252.77  41.56
  225 -0.322  0.611 -0.557  88.77  65.65  95.57  66.06 170.72 252.77  74.83
  226  0.380  0.483 -0.190 240.36 254.03 167.35  78.56 159.37  77.90  35.94
  227  0.523  0.769 -0.153 240.36 254.03 182.19  48.98 171.18  47.65  35.94
  228 -0.948  0.623 -0.150  45.64  62.31  30.53  63.86 170.72 252.77  39.58
  229 -0.742  0.609 -0.680  45.73  65.37  53.27  66.62 170.72 252.77  53.54
  230 -0.515  0.341  0.271 102.03  92.01  74.32  92.49 170.72 252.77  44.50
  231 -1.001  0.376  0.307 240.36 254.03  23.24  88.82  17.11  89.82  35.94
  232  1.161 -0.571 -0.225 231.95 185.52  53.20 251.90 233.82 188.92  41.00
  233  1.062 -1.099  0.535 240.36 254.03 240.71 244.64 196.19 247.72  35.94
  234  0.348 -1.115  0.741 240.36 254.03 165.48 247.41 120.71 248.00  35.94
  235  1.045 -0.569 -0.772 240.36 254.03 233.45 185.54 242.22 187.52  35.94
