    1  0.189  0.668  0.831 188.74  57.35 148.56  56.70 102.45  56.63  46.00
    2 -0.067  0.812  0.847 166.05  41.39 121.13  41.17  78.28  41.70  43.79
    3  0.074 -1.187  0.045 147.50 251.59 135.96 251.62 122.57 252.01  55.94
    4 -0.842  0.752  0.950  97.33  45.80  37.62  47.22   4.65  49.42  38.48
    5 -0.988 -0.019  0.096  50.89 130.24  25.45 130.19  26.66 130.15  43.92
    6 -0.217 -0.289 -0.686  93.58 157.85 106.32 157.51 124.21 157.54  49.81
    7  0.472  0.833 -0.130 175.95  43.05 177.09  42.30 165.52  41.01  44.72
    8 -0.015 -0.980  0.535 158.37 231.85 126.68 232.04  95.38 231.77  43.87
    9 -0.381  0.042  0.416 120.00 123.82  88.14 123.85  67.18 123.91  94.00
   10 -0.102 -0.592 -0.933  94.92 188.15 118.12 187.51 143.44 187.82  48.36
   11  0.087  0.890 -0.840 115.19  38.33 136.97  38.88 156.82  37.97  44.68
   12  0.107  0.043  0.184 155.70 123.79 139.47 123.79 120.29 123.77  49.09
   13 -0.653 -0.800  0.267  88.95 213.53  59.84 212.11  48.94 210.69  43.65
   14 -1.046 -0.370 -0.314  30.44 167.40  21.14 166.21  37.85 165.40  40.98
   15 -0.999  0.820  0.589  68.33  39.11  22.27  41.24   5.81  43.65  42.09
   16 -0.045  0.136 -0.329 122.37 114.28 123.70 114.36 126.13 114.31  46.08
   17  0.235 -0.107 -0.131 154.97 139.24 152.52 139.26 143.99 139.38  48.55
   18 -0.977  0.410 -0.101  44.66  84.70  27.33  85.90  35.37  86.81  39.35
   19 -0.854 -0.544 -0.892  27.80 184.37  42.64 182.77  76.43 182.07  40.52
   20  0.630  0.722 -0.754 166.01  56.06 191.76  55.48 203.05  53.78  40.50
   21 -1.199  0.241 -0.295  16.54 102.70   5.38 103.57  24.11 104.18  38.32
   22 -0.301  0.598 -0.859  79.67  67.27  98.05  68.22 123.17  68.16  40.50
   23  0.564  1.168 -0.871 155.92  11.76 184.83  11.14 201.06   8.52  39.73
   24  0.874 -0.646 -0.662 190.58 192.60 216.67 193.57 222.42 195.45  44.01
   25  0.339 -0.987 -0.579 147.19 228.19 162.60 228.42 170.03 229.87  44.34
   26 -0.887  0.304 -0.312  45.48  96.23  37.44  97.06  51.39  97.59  50.11
   27 -0.874  0.590  0.404  73.18  64.70  36.13  66.10  24.11  67.53  43.71
   28  1.037  0.734 -0.544 209.05  55.15 233.61  53.71 233.49  51.28  42.24
   29  0.035  0.396 -0.819 111.27  88.15 131.74  88.44 151.46  88.05  44.66
   30 -0.725  0.952 -0.665  47.89  29.61  54.95  32.05  78.89  33.10  38.55
   31  0.996 -0.036 -0.101 222.74 131.87 231.12 131.96 213.66 132.06  43.71
   32  0.353  0.373 -0.231 161.63  90.14 164.55  89.94 158.55  89.45  52.07
   33  0.999  0.181 -0.331 213.99 110.10 230.54 109.73 222.32 109.17  46.56
   34 -0.773 -0.929  0.247  76.86 227.51  47.29 225.48  39.17 223.62  47.26
   35 -0.050  0.403  0.114 138.78  86.20 123.09  86.31 108.78  86.30  49.20
   36  0.027 -0.795  0.729 169.91 212.72 131.14 213.07  91.54 212.85  46.06
   37 -0.157 -0.456  0.963 162.34 177.34 111.38 177.39  65.42 176.93  43.09
   38  0.186  0.563 -0.909 121.40  71.66 146.91  71.89 168.27  71.14  37.10
   39 -0.207  0.642  0.599 143.29  59.90 106.33  60.10  75.54  60.62  46.67
   40 -0.403 -0.869 -0.410  86.87 218.29  87.17 216.95  97.33 216.48  51.77
   41  0.585 -0.915  0.737 220.46 224.08 190.69 225.95 143.04 227.08  39.75
   42 -0.813 -0.560  0.486  82.11 188.61  42.30 187.45  26.15 186.11  41.88
   43  1.201  0.823 -0.287 233.03  45.92 251.46  43.80 239.90  40.80  42.81
   44 -0.390 -0.538  0.692 130.00 186.00  86.72 185.59  55.34 184.86  47.54
   45  1.200  0.962 -0.597 220.88  32.96 249.92  30.76 250.79  27.13  38.74
   46 -0.428  0.257  0.396 114.87 100.84  83.22 101.13  63.72 101.56  48.63
   47 -0.256  1.079  0.897 150.58  12.09 100.81  12.29  59.05  13.62  50.67
   48 -1.113 -1.074 -0.451  19.17 241.46  14.86 237.82  37.33 235.35  40.14
   49 -0.314  0.738 -0.873  78.01  53.10  96.76  54.28 122.53  54.24  38.14
   50  1.029 -0.462 -0.196 221.89 174.77 234.12 175.80 220.26 177.24  44.85
   51 -0.581  1.030 -0.032  84.48  19.77  68.10  21.62  67.04  22.92  45.00
   52 -1.113 -0.911  0.301  46.57 226.69  11.50 223.88   7.62 221.19  40.13
   53 -0.457  0.897 -0.117  92.80  34.27  81.09  35.65  81.26  36.43  44.57
   54 -0.593 -0.297  0.368  98.40 160.00  65.80 159.48  50.25 158.99  60.32
   55 -0.109 -0.686 -0.367 119.98 198.80 114.39 198.36 126.47 198.56  55.25
   56 -0.948  0.857 -0.065  48.76  37.17  30.20  39.59  36.43  41.45  39.75
   57 -1.179  1.026 -0.707   4.01  20.87   9.26  24.74  41.76  26.87  74.06
   58 -0.321 -0.586 -0.094 106.13 189.49  95.15 188.82  92.50 188.53  49.50
   59  0.850  0.332  0.343 227.78  94.16 217.66  93.38 183.31  92.68  48.33
   60  0.443  0.369  0.356 192.55  89.88 174.87  89.41 144.64  88.93  55.71
   61  0.553  1.051 -0.846 155.91  23.36 183.80  22.77 199.25  20.45  48.59
   62 -0.952 -0.953  0.334  63.23 230.87  28.20 228.42  20.19 225.95  43.63
   63  0.174  0.228  0.287 165.72 104.48 146.53 104.37 122.45 104.26  42.76
   64 -0.078 -0.363  0.911 167.54 167.15 119.86 167.25  74.66 166.98  45.16
   65  0.502 -0.401  0.299 195.50 169.77 180.94 170.31 152.25 170.85  50.00
   66 -0.186  0.594  0.312 133.99  65.57 108.72  65.86  88.70  66.18  42.38
   67  1.105 -0.154 -0.441 218.78 143.58 240.97 143.92 236.30 144.45  41.07
   68  0.934  0.483 -0.127 216.46  79.44 224.66  78.38 208.78  77.01  48.02
   69 -0.132  0.706 -0.799  97.17  56.46 115.04  57.25 135.95  57.06  45.01
   70 -1.071 -0.575 -0.953   5.53 187.83  21.14 185.81  60.33 184.75  36.33
   71 -1.089 -0.537 -0.664  13.85 184.46  18.19 182.60  47.71 181.51  35.60
   72 -0.614  0.144  0.246  91.72 112.94  63.94 113.18  53.22 113.42  42.71
   73  0.308  0.003 -0.773 137.11 127.96 159.24 127.95 174.36 127.95  46.50
   74  0.707  0.908  0.588 225.23  33.83 203.30  31.86 160.37  30.26  43.17
   75 -0.338  0.550 -0.265  99.90  71.12  92.64  71.84  99.26  72.08  49.75
   76  0.387  0.006 -0.129 168.55 127.65 168.21 127.64 157.87 127.63  41.33
   77 -0.101  0.113  0.260 139.77 116.42 117.72 116.46  98.49 116.48  41.60
   78 -0.349  0.363 -0.292  96.10  90.59  92.44  90.98  97.60  91.23  47.40
   79 -0.083 -0.106 -0.420 115.51 139.19 119.83 139.10 126.16 139.14  46.10
   80 -0.267 -0.842  0.892 149.35 218.95  99.56 218.72  58.25 217.71  46.83
   81  1.075 -0.154 -0.888 198.95 143.40 236.02 143.67 249.15 144.22  35.30
   82  0.280  0.764  0.488 183.26  48.19 157.86  47.49 124.37  47.07  46.45
   83  0.634 -1.004 -0.630 171.12 229.00 192.49 229.89 198.93 232.17  40.21
   84  0.063 -0.241  0.151 150.44 153.38 134.87 153.38 117.53 153.46  46.48
   85  0.038 -1.044  0.092 146.00 236.89 132.15 237.01 117.50 237.09  50.82
   86  0.344 -0.780  0.396 185.28 209.62 164.50 210.37 133.81 211.05  48.81
   87  0.246  1.057 -0.065 158.61  19.29 153.77  18.86 142.45  17.88  44.00
   88  0.744  0.217  0.036 206.33 106.13 205.52 105.76 184.83 105.27  39.62
   89 -0.192 -1.068 -0.923  87.25 236.55 109.03 235.13 135.05 235.55  40.62
   90 -0.675 -0.564 -0.203  69.37 187.55  58.85 186.32  65.55 185.58  48.12
   91 -1.034 -0.644  0.141  48.12 197.31  20.42 195.42  20.83 193.76  40.86
   92  0.734  0.239 -0.378 189.34 104.21 203.21 103.85 199.12 103.32  41.66
   93 -0.499  0.142 -0.910  59.80 113.77  78.25 114.06 107.77 114.12  32.77
   94  0.781 -0.117 -0.856 175.14 139.89 206.64 140.00 220.68 140.32  40.38
   95 -0.472 -0.093 -0.710  69.47 137.83  80.60 137.60 102.65 137.58  50.65
   96  1.058  0.572 -0.259 221.92  70.82 236.90  69.53 225.29  67.67  36.00
   97 -0.593 -0.535  0.721 112.08 186.01  65.05 185.30  36.06 184.23  41.67
   98 -0.382 -0.898  0.561 125.53 224.21  87.80 223.48  61.13 222.42  63.74
   99 -0.667 -0.775 -0.381  63.57 209.18  60.10 207.49  73.06 206.55  43.60
  100  0.034 -0.058 -0.238 132.92 134.19 131.79 134.17 129.80 134.20  36.33
  101  0.537 -1.145  0.830 220.05 248.73 185.85 250.95 134.91 252.23  44.12
  102 -1.099  0.871 -0.201  29.51  35.77  15.23  38.66  28.85  40.76  43.91
  103  0.535 -0.763  0.069 189.35 206.66 183.85 207.56 163.97 208.87  75.93
  104 -0.910 -0.135 -0.172  48.31 142.66  34.61 142.10  43.89 141.83  92.90
  105  0.958  0.035 -0.381 208.52 124.79 226.16 124.61 220.25 124.50  52.92
  106  0.269 -0.292  0.834 195.78 159.27 157.24 159.57 109.41 159.71  51.26
  107 -0.574  0.861 -0.140  81.06  37.82  69.06  39.43  71.89  40.42  36.22
  108  0.456  0.482 -0.549 158.57  79.54 174.55  79.42 179.68  78.42  47.95
  109 -0.874  0.053  0.021  58.86 122.60  37.50 122.93  39.45 122.84  43.80
  110  0.675 -0.411  0.839 232.58 171.33 200.63 172.29 147.67 172.88  43.82
  111  0.467 -1.093 -0.472 162.59 239.00 175.79 239.54 177.81 241.48  77.38
  112  0.630 -0.450  0.597 218.67 175.10 195.16 175.98 152.74 176.69  57.00
  113  0.539 -0.251  0.720 215.75 154.63 185.70 154.93 139.54 155.31  83.22
  114 -0.480 -0.641  0.703 121.83 197.32  77.19 196.61  46.70 195.54  48.96
  115  0.332  0.239  0.785 199.74 102.97 163.75 102.64 117.54 102.52  36.75
  116  0.391 -0.241 -0.894 139.92 152.31 167.45 152.40 186.31 152.87  42.69
  117  0.366 -0.644  0.734 200.86 196.03 167.31 197.10 122.81 197.39  49.60
  118  0.569  0.267 -0.916 154.55 101.63 185.19 101.50 203.24 100.88  28.71
  119 -0.757 -0.656  0.294  80.08 198.34  48.97 197.04  38.69 195.80  45.12
  120 -0.988 -0.191 -0.308  36.09 148.43  27.02 147.84  42.56 147.48  37.50
  121 -0.055 -0.918 -0.679 109.40 221.74 122.24 220.97 139.14 221.52  40.88
  122 -0.210  0.949 -0.879  87.18  31.75 107.32  33.03 131.84  32.88  42.96
  123 -0.633 -0.838  0.651 105.59 218.66  60.93 217.42  35.29 215.72  47.27
  124 -0.694 -0.313  0.948 111.33 162.45  53.55 161.88  17.75 161.12  50.32
  125  0.110 -0.295 -0.073 145.99 158.75 139.63 158.75 130.40 158.92  39.92
  126  1.005 -0.906  0.142 235.07 220.45 231.98 222.77 207.53 225.39  45.11
  127  1.134 -1.014 -0.712 210.86 228.49 242.72 230.56 248.53 234.27  35.61
  128  0.125 -1.134  0.954 188.12 249.36 141.66 250.37  91.71 250.24  44.07
  129  0.558  0.694  0.262 198.96  56.62 186.72  55.56 158.80  54.46  56.19
  130  0.253  0.062  0.752 191.28 121.66 155.27 121.60 111.50 121.58  40.44
  131 -0.343 -1.160  0.416 123.67 251.55  92.14 250.57  70.49 249.37  42.69
  132 -0.347 -0.785  0.311 119.20 211.35  91.84 210.62  74.31 209.95  46.83
  133 -0.206  0.433  0.042 121.89  82.92 106.90  83.30  97.54  83.44  43.42
  134  0.417 -0.491  0.141 181.72 178.92 171.78 179.40 150.40 180.04  46.41
  135  0.775 -0.725  0.756 238.06 203.93 211.04 205.79 160.43 207.02  46.56
  136  0.632 -0.610 -0.568 173.19 189.60 192.35 190.17 196.52 191.56  41.19
  137  0.944 -0.333 -0.429 200.90 161.72 227.34 162.22 215.57 163.16  45.18
  138 -1.029  0.223 -0.478  21.71 104.84  25.93 105.50  41.67 105.97  33.75
  139  0.538 -0.933  0.152 192.64 224.35 184.54 225.72 160.82 226.87  49.51
  140  0.905  0.818  0.646 244.93  43.32 224.51  41.25 177.01  39.50  45.49
  141 -0.248 -1.202 -0.168 110.06 253.20 102.68 252.15 101.66 251.87  58.86
  142  0.884 -0.422  0.771 248.19 172.24 222.83 173.28 170.23 174.18  54.28
  143  0.552 -1.040 -0.534 167.61 233.16 184.32 233.86 187.86 235.96  50.21
  144 -1.034  0.082 -0.712  17.33 119.65  24.00 119.93  54.26 120.14  37.59
  145  1.151  0.417 -0.404 224.22  86.79 245.78  85.56 239.40  84.31  75.30
  146 -0.800  0.493  0.899  99.31  74.53  42.29  75.21  10.48  76.56  52.15
  147  0.467  0.958  0.148 186.60  29.42 176.85  28.44 154.85  27.03  41.47
  148  0.898 -0.643  0.616 243.31 194.81 223.58 196.69 177.79 197.98  47.21
  149  0.381  0.716  0.110 177.53  54.20 167.89  53.92 148.44  52.72  48.53
  150  0.392 -1.203 -0.852 141.72 248.92 167.55 249.04 184.71 251.21  31.82
  151 -0.070 -0.616  0.626 157.17 193.54 120.60 193.89  87.08 193.31  42.14
  152  1.114 -1.044 -0.035 235.55 233.63 243.63 236.34 222.42 239.77  42.08
  153 -0.221  0.458  0.041 120.35  80.33 105.27  80.73  96.11  80.95  53.00
  154  0.451  0.916  0.594 202.83  32.28 176.09  31.41 136.13  29.92  91.08
  155 -0.352  0.049  0.426 123.07 123.00  91.21 123.12  69.33 123.25  17.72
  156 -0.734 -1.000  0.237  80.23 234.95  51.42 232.89  42.97 231.00  35.75
  157 -1.171 -0.804  0.099  33.49 214.64   6.34 211.94  10.73 209.62  32.33
  158 -0.066 -1.141  0.070 135.67 247.32 121.36 246.92 108.81 246.91  43.38
  159 -0.182  0.103 -0.331 109.85 117.57 109.61 117.66 113.92 117.66  41.22
  160  0.451  0.068  0.629 204.27 121.17 176.19 120.97 134.89 120.90  33.50
  161  1.110 -0.173  0.348 242.06 145.86 250.16 146.51 198.24 147.02  31.11
  162 -1.020 -0.280  0.363  57.78 158.45  20.98 157.68  13.22 157.03  40.39
  163  0.394  0.721  0.640 199.67  52.76 170.04  51.49 129.15  50.79  55.12
  164  0.367 -0.812  0.881 206.85 214.23 167.69 215.52 116.95 215.97  40.29
  165 -1.161  0.726 -0.697   6.02  52.00  11.04  54.71  42.96  56.85  38.82
  166  0.965 -0.317 -0.443 210.89 159.99 224.19 160.54 227.71 161.54  30.83
  167  0.040 -0.203  0.434 159.45 149.93 132.40 149.43 104.49 149.47  39.07
  168  0.050  0.871  0.206 130.53  36.80 145.85  37.39  92.11  37.46  44.19
  169 -0.165 -0.945 -0.084 128.01 226.58 107.20 225.81 112.91 226.03  66.17
  170 -0.522 -1.089 -0.586  69.16 241.05  75.58 238.88  93.13 237.68  46.71
  171  1.060  0.482  0.221 249.02  79.02 234.37  77.87 216.62  76.37  31.62
  172 -0.427 -0.887 -0.073  97.16 221.19  84.12 220.21  82.21 219.23  44.05
  173 -0.713 -1.216 -0.882  40.89 253.07  57.09 250.55  87.63 249.18  55.96
  174  1.025 -0.721 -0.750 200.02 199.75 231.51 200.91 239.59 203.35  39.00
  175 -0.646  0.722 -0.352  66.60  52.94  62.23  54.28  73.81  55.12  46.29
  176 -0.765 -0.639 -0.780  40.09 194.29  51.29 192.74  79.86 191.80  38.06
  177  0.218  0.867  0.950 196.21  36.69 151.72  34.65 100.33  34.30  88.00
  178 -0.166 -0.823  0.521 143.68 215.50 110.90 215.02  81.89 215.17  46.52
  179  0.276  1.006 -0.725 136.49  26.56 155.89  27.35 169.92  25.14  45.94
  180  0.924 -0.639  0.490 240.40 194.27 225.79 195.81 185.02 197.32  52.78
  181 -0.148  0.573 -0.759  97.09  70.09 113.40  70.46 132.97  70.24  40.63
  182  0.519  0.574 -0.540 164.41  70.36 180.92  69.92 185.11  68.78  29.00
  183  0.956 -0.949 -0.105 241.09 223.74 214.19 226.09 232.91 229.77  46.91
  184  0.534  0.064  0.643 212.04 121.62 185.10 121.38 141.95 121.31  35.30
  185 -0.359  0.341 -0.523  86.68  92.91  91.77  93.97 105.50  93.53  47.26
  186  0.383 -0.196 -0.606 150.31 147.83 166.84 147.92 175.45 148.96  48.17
  187  0.428  0.484  0.634 202.13  77.44 173.92  76.92 132.24  76.29  46.43
  188 -0.840  0.682  0.225  64.71  55.38  43.10  56.94  29.64  58.14  59.17
  189  0.335 -0.939 -0.839 136.88 222.54 161.99 222.49 178.87 224.07  27.00
  190  0.105  1.072  0.951 186.03  13.66 139.59  12.74  89.83  13.12  32.00
  191  0.342 -0.706  0.414 186.02 202.30 164.29 202.47 133.12 202.98  28.03
  192  0.281  0.314 -0.873 131.10  96.71 156.47  96.74 175.58  96.36  36.50
  193  1.127  0.529 -0.657 212.37  76.06 242.12  74.73 246.13  72.83  24.56
  194 -0.710  1.071 -0.596  51.73  17.07  56.35  19.61  77.48  20.81  27.75
  195  0.142  0.364 -0.910 117.47  91.60 142.49  91.77 164.43  91.45  29.75
  196 -0.881  0.093 -0.427  41.99 118.31  38.34 119.15  56.50 118.78  35.79
  197  0.520 -1.206 -0.734 157.27 249.20 180.60 249.74 192.17 252.34  34.25
  198 -1.151  1.028  0.083  28.66  17.61  11.90  21.62   7.53  24.29  39.11
  199 -1.100 -1.005 -0.116  32.69 235.09  14.58 232.52  25.50 229.32  35.07
  200  0.954  0.438 -0.719 195.13  85.08 224.55  83.97 231.85  82.58  22.13
  201  1.052  0.135  0.144 224.38 114.99 245.91 114.02 195.04 113.64  34.42
  202 -0.717  0.333 -0.632  59.80  93.47  50.27  94.28  87.48  95.55  41.94
  203 -1.026  0.509 -0.915  94.48 253.62  25.53  77.31  62.68  78.13  60.67
  204 -0.544 -0.103  0.902 123.91 139.28  69.71 139.52  33.17 138.97  43.66
  205  0.478 -0.244 -0.544 160.67 153.10  60.52 253.84 181.51 153.27  99.58
  206 -0.442  0.545  0.034  94.48 253.62  82.41  71.63  76.80  72.15  60.67
  207  0.908 -1.207 -0.204 211.21 250.19 221.69 252.47 232.19 253.44  44.26
  208  0.373 -1.059 -0.348 159.03 236.38 166.36 236.50 164.63 238.03  47.67
  209  0.278  0.905 -0.890  94.48 253.62 156.12  36.95 175.80  36.70  60.67
  210  1.232 -0.739 -0.029 245.79 202.68  60.52 253.84 233.52 207.48  40.56
  211  1.171 -0.576  0.240  94.48 253.62 250.83 188.02 217.78 191.07  60.67
  212 -0.878  0.250 -0.587  36.45 102.22  39.27 102.90 232.19 253.44  38.00
  213 -0.489 -0.577 -0.014  94.48 253.62  77.62 188.08  74.52 187.48  60.67
  214  1.121 -0.863  0.278 248.40 215.21 245.95 220.82 211.30 220.25  40.17
  215 -0.593 -1.179  0.262  94.48 253.62  66.09 251.86  54.37 250.02  60.67
  216  1.188 -1.206 -0.333 230.14 248.78 249.93 251.81 232.19 253.44  37.74
  217  0.968 -0.326 -0.656 198.71 159.76  60.52 253.84 230.93 163.28  59.79
  218  0.381 -0.683 -0.529 152.73 197.38  60.52 253.84 172.04 198.68  52.78
  219  0.062 -0.906 -0.374 129.56 221.27 135.03 220.89 136.61 221.46  41.82
  220 -0.044  0.683 -0.607 112.07  58.54 123.82  59.06 232.19 253.44  47.94
  221  0.190 -0.917  0.535 176.98 224.30 148.40 225.76 232.19 253.44  54.73
  222  0.331 -1.179  0.343 182.05 251.05 163.01 252.15 232.19 253.44  39.00
  223 -0.666  0.325 -0.723  51.22  94.84  61.09  95.32 232.19 253.44  37.51
  224  0.277  0.705 -0.688 137.47  57.84 156.31  56.64 168.31  55.72  51.82
  225 -1.228  0.161 -0.495   6.62 111.28  60.52 253.84  29.39 112.29  40.89
  226 -0.595  1.042  0.536 104.60  15.80  65.41  17.33  43.17  20.91  43.62
  227 -0.162 -0.845 -0.612 101.31 214.69  60.52 253.84 126.21 213.99  48.15
  228  0.431  0.408 -0.521 157.26  86.87 172.14  87.22 176.22  85.95  41.25
  229  0.759  0.731 -0.155  94.48 253.62 206.54  52.91 193.24  51.19  60.67
  230  0.254  0.686 -0.646  94.48 253.62 154.00  58.94 164.80  57.95  60.67
  231 -0.221  0.412  0.350 132.22  84.76  60.52 253.84  84.11  85.25  45.53
  232  1.017  0.876 -0.375 213.67  41.44 232.32  39.61 225.31  34.21  28.60
  233  0.122  0.861 -0.958 113.92  41.70 140.45  42.13 232.19 253.44  53.06
  234 -0.504 -0.292  0.557 114.02 159.64  74.87 159.16 232.19 253.44  37.15
  235 -0.119 -0.766  0.423 144.63 208.71 115.67 208.54  90.54 209.62  43.32
  236 -0.443 -0.807  0.391 113.15 214.45  81.65 213.63  62.41 211.66  49.67
  237 -0.466 -0.798  0.351 109.70 213.22  79.31 212.15 232.19 253.44  57.92
