    1 -1.131  0.305 -0.003  33.53  95.58  10.95  96.59  18.27  97.41  42.58
    2 -0.809  0.661 -0.708  38.58  59.66  46.66  61.51  73.38  62.35  42.94
    3 -0.353  0.646  0.862 140.07  58.61  90.39  58.96  51.74  59.91  43.38
    4 -0.895  0.402  0.702  82.53  84.47  32.81  85.36  10.21  86.48  43.27
    5 -0.815 -0.027  0.460  80.98 131.20  42.24 131.16  27.07 131.08  43.68
    6 -0.179  0.793 -0.670  97.63  47.15 110.18  48.08 126.88  47.87  44.29
    7 -0.081  0.607 -0.665 106.54  66.41 120.06  66.96 135.39  66.65  46.21
    8  0.437  0.395 -0.489 159.15  88.24 172.70  88.04 175.71  87.36  46.26
    9 -0.559  0.350 -0.480  69.81  91.97  71.37  92.67  86.30  92.95  45.76
   10  0.881 -0.629  0.727 245.53 193.68 222.57 195.47 170.99 196.76  43.34
   11 -0.277  1.072 -0.853  82.16  19.03 100.45  20.64 124.97  20.50  45.46
   12 -0.804  0.887 -0.739  37.94  36.31  47.22  38.80  74.91  39.89  34.00
   13 -0.552 -0.228  0.297  99.47 152.57  70.35 152.22  56.65 151.89  74.24
   14  0.312  0.356  0.344 180.37  91.14 161.06  90.83 132.91  90.53  46.94
   15  1.094  0.562 -0.304 223.16  71.91 240.34  70.61 230.27  68.73  42.87
   16 -0.276  0.198  0.946 150.57 106.91  98.55 106.95  55.30 107.22  43.57
   17 -0.111  0.484  0.819 160.78  76.44 116.34  76.38  75.36  76.73  44.17
   18 -0.009 -0.164 -0.056 135.98 145.23 127.38 145.19 118.99 145.22  50.72
   19 -0.354  0.922  0.200 114.27  30.93  91.27  31.88  78.07  32.68  46.90
   20 -0.699  0.486  0.147  80.10  76.55  55.40  77.53  49.74  78.40  48.60
   21 -1.068  1.089 -0.183  33.15  12.60  18.28  16.11  30.72  18.72  42.93
   22 -0.399  0.572 -0.499  83.90  69.14  87.69  70.06 101.08  70.30  44.56
   23  0.468  0.749 -0.898 146.55  53.46 175.21  53.25 193.44  51.73  44.71
   24 -0.934 -0.283  0.130  57.28 158.48  30.95 157.73  29.97 157.06  42.56
   25 -1.118 -0.382 -0.002  34.85 169.16  12.31 167.91  19.33 166.90  40.75
   26 -0.064 -0.028 -0.191 125.83 131.11 121.75 131.10 119.17 131.11  55.00
   27  0.041  0.923 -0.577 120.87  34.15 132.44  34.63 143.06  33.94  52.35
   28  0.026  1.015  0.185 148.44  22.18 130.95  22.21 112.81  22.07  42.33
   29  0.864  0.800 -0.694 188.51  48.60 215.55  47.48 222.63  45.14  46.00
   30 -1.189  0.587 -0.303  17.24  66.00   6.43  68.11  25.21  69.60  39.83
   31  0.242  0.752  0.923 197.26  48.28 154.31  47.37 103.68  47.24  41.38
   32  0.428 -0.208 -0.199 169.45 149.56 172.28 149.71 164.17 150.02  46.44
   33 -0.047  0.141  0.526 155.06 113.30 123.30 113.29  92.91 113.34  45.89
   34  0.691 -0.245  0.916 237.14 154.01 202.59 154.62 146.19 154.97  43.47
   35 -0.208  0.005  0.645 145.00 127.68 106.06 127.68  73.59 127.65  45.14
   36 -0.918 -0.435  0.729  81.42 175.67  30.26 174.69   7.13 173.45  40.65
   37 -0.596 -0.065  0.274  94.53 135.23  65.80 135.06  53.75 134.96  48.55
   38 -0.491  0.776 -0.219  85.82  47.15  77.81  48.46  82.28  49.13  46.35
   39  1.177  0.775 -0.188 234.87  50.45 249.47  48.42 234.06  45.68  38.12
   40 -0.375  0.595  0.892 139.21  63.95  87.97  64.29  48.53  65.23  39.00
   41  1.086 -0.446  0.065 237.10 173.45 241.20 174.63 216.21 176.03  44.11
   42  0.924 -0.152  0.032 221.81 143.66 224.15 143.99 201.92 144.43  44.39
   43 -1.215 -0.210 -0.190   8.22 150.67   8.91 149.89   9.09 149.24  38.67
   44 -1.154  0.086 -0.401  17.00 119.10  10.43 119.44  32.00 119.68  40.24
   45  0.717  0.416 -0.645 177.65  86.60 200.84  86.15 207.27  85.10  37.10
   46  0.169  0.006  0.747 183.52 127.58 146.34 127.57 103.96 127.56  46.92
   47 -0.636 -1.093  0.133  85.61 244.24  62.00 242.20  55.76 240.51  88.59
   48 -0.431  0.294  0.346 112.71  97.00  82.96  97.29  65.51  97.65  58.29
   49  0.746  0.024 -0.294 193.63 125.81 204.78 125.77 197.24 125.70  45.00
   50 -0.895  0.011  0.454  73.08 127.07  33.75 127.10  20.30 127.13  40.75
   51  1.128  0.172  0.204 246.22 110.77 246.16 110.28 215.09 109.73  42.05
   52  0.429 -1.071 -0.001 177.33 238.36 172.78 239.31 156.82 240.79  48.63
   53 -0.467  0.094  0.481 114.39 118.28  78.90 118.33  56.76 118.45  88.03
   54 -0.441 -0.457 -0.304  87.29 175.84  83.12 175.08  89.99 174.78  53.43
   55 -0.654 -0.732  0.343  91.73 206.43  59.52 205.14  45.83 203.83  43.20
   56  0.816  0.853 -0.575 188.95  42.98 211.08  41.79 213.89  39.45  50.56
   57  0.499 -0.216  0.129 188.50 150.47 180.26 150.73 158.43 151.05  47.68
   58  0.195 -0.259 -0.893 122.74 154.33 147.80 154.24 168.52 154.59  42.52
   59 -0.522 -0.902 -0.390  76.62 222.07  74.92 220.37  86.03 219.67  47.52
   60 -1.177  0.035 -0.611   7.35 124.54   8.99 124.69  38.20 124.74  33.31
   61 -1.080 -0.510 -0.057  36.49 182.68  16.54 181.03  24.82 179.75  39.85
   62  0.142  0.064 -0.681 125.85 121.72 142.56 121.75 155.97 121.68  46.21
   63 -1.052  0.463 -0.846  11.01  80.12  22.69  81.76  57.86  82.53  35.75
   64 -0.974  1.074 -0.754  21.56  16.61  30.09  20.08  60.85  21.83  35.69
   65  0.602  0.575 -0.254 182.62  69.88 190.04  69.23 182.27  68.08  45.63
   66 -0.161 -0.599  0.343 137.59 191.45 111.33 191.30  89.87 190.92  46.75
   67 -0.120  0.074  0.359 141.84 120.44 115.66 120.46  92.89 120.49  42.56
   68 -0.045 -0.679 -0.588 112.63 197.63 123.65 197.11 135.75 197.48  43.88
   69 -0.231 -0.645  0.447 135.10 196.63 103.88 196.30  79.34 195.81  49.50
   70  0.504  0.481 -0.182 176.87  79.19 180.20  78.74 170.60  77.92  45.38
   71 -1.066  0.479 -0.083  36.83  77.22  18.07  78.72  27.01  79.98  43.30
   72  0.275 -0.743 -0.645 139.04 203.44 156.04 203.44 166.62 204.47  46.92
   73 -0.423  0.005  0.248 109.69 127.77  84.00 127.76  70.10 127.81  48.07
   74 -0.745 -1.067 -0.557  49.93 239.30  52.60 236.58  72.99 235.26  46.70
   75 -0.325 -0.775 -0.258  99.65 208.78  94.91 207.79  98.40 207.47  49.46
   76  0.001 -1.114 -0.322 126.95 242.90 128.27 242.36 129.93 242.88  51.52
   77 -0.283  0.458  0.612 136.79  79.36  98.26  79.54  68.14  80.08  44.62
   78 -0.011 -0.972 -0.378 123.59 228.14 127.09 227.63 130.87 228.08  48.80
   79 -0.668  0.499 -0.765  49.52  76.78  61.05  77.96  87.65  78.45  42.57
   80  0.227  0.996 -0.128 154.40  25.80 151.65  25.52 143.04  24.61  46.50
   81 -0.669  0.198  0.471  95.19 106.98  57.60 107.45  39.44 107.71  47.17
   82  0.240  0.125 -0.883 127.14 115.70 152.36 115.67 172.27 115.49  51.88
   83  0.361 -0.798 -0.347 157.94 209.58 165.23 209.93 163.51 211.07  49.36
   84 -0.300 -0.874 -0.588  89.74 218.07  97.86 216.86 113.15 216.83  46.26
   85 -0.821  0.981  0.253  72.63  23.20  42.25  25.45  34.76  27.55  40.53
   86 -0.916 -0.313 -0.358  41.04 161.15  34.53 160.25  50.63 159.67  35.42
   87 -0.310 -0.720 -0.237 101.74 203.06  96.37 202.19  98.86 201.90  47.40
   88 -0.200 -1.101 -0.258 111.08 242.35 107.75 241.32 109.44 241.21  48.21
   89  0.509 -0.032 -0.597 161.39 131.51 179.88 131.53 186.34 131.59  46.25
   90 -0.100  0.827  0.582 152.48  40.45 117.59  40.55  85.82  40.97  49.83
   91  0.127  0.434 -0.554 129.30  84.12 141.17  84.24 150.01  83.83  45.67
   92 -0.095  0.987  0.802 161.60  22.75 118.09  22.74  77.42  23.29  46.08
   93 -0.038 -0.541  0.280 146.27 185.03 124.28 184.91 103.34 184.86  57.84
   94  0.824 -0.428  0.132 217.11 172.02 214.16 172.90 188.80 173.91  48.06
   95 -0.754 -0.473 -0.529  50.07 177.46  51.70 176.29  71.29 175.74  43.68
   96  0.984 -0.671 -0.087 222.35 196.14 229.98 197.65 212.03 199.69  42.84
   97  0.182 -1.233 -0.839 123.72 252.51 146.55 252.07 165.26 253.57  38.67
   98  0.126 -0.503 -0.338 137.31 179.85 141.11 179.77 141.78 180.17  48.50
   99 -1.205 -0.794 -0.130  21.94 213.02   3.92 210.16  16.96 208.01  37.97
  100 -0.261  0.512 -0.025 114.19  74.74 101.18  75.27  95.14  75.44  46.10
  101  0.414  0.872 -0.538 155.47  40.13 170.29  39.67 175.55  38.28  64.19
  102 -0.724 -0.500  0.211  80.11 181.51  52.59 180.54  44.97 179.56  43.47
  103  0.309 -0.194  0.907 202.68 148.86 161.52 149.10 110.59 149.19  43.24
  104  0.228  0.353 -0.240 150.15  92.06 151.68  91.97 147.42  91.62  47.07
  105  0.780 -0.616 -0.353 194.35 190.32 208.08 191.23 202.53 192.81  47.88
  106 -1.175  1.068 -0.352  16.87  15.11   8.08  18.96  28.22  21.65  41.82
  107 -0.867 -0.882  0.322  70.86 223.03  37.25 220.93  28.01 218.88  50.40
  108  0.046 -1.171 -0.427 126.94 248.26 132.97 247.73 137.87 248.49  48.79
  109  0.592 -0.306 -0.184 184.64 159.47 189.10 159.68 179.01 160.25  53.32
  110  0.762  1.142 -0.160 200.21  12.34 206.84  10.64 193.51   7.82  50.59
  111 -0.422 -0.531  0.067 102.87 184.17  84.35 183.48  77.20 182.98  46.33
  112  0.729  0.621 -0.348 190.07  65.53 202.82  64.69 197.52  63.21  40.75
  113  0.512 -0.609 -0.858 151.82 189.14 179.70 189.41 195.96 190.70  56.92
  114 -0.671 -0.602 -0.226  68.80 191.41  59.35 190.10  66.75 189.43  45.89
  115 -0.138 -0.600 -0.525 106.70 189.73 114.17 189.24 125.17 189.30  42.00
  116 -0.204 -0.112 -0.677  95.09 139.78 107.69 139.47 125.04 139.49  56.04
  117  0.173 -0.148  0.162 160.76 143.66 146.33 143.71 127.16 143.78  44.25
  118 -0.033 -0.414 -0.142 130.44 171.17 124.82 171.00 120.05 171.11  42.33
  119  0.084 -0.772 -0.589 124.23 206.82 136.81 206.49 147.38 207.15  45.14
  120  0.681 -0.765 -0.417 183.28 205.39 197.79 206.30 195.63 208.07  41.78
  121  0.013 -0.727  0.779 170.62 205.73 129.65 206.05  88.27 205.79  45.17
  122  0.092 -1.114  0.177 154.09 244.46 137.82 244.64 119.03 245.01  48.33
  123 -1.070 -0.753 -0.159  33.59 208.17  17.99 205.89  29.51 204.17  44.63
  124  0.383 -0.408  0.491 192.49 170.88 168.70 171.37 133.74 171.75  41.50
  125  0.285  0.423  0.138 169.70  84.38 157.99  84.12 138.17  83.92  48.21
  126 -0.551  0.924  0.398 103.53  29.47  70.29  30.81  52.70  32.57  86.59
  127 -0.302  0.446 -0.287 100.64  81.94  97.26  82.57 101.65  82.64  43.00
  128 -1.075 -0.094  0.258  48.69 138.39  15.63 138.11  12.77 137.92  44.61
  129  0.030 -0.508  0.171 148.20 181.28 131.40 181.22 113.71 181.32  44.16
  130 -0.250 -0.825  0.686 142.71 216.47 101.65 216.13  68.06 215.31  41.53
  131 -0.443  0.971 -0.497  79.99  27.91  83.17  29.46  97.08  29.98  50.81
  132  0.553 -0.820 -0.897 153.93 210.04 183.68 210.43 201.05 212.26  52.77
  133  0.416 -0.552  0.467 194.48 185.89 172.15 186.58 137.74 187.14  45.58
  134 -0.947 -0.695  0.071  53.87 202.37  29.72 200.45  31.10 198.93  42.58
  135 -0.305  1.009 -0.882  78.60  25.45  97.73  27.13 123.67  27.04  44.92
  136 -0.909 -0.162  0.409  60.74 145.82  37.69 145.37  12.28 144.81  40.26
  137 -0.608 -0.964 -0.659  58.96 227.93  66.80 225.77  88.84 225.01  44.18
  138 -0.084 -0.418  0.884 165.76 172.96 119.24 173.07  75.11 172.86  42.25
  139 -0.074  1.084  0.634 156.96  13.13 120.42  13.05  86.09  13.56  40.57
  140  0.206  0.228  0.698 184.86 104.19 150.18 103.97 109.24 103.91  38.43
  141 -0.626 -1.172  0.123  86.75 252.57  62.71 250.43  57.55 248.56  39.87
  142  0.794  0.543  0.665 245.17  71.92 207.20  70.49 175.54  69.35  37.97
  143  0.422  0.820  0.084 179.92  43.68 172.25  42.96 152.95  41.83  61.73
  144  1.045  0.380 -0.784 200.39  90.78 233.39  90.01 242.67  88.75  39.47
  145  1.097  0.448 -0.721 207.24  83.96 238.87  83.10 245.37  81.50  43.00
  146  0.489  0.303 -0.918 147.60  98.05 177.29  97.83 196.07  97.22  48.38
  147 -0.896 -0.982  0.512  75.23 234.48  33.41 232.11  17.80 229.57  34.89
  148  0.055  0.578 -0.266 133.69  68.77 133.94  68.93 132.65  68.70  44.11
  149 -0.619 -0.771 -0.256  72.55 208.99  64.68 207.42  72.42 206.51  40.12
  150 -0.853 -1.028  0.451  77.12 239.14  38.26 236.69  24.10 234.22  39.80
  151 -0.917 -1.060  0.691  80.14 243.77  30.45 241.13   8.69 238.13  47.16
  152  0.176  0.606 -0.172 148.07  65.95 146.43  65.76 140.00  65.29  46.95
  153 -0.118  0.563  0.469 146.43  68.80 115.84  68.72  88.76  68.95  56.86
  154 -0.786 -0.936 -0.089  63.18 227.25  47.03 225.00  51.38 223.39  38.36
  155 -0.064  0.451 -0.754 104.98  82.49 121.80  82.89 140.42  82.42  56.00
  156 -0.823 -0.382 -0.041  61.42 168.61  43.12 167.90  46.32 167.18  53.56
  157 -0.742  0.321  1.016 109.82  92.87  47.99  93.65  11.10  94.52  54.72
  158 -0.086 -0.792 -0.009 130.91 210.64 119.28 210.28 110.26 210.61  47.60
  159 -0.660  0.444 -0.957  43.32  82.69  62.39  83.87  95.43  84.10  47.92
  160  0.944 -0.442  0.091 225.86 173.21 226.48 174.23 201.65 175.43  42.20
  161 -0.824 -0.581 -0.652  39.09 188.61  44.91 186.98  69.84 186.41  44.84
  162 -0.841 -0.708  0.189  68.27 203.79  40.47 202.10  35.63 200.86  46.37
  163 -0.897 -0.222  0.158  61.63 152.13  34.68 151.33  31.85 150.84  52.62
  164  1.086  0.345 -0.890 199.85  94.44 237.17  93.60 250.26  92.33  53.47
  165 -1.195  0.455 -0.652   4.63  80.60   7.24  82.39  38.63  83.00  39.10
  166 -0.730 -0.252  0.368  85.50 155.22  51.47 154.53  38.16 154.65  52.06
  167  0.268  1.063  0.977 201.88  15.17 157.13  13.56 103.91  13.36  56.64
  168 -0.652  0.079 -0.425  63.42 120.11  61.73 120.15  76.24 120.24  36.40
  169 -0.639 -0.319  0.626 103.96 162.45  60.27 161.96  35.80 161.87  43.28
  170 -0.530  0.942  0.421 106.51  27.69  72.38  29.10  53.80  30.25  19.00
  171  0.441  0.120  0.914 214.80 116.10 175.74 115.02 122.62 114.93  51.23
  172 -0.254  1.127 -0.735  88.50  13.17 102.63  14.66 122.62  14.55  28.67
  173 -0.632  0.448  0.398  95.75  80.32  61.79  81.20  45.45  81.75  41.50
  174 -1.124  0.536 -0.646  11.07  71.94  14.60  74.50  43.93  74.93  40.26
  175  0.284  0.890 -0.131 159.29  36.91 157.57  36.43 148.26  35.47  33.90
  176 -0.145 -0.219 -0.593 103.27 150.90 113.69 150.31 126.92 150.36  26.02
  177 -0.584  0.102  0.136  89.97 117.29  67.56 117.47  59.85 117.96  44.39
  178 -0.693  0.249 -0.586  53.63 102.34  57.99 103.24  78.73 103.21  42.67
  179  0.358  1.095  0.494 190.41  13.55 166.19  12.84 131.17  11.39  42.80
  180 -1.164 -1.015 -0.684   6.15 234.74  10.72 230.46  42.08 228.79  33.85
  181  1.048  0.257  0.576  10.10 253.84 239.42 100.99 193.39 100.33  39.75
  182  0.306  0.993  0.933 203.24  22.98 161.33  21.59 108.91  20.85  41.00
  183  1.265  0.703 -0.358 235.62  58.23 178.11 253.73 248.51  53.66  38.54
  184 -0.973 -0.203  0.562  69.77 150.32  25.09 149.80  93.70 254.46  41.21
  185 -0.745  0.440 -0.756  10.10 253.84  53.21  83.93  80.67  84.41  39.75
  186  0.235 -0.301  0.683  10.10 253.84 153.28 160.37 112.53 160.47  39.75
  187  0.781  0.888  0.918 244.72  36.85 212.59  31.93 154.08  30.39  34.14
  188 -0.302  0.314  0.968 148.69  94.95  95.94  93.53  51.70  95.30  40.92
  189  0.377  1.127 -0.557 151.41  14.26 178.11 253.73 172.68  12.11  41.56
  190 -0.485 -0.291 -0.377  80.58 158.38  78.69 158.36  89.00 157.59  54.55
  191  0.074  0.158 -0.664  10.10 253.84 135.75 112.27 149.27 112.13  39.75
  192  0.921 -0.647 -0.123 215.39 193.60 178.11 253.73 207.29 197.03  49.05
  193  0.526  0.106  0.724  10.10 253.84 184.37 116.92 138.04 116.78  39.75
  194 -0.084 -1.194  0.416 147.42 253.51 178.11 253.73  93.70 254.46  52.07
  195 -0.476 -0.267 -0.189  10.10 253.84  79.26 156.07  82.41 155.30  39.75
  196 -0.517 -0.331  0.864 124.77 164.10  72.78 163.76  93.70 254.46  36.23
  197 -1.014 -0.363  0.434  10.10 253.84  21.33 166.55  10.83 165.52  39.75
  198  0.459  0.438  0.494 199.47  82.56 176.86  81.95  93.70 254.46  41.33
  199 -1.135  0.136  0.187  40.00 113.00   9.74 115.27  10.26 113.87  44.25
  200  1.131 -0.100  0.611  10.10 253.84 248.48 138.32 200.16 139.65  39.75
  201  0.377  0.822  0.265 183.21  42.91 167.70  42.18 142.01  41.12  50.84
  202  0.666  0.835 -0.381  10.10 253.84 196.35  42.91 192.83  41.04  39.75
  203 -0.572  0.160  0.974  10.10 253.84  66.58 111.02  27.55 111.38  39.75
  204 -0.480 -0.026  0.759  10.10 253.84  76.91 130.98  44.49 130.94  39.75
  205 -0.585  0.332  0.792  10.10 253.84  65.67  92.77  33.86  93.43  39.75
  206  1.115 -1.060  0.719  10.10 253.84 247.29 241.33 194.44 244.35  39.75
  207 -0.479 -0.460 -0.006  94.70 176.51  78.63 175.89  74.93 175.59  39.12
  208 -0.126  1.043 -0.074 124.76  19.71 115.30  20.55  93.70 254.46  50.36
