    1 -0.646  0.737 -0.890  47.11  52.59  63.47  54.42  94.21  54.95  42.08
    2 -0.486  1.127 -0.789  65.53  12.59  79.40  14.85 104.31  15.32  41.97
    3  0.397 -0.310  0.194 182.05 160.35 169.69 160.69 146.53 161.01  47.32
    4 -0.416  0.471 -0.434  84.68  79.44  85.82  80.21  97.08  80.45  42.50
    5 -0.312 -0.063  0.204 118.23 134.95  95.67 134.89  81.72 134.82  85.62
    6 -0.626  0.214  0.579 103.37 105.20  61.83 105.52  38.84 105.94  44.42
    7 -0.882  0.490 -0.830  27.41  77.55  39.64  79.04  71.68  79.70  37.62
    8 -0.926  0.931 -0.646  29.86  31.23  34.57  34.09  60.86  35.58  40.70
    9 -0.708  1.136  0.267  83.86   6.96  54.01   9.21  44.08  11.33  49.14
   10 -0.045 -0.118 -0.253 125.18 140.40 123.62 140.37 123.23 140.38  48.39
   11 -0.495 -0.344  0.279 104.19 164.82  76.37 164.37  62.44 163.89  46.81
   12  0.330 -0.194  0.867 202.92 148.79 163.69 149.06 114.13 149.16  45.20
   13  0.411  0.111 -0.423 159.39 117.03 170.19 116.98 170.94 116.79  46.38
   14  0.884  1.133 -0.818 185.57  15.89 217.15  14.35 228.81  10.91  39.18
   15 -0.020  0.696 -0.039 135.59  55.95 126.16  56.17 117.27  56.02  50.91
   16 -0.292  0.985 -0.796  82.81  27.64  98.86  29.15 121.56  29.09  44.25
   17 -0.443 -0.036  0.300 109.81 132.12  81.84 132.07  66.27 132.04  48.09
   18 -0.920  0.534  0.535  73.86  70.44  30.86  71.74  14.87  73.16  41.17
   19  0.011  0.467  0.719 168.00  78.67 129.42  78.49  90.50  78.64  48.92
   20 -0.949  0.009  0.239  59.86 127.33  28.92 127.35  24.28 127.37  43.00
   21  0.190  1.148 -0.753 127.62  12.24 147.45  12.56 162.90  11.15  44.62
   22  0.847 -0.018 -0.071 211.07 130.06 215.84 130.10 198.46 130.14  46.25
   23 -0.715  0.502  0.698  99.62  73.86  52.07  74.71  26.21  75.86  41.85
   24  0.290 -0.759  0.483 184.01 207.76 158.93 208.51 125.58 208.96  54.68
   25 -1.068 -0.543 -0.150  34.28 186.02  18.12 184.28  29.48 182.96  42.19
   26  0.366  0.299 -0.802 141.17  98.19 165.06  98.16 180.66  97.65  45.43
   27  0.594  1.190 -0.600 168.81   8.62 188.51   7.63 194.14   5.04  41.73
   28 -0.161  0.135  0.053 126.33 114.15 111.58 114.22 101.13 114.26  49.62
   29 -0.190  0.750 -0.777  92.74  51.86 109.17  52.78 129.96  52.53  55.11
   30  0.296 -0.061  0.438 182.62 134.63 159.50 134.70 127.82 134.73  46.82
   31  0.943  0.819  0.574 245.31  43.70 228.33  41.47 183.47  39.42  41.84
   32 -0.457  0.358 -0.847  65.93  91.63  82.38  92.32 109.08  92.43  42.64
   33 -0.047 -0.413  0.532 155.32 171.97 123.31 172.00  92.68 171.86  50.11
   34  0.346  0.615  0.066 172.51  64.81 164.26  64.35 146.70  63.67  52.35
   35  0.542  0.136 -0.340 174.02 114.45 183.71 114.32 179.94 114.06  44.32
   36 -0.858 -0.343  0.008  59.91 164.69  39.26 163.83  41.36 163.13  43.68
   37 -0.763  0.626  0.934 104.26  59.84  46.21  60.91  12.29  62.57  51.00
   38 -0.159  0.879 -0.516 105.12  37.98 112.09  38.86 122.87  38.69  49.50
   39 -0.129  0.577  0.749 156.41  66.67 114.50  66.67  76.55  67.10  33.38
   40 -0.868 -0.108  0.173  65.11 139.85  37.64 139.59  33.95 139.35  42.96
   41 -0.416 -0.388 -0.784  71.93 168.00  86.38 167.29 110.30 167.20  50.16
   42 -0.983  0.611 -0.001  47.75  63.12  26.33  64.93  30.86  66.31  46.07
   43  0.021  0.145  0.167 147.22 113.16 130.48 113.17 113.12 113.15  52.15
   44 -0.547 -0.667 -0.506  70.04 197.41  72.62 196.07  88.33 195.55  45.82
   45 -0.537  0.363  0.960 126.71  88.82  70.42  89.18  31.30  89.94  49.68
   46 -0.237 -0.645  0.970 155.22 197.81 102.75 197.74  57.83 196.93  43.68
   47 -1.112  0.948 -0.920   2.82  29.82  16.91  33.32  55.49  35.04  29.15
   48  0.026  1.091  0.824 173.66  11.92 131.07  11.34  87.68  11.74  45.92
   49  0.026  0.994 -0.432 124.92  26.42 130.89  26.89 136.23  26.29  42.64
   50  0.530  0.664 -0.741 157.82  61.67 181.70  61.30 193.41  59.91  43.83
   51  0.184 -0.594  0.352 169.13 190.39 147.67 190.77 120.68 190.90  53.38
   52 -0.451 -1.054  0.297 109.00 240.19  80.92 238.89  65.53 237.61  92.91
   53 -0.196 -0.890 -0.113 116.88 220.89 108.08 220.15 104.32 219.98  47.74
   54  0.233  0.430 -0.618 136.27  84.67 151.87  84.78 161.88  84.16  46.94
   55  0.271 -1.117 -0.318 151.08 242.45 155.96 242.71 154.09 244.01  47.42
   56 -1.087 -0.745 -0.562  17.83 206.45  17.87 203.85  44.09 202.26  67.90
   57 -0.678  0.495 -0.559  56.01  76.80  59.43  77.97  78.96  78.49  41.94
   58  0.732 -0.466 -0.242 194.42 175.49 203.44 176.17 193.96 177.26  43.65
   59  0.742 -0.210 -0.210 196.46 149.49 204.62 149.81 193.66 150.29  49.23
   60  0.499  0.511 -0.247 173.92  76.11 179.50  75.77 172.55  74.89  53.59
   61  0.170  0.260  0.981 193.11 100.44 146.62 100.26  94.70 100.28  45.92
   62 -0.064  0.145  0.461 150.91 112.99 121.48 112.99  93.89 113.03  46.83
   63  0.309 -0.007 -0.611 143.25 128.98 159.54 129.03 168.55 128.99  40.93
   64 -0.800  0.313 -0.414  49.98  95.44  46.65  96.24  62.92  96.79  83.32
   65  0.203 -0.640  0.444 174.49 195.38 149.65 195.83 118.90 196.07  55.45
   66  0.314 -0.639  0.454 184.91 195.10 161.42 195.74 128.83 196.21  50.81
   67 -1.090 -0.898  0.350  50.60 225.35  13.70 222.64   7.64 220.03  44.31
   68  0.565 -0.042  0.821 221.98 132.63 188.76 132.72 137.91 132.74  42.57
   69 -1.175 -0.244 -0.554   9.55 153.96   8.96 153.01  36.17 152.50  39.03
   70 -1.110 -0.406 -0.043  34.11 171.61  13.36 170.23  21.68 169.17  47.85
   71  1.032  0.953 -0.874 195.97  34.28 231.76  32.69 244.58  29.41  36.48
   72 -0.465  0.958  0.345 109.57  26.36  79.42  27.54  62.45  28.77  48.32
   73  0.476  1.062  0.614 205.82  17.05 178.83  15.38 137.63  14.25  41.85
   74  0.042 -0.540 -0.793 112.84 182.93 132.44 182.57 151.11 183.04  41.24
   75 -0.530  0.143  0.328 102.76 113.07  72.63 113.28  57.45 113.48  45.22
   76  0.548  0.710  0.492 207.29  54.37 186.22  53.20 149.15  52.23  41.88
   77 -0.460  0.556  0.791 127.43  68.34  78.92  68.79  45.17  69.72  52.00
   78  0.233 -0.919 -0.495 140.99 221.79 151.96 221.79 157.30 222.87  45.69
   79 -0.208  0.636 -0.352 106.79  62.56 107.02  63.23 112.45  63.21  51.19
   80  0.981  1.056  0.279 236.70  20.31 231.17  17.59 198.16  14.63  83.06
   81  0.543 -1.110 -0.226 178.63 241.28 184.06 242.40 175.69 244.42  46.60
   82 -0.308 -1.155 -0.749  83.14 246.39  97.23 244.64 118.39 244.63  45.38
   83 -0.899 -0.923  0.607  78.60 228.39  32.75 226.27  13.67 223.79  40.97
   84  0.629 -0.647 -0.430 178.20 193.59 192.36 194.26 191.19 195.67  48.43
   85  0.893 -0.131 -0.549 196.42 141.37 218.88 141.57 220.13 141.97  44.12
   86  0.895 -0.193 -0.728 189.79 147.42 218.52 147.71 226.73 148.28  39.33
   87 -0.873 -0.423  0.581  80.00 174.08  35.60 173.14  17.03 172.09  43.02
   88 -0.885  1.031 -0.192  50.10  19.30  37.17  22.12  46.82  24.06  44.58
   89  0.888 -0.333  0.294 229.14 162.39 221.38 163.17 188.74 163.99  40.58
   90 -0.226  0.086  0.434 135.30 119.11 104.34 119.21  80.61 119.10  47.45
   91 -0.862  0.179  0.438  75.60 108.98  37.33 109.44  23.78 109.80  44.89
   92 -0.950  0.434 -0.791  22.43  83.18  32.68  84.58  64.43  85.25  32.67
   93 -1.171 -1.146 -0.108  25.91 250.67   7.32 246.63  18.86 243.56  57.33
   94 -0.127 -0.268 -0.039 125.86 156.13 115.08 155.97 107.66 155.95  47.53
   95 -1.042 -0.852 -0.213  34.46 218.55  21.01 215.86  34.15 213.94  41.13
   96 -0.727 -0.864  0.305  83.44 220.67  51.94 218.95  40.89 217.27  47.88
   97 -0.139  0.007  0.837 158.94 127.47 113.40 127.51  72.16 127.55  44.80
   98 -0.833 -1.175 -0.865  30.83 249.61  44.68 246.14  77.11 244.81  39.25
   99 -1.064 -0.586 -0.371  26.41 190.06  19.69 188.14  38.28 186.86  48.69
  100  0.241 -1.183 -0.164 154.36 249.87 153.12 250.20 145.69 251.36  50.42
  101  0.770  0.451  0.166 213.78  82.07 208.63  81.18 182.43  80.19  51.87
  102  0.325  0.161  0.371 182.54 111.45 162.41 111.29 133.03 111.20  46.77
  103  0.561  0.457  0.683 209.82  80.27 191.79  79.60 136.17  79.03  44.92
  104  0.367 -0.897  0.141 177.37 221.05 166.58 221.82 145.75 222.82  45.12
  105  0.822 -1.141 -0.204 203.79 243.69 212.78 245.65 200.85 248.57  43.38
  106 -0.252 -0.238 -0.706  89.61 152.65 102.79 152.32 121.79 152.35  39.88
  107  0.683 -0.745  0.310 211.90 205.05 199.90 206.41 168.72 207.87  49.23
  108  0.688 -0.206  0.411 216.30 149.58 200.86 149.97 165.38 150.35  40.06
  109  0.843  1.047 -0.136 208.29  22.19 215.25  20.26 200.43  17.57  37.27
  110 -0.093 -1.159 -0.875  97.93 245.69 118.96 244.46 142.05 245.16  41.78
  111  0.060 -0.327 -0.283 133.54 161.92 134.44 161.83 133.83 162.02  41.87
  112 -0.658 -0.508 -0.076  75.60 181.79  60.21 180.70  62.09 180.08  51.82
  113  0.673  0.262 -0.300 187.06 101.75 197.28 101.40 190.65 100.82  45.35
  114 -0.180 -0.685  0.264 132.76 200.38 109.42 200.04  91.16 199.81  50.42
  115 -0.299 -0.187  0.598 134.58 148.28  96.50 148.22  67.16 147.87  44.65
  116  0.098  0.437 -0.516 128.14  83.71 138.25  83.84 145.99  83.47  42.27
  117 -0.901 -0.249  0.392  70.18 155.07  33.38 154.48  22.30 153.87  38.77
  118 -0.755 -0.765  0.458  86.59 210.51  48.55 209.00  32.37 207.34  39.71
  119  0.917 -0.636  0.051 222.01 192.94 223.58 194.33 200.62 196.03  48.94
  120  0.085  0.043 -0.863 114.11 123.97 136.80 123.95 157.58 123.90  47.12
  121  0.539 -0.720  0.452 204.90 203.07 185.20 204.44 149.85 205.18  46.02
  122 -0.591 -0.764 -0.676  59.83 207.16  68.51 205.47  90.89 204.93  40.79
  123 -0.791  0.550  0.928 101.32  68.15  43.15  69.11  10.09  70.65  35.50
  124  1.137  0.021 -0.304 226.89 126.18 244.84 126.13 234.48 126.06  37.57
  125  0.970  0.386 -0.557 202.75  89.78 226.70  89.12 227.65  87.90  33.17
  126  0.704 -0.843 -0.428 184.86 213.19 200.06 214.18 198.13 216.18  48.77
  127  0.973  0.807 -0.646 199.72  47.97 226.71  46.75 231.14  44.01  40.69
  128  1.078 -0.085  0.397 249.70 136.97 241.77 137.23 203.07 137.47  36.33
  129 -0.365 -0.037  0.691 132.24 132.24  89.39 132.21  57.60 132.17  34.12
  130 -0.291  0.377  0.236 121.35  88.52  97.86  88.67  82.23  89.11  45.95
  131 -0.444 -0.215  0.233 107.16 151.02  81.82 150.75  68.81 150.54  45.87
  132  0.393  0.550 -0.799 143.69  73.06 167.83  72.95 183.06  71.98  37.44
  133 -0.589 -0.390  0.953 121.48 170.72  64.90 170.36  26.91 169.40  38.84
  134  0.032 -0.833 -0.474 123.82 213.44 131.46 213.03 138.36 213.58  45.00
  135  1.207 -0.474 -0.567 222.53 175.31 250.67 176.35 250.42 178.07  58.96
  136 -0.673 -0.022  0.201  66.50 130.69  68.20 130.51  32.36 130.47  44.82
  137 -0.424  0.256  0.419 116.08 100.88  83.53 101.15  63.13 101.70  49.54
  138 -0.275 -1.145  0.684 135.81 250.85 101.51 250.26  61.40 248.81  46.80
  139 -0.691 -0.270 -0.188  68.29 156.74  57.10 156.07  63.51 155.70  56.43
  140 -0.450  0.528  0.425 113.99  71.98  80.88  72.63  60.68  73.26  43.00
  141 -0.969  0.288  0.184  55.93  97.32  27.01  98.20  24.75  98.82  43.88
  142  1.075 -0.355  0.221 242.37 164.39 240.68 165.37 209.36 166.44  42.56
  143 -0.437 -0.261  0.041 100.46 155.76  82.85 155.41  76.94 155.16  44.71
  144 -0.199  0.683 -0.548 100.33  58.09 108.02  58.96 120.59  58.83  40.84
  145 -0.341 -0.142 -0.290  96.89 142.91  93.30 142.91  98.21 142.67  48.89
  146 -1.039 -0.980 -0.787  14.32 230.21  23.71 226.84  56.60 225.14  34.31
  147  0.438 -0.295 -0.429 161.60 158.16 172.92 158.43 173.71 158.83  43.47
  148 -0.863 -0.832 -0.235  50.66 215.87  39.49 213.66  50.48 212.45  46.14
  149  0.914 -0.981  0.180 226.87 228.52 223.71 230.69 195.43 233.24  49.32
  150  0.814  0.192  0.954 249.50 108.11 215.88 107.56 156.40 107.21  36.29
  151  1.146  1.112 -0.349 226.04  17.19 245.41  14.44 236.90  10.53  33.38
  152 -0.985 -0.820  0.317  59.51 216.56  24.85 214.42  18.09 212.18  46.10
  153 -0.457 -0.317  0.702 124.10 162.36  79.51 162.04  48.95 161.58  41.00
  154  0.292 -0.879  0.171 171.84 219.43 158.80 220.03 137.72 220.80  43.50
  155 -1.004 -0.891 -0.431  30.19 221.95  25.82 219.14  45.91 217.38  32.78
  156  0.307  0.237  0.633 191.44 103.40 160.93 103.07 121.20 102.95  62.29
  157  0.464 -0.799  0.045 182.16 210.52 176.50 211.24 158.36 212.39  56.38
  158 -0.003 -1.068 -0.621 115.03 237.33 128.10 236.23 140.43 236.94  33.28
  159  0.755 -0.684  0.596 230.03 199.37 208.33 200.81 164.95 202.32  47.32
  160 -1.054  0.656 -0.790  12.46  59.89  22.41  62.46  55.28  63.32  43.10
  161 -0.182 -0.730 -0.140 117.11 204.11 109.49 203.69 106.58 203.42  52.06
  162  0.553 -0.753  0.938 225.91 207.78 187.76 208.98 132.31 210.21  43.41
  163  1.165 -1.056 -0.323 228.54 233.82 247.54 236.38 237.64 240.12  45.30
  164 -0.560  1.134  0.865 120.86   5.61  68.16   6.46  33.04   8.77  93.14
  165 -0.348 -0.091 -0.712  81.13 137.66  92.87 137.58 113.94 137.15  66.18
  166  1.037 -0.982 -0.023 229.44 227.65 235.68 230.02 214.60 233.02  42.11
  167 -1.199 -0.904 -0.588   6.15 223.35   6.72 219.87  35.41 217.82  26.47
  168 -0.487 -0.464  0.366 108.46 177.64  76.92 177.07  59.89 176.61  48.83
  169 -0.293 -0.835 -0.351  99.03 214.54  98.23 213.50 104.73 213.92  47.35
  170  0.253  0.198  0.133 166.72 107.72 154.64 107.61 135.55 107.52  43.88
  171 -0.199 -0.998 -0.006 120.67 232.51 107.65 231.75  99.90 231.47  35.11
  172 -0.013  0.518  0.269 148.04  73.81 126.88  73.85 106.00  74.10  45.44
  173 -0.823 -0.069  0.428  79.01 135.92  41.37 135.49  27.70 135.32  37.23
  174 -0.585 -0.461 -0.399  70.71 176.00  68.35 175.00  81.21 175.34  40.89
  175 -0.948 -0.368 -0.383  37.10 167.08  31.45 165.81  48.84 165.16  28.81
  176  0.703  0.852 -0.283 190.35  41.91 200.43  40.75 192.71  39.06  39.43
  177  1.055 -1.030 -0.084 232.89 232.18 234.64 234.73 223.37 238.19  35.00
  178 -0.538  0.786  0.006  89.89  45.91  72.39  46.09  69.36  47.79  48.19
  179 -1.023  0.378  0.074  46.94  88.53  21.80  88.51  24.66  89.49  30.53
  180 -0.938 -0.220  0.147  57.62 152.24  30.38 150.87  29.06 150.50  46.61
  181 -0.655 -0.700  0.721  98.54 203.87  62.72 202.74  23.32 201.69  43.17
  182 -0.641  0.149  0.915 115.01 111.93  59.28 112.13  23.80 112.73  39.83
  183 -0.043 -0.559 -0.209 127.20 185.82 123.77 185.56 121.84 186.41  46.43
  184 -0.514 -0.516  0.176  98.10 182.66  74.75 182.26  64.49 181.56  43.11
  185 -0.378  0.826 -0.394  90.13  42.45  89.40  43.61  99.32  44.86  48.20
  186 -0.054  0.744  0.405 149.68  49.48 122.54  50.01  96.95  50.20  51.00
  187 -0.947 -0.012  0.024  29.59 128.95  42.61 130.27  11.64 129.17  32.05
  188 -0.833  0.042 -0.286  51.78 124.35  42.65 123.74  55.35 123.82  44.26
  189  0.744 -1.008  0.025 228.96 230.78 192.17 232.71 208.66 235.80  47.17
  190 -1.181  0.520 -0.269  13.95  73.38   9.85  74.01  19.90  76.69  41.35
  191  0.784 -0.427  0.362 222.80 172.65 210.74 172.91 176.30 173.81  20.39
  192  0.216  0.460  0.770 188.10  79.48 151.69  79.42 106.69  78.60  48.56
  193 -0.172 -0.065 -0.904  89.54 134.77 111.02 134.71 136.16 134.99  44.24
  194  0.602  0.947  0.725 221.44  29.01 192.51  27.11 145.12  26.09  38.29
  195 -0.322  0.562  0.486  32.50 254.32  94.23  68.84  69.61  69.41  60.75
  196  0.636 -1.223 -0.441 178.48 251.78 193.09 252.85 221.17 253.80  47.90
  197 -0.274 -0.556 -0.679  88.71 185.20 100.59 184.42 118.87 184.48  42.65
  198 -0.616 -1.177  0.679  32.50 254.32  62.61 253.47  35.59 251.50  60.75
  199  0.237  0.040  0.544 181.54 123.73 153.46 124.25 118.18 124.23  55.27
  200 -0.870 -0.536  0.138  63.63 185.47  37.50 184.13  35.14 183.02  47.00
  201 -0.287  0.391 -0.082 109.62  87.41 168.41 254.12  95.04  87.99  39.67
  202 -0.253  0.219 -0.656  91.44 105.60 102.61 106.23 119.90 106.23  50.15
  203 -0.326  0.091  0.157 115.13 118.67  94.26 118.73 221.17 253.80  46.23
  204  0.574 -0.774 -0.495 170.90 206.34 168.41 254.12 188.49 208.61  43.64
  205 -0.396 -1.150  0.528 123.09 251.05  86.35 250.00 221.17 253.80  42.60
  206  0.627  0.479 -0.581 172.22  80.10 168.41 254.12 196.51  78.53  56.11
  207  1.105 -1.208 -0.360 222.06 249.07 241.34 251.82 221.17 253.80  33.00
  208 -0.467 -0.512  0.018  32.50 254.32  79.76 181.44  75.14 180.91  60.75
  209 -1.211  0.503 -0.541   6.40  76.03   5.39  77.91  32.45  76.85  38.94
  210 -0.066 -0.601 -0.193 125.61 190.45 121.52 190.13 221.17 253.80  54.04
  211  0.381 -1.197  0.392 188.52 253.29 168.41 254.12 221.17 253.80  55.10
  212  0.495 -0.608 -0.325  32.50 254.32 178.97 190.50 175.02 191.58  60.75
  213 -1.219  0.084 -0.383  11.49 119.26 168.41 254.12  25.81 119.87  40.26
  214 -1.169  0.201  0.424  45.66 106.40   4.94 107.04 221.17 253.80  40.08
  215 -0.728  0.085  0.749 100.71 118.94  50.21 119.09  23.34 119.47  39.00
  216 -1.254  1.076 -0.223  13.88  13.63 168.41 254.12  16.43  20.67  41.34
