    1 -1.053  0.489 -0.582  20.13  76.99  21.53  78.65  47.59  79.60  40.95
    2 -0.695  0.598 -0.619  52.31  66.27  57.90  67.73  79.79  68.36  45.11
    3  0.191  0.377 -0.645 131.31  90.03 147.69  90.13 158.79  89.68  46.29
    4  0.690  0.717  0.894 236.21  52.96 202.44  51.23 146.93  50.16  38.93
    5 -0.834 -1.094  0.702  88.44 247.14  39.32 244.93  15.45 242.00  43.97
    6 -1.047 -0.395  0.039  43.33 170.49  19.48 169.30  24.00 168.27  43.61
    7  0.157  0.537 -0.552 132.09  73.58 144.25  73.71 152.64  73.16  45.64
    8 -0.539  0.977  0.477 107.71  23.70  71.29  25.03  50.59  26.60  50.22
    9 -0.994  0.400 -0.208  42.70  85.94  24.07  87.14  41.25  87.98  42.66
   10  0.544  1.116  0.730 216.62  11.20 186.35   9.12 139.47   7.80  42.14
   11 -0.169  0.509  0.820 155.48  73.70 110.14  73.72  70.06  74.19  48.17
   12  0.720  0.189 -0.383 187.88 109.20 201.78 108.96 197.97 108.51  44.61
   13  0.386  0.141 -0.569 151.66 114.04 167.45 113.99 174.06 113.77  44.29
   14 -0.539  0.430 -0.667  64.94  83.94  73.80  84.82  95.20  85.09  49.06
   15  0.584  0.150  0.276 201.81 112.72 189.49 112.50 160.83 112.25  49.95
   16 -0.222  0.704  0.265 128.90  54.08 105.04  54.52  87.36  54.92  45.54
   17 -0.887  0.979 -0.650  33.40  26.28  38.55  29.19  64.36  30.67  39.87
   18  0.694  0.679 -0.429 183.89  59.87 199.00  59.05 197.20  57.45  44.22
   19  0.759  0.830  0.308 218.57  42.79 207.99  41.11 176.02  39.38  45.72
   20 -0.564 -0.614 -0.205  79.56 192.62  70.21 191.45  75.32 190.76  49.22
   21  1.129  1.085  0.310 250.73  17.58 246.84  14.33 211.23  10.93  41.17
   22  0.846  0.901  0.930 251.42  33.91 219.26  31.32 160.34  29.59  39.26
   23 -0.518 -0.161  0.335 104.14 145.44  73.81 145.22  58.17 144.99  46.37
   24  0.559  0.089 -0.789 158.48 119.30 184.51 119.28 197.85 119.08  48.11
   25 -0.981  1.015 -0.129  43.26  20.50  26.99  23.50  36.04  25.74  41.78
   26 -0.274  0.973  0.035 115.35  26.23  99.75  27.18  91.60  27.68  63.36
   27  0.025 -0.081 -0.573 119.48 136.49 130.83 136.46 141.51 136.51  49.80
   28  0.167 -0.111 -0.077 150.94 139.68 145.50 139.71 135.68 139.79  50.42
   29 -0.280 -0.442 -0.240 104.33 174.17  99.47 173.67 101.71 173.52  48.27
   30 -0.059  0.246  0.942 170.47 101.86 121.86 101.78  75.14 101.95  42.17
   31 -0.801  0.309  0.748  93.37  94.60  42.76  95.22  16.64  96.02  56.57
   32  0.090  0.373  0.493 166.25  88.95 137.80  88.80 106.67  88.79  47.27
   33 -1.132 -0.222 -0.553  13.68 151.54  13.29 150.75  39.76 150.29  40.30
   34 -0.650 -0.806  0.358  92.66 214.47  59.88 213.09  45.54 211.62  45.37
   35 -0.332  0.602 -0.143 103.28  65.48  94.05  66.21  93.38  66.52  45.52
   36 -0.767 -0.114  0.518  87.75 140.56  47.13 140.33  28.93 140.08  44.05
   37  1.053  0.478 -0.061 229.25  79.95 237.21  78.78 217.63  77.30  41.60
   38  0.084 -0.536 -0.499 127.56 183.00 136.85 182.81 144.10 183.22  46.00
   39  0.050  0.707 -0.549 122.65  56.12 133.35  56.46 142.82  55.93  50.64
   40  0.480  1.140  0.107 186.09  10.85 178.26   9.57 157.42   7.93  46.16
   41 -0.007 -0.942 -0.307 126.68 225.24 127.56 224.83 128.63 225.21  49.23
   42  0.085 -0.049  0.456 164.29 133.38 137.22 133.40 107.69 133.40  44.60
   43 -0.626  0.376 -0.672  56.74  89.39  65.02  90.27  87.81  90.58  41.00
   44  0.498 -0.218 -0.796 152.95 150.07 178.40 150.17 192.51 150.60  39.48
   45  0.228  0.700  0.280 170.37  55.33 152.20  54.92 127.63  54.47  47.92
   46 -0.812 -0.517 -0.587  42.56 182.05  45.95 180.64  68.43 179.92  46.60
   47 -0.221  0.497 -0.404 103.56  76.96 105.68  77.50 113.11  77.52  46.12
   48 -1.122  0.560 -0.272  24.75  68.84  13.15  70.74  29.69  72.09  39.05
   49 -0.213  1.096 -0.750  91.70  16.48 106.85  17.85 126.85  17.61  49.16
   50 -1.113  0.004 -0.563  15.18 127.78  15.33 127.82  41.85 127.80  36.73
   51 -0.684  0.805 -0.635  52.75  44.87  59.02  46.83  81.30  47.64  35.92
   52  0.308  0.825 -0.457 149.15  44.31 159.66  44.19 162.81  43.07  50.12
   53 -1.150 -0.505 -0.204  24.47 181.94   9.89 180.20  24.61 178.90  38.81
   54 -0.767 -0.242  0.102  72.02 153.94  48.43 153.40  45.60 152.96  44.10
   55  0.644  0.055  0.459 214.45 122.51 196.28 122.41 159.46 122.31  35.62
   56 -0.439  1.098 -0.811  68.96  15.80  84.12  17.88 109.22  18.18  44.00
   57  0.908 -0.561 -0.107 214.98 185.11 222.07 186.23 205.59 187.79  44.77
   58 -1.082  0.061 -0.365  24.97 121.78  17.66 122.00  36.63 122.20  41.44
   59  0.218 -0.274  0.069 161.25 156.62 150.95 156.71 134.87 156.92  56.33
   60 -0.725  0.822  0.233  80.93  40.54  52.41  42.20  44.00  43.75  44.00
   61 -0.419  1.153  0.477 118.96   5.26  83.99   6.43  61.27   7.92  43.94
   62 -0.375 -0.010  0.532 125.04 129.35  88.53 129.34  63.01 129.20  46.76
   63 -0.479  0.210  0.775 124.85 105.61  77.07 105.79  43.96 106.14  41.38
   64 -0.851 -0.079  0.518  79.73 136.79  38.22 136.62  21.59 136.42  37.69
   65 -0.542 -0.388  0.660 114.41 170.06  70.52 169.58  43.01 168.91  44.87
   66  0.875 -0.687  0.806 248.87 199.84 221.98 201.79 168.06 203.22  42.66
   67  0.101  0.622  0.605 171.75  62.50 139.00  62.14 103.31  62.14  50.05
   68  0.031  1.056  0.936 178.60  15.27 131.56  14.59  83.56  15.08  43.00
   69  0.659  0.972 -0.442 180.47  30.21 195.47  29.13 194.45  26.94  36.50
   70  0.224 -0.033  0.606 182.85 131.71 152.05 131.74 114.58 131.76  45.11
   71  0.101 -0.161 -0.475 129.96 144.66 138.56 144.60 144.72 144.74  47.05
   72 -0.123 -0.766  0.377 142.24 209.15 115.28 208.89  91.78 208.59  52.49
   73  0.722  0.472  0.369 217.67  79.51 204.22  78.53 170.24  77.62  43.06
   74 -0.489  0.057 -0.382  79.86 122.37  78.30 122.47  88.70 122.51  38.75
   75 -0.988  0.388 -0.781  19.22  87.95  28.81  89.22  60.79  89.86  34.38
   76  1.088 -0.298 -0.184 227.40 158.28 240.30 159.00 225.43 159.98  42.79
   77 -1.209  1.055 -0.457   9.96  16.75   5.13  20.69  29.49  23.28  32.64
   78 -0.002  0.172  0.918 174.76 109.92 128.05 109.79  81.37 109.89  53.94
   79  0.718 -0.533  0.115 207.26 182.90 203.08 183.83 179.42 184.95  44.10
   80  0.885  0.174 -0.161 210.89 110.66 219.50 110.32 205.39 109.85  42.84
   81 -0.460 -0.888 -0.334  84.47 220.62  81.15 219.14  89.37 218.58  46.45
   82 -0.679 -0.332  0.398  91.61 163.74  56.70 163.16  41.60 162.57  47.64
   83 -0.454 -0.304  0.364 111.32 160.69  80.44 160.23  62.78 159.89  93.04
   84  0.474 -0.857  0.276 192.18 217.00 177.98 218.11 150.55 219.19  39.43
   85  0.725  0.413  0.193 210.95  85.82 204.04  85.05 177.17  84.20  44.00
   86 -0.288 -0.270 -0.290 101.75 156.30  98.69 155.89 102.89 155.89  48.37
   87 -0.078  0.934 -0.722 104.76  33.20 120.37  33.99 137.72  33.51  46.08
   88 -0.594  0.014  0.802 115.04 126.75  64.68 126.76  32.61 126.85  44.00
   89  0.444  1.096 -0.468 160.57  17.29 173.50  16.56 175.45  14.77  73.16
   90 -1.176 -0.780 -0.045  27.74 211.69   6.49 208.99  16.05 206.85  40.80
   91 -0.628 -0.865 -0.605  60.69 217.87  63.77 215.95  86.60 215.12  42.50
   92  0.177  1.156  0.617 179.18   6.30 147.13   5.42 109.77   5.17  41.62
   93 -0.223 -1.067  0.651 143.88 242.08 104.51 241.81  71.91 240.77  49.62
   94 -0.216 -1.128 -0.166 113.01 245.51 106.04 244.58 104.45 244.23  50.18
   95 -0.169  1.152 -0.756  95.39  10.91 111.22  12.21 130.87  11.82  38.43
   96  0.251 -0.645  0.633 186.36 196.19 154.94 196.82 115.99 197.09  42.06
   97  0.125  0.873  0.681 176.94  35.87 141.61  35.31 102.48  35.27  40.14
   98  1.096  0.729  0.313 247.95  53.82 243.37  51.69 207.97  49.49  37.38
   99 -0.471  0.766  0.405 111.36  46.53  78.63  47.53  59.61  48.71  87.35
  100 -1.022  0.806  0.573  74.62  40.73  14.95  42.77  12.38  45.01  37.49
  101 -0.387  0.293 -0.407  88.20  97.81  88.81  98.25  98.47  98.54  93.56
  102 -0.333 -0.350  0.882 142.77 166.04  92.52 165.88  52.74 165.38  37.08
  103 -1.097  1.020 -0.287  26.53  20.27  15.73  23.70  32.29  26.06  38.95
  104  0.515 -0.863 -0.324 172.37 215.88 180.95 216.73 176.79 218.17  46.21
  105 -0.026 -0.857  0.015 137.17 217.52 125.59 217.18 114.61 217.30  60.87
  106 -0.842 -0.983  0.359  74.64 233.88  39.72 231.64  28.71 229.38  41.60
  107  0.803 -0.253 -0.515 190.00 153.64 209.87 154.00 210.52 154.66  38.29
  108 -0.180  0.474  0.853 155.76  77.37 108.97  77.39  67.68  77.83  47.50
  109  0.240 -1.037 -0.794 130.49 232.79 152.45 232.59 168.96 234.03  42.79
  110 -1.003  1.105  0.352  59.04   9.08  22.77  12.13  15.00  15.09  42.00
  111 -1.086  0.248  0.007  38.17 101.67  15.62 102.47  21.66 103.24  42.53
  112  0.952  0.376 -0.317 210.54  90.46 225.81  89.73 217.38  88.60  49.67
  113 -1.007 -0.514  0.000  45.58 183.17  23.76 181.58  28.84 180.39  58.55
  114  0.113 -0.684  0.170 155.67 199.54 140.02 199.68 121.28 199.96  42.84
  115  0.758  0.657 -0.802 175.27  62.95 204.47  62.21 216.61  60.42  66.50
  116  0.437 -0.178  0.687 205.19 146.91 174.84 147.23 131.20 147.36  37.43
  117 -0.783 -1.016 -0.419  51.32 234.62  48.33 231.91  64.37 230.45  37.97
  118  0.061  0.792  0.049 146.31  45.99 134.60  45.98 121.20  45.67  62.18
  119  0.818 -0.885  0.950 249.74 221.03 216.31 223.51 156.86 225.12  43.19
  120 -0.809 -0.462  0.777  93.65 178.49  41.72 177.62  14.66 176.51  43.19
  121 -0.092  0.853  0.917 166.55  36.79 118.42  36.55  73.17  37.25  39.11
  122  0.310 -0.536 -0.281 155.92 183.10 160.10 183.29 156.47 183.96  45.20
  123  1.025  0.165 -0.276 218.40 111.70 233.46 111.36 222.80 110.82  37.62
  124  0.685 -0.384  0.754 230.00 168.47 201.40 169.22 151.92 169.91  51.21
  125  0.674 -0.821 -0.849 166.28 209.99 195.94 210.67 210.48 212.74  39.89
  126 -1.036 -0.733 -0.081  39.93 206.23  21.18 203.97  29.57 202.47  44.85
  127 -0.691 -0.423 -0.458  58.34 172.43  57.91 171.31  73.85 170.94  45.84
  128  0.495 -0.791  0.948 221.04 211.87 181.56 213.37 126.31 214.13  39.44
  129  0.522  0.549 -0.023 184.58  72.04 182.32  71.42 166.26  70.52  42.57
  130 -0.337 -0.586  0.121 112.80 189.87  93.17 189.26  82.70 188.83  46.67
  131  0.787  0.013  0.605 232.86 126.92 211.79 126.89 167.32 126.87  37.22
  132  0.917  0.230  0.062 244.84 104.95 210.46 104.33 223.62 103.63  28.86
  133  0.923 -0.482 -0.955 183.58 175.76 220.56 176.42 237.33 177.96  38.82
  134  0.688  0.776  0.562 222.46  47.56 201.24  45.96 159.58  44.67  46.23
  135 -0.706 -0.426 -0.014  73.46 173.26  55.03 172.48  55.51 171.67  45.39
  136 -0.711  1.150  0.019  74.25   6.48  54.47   8.92  53.62  10.80  50.70
  137 -0.741 -1.173  0.153  76.39 253.01  50.92 250.76  45.62 248.56  88.59
  138 -0.448  0.781  0.428 114.15  45.01  81.15  45.88  60.59  46.87  18.16
  139  0.447 -0.739  0.330 191.88 204.99 175.25 205.90 145.96 206.78  41.86
  140  0.457  0.662 -0.022 178.83  60.33 175.62  59.65 160.17  58.67  36.91
  141  0.180 -0.661 -0.510 135.74 195.60 146.62 195.51 153.15 196.22  42.60
  142  0.143 -1.226 -0.685 126.01 252.59 142.65 252.16 156.21 253.27  40.39
  143  0.371 -0.567  0.972 210.90 188.51 168.28 189.39 113.78 189.68  49.93
  144  0.603  0.515  0.858 226.95  74.13 192.95  73.00 140.09  72.36  35.33
  145  0.271 -0.430  0.755 193.06 173.82 157.27 174.22 113.06 174.38  56.10
  146 -0.600  0.324  0.414  99.61  93.54  64.97  94.07  47.90  94.68  33.80
  147  0.372 -0.386  0.235 181.45 168.30 167.24 168.66 142.66 169.07  38.67
  148  0.409  1.080 -0.248 166.16  17.99 170.14  17.41 164.38  15.67  69.04
  149  0.359 -0.767 -0.601 148.07 205.71 164.69 206.01 172.63 207.23  37.87
  150 -0.363 -0.509  0.051 107.67 181.78  90.49 181.19  83.04 180.79  39.75
  151 -1.159 -0.992 -0.598   9.65 232.39  10.80 228.76  39.19 226.58  40.36
  152 -0.685 -0.572  0.235  84.68 189.27  56.56 188.10  47.37 187.09  32.43
  153 -0.888 -0.745  0.079  59.73 207.59  35.83 205.68  35.87 204.17  46.92
  154  0.093  1.074  0.591 170.41  14.79 138.14  14.19 103.01  14.17  34.38
  155  0.681 -0.417 -0.129 194.53 170.59 198.52 171.45 185.19 172.16  50.92
  156 -0.815 -1.058  0.541  84.10 242.57  41.88 240.47  23.71 237.82  41.25
  157 -0.824 -0.315 -0.304  51.70 161.38  43.79 160.63  56.56 160.04  43.90
  158 -0.824 -0.789  0.196  70.10 212.44  42.11 210.70  36.72 209.10  46.21
  159 -0.613  0.844 -0.956  47.96  41.80  66.94  43.84  99.64  44.48  39.43
  160 -0.389  0.961  0.210 111.52  26.70  87.48  27.74  74.64  28.67  38.07
  161 -0.788 -0.290  0.195  73.53 159.13  45.91 158.49  40.04 158.04  45.86
  162 -1.052 -1.013  0.509  60.25 238.30  17.00 235.46   4.44 232.43  36.92
  163  0.142  0.390 -0.927 116.76  89.03 142.46  89.22 164.95  88.63  52.93
  164  0.162 -0.462 -0.070 150.74 175.91 144.97 175.98 134.95 176.37  45.29
  165  0.529 -0.364  0.953 224.22 166.98 185.24 167.40 129.27 167.76  35.26
  166 -0.832 -0.332  0.157  68.04 163.60  41.40 162.85  37.80 162.35  43.84
  167 -0.005 -0.755  0.297 149.98 207.66 127.64 207.45 105.70 207.45  64.70
  168  0.475  0.151 -0.108 177.23 112.87 177.34 112.67 165.22 112.43  54.36
  169 -0.554 -0.782 -0.237  79.31 210.04  71.31 208.58  77.36 207.78  40.50
  170 -0.282 -0.302 -0.128 108.67 159.84  99.05 159.46  97.51 159.25  28.63
  171  0.243  0.386 -0.145 155.14  88.62 153.31  88.37 145.22  87.99  53.19
  172 -1.088 -1.178 -0.804   8.95 250.79  19.00 246.60  52.88 244.80  38.71
  173 -0.123  0.295  0.620 152.23  97.00 114.92  96.60  82.68  97.19  49.83
  174 -0.174 -1.113 -0.868  90.84 241.16 110.88 240.02 134.55 240.49  49.52
  175 -0.037 -1.120 -0.269 125.71 243.52 124.32 243.34 124.78 243.72  57.28
  176  0.103  0.796  0.795 179.53  44.01 139.23  42.93  95.91  43.01  76.28
  177 -0.242 -0.771 -0.510  98.06 207.33 103.50 207.09 115.58 206.40  47.19
  178 -0.894 -0.263  0.622  79.59 156.72  33.27 156.12  13.53 155.58  37.95
  179  0.463  0.056 -0.587 157.72 122.66 175.22 122.51 181.76 122.40  52.45
  180  1.159 -0.859  0.233 250.13 215.72 249.51 218.17 216.89 220.97  35.35
  181  0.005 -0.495 -0.435 122.87 178.90 128.78 178.65 134.56 179.05  45.62
  182 -0.353  0.160  0.413 122.71 111.59  90.88 111.19  69.97 111.35  59.32
  183 -0.978  0.500 -0.493  30.38  75.79  28.80  77.32  50.58  78.46  30.83
  184  0.009 -1.172  0.880 174.32 253.57 129.20 254.06  83.80 253.62  52.40
  185 -0.517 -0.039  0.183  98.47 132.34  74.21 132.28  64.30 132.43  40.40
  186 -0.232  0.872 -0.407 102.34  38.68 104.68  39.05 112.10  39.11  57.26
  187 -1.082 -0.247  0.474  69.18 155.07   6.84 154.37  14.73 153.55  45.85
  188  0.384  0.348 -0.055 171.25  92.64 167.99  92.03 154.88  91.96  46.05
  189  1.014  0.120 -0.565 206.26 116.49 231.16 116.04 232.18 115.64  45.46
  190 -0.620  0.090  0.528 101.82 118.30  62.73 118.45  41.33 119.55  46.34
  191 -0.229 -0.726 -0.157 112.17 203.63 104.65 203.37 103.06 202.79  45.90
  192  1.194 -1.028  0.191 251.48 232.54 253.05 235.64 221.86 239.14  32.00
  193 -0.388  0.112  1.017 142.57 115.99  86.57 116.07  41.87 116.72  37.50
  194  0.575 -0.659  0.930 227.38 198.18 190.10 199.00 134.48 199.74  32.98
  195  1.160  0.546  0.309 253.28  72.62 250.00  70.98 214.28  69.29  32.50
  196 -0.791 -1.130  0.470  82.45 249.91  45.33 248.03  27.52 244.76  29.00
  197  1.143  0.884  0.176 246.36  39.32 247.67  35.47 217.41  32.58  50.23
  198  0.600  0.798  0.943 230.07  44.34 192.94  42.56 136.28  41.07  41.82
  199  0.239  0.366 -0.455 156.26  91.27 145.15  90.84 169.60  90.42  42.88
  200 -0.552  1.160  0.053  90.51   5.53  70.76   7.47  66.37   9.59  47.11
  201 -1.089 -0.272 -0.945   4.29 156.27  19.13 155.28  58.71 155.46  37.77
  202  1.204  0.442 -0.416 233.19  83.68 248.07  83.52 250.41  81.86  36.46
  203 -1.040  0.044  0.602  76.73 123.97  11.29 124.08  12.04 122.79  38.32
  204  0.152  0.333  0.772 182.98  92.19 129.20 254.06 101.35  93.37  41.35
  205 -0.322 -0.107  0.333 122.37 139.69  94.43 139.45  75.81 139.44  58.57
  206  0.565 -1.204  0.103 193.37 252.28 187.07 253.44 198.46 254.28  56.57
  207 -0.189 -0.812  0.461 139.40 214.14 108.31 213.73  82.42 213.89  51.29
  208 -0.006 -0.898  0.973 176.65 224.58 129.20 254.06  78.71 224.54  45.96
  209 -0.536  0.221 -0.529  70.14 105.36  73.77 105.75  90.15 105.96  39.80
  210 -0.546  0.322 -0.847  57.97  94.82  73.38  95.53 101.51  96.88  33.33
  211 -0.428 -1.076 -0.257 174.32 253.57  84.35 238.76  89.21 238.02  52.40
  212 -0.324 -0.094  0.793 140.05 138.37 129.20 254.06  57.12 138.21  38.14
  213  0.779 -1.201 -0.248 198.34 249.97 208.29 251.83 198.46 254.28  40.89
  214  0.690 -0.625 -0.756 171.49 190.47 197.53 191.27 209.06 192.87  48.76
  215 -0.216 -0.256  0.990 157.97 155.91 104.99 155.89 198.46 254.28  48.88
  216 -1.127  0.410 -0.586  13.08  85.13  14.02  86.84 198.46 254.28  45.37
  217 -0.766 -1.003 -0.086  65.18 234.29 129.20 254.06  53.01 230.25  38.55
  218  1.022  0.919  0.423 246.18  34.23 235.99  31.18 196.83  28.66  27.50
  219 -1.021 -0.160  0.301  55.21 145.39  21.20 144.94  15.48 144.80  43.50
  220  0.419  0.840  0.062 178.76  41.99 171.83  40.85 153.46  39.76  27.18
  221 -0.955 -0.425  0.476  68.25 174.12  27.35 173.05  14.23 172.37  38.15
  222 -0.675  0.327  0.189  84.27  93.98  57.53  93.92  50.52  94.41  32.28
  223 -0.139  0.322 -0.178 119.53  94.83 129.20 254.06 111.92  95.05  50.19
  224 -0.249 -0.776 -0.178 109.51 208.90 129.20 254.06 102.05 207.90  48.52
  225 -0.046  1.012 -0.619 174.32 253.57 123.63  25.74 136.77  25.25  52.40
  226 -1.222 -0.738 -0.273  15.53 205.96   2.65 204.34  21.49 202.39  41.68
  227 -0.968  0.005  0.495 174.32 253.57  25.86 129.68  12.29 125.90  52.40
  228  1.159  0.412  0.896 174.32 253.57 252.81  84.01 191.94  82.81  52.40
