    1 -1.011  0.244 -0.359  32.10 102.48  24.89 103.25  42.61 103.75  41.90
    2  0.204  0.841  0.858 191.23  38.95 150.20  38.06 102.77  37.98  44.36
    3  0.293  0.108 -0.144 159.59 117.16 158.45 117.15 149.70 117.00  46.94
    4  0.273  0.137 -0.827 132.04 114.44 155.70 114.48 173.18 114.25  43.58
    5 -0.183  0.671 -0.769  93.62  59.89 109.83  60.72 130.23  60.51  39.12
    6  0.329 -0.963  0.921 205.15 230.44 163.65 231.88 111.89 232.23  44.22
    7 -0.927 -0.098 -0.206  45.56 138.63  32.89 138.35  43.81 138.15  44.29
    8  0.574  0.822 -0.671 164.30  45.75 186.29  45.17 194.92  43.39  44.85
    9  0.246 -0.585 -0.630 137.07 187.47 153.18 187.47 163.55 188.19  45.15
   10 -1.010  0.872  0.584  67.08  33.41  21.08  35.69   4.98  38.30  41.93
   11 -0.830  0.551  0.905  96.69  68.01  39.09  69.06   7.61  70.61  43.25
   12 -0.338  0.861 -0.874  75.85  40.52  94.39  41.96 120.47  41.96  38.00
   13  0.851  0.718 -0.058 211.97  55.31 216.30  53.93 198.34  52.09  44.35
   14  0.236  1.007 -0.788 130.29  26.76 151.99  26.96 168.31  25.58  42.18
   15  0.349 -0.133 -0.590 147.54 141.64 163.60 141.73 171.40 141.90  89.41
   16  0.326 -1.116  0.186 175.46 244.02 162.30 244.93 140.18 245.94  53.42
   17  0.307  0.411  0.814 198.72  84.78 161.20  84.26 114.11  84.07  43.50
   18  1.044  0.546 -0.342 217.45  73.52 235.12  72.34 226.98  70.57  40.48
   19  0.381  0.557 -0.508 153.50  71.77 166.97  71.59 171.30  70.69  44.22
   20 -1.046 -0.342 -0.367  28.49 164.34  21.31 163.22  39.88 162.50  41.41
   21 -0.745  1.053 -0.690  45.15  19.13  53.00  21.89  78.09  23.08  35.17
   22 -0.427 -0.403  0.659 125.16 171.49  82.78 171.12  53.26 170.53  45.93
   23 -1.151  0.809 -0.753   4.96  43.72  12.29  46.72  45.85  48.35  39.67
   24 -0.991  0.428 -0.129  42.36  82.87  26.04  84.14  35.30  85.09  43.22
   25  0.820  0.620  0.413 227.96  64.32 214.67  62.90 177.73  61.58  44.78
   26  0.188  0.695 -0.883 122.49  58.37 147.07  58.63 167.47  57.73  37.38
   27 -0.170  0.803 -0.782  94.26  46.51 111.21  47.44 131.75  47.20  81.40
   28 -0.909  0.321 -0.357  41.83  94.51  35.29  95.41  51.30  96.02  43.51
   29 -0.233 -0.354  0.936 154.20 166.40 103.19 166.36  59.58 165.93  43.24
   30  0.620  0.325 -0.337 181.02  95.36 191.76  95.01 187.09  94.33  44.43
   31 -0.824 -0.866  0.189  69.93 220.72  42.18 218.69  37.08 216.89  44.82
   32 -1.003  0.164 -0.800  17.18 111.25  27.41 111.81  60.28 112.08  39.44
   33 -0.992  0.026  0.075  49.71 125.48  25.10 125.56  27.12 125.65  43.90
   34  0.285 -0.448  0.702 192.17 175.52 158.61 176.03 116.41 176.24  42.90
   35 -0.111 -0.445  0.593 151.85 175.55 116.47 175.52  84.40 175.27  43.21
   36  0.619 -0.734  0.829 227.25 205.36 194.62 206.96 142.72 207.93  41.51
   37  1.111  1.084 -0.462 218.59  20.19 241.53  17.82 237.54  14.04  39.05
   38 -0.872  0.687  0.400  73.32  54.25  36.44  55.84  24.49  57.51  45.48
   39 -1.186  0.652  0.220  36.45  57.87   4.19  60.07   4.58  62.03  40.17
   40 -0.228 -0.667  0.489 137.02 199.04 104.16 198.74  77.93 198.21  43.95
   41  0.394  1.124 -0.917 139.46  15.86 167.75  15.76 187.28  13.70  43.57
   42 -0.527 -0.529  0.672 116.29 185.21  72.13 184.62  43.85 183.62  40.04
   43  0.078  0.227  0.164 152.29 104.61 136.42 104.59 118.41 104.56  50.23
   44  0.853 -0.334 -0.229 205.39 161.99 215.89 162.58 204.79 163.47  45.22
   45 -0.579 -0.028  0.877 119.39 131.36  66.07 131.30  30.89 131.26  47.91
   46  0.131  0.856 -0.940 115.46  42.13 141.41  42.61 164.48  41.59  41.25
   47 -0.399  0.579 -0.355  89.32  68.16  87.45  69.04  95.72  69.35  39.54
   48 -0.222 -0.613 -0.659  94.08 191.03 105.86 190.24 122.69 190.34  82.72
   49 -0.998 -0.161 -0.357  33.34 145.20  26.13 144.71  43.56 144.38  42.14
   50 -1.215  0.195 -0.559   5.63 107.76   4.95 108.56  32.99 108.96  39.76
   51 -0.097  0.560  0.130 135.20  69.71 118.19  69.92 103.90  69.99  54.08
   52  0.951 -0.037 -0.424 206.24 131.95 225.26 132.02 221.13 132.14  47.48
   53 -0.959  0.874 -0.091  46.77  35.39  29.15  37.90  36.47  39.80  41.37
   54 -0.268 -0.157 -0.792  85.07 144.26 101.33 143.97 123.61 144.02  49.98
   55  0.306 -1.028 -0.603 143.38 232.31 159.21 232.39 167.89 233.87  51.67
   56  0.024  0.520 -0.845 109.32  75.72 130.63  76.12 151.44  75.59  45.21
   57  0.145  0.408  0.289 163.19  85.65 143.44  85.49 119.63  85.32  48.13
   58 -0.415 -0.661  0.269 111.22 198.34  84.76 197.59  69.88 196.86  46.62
   59 -0.697 -0.536 -0.278  64.48 184.45  56.72 183.25  66.47 182.52  47.58
   60 -0.995 -0.897  0.263  56.42 224.77  23.97 222.33  19.30 219.95  42.03
   61  0.084 -0.727  0.541 167.60 205.00 137.15 205.31 104.23 205.33  49.61
   62 -0.313 -1.181 -0.272 100.26 250.97  96.18 249.49  99.95 249.04  44.47
   63  0.365  0.922  0.189 179.05  32.76 166.35  31.85 143.72  30.96  88.65
   64 -0.320  0.724 -0.883  77.13  54.52  96.21  55.70 122.40  55.66  45.71
   65 -0.841 -0.480  0.443  77.90 179.97  39.55 178.91  25.47 177.76  40.30
   66 -0.141 -0.252  0.882 160.58 155.25 113.15 155.27  70.15 155.05  41.29
   67 -0.548 -1.096 -0.726  62.01 241.12  72.95 238.79  96.49 238.12  46.38
   68  0.221  0.232  0.772 189.17 103.67 151.85 103.44 107.73 103.39  40.22
   69  0.714 -0.501 -0.738 173.83 178.14 200.24 178.79 210.25 180.03  45.94
   70 -1.142 -0.863  0.237  41.39 221.31   8.71 218.54   7.67 215.99  40.00
   71 -0.369 -0.745  0.872 139.05 208.67  88.56 208.25  49.87 207.15  43.82
   72 -0.074 -0.923  0.025 133.18 224.43 120.52 224.18 109.86 224.04  63.91
   73  0.727 -1.139 -0.321 191.02 243.37 202.72 244.94 196.31 247.64  44.00
   74 -0.883  0.312 -0.655  33.53  95.78  38.98  96.73  64.98  97.15  38.05
   75  0.678  0.424  0.050 201.14  84.85 198.67  84.18 178.12  83.32  46.09
   76 -0.790  0.354 -0.290  55.19  91.02  47.32  91.95  58.79  92.51  31.85
   77 -0.603  0.269  0.238  92.51  99.68  65.11 100.11  54.50 100.55  42.53
   78  0.939  0.848 -0.436 204.87  43.30 224.06  41.76 220.41  39.28  43.31
   79 -0.800 -0.587  0.236  73.98 190.97  44.54 189.65  37.41 188.48  41.48
   80  1.128  1.036 -0.176 231.19  24.17 244.45  21.59 228.86  18.07  39.61
   81  0.302  0.986  0.542 187.36  24.80 160.22  23.77 124.21  23.14  39.17
   82 -0.471  0.652  0.039  97.27  59.56  79.32  60.51  73.98  61.19  52.60
   83 -0.449 -0.772  0.538 118.43 210.85  80.64 210.02  56.19 208.96  54.27
   84 -0.139  0.177 -0.360 112.70 109.98 114.09 110.13 118.92 110.16  49.49
   85  1.027  0.036 -0.898 194.56 124.75 231.16 124.70 245.02 124.58  37.41
   86  0.015 -0.024  0.400 155.77 130.78 129.84 130.78 103.49 130.87  48.64
   87 -0.609 -0.185  0.329  95.36 148.07  64.29 147.77  50.40 147.34  46.98
   88  0.940  0.738 -0.026 221.03  53.43 225.67  51.83 205.69  49.72  50.00
   89 -0.035 -1.017  0.987 174.70 237.41 124.40 238.01  75.58 237.18  40.46
   90  0.409  0.584  0.383 190.61  67.39 171.30  66.81 140.40  66.09  49.77
   91 -1.110  0.888 -0.235  27.21  34.01  14.21  36.99  29.23  39.14  34.79
   92 -0.440 -0.858 -0.528  79.13 216.94  83.58 215.46  98.56 215.03  41.70
   93 -0.115  0.277  0.252 138.17  99.19 116.22  99.28  97.48  99.35  41.40
   94  0.873 -0.726 -0.079 213.04 201.90 218.47 203.31 201.18 205.22  47.79
   95 -0.584  1.102 -0.003  85.36  11.96  67.77  13.94  65.65  15.36  47.44
   96  0.381 -0.945 -0.659 147.87 223.60 166.75 223.85 176.77 225.42  44.65
   97  0.741 -0.261  0.791 236.42 155.57 207.60 156.17 155.82 156.62  78.20
   98 -0.110  0.729 -0.581 107.11  53.68 117.09  54.35 129.67  54.13  45.24
   99  1.048 -1.013  0.340 244.89 231.89 238.36 234.73 202.24 237.65  46.91
  100 -1.109 -1.086 -0.540  16.52 242.36  15.59 238.66  41.20 236.25  39.51
  101 -0.685 -1.138 -0.027  74.98 248.57  57.27 246.19  57.67 244.44  48.82
  102  0.350 -1.114 -0.881 136.80 239.88 163.47 240.02 181.89 241.87  39.26
  103  0.385 -0.612  0.020 174.18 191.24 168.23 191.85 152.00 192.61  52.61
  104 -0.634 -0.445  0.684 106.66 176.36  60.69 175.70  33.87 174.78  45.09
  105 -0.306  0.987 -0.944  76.22  27.91  97.68  29.53 125.81  29.50  41.76
  106  0.886  0.304 -0.279 206.35  97.65 219.07  97.04 209.82  96.20  49.23
  107  0.213 -0.119  0.815 190.09 140.90 151.19 141.10 105.15 141.04  50.09
  108 -0.650 -1.068  0.217  87.38 241.87  60.27 239.91  51.15 238.14  45.77
  109  0.941 -0.842 -0.849 189.19 211.53 222.76 212.76 235.29 215.46  38.27
  110 -0.034 -0.870 -0.516 116.38 217.34 124.81 216.69 134.01 217.14  54.48
  111 -0.364  0.183  0.404 121.17 108.88  89.81 109.11  69.24 109.10  90.25
  112 -0.236  1.062 -0.836  86.52  20.02 104.61  21.51 128.00  21.40  46.34
  113  1.035  0.627 -0.596 206.83  65.91 233.17  64.72 235.13  62.63  31.64
  114  0.601 -0.563  0.787 223.85 187.35 192.53 188.51 142.65 189.24  44.24
  115  0.784 -0.379  0.445 226.12 167.43 210.96 168.28 173.16 169.06  40.00
  116  1.124 -0.627 -0.723 209.54 190.27 241.66 191.52 248.02 193.80  38.68
  117 -1.045 -0.611  0.071  44.55 193.65  19.62 191.80  22.72 190.27  40.86
  118  0.327 -0.293  0.102 172.15 158.58 162.27 158.79 143.52 159.10  44.56
  119 -0.678 -0.773 -0.488  58.62 208.77  59.24 206.96  76.20 206.11  42.85
  120  0.478 -0.497 -0.648 156.77 178.30 176.65 178.55 185.33 179.50  44.33
  121  0.519  0.314  0.661 211.51  95.38 183.51  94.84 139.87  94.47  35.44
  122  0.175 -1.063  0.422 168.80 239.78 148.07 240.35 114.71 240.62  49.64
  123  0.731  0.040 -0.876 170.04 124.31 201.52 124.25 216.73 124.15  40.44
  124 -0.240 -0.759 -0.726  90.02 205.84 104.03 204.81 123.57 204.92  43.57
  125 -1.202  0.265 -0.346  14.48 100.10   5.32 101.19  25.83 101.75  40.25
  126  0.102  0.982 -0.893 114.27  29.18 138.66  29.85 159.82  28.78  54.25
  127  1.089 -0.138 -0.836 202.16 141.83 237.61 142.10 248.67 142.58  31.42
  128 -1.071 -0.487 -0.736  13.05 179.00  20.29 177.29  52.01 176.40  33.12
  129 -0.594  0.915 -0.130  79.57  32.15  66.95  33.88  69.69  35.00  46.14
  130  1.151 -1.167 -0.375 225.40 244.80 245.94 247.57 238.21 251.71  41.60
  131  0.692  0.944 -0.057 198.21  32.04 199.86  30.55 183.34  28.55  55.59
  132  0.546 -0.247  0.592 211.10 154.07 186.26 154.48 145.14 154.85  42.21
  133  0.977 -1.113 -0.437 208.14 239.64 227.93 241.76 223.96 245.20  42.11
  134  0.563 -0.242  0.850 222.90 153.74 188.72 154.23 136.43 154.50  38.08
  135  1.024 -0.530 -0.109 224.85 181.82 233.97 183.03 216.57 184.67  37.71
  136  0.005 -0.206 -0.123 134.62 149.55 128.74 149.49 122.75 149.57  53.00
  137 -0.544 -0.512 -0.074  86.28 182.06  72.01 181.24  71.97 180.59  36.77
  138  0.790 -0.720 -0.020 208.19 201.58 210.09 202.87 191.22 204.58  35.55
  139 -0.087 -0.807  0.622 158.66 214.05 116.99 213.97  88.73 213.75  44.91
  140  0.373 -1.071  0.198 180.08 239.21 167.30 240.17 144.01 241.33  49.79
  141 -0.603 -0.562  0.770 113.06 189.12  63.78 188.36  33.17 187.24  48.00
  142  0.919 -0.561  0.185 227.45 185.60 224.21 186.88 195.74 188.33  39.56
  143 -0.483 -0.844 -0.160  88.77 216.63  78.48 215.26  80.64 214.52  45.89
  144  0.757 -0.186 -0.345 185.57 147.08 209.91 147.38 192.35 147.70  50.33
  145  0.866 -0.544 -0.842 182.96 182.18 215.19 182.88 228.00 184.51  34.21
  146  0.823  0.136 -0.344 198.33 114.50 212.49 114.28 206.24 114.10  44.77
  147 -0.417 -1.006  0.378 115.24 235.19  84.33 234.10  65.33 232.91  45.33
  148  0.903 -0.874 -0.134 213.52 216.75 221.42 218.48 206.01 220.87  39.13
  149  0.418 -0.768  0.788 207.59 209.24 172.93 210.44 125.38 211.04  44.00
  150  1.190 -0.205 -0.221 234.57 148.80 250.56 149.34 236.45 150.07  34.50
  151  0.504 -1.152  0.012 184.46 246.42 180.48 247.88 163.24 249.49  46.58
  152 -0.712 -0.722  0.218  81.62 205.17  53.80 203.81  45.77 202.54  44.18
  153 -0.884  0.108  0.004  57.41 116.68  36.54 117.22  39.34 117.18  43.71
  154  0.433  0.294  0.644 203.14  97.33 174.23  96.97 132.54  96.70  48.25
  155  0.921  0.172 -0.093 216.93 110.77 223.25 110.41 206.61 110.09  44.80
  156  0.198 -0.895 -0.698 130.24 218.93 148.19 218.51 161.59 219.60  40.13
  157  0.448 -0.162  0.272 189.61 145.13 175.22 145.21 148.28 145.40  50.27
  158  0.250  1.061  0.963 199.84  14.97 155.11  14.13 102.95  13.86  52.81
  159  0.939  1.047 -0.253 211.93  22.80 224.65  20.74 213.71  17.71  38.00
  160  0.581  0.426 -0.909 155.87  85.78 186.40  85.54 204.07  84.56  40.20
  161 -0.174 -0.040 -0.480 104.99 132.37 110.51 132.33 120.25 132.34  45.30
  162 -1.106 -0.989 -0.217  28.24 233.24  14.52 229.94  28.83 227.56  37.23
  163 -0.515 -0.687  0.309 102.89 201.19  74.48 200.48  58.95 199.45  50.10
  164  0.131 -0.019 -0.158 144.55 130.03 141.85 130.01 135.40 130.61  48.35
  165  0.217  0.778 -0.625 134.63  49.55 150.20  49.46 160.63  48.49  50.12
  166  0.273 -1.011 -0.153 165.26 231.96 152.00 232.53 155.96 233.70  39.75
  167 -0.049 -0.626  0.698 161.67 194.77 122.99 194.89  85.80 194.96  46.97
  168 -0.696 -0.744  0.623  98.49 208.56  54.34 207.39  30.81 205.66  40.38
  169  0.885  0.548 -0.661 191.47  73.67 217.77  72.84 223.33  71.25  32.56
  170 -0.192  0.762  0.651 146.16  46.87 108.09  47.24  74.18  47.71  43.23
  171  0.166 -0.075  0.035 138.51 136.09 155.35 136.06 113.65 135.88  50.96
  172 -0.788 -0.924  0.183  73.12 226.80  45.95 224.72  40.43 222.90  35.33
  173 -0.236  0.558  0.381 132.34  69.26 103.22  69.44  81.81  69.97  48.25
  174  0.268  0.472 -0.208 154.91  79.75 155.88  79.90 149.79  79.22  57.28
  175 -1.179 -0.777  0.024  30.01 211.59   5.88 208.91  13.07 206.72  36.00
  176 -0.733 -0.259  0.914 106.33 156.36  49.50 155.95  15.75 155.61  39.03
  177 -0.170 -1.036 -0.001 123.52 236.39 110.64 235.68 102.28 235.45  38.78
  178  0.833  1.004 -0.483 193.47  27.48 213.38  25.94 211.63  23.57  49.02
  179  0.968  0.771 -0.174 217.60  50.40 227.94  48.87 213.75  46.51  32.00
  180 -0.265  0.140 -0.374 100.69 113.81 101.15 113.99 108.14 114.02  45.62
  181  0.839 -0.203 -0.649 187.93 148.64 213.08 148.75 218.67 149.34  67.93
  182  0.188  0.746 -0.592 133.35  52.67 147.34  52.54 156.85  51.65  55.50
  183 -0.266  0.590  0.048 116.59  66.36 100.67  66.92  91.89  67.31  51.75
  184 -0.829  0.744  0.021  63.12  49.40  42.33  50.88  43.28  52.41  64.81
  185  1.019  1.110 -0.826 197.07  18.76 230.46  16.68 242.02  12.92  69.29
  186 -0.088 -0.865  0.709 158.48 220.33 118.94 220.80  81.77 219.83  58.14
  187  0.808  0.984 -0.589 187.70  29.89 210.16  28.52 213.59  25.89  35.00
  188 -0.886  0.767  0.228  65.44  46.18  35.63  48.00  30.14  49.75  29.12
  189  0.253 -0.508  0.356 175.59 181.44 154.84 181.63 127.03 181.96  58.62
  190  0.214  1.072 -0.614 135.19  19.80 149.78  19.20 160.29  18.57  54.88
  191  0.346  0.485 -0.488 151.19  79.11 163.49  78.95 167.38  78.03  41.06
  192 -0.674  0.445 -0.832  46.59  82.50  60.57  83.57  89.68  83.97  29.60
  193 -0.772 -0.545 -0.879  36.22 184.31  50.65 182.82  83.32 182.41  37.81
  194  0.370 -0.781  0.061 174.32 208.87 166.78 209.18 148.92 210.66  55.37
  195  1.115  0.077  0.218 235.80 120.34 250.99 120.26 201.81 120.02  19.49
  196  1.032  0.080  0.454 241.79 120.17 241.07 119.69 189.35 119.48  42.88
  197  0.463 -0.868 -0.755 151.52 215.54 174.81 215.59 187.81 217.26  59.64
  198 -1.021 -0.214  0.334  56.58 151.21  20.92 150.62  14.27 150.29  40.44
  199 -0.066  0.005 -0.274 122.48 127.82 121.50 127.65 122.13 127.65  31.33
  200  1.115  1.149 -0.679 215.68  14.94 237.79  12.11 251.23   7.76  36.74
  201 -0.186 -0.805  0.123 116.94 213.11 114.48 211.99  86.26 211.61  64.00
  202  1.036 -0.238  0.229 239.10 152.96 236.82 153.00 205.07 153.69  26.88
  203  1.044  0.381  0.257 224.05  88.94 248.25  88.55 185.00  87.56  34.62
  204  0.433  1.006 -0.032 176.59  25.57 173.06  23.68 158.47  22.44  29.26
  205  0.733 -0.443  0.600 228.75 174.01 205.53 175.84 163.30 175.80  45.32
  206 -0.737  1.151 -0.602  49.17   8.64  53.57  11.59  75.50  13.02  27.75
  207 -0.475  0.975 -0.081  92.52  26.14  79.17  27.65  78.33  28.12  41.53
  208 -1.141  1.126 -0.707   8.93  11.41  12.32  14.12  46.13  16.43  45.80
  209  1.049 -0.470  0.267 242.95 176.05 237.55 177.33 206.22 179.33  38.60
  210  1.146 -0.597  0.087 237.98 188.17 250.62 190.76 215.20 192.68  32.39
  211 -0.888 -0.416  0.875  94.39 174.00  30.47 173.16   7.71 171.19  39.94
  212 -0.892  0.132 -0.496  38.57 114.21  37.47 115.29  58.29 114.82  40.75
  213  0.226 -0.639  0.880 194.19 196.46 152.49 196.67 104.02 196.75  30.55
  214  0.119 -1.006 -0.082 137.33 232.14 145.97 232.41 121.95 232.85  33.75
  215 -0.418  0.398  0.408 116.29  85.88 171.42 254.07  64.17  86.80  47.66
  216  0.492 -0.023  0.690 210.25 129.88 180.73 131.48  50.65 252.49  14.91
  217 -0.047  0.940  0.889 169.56  27.66 123.24  27.31  50.65 252.49  39.62
  218 -0.683  0.747 -0.374 203.73 254.05  58.43  51.93  71.39  52.85  41.60
  219  1.252  0.421 -0.225 239.73  86.14 171.42 254.07 242.59  83.40  39.10
  220  0.282 -0.835 -0.143 203.73 254.05 157.31 214.27 148.62 215.35  41.60
  221 -0.189 -0.625 -0.679 203.73 254.05 109.14 191.59 126.31 191.38  41.60
  222 -0.604 -1.199  0.332 203.73 254.05  64.82 253.94  50.65 252.49  41.60
  223  0.417 -1.219 -0.074 173.46 253.49 171.42 254.07  50.65 252.49  62.83
  224  0.381 -0.768  0.147 178.79 207.64 171.42 254.07 146.82 209.31  43.95
  225 -0.406  0.393 -0.323  89.73  87.37 171.42 254.07  93.72  88.19  46.90
  226  1.055 -1.097 -0.091 228.35 239.02 237.33 241.67 218.87 245.11  41.50
  227 -0.249  0.568  0.046 118.02  68.70 171.42 254.07  93.49  69.51  40.31
  228  0.037  0.976 -0.734 203.73 254.05 131.99  29.78 148.41  29.23  41.60
  229 -0.050 -1.086 -0.040 132.91 240.99 123.06 240.91  50.65 252.49  77.69
  230  0.499  1.128 -0.736 155.44  14.80 178.52  14.25 190.37  12.75  45.16
  231 -0.247 -0.580 -0.902  82.92 186.43 103.55 187.85 129.42 185.69  30.67
  232  0.406  0.686  0.653 201.07  56.23 171.50  55.26  50.65 252.49  36.33
  233 -0.200  0.736  0.356 203.73 254.05 107.19  50.82  85.68  51.28  41.60
  234 -0.395 -0.531 -0.167  96.52 184.23  87.59 182.78  88.65 182.38  31.71
  235 -0.183 -0.605  0.393 137.40 191.83 171.42 254.07  85.79 192.10  51.06
  236  1.116  0.015  0.436 203.73 254.05 246.00 126.68 205.23 126.63  41.60
  237 -0.486  0.029 -0.811  64.56 125.74  79.48 124.96 105.18 125.23  29.68
  238  1.060 -0.323  0.759 203.73 254.05 241.52 162.77 187.58 163.64  41.60
  239 -0.151 -0.819 -0.759  96.88 211.68 171.42 254.07 132.69 211.05  50.92
  240  1.182 -0.785  0.375 203.73 254.05 252.65 210.92 213.81 213.47  41.60
  241  0.436  0.645 -0.464 160.05  62.32 172.71  63.16  50.65 252.49  44.00
  242  0.532 -1.161 -0.788 156.24 244.37 181.75 245.23  50.65 252.49  42.70
  243 -0.412  0.397 -0.573  79.96  87.24 171.42 254.07 102.70  88.12  45.59
  244  1.006 -0.042  0.950 203.73 254.05 236.65 132.80 175.05 132.90  41.60
  245 -0.338  0.192  0.427 124.39 107.93  92.59 107.92  50.65 252.49  17.00
  246 -0.521 -0.171  0.532 111.46 146.55  73.11 146.32  50.65 252.49  39.18
