    1 -0.470  0.781  0.454 113.20  44.88  78.63  45.80  57.67  46.90  47.44
    2 -0.540  0.652 -0.810  59.74  61.32  74.03  62.73 100.51  63.07  41.64
    3  0.632  0.784 -0.158 189.03  48.40 193.42  47.40 181.54  45.81  46.69
    4 -1.088 -0.254 -0.499  19.76 154.95  17.57 154.09  41.46 153.54  40.72
    5 -0.015  0.993 -0.654 112.96  27.07 126.75  27.82 140.85  27.17  43.91
    6 -0.106  0.458  0.319 141.58  80.08 117.13  80.20  95.69  80.34  48.92
    7 -1.013  0.014 -0.317  33.41 126.73  24.48 126.77  40.76 126.81  43.74
    8  0.754  0.764  0.724 234.86  48.58 208.69  46.73 159.60  45.36  40.72
    9  0.955 -0.759 -0.099 219.36 205.07 226.97 206.74 209.66 208.87  43.39
   10  0.117  1.100 -0.917 115.03  17.49 139.97  18.13 162.30  16.86  48.38
   11 -0.319  0.926 -0.692  84.20  33.37  96.10  34.78 115.38  34.85  41.17
   12  0.403  0.410 -0.439 158.10  86.69 169.37  86.49 170.81  85.84  47.11
   13 -0.907  0.563 -0.861  24.06  70.02  37.30  71.78  70.79  72.54  44.93
   14 -0.097 -0.728 -0.400 115.03 203.18 118.37 202.63 124.08 202.80  48.57
   15 -0.348  0.058  0.811 138.57 122.05  91.04 122.08  54.27 122.16  43.35
   16  1.033 -0.183 -0.273 219.24 146.62 234.29 147.02 223.49 147.60  42.06
   17  0.963  0.402 -0.332 210.84  87.88 226.82  87.10 218.90  85.89  40.68
   18 -0.987  0.423 -0.509  28.93  83.87  27.89  85.21  50.42  86.03  42.40
   19  1.129  1.192 -0.770 208.17  10.62 241.91   8.28 250.01   3.91  34.67
   20  0.547  0.463  1.000 227.83  79.32 187.28  78.32 129.19  77.88  41.46
   21  0.887 -0.916  0.688 245.10 223.40 222.73 225.93 173.69 227.91  49.29
   22 -0.117  0.719  0.076 131.24  53.17 116.10  53.49 104.15  53.59  52.17
   23 -0.064 -0.090  0.183 140.16 137.68 121.64 137.66 104.85 137.65  47.86
   24  0.052 -0.464  0.987 182.50 178.00 133.82 178.34  83.49 178.13  43.29
   25 -1.061  0.513 -0.225  32.16  73.88  19.17  75.53  33.04  76.70  40.00
   26  0.307 -0.122 -0.441 149.52 140.65 159.53 140.68 162.08 140.85  47.62
   27  0.343  0.895  0.658 195.68  34.06 164.74  32.95 123.47  32.36  40.62
   28 -0.406 -0.676 -0.146  96.35 198.91  86.35 197.99  86.87 197.51  51.38
   29  0.278  0.546  0.768 194.52  70.50 157.78  69.81 113.44  69.64  76.78
   30  0.231  0.477  0.144 165.30  78.78 152.33  78.55 133.15  78.22  50.14
   31  0.417 -0.864  0.751 206.05 219.22 172.81 220.56 126.77 221.23  42.50
   32 -0.337 -0.436  0.420 124.20 174.57  92.74 174.21  70.90 173.80  48.08
   33  0.301  0.099  0.528 186.64 117.87 160.16 117.85 124.70 117.71  43.72
   34 -0.190  0.016  1.015 161.39 126.49 107.75 126.49  60.26 126.51  46.81
   35 -0.655  0.632  0.228  87.30  61.00  59.75  62.16  50.36  63.23  44.94
   36 -0.553 -0.059  0.572 109.93 134.59  69.68 134.51  45.58 134.34  44.95
   37 -0.804  0.879 -0.536  45.17  36.55  46.55  38.92  67.12  40.14  39.44
   38  0.688  0.908 -0.376 185.35  36.56 198.73  35.53 194.56  33.40  49.30
   39  1.095  0.321  0.351 249.36  95.46 243.41  94.52 206.46  93.55  44.57
   40  0.029  0.133 -0.065 138.99 114.46 131.25 114.49 122.74 114.44  50.75
   41 -0.011  0.030  0.190 145.25 125.16 127.16 125.16 109.35 125.16  46.40
   42  0.046  0.066  0.649 168.44 121.24 133.19 121.21  96.56 121.22  44.85
   43 -0.634 -0.362  0.157  86.55 166.67  62.09 165.98  55.01 165.41  44.30
   44 -0.054 -0.328 -0.178 127.25 162.17 122.74 162.01 119.61 162.00  47.46
   45  0.687 -0.894  0.973 239.14 222.42 202.28 224.64 143.49 225.91  42.04
   46  0.420 -0.196 -0.336 163.52 148.22 171.31 148.34 168.63 148.64  44.50
   47 -0.181 -0.280  0.419 138.59 157.87 109.15 157.76  84.94 157.60  48.45
   48  0.470 -0.320  0.066 183.42 161.15 177.16 161.46 158.10 161.93  51.03
   49  0.109 -0.947 -0.216 140.52 225.66 139.46 225.64 135.68 226.22  46.62
   50 -0.948  0.292 -0.050  49.23  97.15  30.15  98.00  35.86  98.68  45.07
   51  0.109  0.788 -0.597 126.13  48.11 139.28  48.36 149.92  47.62  51.17
   52 -0.025  0.384 -0.290 125.60  88.65 125.70  88.83 126.40  88.70  41.89
   53 -0.263 -0.828 -0.819  84.62 212.63 101.86 211.43 125.03 211.55  45.62
   54 -1.064 -0.334 -0.887   8.38 162.96  21.60 161.78  58.39 161.20  36.29
   55  1.165  0.619  0.163 247.78  65.44 249.81  63.61 220.07  61.56  45.73
   56  0.287  0.336  0.599 188.29  92.96 158.77  92.59 120.73  92.40  46.13
   57 -0.326  0.951  0.446 126.33  27.17  93.85  27.92  70.81  28.87  44.76
   58 -0.595 -0.427 -0.359  71.00 172.79  67.46 172.01  78.55 171.51  42.69
   59 -0.083 -1.039 -0.740 103.74 233.99 119.92 233.07 137.98 233.58  44.45
   60 -0.569  0.716 -0.519  67.58  53.99  70.42  55.48  86.91  56.09  40.50
   61 -0.790 -0.351  0.678  91.73 166.30  44.15 165.63  20.42 164.76  44.56
   62  0.630  0.011  0.073 197.85 127.12 193.81 127.10 172.79 127.08  46.47
   63 -0.034  0.894  0.261 145.97  34.53 124.73  34.65 104.44  34.70  45.62
   64 -0.913 -0.557  0.070  57.00 187.63  33.27 186.21  34.05 184.92  43.31
   65 -0.188  0.373 -0.041 120.25  89.36 108.83  89.64 102.32  89.76  46.05
   66  0.939 -0.265  0.447 239.72 155.61 227.34 156.26 187.84 156.92  45.66
   67  0.068 -1.013  0.294 156.45 234.33 135.35 234.54 112.36 234.72  47.87
   68  1.023  0.474 -0.702 201.72  81.30 231.53  80.44 237.77  78.84  37.70
   69  0.495 -0.516  0.191 190.55 181.53 179.93 182.16 155.66 182.91  42.24
   70  0.032 -1.148 -0.212 133.82 246.71 131.57 246.34 128.50 246.87  51.41
   71  0.699 -1.068  0.818 233.87 240.12 203.09 242.65 150.65 244.32  39.77
   72 -0.396  0.341 -0.548  82.32  93.02  88.02  93.59 103.20  93.78  45.72
   73  0.356  1.096 -0.644 146.33  17.65 164.33  17.35 174.01  15.60  56.21
   74 -0.872 -0.095  0.813  89.03 138.61  34.90 138.40   7.66 138.19  41.72
   75 -0.970 -0.750  0.017  49.66 208.35  27.57 206.07  31.25 204.31  65.04
   76 -0.054 -0.412 -0.043 132.40 171.10 122.71 170.94 114.41 170.99  47.84
   77  0.872 -0.317 -0.655 190.62 159.80 216.47 160.26 222.01 161.20  43.32
   78 -0.778 -1.017 -0.272  57.19 235.15  48.39 232.63  59.16 231.05  44.00
   79 -1.162  0.983 -0.374  17.29  24.27   9.48  27.77  30.22  30.15  35.85
   80  0.542 -0.379  0.678 214.25 167.95 186.04 168.63 141.43 169.08  42.72
   81 -1.122 -0.796  0.061  36.81 213.57  11.62 210.98  16.44 208.82  40.48
   82 -0.343 -0.912 -0.249  98.33 223.22  93.03 221.91  96.43 221.54  65.98
   83  0.800 -1.042 -0.314 197.63 233.40 210.23 235.05 202.88 237.71  44.89
   84  0.982 -0.929  0.062 228.12 222.60 230.38 224.80 206.36 227.44  38.61
   85 -0.768 -0.907  0.234  76.91 225.18  47.90 223.22  40.17 221.43  44.38
   86  0.072  0.717 -0.613 122.25  55.29 135.61  55.68 147.23  55.06  46.86
   87 -0.071 -0.500 -0.140 127.05 180.04 120.92 179.90 116.47 179.92  58.97
   88 -0.120 -0.254 -0.904  94.23 154.02 116.33 153.70 140.73 153.84  42.85
   89  0.271 -1.176 -0.410 147.62 248.13 155.91 248.22 157.58 249.68  59.64
   90 -0.935  0.962  0.370  66.17  24.60  29.87  27.07  20.18  29.50  43.08
   91  0.576 -0.862 -0.522 170.16 215.16 186.84 215.88 189.72 217.69  43.04
   92 -0.609  0.966  0.028  84.17  26.19  65.09  27.97  62.25  29.31  40.23
   93  0.416  1.018 -0.015 175.61  23.58 171.37  22.71 156.11  21.34  49.45
   94 -0.571 -0.927  0.391 101.38 227.30  68.10 225.83  51.22 224.34  57.52
   95  0.546  0.659 -0.354 173.90  61.48 184.14  60.81 180.82  59.56  53.53
   96 -0.684 -0.241  0.576  97.84 154.22  55.66 153.82  33.92 153.34  57.50
   97 -0.776 -0.198  0.579  89.22 149.67  45.93 149.27  25.66 148.82  38.08
   98 -0.718 -0.814 -0.758  45.21 212.35  55.95 210.23  83.02 209.41  46.47
   99  0.758 -0.159  0.050 208.14 144.47 207.04 144.76 185.65 145.12  40.13
  100  1.039  1.077 -0.629 205.92  21.24 233.42  19.20 236.61  15.55  38.80
  101  0.458  0.110 -0.023 178.93 116.94 175.67 116.86 160.38 116.68  48.50
  102 -0.496  0.292 -0.564  72.60  98.03  77.93  98.58  95.03  98.76  42.75
  103  0.674  0.213 -0.345 185.40 106.75 197.24 106.50 192.38 106.02  39.80
  104  0.986 -0.439  0.587 249.50 173.56 232.89 174.84 187.04 175.96  32.05
  105  0.415  0.181 -0.817 144.90 110.17 169.95 110.09 185.68 109.76  53.53
  106  0.190  0.124  0.914 192.10 115.08 148.65 114.94  99.20 114.95  39.15
  107 -0.565 -0.518  0.028  88.18 182.94  69.67 182.05  66.18 181.43  45.17
  108 -0.270 -0.021  0.466 132.18 130.47  99.77 130.58  75.11 130.44  45.56
  109 -0.419  0.189 -0.714  74.19 108.82  85.99 109.15 107.43 109.20  35.42
  110 -1.099 -1.139 -0.737  10.45 247.17  17.39 243.08  49.58 240.93  38.68
  111  0.250  0.823  0.639 186.55  41.50 154.86  40.68 115.66  40.33  51.85
  112 -0.937  0.291 -0.692  26.94  97.98  33.71  98.88  61.55  99.36  38.83
  113  0.099 -1.098 -0.283 137.04 241.14 138.41 240.90 137.21 241.65  45.11
  114 -1.040  0.172  0.022  43.28 109.87  20.31 110.39  25.16 110.93  43.20
  115  0.325 -0.498 -0.364 154.05 179.01 161.51 179.17 160.89 179.88  47.58
  116 -0.074 -0.785 -0.052 130.27 209.92 120.65 209.53 112.93 209.59  43.09
  117  0.691  0.410 -0.158 201.79  86.62 195.05  85.97 195.12  85.00  46.43
  118 -0.905  0.921 -0.068  52.76  30.46  34.65  32.96  40.25  34.79  42.84
  119 -0.710 -1.158  0.653  96.80 253.56  53.60 251.52  26.89 248.87  46.80
  120  0.898  1.041 -0.244 208.80  23.26 220.46  21.25 209.56  18.36  56.76
  121  0.173 -0.813  0.890 192.63 214.77 145.16 215.60 101.51 215.69  41.22
  122 -0.406  0.574  0.401 117.24  67.30  85.48  67.90  65.64  68.37  84.74
  123  0.054 -0.141 -0.892 110.32 142.44 133.71 142.34 155.88 142.48  38.24
  124 -0.583  0.520 -0.502  66.96  74.20  68.90  75.47  85.12  75.92  50.74
  125  0.476  0.120  0.756 211.45 115.56 179.09 115.43 132.09 115.32  48.52
  126 -0.461 -0.097  0.852 129.59 138.70  78.89 138.62  42.47 138.53  41.91
  127 -0.056 -0.882 -0.914  99.65 217.54 122.74 216.53 146.73 217.18  41.64
  128  0.634  0.667  0.573 208.61  58.52 201.32  57.53 143.58  56.59  46.41
  129  0.243 -0.468 -0.303 149.08 176.19 153.14 176.26 151.12 176.78  46.00
  130 -0.148 -1.185 -0.080 122.63 251.61 112.84 250.77 107.36 250.68  48.86
  131 -0.755 -1.116  0.399  84.45 248.07  48.75 245.82  34.68 243.48  40.92
  132  0.100 -0.977  0.045 149.74 229.69 138.71 229.88 124.92 230.10  57.41
  133  0.394 -0.650 -0.394 159.07 194.33 168.55 194.67 168.32 195.66  45.64
  134  0.731  0.028 -0.479 185.42 125.48 202.48 125.44 202.76 125.17  45.30
  135 -0.192 -0.702  0.189 128.74 201.99 108.23 201.57  93.02 201.27  50.50
  136  0.560 -0.656 -0.228 179.97 195.04 185.80 195.72 177.41 196.95  43.60
  137  0.421 -0.610  0.015 177.22 191.05 171.98 191.59 155.53 192.41  41.40
  138 -0.609 -0.460  0.451 100.11 177.41  63.93 176.77  45.49 176.04  47.07
  139 -0.396 -0.520  0.686 129.12 184.12  86.04 183.58  55.00 182.85  58.29
  140 -0.056  0.944 -0.642 109.86  32.06 122.59  32.70 136.88  32.34  53.03
  141 -0.357 -1.114 -0.173  99.94 244.48  91.52 243.03  92.26 242.40  51.25
  142 -0.716 -0.423  0.208  80.73 173.26  53.43 172.42  45.73 171.74  54.15
  143 -0.674 -0.403  0.243  86.08 171.23  57.70 170.39  48.12 169.72  41.84
  144  0.643  0.896 -0.721 168.43  38.64 193.16  37.87 203.05  35.75  34.00
  145 -0.808 -0.829  0.110  68.50 216.62  44.12 214.59  41.61 212.96  55.10
  146  0.435  0.346  0.343 191.34  92.27 173.99  91.91 144.38  91.52  56.60
  147 -0.608 -0.690  0.276  93.51 201.73  64.57 200.52  52.56 199.40  52.17
  148  0.472  0.258 -0.536 160.51 102.17 176.14 102.03 180.71 101.66  49.46
  149 -0.059 -1.035  0.411 149.46 237.57 122.14 237.37  96.17 237.02  50.57
  150  0.959  1.060  0.469 242.46  19.20 229.61  16.27 188.90  13.54  42.74
  151  0.687  0.255  0.076 202.94 102.15 199.68 101.75 178.00 101.14  48.94
  152 -0.024  0.744 -0.310 124.89  51.77 125.92  52.01 127.13  51.72  66.54
  153  0.967 -0.921 -0.740 195.57 219.57 225.67 221.18 233.80 224.01  36.00
  154 -0.282  1.166 -0.865  81.21   9.42 100.06  11.48 124.91  11.04  45.04
  155 -0.776 -0.492 -0.489  49.45 179.52  49.33 178.25  67.82 177.67  49.04
  156  0.827  0.864  0.565 234.79  38.70 216.00  36.58 172.63  34.87  44.77
  157 -0.088 -0.460  0.877 165.14 177.46 118.87 177.65  75.03 177.24  40.58
  158  0.288  0.069  0.874 199.50 120.94 159.17 121.02 110.05 120.79  42.59
  159  1.067 -0.323  0.106 237.06 161.06 239.33 161.89 212.83 162.88  44.17
  160 -0.193  0.209 -0.323 109.08 106.27 108.62 106.98 112.53 106.98  57.60
  161  0.920 -0.046 -0.668 194.07 133.00 221.26 132.89 226.83 133.03  48.00
  162  0.584 -0.749  0.240 200.41 205.58 189.35 206.71 162.06 207.91  42.38
  163 -1.139 -0.977 -0.479  15.76 231.16  12.32 227.68  36.29 225.48  35.62
  164 -0.872 -0.516  0.529  78.33 184.05  35.89 182.96  19.44 181.57  36.29
  165 -0.605 -0.811 -0.406  68.38 212.80  66.50 211.02  79.41 210.22  40.95
  166 -1.067  0.735  0.137  29.83  49.14  25.30  51.46   4.31  53.94  42.51
  167  0.895  0.873  0.686 245.63  37.60 223.63  35.20 174.50  33.31  42.89
  168 -0.955 -1.093  0.549  71.05 246.83  27.06 244.10  11.16 241.06  37.92
  169 -0.102 -0.829 -0.073 126.75 214.34 117.78 214.11 111.03 213.88  54.19
  170 -0.938 -0.785  0.032  53.32 211.95  30.90 209.77  33.49 207.94  44.78
  171  0.596 -1.155  0.820 224.88 249.67 192.05 252.03 140.85 253.36  38.71
  172 -1.210 -0.731 -0.184  19.51 206.15   3.67 203.53  18.73 201.55  40.00
  173 -1.106 -0.526 -0.116  31.86 184.29  14.12 182.56  24.91 181.34  41.75
  174 -0.664 -0.534  0.816 109.10 186.11  57.16 185.33  25.91 184.37  41.43
  175  0.342 -0.341  0.704 197.48 164.15 164.73 164.56 121.75 164.98  48.81
  176  1.000 -0.802 -0.652 201.64 207.88 229.49 209.43 233.75 211.89  42.31
  177 -0.703  1.093 -0.193  67.16  13.32  55.97  15.74  62.67  17.40  39.62
  178  0.673 -0.696  0.717 227.42 200.99 200.06 202.52 152.21 203.60  41.67
  179  1.159 -0.346 -0.035 239.33 163.17 248.24 164.02 226.80 165.20  47.00
  180 -0.710  0.191  0.792 103.69 107.49  52.28 107.74  22.74 108.43  62.42
  181 -0.203 -0.625  0.128 125.33 193.84 107.08 193.43  94.35 193.18  40.12
  182  0.049  0.651  0.859 177.02  58.84 133.54  58.40  88.33  58.61  29.57
  183 -0.302  0.001 -0.298  99.91 128.16  97.44 128.27 101.74 128.17  38.58
  184  0.443 -0.959 -0.691 152.05 224.77 172.96 225.02 183.55 226.76  35.92
  185 -0.258 -0.190  0.588 138.12 148.21 100.79 148.12  71.38 148.69  46.23
  186 -0.960 -0.441  0.110  53.93 175.29  28.34 174.06  28.42 173.46  43.02
  187 -1.070  0.348 -0.507  21.09  91.52  19.54  92.71  43.20  93.78  40.00
  188  0.242 -0.964  0.140 166.15 228.19 153.52 228.70 134.25 229.57  47.47
  189 -0.653  0.144  0.229  87.52 112.82  59.86 113.09  50.51 113.73  49.07
  190 -0.441 -0.831 -0.177  91.94 215.07  82.80 213.78  84.98 213.16  36.78
  191  0.392 -0.292  0.569 196.49 158.94 169.88 159.18 131.62 159.44  35.32
  192 -0.015  0.321 -0.883 104.09  95.95 126.91  95.86 148.98  95.98  43.22
  193  0.576 -1.114  0.156 196.41 242.88 188.35 244.45 164.45 246.39  41.43
  194  0.344 -0.965  0.557 191.71 229.38 164.64 230.50 127.55 231.37  42.17
  195 -1.032  0.959 -0.216  35.42  26.53  22.08  29.54  35.19  31.99  36.52
  196 -0.441 -0.339 -0.930  64.10 163.34  84.35 161.61 113.30 162.24  65.31
  197  0.155  0.843  0.900 188.60  38.44 144.82  37.79  96.68  37.65  54.00
  198  1.154 -0.592 -0.433 223.14 187.31 246.04 188.44 240.46 190.80  34.71
  199 -0.949 -0.260  0.344  63.94 156.63  28.51 155.32  20.16 154.66  27.23
  200 -1.067 -0.019  0.267  49.34 130.14  16.65 130.09  12.68 130.46  40.11
  201 -0.568  0.160  0.448 104.02 111.09  68.20 111.21  49.46 111.91  52.00
  202 -0.278  0.991  0.155 119.41  24.26  99.38  24.43  86.45  25.75  42.94
  203 -1.006 -0.297  0.593  78.71 160.40  15.51 159.70  14.54 159.29  33.48
  204  1.082 -0.064  0.343 247.62 135.19 242.19 134.78 205.20 134.96  46.83
  205 -0.899  0.998  0.548  89.28  20.63  26.04  22.71  27.44  24.37  37.93
  206 -0.719 -1.092 -0.009  71.73 243.66  54.11 241.29  53.33 239.91  39.36
  207 -0.298  1.135  0.447 128.22   7.19  97.32   9.31  72.48   9.09  41.00
  208  1.184  0.058 -0.746 213.62 122.53 247.63 122.42  98.71 253.71  40.83
  209 -0.409 -0.306  0.403 116.93 160.77  84.27 253.96  65.20 160.10  49.03
  210  0.001  0.223 -0.811  51.59 254.14 128.34 105.82 148.10 105.64  38.38
  211 -0.535 -0.874 -0.830  59.48 217.95  74.50 216.07  98.71 253.71  39.73
  212 -0.718 -0.357 -0.232  51.59 254.14  54.47 164.90  62.93 164.40  38.38
  213 -0.285  1.045 -0.907  79.48  21.97  84.27 253.96 126.27  23.44  39.19
  214  0.299  0.592  0.700 193.75  66.77 159.87  66.07 118.22  63.14  12.05
  215  0.274  0.576 -0.435 146.83  69.63  84.27 253.96 158.84  68.81  46.07
  216  0.725  0.912 -0.646 178.30  37.00  84.27 253.96 207.90  33.66  37.50
  217  1.013  0.167  0.774  51.59 254.14 236.61 110.99 182.50 109.34  38.38
  218 -0.898  0.438 -0.412  41.08  82.92  36.47  83.26  54.59  84.08  44.56
  219 -0.398 -0.219  0.259 112.41 151.49  86.61 151.24  98.71 253.71  39.00
  220  0.155  0.885 -0.511 133.43  38.11  84.27 253.96 150.84  37.40  30.00
  221  0.940  0.709 -0.332  51.59 254.14 224.58  55.72 216.74  53.64  38.38
  222 -0.262  1.073  0.807 146.43  12.71  84.27 253.96  62.12  15.01  41.63
  223 -0.381  0.587  0.424 120.34  65.78  88.11  66.35  98.71 253.71  16.15
  224 -0.209 -1.213 -0.408 104.78 253.17 106.79 252.20 114.45 252.16  69.29
  225  0.290 -1.114 -0.578 143.08 241.00 157.53 241.63 165.66 242.43  38.41
  226 -0.007  0.311  0.791 169.26  95.05  84.27 253.96  86.05  95.09  48.74
  227 -0.009  0.289  0.829 170.57  97.45  84.27 253.96  84.28  97.46  59.25
  228  0.081 -0.309  0.920  51.59 254.14 136.94 161.53  88.87 161.44  38.38
  229  0.774  0.133  0.084  51.59 254.14 208.87 114.47 185.87 114.18  38.38
  230 -1.057 -0.049 -0.498  22.79 133.43  20.78 133.27  98.71 253.71  37.87
  231 -0.099 -1.038  0.485  51.59 254.14 117.80 238.05  89.71 237.58  38.38
  232  1.347 -0.372 -0.223 247.78 165.38  84.27 253.96 251.58 167.98  33.25
  233 -0.263  0.728  0.218  51.59 254.14 100.82  52.16  85.52  52.61  38.38
