    1 -0.997  0.789  0.589  68.53  42.42  22.46  44.46   5.93  46.80  42.13
    2 -0.901 -0.153 -0.149  50.09 144.41  35.38 144.02  43.81 143.69  46.31
    3 -0.875  0.298 -0.289  47.39  96.86  38.51  97.68  51.53  98.20  47.82
    4  0.075 -0.899  0.749 175.14 223.80 136.28 224.37  95.18 224.17  45.19
    5  0.175  0.562  0.806 186.43  68.56 146.99  68.04 102.12  68.02  44.99
    6  0.797  0.615 -0.217 201.18  66.04 210.23  65.05 199.25  63.50  52.19
    7  0.043  0.329 -0.819 112.04  94.93 132.63  95.16 152.23  94.85  45.56
    8  0.294 -0.161 -0.126 160.43 144.76 158.61 144.84 149.17 145.01  50.09
    9 -0.932 -0.042 -0.453  51.20 132.71  25.29 132.59  66.20 132.51  43.13
   10  0.317  0.970 -0.811 136.54  30.74 160.10  30.77 176.45  29.24  44.71
   11 -0.278  1.017  0.879 147.84  18.80  98.45  19.09  57.78  20.39  43.78
   12 -0.283  0.529 -0.857  81.35  74.31  99.83  75.13 124.66  75.05  40.75
   13 -0.524 -0.143  0.917 126.21 143.77  71.91 143.62  34.21 143.33  45.72
   14  0.011  0.111 -0.328 127.39 116.80 129.35 116.85 131.05 116.80  45.97
   15  0.866  0.164  0.290 227.07 111.44 219.09 111.07 186.85 110.68  44.76
   16  0.393  0.596  0.054 176.24  66.81 169.15  66.29 151.48  65.55  84.67
   17 -0.881  0.533  0.404  72.58  70.78  35.46  72.05  23.56  73.35  43.54
   18  0.403  0.316 -0.265 164.71  96.00 169.63  95.81 164.38  95.34  48.53
   19 -0.085  0.737  0.819 163.20  49.42 119.13  49.27  77.72  49.78  44.21
   20 -1.200  0.230 -0.268  17.44 103.78   5.16 104.61  22.96 105.19  38.41
   21  0.123 -0.067  0.192 157.42 135.21 141.15 135.22 121.47 135.25  51.21
   22  1.178  1.177 -0.654 216.81  11.82 247.39   9.24 250.60   4.84  34.82
   23  1.063  0.110 -0.387 217.49 117.20 236.78 117.01 230.56 116.59  40.68
   24  0.451  0.243  0.342 192.65 103.01 175.66 102.70 145.88 102.40  47.90
   25  1.110  0.463 -0.320 224.00  81.89 241.88  80.83 232.46  79.23  35.00
   26  0.660  0.665 -0.823 166.02  61.97 194.62  61.42 208.34  59.78  39.39
   27 -0.217  0.567  0.563 140.92  67.93 105.24  68.14  75.98  68.61  47.38
   28  1.033 -0.027 -0.428 213.13 130.93 233.62 130.99 228.98 131.07  41.54
   29  0.971 -0.728 -0.624 200.29 200.69 226.58 201.93 230.12 204.25  40.95
   30  0.500  0.441 -0.599 160.55  83.88 178.94  83.62 185.59  82.74  43.77
   31  0.294  0.846 -0.948 129.51  43.49 157.71  43.62 179.42  42.25  46.50
   32  0.427  0.747  0.555 199.07  50.01 173.50  49.04 135.36  48.35 100.00
   33  0.417 -0.757  0.756 206.23 207.94 172.82 209.12 126.54 209.71  48.37
   34  0.870  0.971  0.560 238.36  27.80 220.48  25.30 176.94  23.15  43.83
   35 -0.180  0.509  0.282 133.41  74.66 109.41  74.92  90.46  75.16  38.00
   36  0.621 -0.862  0.103 198.23 216.74 192.86 218.01 170.68 219.55  45.87
   37  0.498  0.739 -0.208 175.34  52.94 179.56  52.30 170.95  51.02  46.46
   38  0.697  0.719  0.541 222.44  53.57 202.13  52.07 161.30  50.81  37.71
   39  0.822  0.796 -0.434 193.41  48.25 212.94  47.07 207.81  44.94  95.45
   40  0.893  1.106  0.206 226.14  15.16 221.63  12.64 192.49   9.85  41.38
   41  0.049 -0.306  0.453 160.96 160.52 133.48 160.58 104.50 160.58  64.75
   42 -0.459 -0.154 -0.657  72.64 144.10  81.88 143.82 101.81 143.74  42.24
   43 -0.799 -0.605  0.512  84.43 193.52  43.69 192.31  26.27 190.86  47.17
   44 -1.117 -1.068 -0.396  20.81 241.04  14.14 237.40  34.87 234.91  41.84
   45  0.441 -0.054 -0.136 173.01 133.75 173.72 133.81 163.00 133.87  49.20
   46 -0.744  0.319 -0.232  61.76  94.74  51.79  95.48  60.66  95.96  44.24
   47  1.048 -0.152 -0.132 226.06 143.61 236.44 143.97 219.79 144.44  41.75
   48  0.084  1.063  0.663 172.55  15.64 137.24  15.15  99.43  15.22  49.56
   49 -0.107  0.652 -0.829  98.30  62.10 117.44  62.79 139.26  62.36  44.20
   50 -0.276 -0.621 -0.059 111.50 193.16  99.72 192.52  95.08 192.24  58.36
   51 -0.223  0.324  0.330 131.28  94.00 104.84  94.18  84.71  94.39  43.39
   52  0.897  0.596  0.600 242.34  66.59 223.52  65.02 178.06  63.71  81.65
   53 -0.839  0.718  0.942  97.25  49.61  37.91  50.96   5.19  53.08  38.52
   54 -0.084 -0.864  0.450 148.68 219.52 119.46 219.48  92.38 219.10  37.77
   55 -0.043 -0.428  0.926 171.37 174.11 123.66 174.29  77.32 174.00  45.11
   56  0.182  0.486 -0.940 119.88  79.40 146.46  79.61 169.03  78.97  42.72
   57 -1.048 -0.386 -0.283  31.30 169.02  20.82 167.86  36.39 166.93  42.55
   58 -0.032  0.309  0.097 139.80  96.07 124.93  96.14 111.07  96.11  49.33
   59  0.404 -0.884  0.416 191.45 220.42 170.83 221.48 138.57 222.35  49.19
   60 -0.746 -0.972  0.279  80.71 232.17  50.09 230.14  40.31 228.26  46.57
   61  0.563 -1.136 -0.396 173.88 243.25 185.79 244.29 183.88 246.54  76.26
   62  0.333 -0.068 -0.758 139.89 135.06 161.81 135.06 176.11 135.17  46.44
   63 -1.092 -0.625 -0.907   5.17 193.09  18.90 190.83  56.80 189.74  38.46
   64 -0.666  0.425 -0.937  43.73  84.75  61.61  85.73  94.45  86.03  44.79
   65 -0.984 -0.206 -0.282  37.41 150.04  27.30 149.41  41.87 148.98  37.62
   66  0.394  0.818  0.919 210.83  41.66 170.68  40.32 118.04  39.81  40.75
   67  0.991 -0.780  0.620 251.31 208.80 233.54 211.12 186.24 213.10  43.48
   68  0.568  0.542  0.209 197.74  72.37 187.63  71.57 161.83  70.70  46.45
   69 -0.451  0.856 -0.149  92.09  38.71  81.72  40.01  82.98  40.73  48.08
   70 -0.625  0.713 -0.352  68.52  53.81  64.34  55.30  75.64  56.09  42.31
   71  0.106 -1.124  0.132 153.56 245.26 139.29 245.48 122.00 245.96  49.00
   72  0.797  0.183 -0.429 192.79 109.83 209.53 109.56 206.86 109.11  43.33
   73 -1.098 -0.941  0.338  49.38 230.03  12.89 227.18   7.40 224.42  43.36
   74 -0.872  0.022  0.028  59.26 125.92  37.72 125.94  39.31 125.91  51.40
   75  0.454 -0.074  0.616 203.85 136.00 176.49 136.12 135.55 136.20  42.00
   76  1.128 -0.547 -0.197 230.33 183.24 244.38 184.58 229.69 186.43  42.26
   77 -0.318  0.345 -0.289  99.07  92.50  95.69  92.84 100.24  93.04  49.50
   78  0.182  0.119  0.282 166.20 115.85 147.32 115.79 123.34 115.73  48.27
   79 -0.394 -0.917 -0.026 102.04 224.40  87.40 223.24  83.31 222.49  49.47
   80  0.339  0.131  0.765 199.61 114.47 164.52 114.30 119.01 114.22  49.22
   81 -0.443  0.175  0.388 113.15 109.57  81.63 109.79  62.71 110.17  94.40
   82 -0.342 -0.979  0.577 130.02 232.75  92.02 232.06  64.19 230.96  47.07
   83 -1.032 -0.662  0.180  49.83 199.30  20.50 197.36  19.45 195.62  40.95
   84  0.774  0.096  0.021 208.37 118.47 208.60 118.30 188.23 118.08  50.70
   85 -0.663 -0.583 -0.159  72.01 189.52  59.91 188.29  64.83 187.51  48.38
   86 -0.114 -0.518  0.977 166.91 183.94 116.00 184.07  68.72 183.64  44.38
   87  1.100 -0.266 -0.897 200.75 154.40 238.45 154.88 251.82 155.85  36.36
   88  0.811 -0.206 -0.860 177.55 148.68 209.60 148.92 223.54 149.50  35.44
   89 -0.026 -0.139 -0.398 121.51 142.48 125.64 142.40 130.45 142.46  47.00
   90  0.263 -0.044  0.741 191.79 132.86 156.40 132.91 112.92 132.93  40.22
   91 -0.362 -0.034  0.434 122.51 131.87  90.01 131.81  68.20 131.75  18.53
   92  0.452 -0.258 -0.580 157.01 154.33 174.05 154.41 180.43 154.87  41.86
   93  0.037 -1.084  0.557 164.04 242.81 132.24 243.16  99.25 243.13  79.25
   94 -0.097  0.016  0.262 140.21 126.59 118.13 126.59  98.74 126.60  41.60
   95  0.478  0.367 -0.565 159.81  91.21 176.77  91.06 182.19  90.32  42.93
   96 -0.424  0.037 -0.927  66.02 124.45  85.78 124.52 114.93 124.53  41.89
   97 -0.147 -1.162 -0.836  94.50 246.34 113.51 244.97 135.82 245.49  41.90
   98  0.542 -1.004 -0.003 187.27 231.21 184.48 232.36 167.43 234.16  44.52
   99  1.061 -0.415 -0.629 207.82 169.45 235.61 170.23 238.83 171.63  49.11
  100 -0.863 -0.609 -0.841  28.88 191.23  41.62 189.35  73.79 188.61  40.90
  101 -0.662 -0.775 -0.319  66.24 209.33  60.41 207.63  71.08 206.69  42.10
  102 -0.993  0.213 -0.277  36.91 105.65  26.34 106.44  41.07 106.87  49.48
  103  0.392 -0.814  0.426 190.79 213.19 169.58 214.14 137.10 214.94  44.55
  104 -0.086 -0.734 -0.488 112.77 203.42 119.47 202.89 128.41 203.24  46.73
  105 -1.094  0.864 -0.188  30.47  36.40  15.67  39.25  28.73  41.32  44.09
  106  0.124 -0.930 -0.343 137.58 223.52 140.59 223.50 142.31 224.18  50.54
  107 -0.603 -0.204 -0.851  52.48 149.27  67.77 148.73  96.61 148.59  55.20
  108  0.463 -0.615  0.155 186.35 191.72 176.54 192.40 154.06 193.24  43.67
  109 -0.112 -0.888 -0.544 108.25 219.27 116.95 218.47 128.05 218.75  40.31
  110 -0.311 -0.858  0.336 123.51 219.12  95.61 218.42  76.56 217.72  52.04
  111 -0.567  0.832 -0.158  81.04  40.92  69.80  42.48  73.17  43.40  36.00
  112  0.725 -0.675 -0.531 182.71 196.05 201.91 196.86 203.82 198.53  46.50
  113 -0.927 -0.991  0.375  67.22 235.02  30.68 232.54  20.71 230.07  41.16
  114 -0.586 -0.838 -0.925  51.45 214.12  69.66 212.16 100.79 211.70  36.47
  115 -0.003 -0.965 -0.574 117.00 226.83 127.92 226.18 138.90 226.73  46.53
  116  0.427 -1.044 -0.518 157.24 233.94 171.64 234.32 175.78 236.13  35.52
  117 -0.585  0.990 -0.058  83.10  24.03  67.77  25.89  67.69  27.08  47.50
  118  0.432  0.358  0.619 201.98  90.69 174.28  90.21 133.34  89.83  40.88
  119 -1.103 -0.563 -0.620  14.15 187.24  16.61 185.25  44.85 184.12  38.43
  120  0.560 -0.385  0.718 217.57 168.74 188.01 169.22 141.60 169.76  52.24
  121  1.172  0.465 -0.733 213.21  82.35 246.48  81.37 252.95  79.61  32.10
  122 -0.149 -1.016  0.224 134.08 235.07 112.72 234.57  95.49 234.28  52.84
  123 -0.130 -0.920  0.526 147.54 225.78 114.49 225.61  85.31 225.23  49.46
  124 -0.935 -1.118  0.770  81.39 250.36  28.26 247.80   3.84 244.49  37.13
  125  0.536 -0.089  0.634 211.88 137.56 185.25 137.72 142.53 137.84  45.14
  126 -0.624 -0.848  0.286  92.22 218.75  62.94 217.14  50.57 215.75  54.26
  127 -0.129 -0.823 -0.717 100.44 212.14 115.29 211.28 133.07 211.58  32.17
  128 -0.073 -0.697 -0.854 100.48 198.89 120.92 198.35 143.21 198.51  59.42
  129  0.938 -0.525  0.551 238.52 182.52 231.00 183.85 177.77 185.09  43.36
  130  0.680 -0.571  0.609 223.66 187.64 200.48 188.85 157.06 189.85  44.64
  131 -0.133  0.084 -0.321 114.67 119.58 114.63 119.64 117.91 119.63  41.44
  132  0.224 -0.793 -0.907 124.77 208.11 150.67 207.62 171.57 208.68  90.17
  133 -0.110 -0.730  0.197 124.93 204.87 123.47 204.57  88.28 204.16  32.34
  134  1.119 -0.821 -0.700 210.01 209.52 241.24 211.18 246.71 214.14  45.00
  135  0.615 -1.067 -0.074 184.47 237.26 195.68 238.75 169.85 240.29  60.52
  136  0.554 -0.303 -0.537 167.47 158.69 184.55 158.91 188.16 159.98  46.62
  137 -0.705 -0.346  0.789  99.04 165.71  55.71 165.30  18.67 164.46  59.94
  138 -0.788  0.460  0.895 100.37  78.17  43.59  78.79  11.71  80.04  59.25
  139 -0.829 -0.937 -0.897  30.03 224.88  45.15 222.11  78.75 221.17  44.50
  140  0.095 -0.342  0.162 153.53 164.02 138.24 163.96 119.82 164.09  54.56
  141  0.462 -1.065 -0.795 149.58 234.84 174.95 235.51 188.70 237.40  65.03
  142 -0.946  0.848 -0.057  49.27  38.14  30.42  40.45  36.30  42.28  46.75
  143 -0.320  0.537 -0.340  96.99  72.68  95.48  73.32 101.97  73.51  38.86
  144 -0.735 -0.699  0.319  83.22 202.93  51.13 201.63  39.71 200.43  44.35
  145  0.299 -0.399  0.844 198.81 170.56 160.49 170.94 111.71 171.16  49.13
  146 -0.369 -0.616  0.716 132.78 194.26  88.87 193.84  56.13 193.27  45.74
  147  0.982  0.356 -0.170 219.13  92.56 229.29  91.53 215.18  90.51  29.99
  148 -1.162  0.685 -0.673   6.89  56.32  10.73  58.90  42.05  60.73  39.69
  149 -0.704 -1.051  0.268  84.22 240.45  54.46 238.40  44.39 236.46  43.00
  150  0.678 -1.029  0.694 226.89 235.74 200.51 237.97 153.45 239.62  36.69
  151  1.087  0.673 -0.625 210.03  61.39 238.34  60.04 240.99  57.94  38.88
  152 -0.662  0.269 -0.717  51.81 100.47  61.51 101.15  86.42 101.39  30.60
  153 -1.032  0.433 -0.864  12.77  83.59  24.41  84.60  60.72  85.41  81.60
  154 -1.169 -0.820  0.141  35.29 216.49   6.40 213.75   9.25 211.36  32.22
  155  0.535 -0.548  0.313 199.00 184.99 184.39 185.77 154.78 186.71  43.75
  156 -0.328  0.316 -0.509  90.04  95.64  94.94  96.33 107.78  96.16  46.14
  157  1.029 -0.396 -0.624 205.26 167.68 232.46 168.32 235.65 169.75  43.11
  158  0.909 -1.052  0.723 248.50 237.67 225.23 240.45 174.45 242.82  53.35
  159 -0.627  0.072  0.249  90.71 120.56  62.64 120.69  51.99 120.93  40.06
  160 -0.708  0.900 -0.662  49.65  35.10  56.72  37.26  80.29  38.22  45.70
  161 -0.203  0.378  0.030 121.61  88.72 107.20  89.00  98.23  89.23  43.20
  162  0.134  0.284 -0.911 116.65  99.67 141.68  99.84 163.71  99.51  29.75
  163  0.462 -0.925  0.870 214.90 225.85 177.82 227.50 126.29 228.29  36.86
  164  0.105 -1.132  0.726 176.95 248.21 139.45 249.33  98.81 248.96  52.39
  165  1.011 -0.803  0.509 248.47 210.92 235.32 213.36 192.28 215.33  36.71
  166  1.132 -1.049  0.122 243.40 234.72 246.14 237.57 218.43 240.98  29.23
  167 -0.502 -1.086 -0.530  73.57 240.57  77.22 238.52  93.27 238.18  45.11
  168  0.518 -1.062  0.269 207.97 237.81 175.51 239.55 167.30 241.55  54.87
  169 -1.048  0.043 -0.667  17.57 123.75  22.29 123.89  51.29 124.11  35.89
  170  0.561  0.532 -0.602 165.74  74.74 185.12  74.39 191.23  73.29  42.25
  171  0.092 -0.097 -0.230 138.40 138.24 137.78 138.22 134.72 138.38  48.33
  172 -0.571 -0.588  0.743 114.98 191.87  67.35 190.99  37.07 189.84  34.88
  173 -0.863  0.634  0.409  79.10  59.92  34.85  61.47  29.03  62.94  40.85
  174  0.351  1.070 -0.002 170.29  18.22 164.67  17.24 149.56  16.00  65.55
  175  0.240  0.953 -0.152 154.79  29.95 152.99  30.17 145.29  29.24  53.18
  176  0.277  0.237 -0.880 130.46 104.44 156.07 104.44 175.49 104.10  29.00
  177 -0.123  0.520 -0.767  99.09  75.52 115.83  75.84 135.48  75.61  43.24
  178 -0.515  0.059 -0.852  60.51 122.31  76.61 122.27 104.28 122.29  38.08
  179  1.195 -0.223 -0.486 224.85 150.62 249.74 151.15 246.62 151.51  38.18
  180 -0.004 -1.210  0.112 142.91 254.46 127.79 254.41 112.78 254.45  42.60
  181  1.055  0.773 -0.471 213.43  51.14 235.69  49.51 232.59  46.91  27.80
  182  0.557  0.175 -0.933 152.96 110.74 184.06 110.66 202.81 110.37  33.50
  183  0.128  0.833 -0.904 114.93  44.04 142.00  45.27 161.34  43.61  42.81
  184  0.069  0.967  0.949 182.57  24.75 135.64  24.12  86.57  24.46  31.75
  185  1.074  0.345 -0.159 227.07  94.19 239.06  92.33 223.12  91.20  76.85
  186  1.096  0.193  0.430 252.65 108.46 243.78 107.87 203.64 107.42  28.86
  187  0.042  0.226 -0.929 108.47 106.29 132.19 105.25 156.76 105.03  23.50
  188 -1.025 -0.319  0.385  58.07 162.50  20.28 162.38  11.85 160.75  45.19
  189 -1.047 -0.082  0.283  67.49 136.55  10.28 136.34  27.23 137.58  40.32
  190  0.980  0.865 -0.793 194.94  42.28 226.72  42.00 237.25  37.97  44.08
  191 -0.608  0.979  0.524 102.77  22.70  64.11  24.19  42.35  27.31  43.62
  192 -0.691  1.030 -0.603  53.35  21.44  58.29  23.80  79.46  24.95  36.67
  193  0.278  0.854  0.994 203.50  36.42 158.19  36.59 104.21  36.40  46.84
  194 -1.015  0.403 -0.331  26.34  86.54  27.84  86.58  35.32  87.40  32.24
  195  1.170  0.874 -0.356 219.81  41.23 252.80  39.22 230.30  34.96  35.40
  196 -0.297  0.669 -0.883 142.91 254.46  98.45  60.98 124.37  61.35  42.60
  197  0.743 -1.090 -0.496 142.91 254.46 203.87 238.46 204.14 242.65  42.60
  198  1.233  0.700 -0.354 233.03  58.39 127.79 254.41 245.28  54.00  41.88
  199 -0.389 -0.040  0.418 119.34 132.53  87.27 132.50 112.78 254.45  89.92
  200 -0.595 -0.897  0.665 109.71 224.98  64.89 223.75 112.78 254.45  37.71
  201  0.170 -0.349 -0.054 142.91 254.46 145.81 164.36 135.07 164.60  42.60
  202  0.869 -0.831  0.743 245.70 214.77 221.09 217.02 112.78 254.45  49.64
  203 -0.187  0.352  0.033 123.21  91.44 108.90  91.69 112.78 254.45  51.40
  204 -0.208 -0.905  0.903 155.21 225.52 105.92 225.46  63.12 224.64  48.39
  205  0.740 -0.518  0.844 142.91 254.46 207.65 183.82 153.64 184.60  42.60
  206  0.452  0.805  0.064 182.69  44.55 174.82  46.39 157.39  42.56  41.71
  207  1.244 -1.166  0.018 248.75 245.79 127.79 254.41 232.90 253.46  40.38
  208 -0.183 -0.361 -0.638 142.91 254.46 109.70 165.12 125.35 164.59  42.60
  209 -0.191  0.888 -0.928  87.12  38.23 109.14  39.43 112.78 254.45  44.13
  210 -0.205 -1.218 -0.108 142.91 254.46 107.06 253.97 103.20 253.92  42.60
  211 -0.760 -0.688 -0.725  42.50 199.44  51.67 197.72  78.17 196.83  41.33
  212  0.269  0.622  0.423 179.60  63.18 156.64  62.72 112.78 254.45  23.14
  213 -0.730 -1.244 -0.865 142.91 254.46  55.03 252.45  85.99 252.51  42.60
  214 -0.428  0.482  0.026 142.91 254.46  83.80  78.23  78.28  78.67  42.60
  215 -1.096 -1.017 -0.060  35.15 236.31  14.76 234.40  23.69 230.47  37.69
  216 -0.875  0.077 -0.393  43.84 120.11  38.79 120.67  55.78 120.43  38.69
  217  0.583  0.997 -0.932 142.91 254.46 186.65  28.50 205.05  26.18  42.60
  218 -1.186  0.973 -0.671 142.91 254.46   8.44  29.85  39.77  32.10  42.60
  219  0.260 -1.039  0.571 142.91 254.46 155.84 238.29 119.17 239.13  42.60
  220  0.656 -1.099 -0.461 179.49 239.03 127.79 254.41 194.81 242.72  51.73
  221  0.464 -0.742 -0.447 142.91 254.46 175.55 203.38 176.63 205.63  42.60
  222 -0.455 -0.618  0.026  98.47 193.83  80.91 192.15  76.06 191.54  20.90
  223  0.300  0.654 -0.701 138.05  62.30 159.21  61.41 169.89  62.14  55.81
  224  0.194  0.773  0.876 190.73  45.34 149.31  46.73 100.83  44.45  30.45
  225  0.386  0.586  0.614 197.70  66.71 127.79 254.41 129.25  65.49  47.50
  226 -1.238  0.145 -0.458   7.02 112.95 127.79 254.41  27.17 113.87  36.96
  227 -0.008  0.654 -0.646 113.80  61.67 127.43  62.12 112.78 254.45  42.39
  228 -0.413 -0.878  0.416 142.91 254.46  84.73 221.40  64.26 219.15  42.60
  229 -0.432 -0.872  0.452 116.73 222.18  82.65 219.47 112.78 254.45  54.42
