    1 -0.419  0.455  0.414 116.42  79.87  84.11  80.35  63.83  80.92  47.08
    2 -1.017  0.257 -0.381  30.76 101.23  24.39 102.05  42.96 102.57  42.61
    3  0.252  0.149 -0.156 155.52 112.92 154.24 112.90 146.50 112.73  47.19
    4  0.061  0.301  0.154 150.33  96.92 134.58  96.90 117.19  96.82  49.16
    5 -0.628 -0.529  0.756 110.13 185.51  61.11 184.78  31.56 183.62  43.37
    6  0.393  0.671  0.389 189.44  58.37 169.67  57.60 138.66  56.92  48.85
    7  0.356  1.005  0.216 179.29  24.01 165.48  23.12 141.80  22.09  88.56
    8  0.470  0.053  0.729 209.91 122.71 178.38 122.63 132.70 122.55  78.43
    9 -0.122 -0.880 -0.003 127.80 219.97 115.64 219.51 106.70 219.38  55.64
   10 -0.043  0.991  0.905 170.51  22.12 123.60  21.73  78.05  22.38  43.32
   11 -0.996  0.045  0.067  49.04 123.39  24.73 123.53  27.15 123.65  43.06
   12 -1.048 -0.329 -0.388  27.52 162.98  21.17 161.90  40.50 161.20  40.75
   13  0.021  0.574 -0.864 108.44  70.25 130.43  70.70 151.93  70.21  44.92
   14 -0.139  0.749 -0.583 104.49  51.61 114.21  52.36 127.23  52.16  36.67
   15  0.348  0.589 -0.505 150.75  68.51 163.67  68.34 168.22  67.48  42.42
   16 -0.936 -0.082 -0.222  44.12 136.92  32.04 136.69  43.70 136.56  43.17
   17 -0.176  0.197 -0.381 108.56 107.96 110.29 108.14 116.35 108.13  47.92
   18 -0.803  0.364 -0.302  53.74  89.99  45.99  90.95  58.31  91.52  48.53
   19  0.573  0.359 -0.335 176.93  91.87 186.88  91.52 182.59  90.82  43.34
   20 -0.421  0.593 -0.367  86.73  66.68  85.24  67.63  94.12  67.97  42.58
   21 -0.991  0.201 -0.834  17.11 107.40  28.76 108.07  62.62 108.38  39.31
   22 -0.749  1.100 -0.706  44.25  14.32  52.62  17.23  78.32  18.47  38.09
   23  0.208  0.909  0.865 191.80  31.67 150.53  30.66 102.77  30.60  44.91
   24  0.185  0.749 -0.880 122.36  52.83 146.81  53.12 167.08  52.14  43.50
   25  0.766  0.176 -0.343 193.43 110.53 206.60 110.26 200.87 109.81  44.66
   26 -0.846 -0.844  0.165  66.96 218.37  39.98 216.35  36.13 214.57  45.03
   27  0.231  0.514 -0.210 151.67  75.53 152.04  75.41 146.64  74.90  56.08
   28  0.347 -0.716  0.803 201.85 203.91 165.38 204.95 118.12 205.31  37.85
   29  0.126  0.479  0.289 161.50  78.13 141.50  77.97 117.96  77.81  45.50
   30  0.252 -0.369  0.693 188.88 167.21 155.15 167.59 113.76 167.73  46.29
   31  0.988 -0.102  0.229 235.24 138.68 231.69 138.95 200.80 139.20  43.03
   32  0.651 -0.440 -0.773 167.05 172.18 193.78 172.54 205.65 173.62  46.51
   33 -0.120  0.622  0.125 132.62  63.13 115.87  63.45 101.74  63.56  60.40
   34 -0.071 -0.860 -0.562 111.40 216.23 121.03 215.59 132.49 215.92  45.50
   35  0.897  0.898 -0.406 202.37  38.14 219.81  36.62 215.32  34.01  42.07
   36  0.778 -0.289 -0.250 198.05 157.52 208.28 158.04 198.50 158.68  43.66
   37 -0.306  1.045 -0.944  76.22  21.96  97.63  23.68 125.80  23.58  40.96
   38 -1.018  0.894  0.582  66.27  31.07  20.28  33.44   4.44  36.08  39.31
   39 -1.204  0.278 -0.366  13.52  98.81   5.17  99.87  26.41 100.53  40.16
   40  0.539 -0.674  0.853 221.09 199.28 186.10 200.61 134.26 201.34  44.14
   41 -0.699  0.760 -0.390  60.23  48.87  56.84  50.65  70.61  51.60  47.86
   42 -0.167 -0.206  0.870 157.66 150.38 110.35 150.39  68.26 150.19  41.33
   43  0.095  1.029 -0.861 115.09  24.45 137.81  25.04 158.27  23.94  48.25
   44 -0.347  0.915 -0.880  74.84  34.96  93.50  36.51 119.90  36.53  37.86
   45  0.893 -1.077 -0.476 199.40 236.10 219.15 237.94 217.50 241.00  43.00
   46 -1.013 -0.878  0.234  53.64 222.64  22.22 220.18  18.89 217.84  41.81
   47 -0.253 -0.608  0.481 134.42 192.78 101.51 192.52  76.01 191.97  47.24
   48  0.549  0.861 -0.652 162.89  41.75 183.77  41.17 191.95  39.42  45.22
   49  0.261  0.197 -0.856 129.92 108.41 154.49 108.49 173.18 108.17  43.16
   50 -0.707 -0.526 -0.309  62.42 183.39  55.82 182.19  66.81 181.47  47.19
   51 -0.285 -0.094 -0.835  81.95 137.86  99.62 137.65 123.68 137.70  49.07
   52 -0.127  0.344  0.248 136.91  92.15 114.95  92.29  96.53  92.39  34.75
   53 -0.834  0.770  0.015  62.52  46.43  41.74  48.38  43.15  49.90  53.52
   54 -1.211  0.210 -0.584   5.10 106.16   5.45 106.98  34.31 107.41  37.15
   55  0.887  0.261 -0.080 214.15 101.82 219.93 101.30 202.56 100.63  44.08
   56 -0.966  0.883 -0.104  45.61  34.48  28.48  37.03  36.40  38.96  37.57
   57  0.128  0.913 -0.924 115.79  36.37 141.12  36.87 163.61  35.80  39.06
   58 -0.335 -1.179 -0.313  96.72 250.65  93.92 249.11  99.52 248.62  54.20
   59 -0.998  0.437 -0.142  41.22  81.87  25.37  83.17  35.20  84.14  41.16
   60  0.298 -0.086 -0.615 142.15 136.92 158.41 136.96 167.68 137.13  91.08
   61  1.206  0.505 -0.213 236.32  77.64 252.30  76.29 237.72  74.47  41.25
   62  0.307  1.074  0.559 188.60  15.51 160.84  14.37 124.14  13.73  43.86
   63  0.886  0.009 -0.429 200.50 127.34 218.67 127.32 215.25 127.29  45.81
   64  1.072  1.140 -0.417 216.96  14.32 237.71  11.86 232.18   8.06  41.68
   65 -0.853 -0.447  0.427  76.11 176.43  38.31 175.42  25.04 174.35  41.85
   66  0.999  0.598 -0.329 214.10  68.24 230.58  67.02 222.23  65.23  43.10
   67 -0.445 -0.613  0.253 107.79 193.27  81.64 192.49  67.89 191.77  43.68
   68 -0.560 -1.095 -0.774  59.19 240.83  71.84 238.44  97.24 237.78  42.14
   69 -0.844  0.574  0.905  95.35  65.43  37.51  66.54   6.35  68.24  39.87
   70 -0.325  0.778 -0.899  76.07  48.99  95.70  50.29 122.49  50.25  31.09
   71  0.665  1.034 -0.023 197.22  22.65 197.17  21.12 179.58  19.01  48.50
   72 -0.486  0.695  0.038  95.89  54.98  77.83  56.04  72.72  56.78  41.54
   73  0.505  0.414  0.666 210.42  84.92 182.00  84.23 138.36  83.75  39.75
   74  0.808  0.734  0.439 228.00  52.51 213.49  50.92 175.67  49.26  45.60
   75 -1.155 -0.844  0.212  39.16 219.23   7.43 216.48   7.52 213.99  41.81
   76 -0.454 -0.858 -0.575  76.15 216.86  82.26 215.32  99.13 214.89  42.81
   77 -0.874  0.727  0.397  72.96  49.96  36.20  51.64  24.40  53.40  48.57
   78 -0.603  0.321  0.234  92.37  94.16  65.09  94.71  54.70  95.23  42.65
   79 -0.210 -0.009 -0.510 100.64 129.24 106.90 129.22 118.20 129.23  45.00
   80  0.286 -0.223  0.083 167.80 151.29 158.03 151.42 140.54 151.62  44.67
   81 -0.197  0.714 -0.782  91.87  55.51 108.43  56.40 129.48  56.21  43.33
   82 -0.485  1.006 -0.071  91.92  22.66  78.12  24.23  76.98  25.28  44.57
   83  0.787 -0.667 -0.121 203.97 196.02 209.49 197.14 194.68 198.76  45.87
   84  0.221 -0.802 -0.182 151.75 210.59 150.97 210.81 144.54 211.62  62.47
   85  0.710  0.106 -0.892 167.71 117.69 199.44 117.60 215.40 117.30  38.06
   86  0.436 -1.103 -0.020 177.25 241.52 173.46 242.52 158.21 244.06  41.58
   87  0.907  0.839  0.002 219.21  43.03 222.31  41.33 201.39  39.05  52.12
   88  0.250 -1.052  0.149 167.27 237.45 154.37 238.00 134.62 238.82  55.00
   89 -0.256 -0.579 -0.703  89.56 187.42 102.38 186.63 121.46 186.76  59.15
   90  0.962 -0.884  0.303 236.01 218.77 229.25 221.03 195.47 223.39  43.22
   91  0.529 -0.508  0.804 218.22 181.69 184.93 182.66 135.24 183.20  43.06
   92  0.144 -0.854 -0.746 123.72 214.67 142.72 214.26 158.52 215.22  44.34
   93 -0.749 -0.235  0.898 104.14 153.89  47.72 153.50  15.02 152.95  42.08
   94 -0.444 -0.349  0.646 123.11 165.69  81.07 165.36  52.31 164.92  45.13
   95 -0.820 -0.561  0.217  71.29 188.20  42.47 186.91  36.35 185.79  44.65
   96 -0.132 -0.379  0.577 149.35 168.58 114.31 168.45  83.19 168.23  52.11
   97  0.216 -0.426  0.335 171.36 172.74 150.89 173.00 124.41 173.23  58.20
   98 -0.137 -0.807  0.709 154.03 214.32 113.75 214.29  77.32 213.72  58.07
   99 -0.918  0.331 -0.377  40.19  93.48  34.47  94.52  51.27  95.02  43.24
  100  0.204  0.297  0.780 187.98  96.79 150.05  96.50 105.84  96.46  36.10
  101  0.680 -0.199  0.803 231.59 149.16 201.06 149.56 149.57 149.87  50.59
  102  1.007  0.114 -0.908 192.49 117.00 229.13 116.80 243.52 116.42  39.05
  103 -0.631 -1.151  0.313  92.74 251.15  62.03 249.13  48.93 247.17  59.77
  104 -1.115  0.897 -0.252  26.08  33.05  13.71  36.07  29.43  38.24  37.15
  105 -0.475 -0.722  0.527 115.60 205.50  77.98 204.78  54.33 203.71  49.66
  106  1.047 -0.568 -0.769 201.19 184.41 233.65 185.42 242.35 187.38  39.36
  107  0.839  0.356 -0.275 202.45  92.34 214.36  91.66 205.27  90.73  53.73
  108 -1.065 -0.464 -0.762  12.63 176.62  20.95 175.00  53.49 174.15  37.29
  109 -0.700 -1.112 -0.058  72.41 245.72  55.81 243.33  57.58 241.62  45.33
  110 -0.653 -0.409  0.669 104.38 172.45  58.77 171.82  32.86 170.96  45.27
  111  0.796  1.048 -0.452 191.71  22.94 209.61  21.41 207.27  18.79  54.98
  112 -0.362  0.240  0.401 121.29 102.82  90.07 103.09  69.51 103.14  88.65
  113  0.362 -1.190 -0.109 167.15 250.44 165.58 251.18 154.61 252.68  46.58
  114 -0.684 -0.775 -0.531  56.57 208.86  58.80 207.02  77.38 206.17  44.42
  115  0.864 -0.774 -0.901 180.64 204.85 214.87 205.82 229.96 208.18  38.50
  116  0.840 -1.053  0.738 243.04 237.85 217.97 240.81 167.29 242.81  44.59
  117 -1.004 -0.147 -0.377  32.08 143.70  25.66 143.23  43.90 142.95  42.14
  118  0.729 -0.275  0.429 220.59 156.64 205.20 157.21 168.47 157.73  47.17
  119  0.266 -0.531 -0.157 169.36 182.64 148.47 182.96 160.36 183.68  50.50
  120  0.247 -0.905  0.954 198.83 224.51 155.00 225.79 102.72 225.80  44.31
  121 -1.051 -0.597  0.042  42.90 192.14  19.10 190.31  23.34 188.82  42.70
  122  0.769  1.016 -0.552 185.75  26.44 206.37  25.13 208.65  22.50  35.57
  123 -0.272 -0.721 -0.771  85.51 201.89 100.87 200.84 122.44 200.91  37.62
  124  1.062 -1.112 -0.398 216.92 239.41 236.77 241.79 230.62 245.48  44.71
  125 -0.241  1.113 -0.844  86.18  14.95 103.82  16.50 128.27  16.10  45.27
  126  0.846 -0.449  0.153 219.86 174.16 216.51 175.12 190.09 176.22  50.21
  127 -0.038 -0.170 -0.146 129.87 145.90 124.33 145.81 119.76 145.86  39.67
  128 -0.588  1.134  0.005  85.27   8.63  67.33  10.64  64.99  12.12  37.78
  129 -0.190  0.847 -0.783  92.72  42.10 109.00  42.94 130.34  42.88  83.00
  130  1.049 -0.062 -0.852 198.24 134.40 233.57 134.56 245.53 134.71  38.10
  131 -0.547 -0.642  0.292  99.89 196.54  70.87 195.61  57.37 194.75  46.50
  132  0.705 -0.660 -0.062 199.18 195.49 201.20 196.52 184.81 197.94  39.50
  133  0.317 -0.707  0.120 171.99 201.41 161.23 201.92 141.91 202.64  45.35
  134 -0.888  0.133 -0.003  56.62 114.11  36.23 114.32  39.16 114.78  44.29
  135 -0.617 -0.139  0.314  94.11 143.19  63.55 142.95  50.32 142.50  45.04
  136  0.803 -0.472 -0.879 176.20 175.05 208.82 175.57 223.55 176.93  34.29
  137 -0.430  0.406 -0.342  86.77  86.14  84.22  86.59  92.32  87.04  47.51
  138  0.418 -0.449 -0.683 150.18 173.53 170.50 173.65 181.12 174.44  50.31
  139  0.658 -1.124 -0.362 183.47 241.83 195.56 243.15 191.44 245.74  51.55
  140 -0.606  0.938 -0.131  78.48  29.70  65.79  31.52  68.76  32.67  36.11
  141 -1.107 -1.094 -0.574  15.49 242.94  15.98 239.32  42.66 236.92  40.02
  142  0.823 -0.820 -0.172 205.13 211.28 213.07 212.73 199.91 214.81  42.93
  143 -0.099 -0.978  0.996 169.07 233.49 117.64 233.90  69.31 232.84  58.73
  144 -0.447 -0.951  0.363 111.92 229.42  81.26 228.30  63.34 227.11  42.44
  145 -0.412 -0.710  0.867 134.80 204.85  84.10 204.36  46.23 203.36  42.83
  146  0.158  0.771 -0.581 131.12  50.00 144.30  50.03 153.74  49.27  59.00
  147  0.323 -0.559 -0.004 167.69 186.06 161.76 186.20 147.19 186.81  60.26
  148  0.985 -1.015 -0.116 221.28 230.80 229.91 233.04 213.03 236.03  42.29
  149 -0.738 -0.693  0.197  78.30 202.02  51.07 200.66  44.27 199.42  45.28
  150 -0.286  0.643  0.050 114.84  60.85  98.58  61.43  90.03  61.81  42.70
  151  0.300 -0.731  0.033 167.35 203.58 159.37 204.17 143.86 204.95  64.17
  152 -0.505 -0.831 -0.192  85.46 215.18  76.37 213.78  79.90 213.04  45.56
  153 -0.777 -0.503 -0.901  34.74 180.09  50.38 178.68  83.45 178.21  42.50
  154 -0.270  0.622  0.049 116.16  63.09 100.29  63.60  91.43  63.97  50.60
  155 -1.110 -0.984 -0.257  26.38 232.61  14.24 229.29  30.02 226.94  43.55
  156  0.974 -0.344  0.279 236.03 163.42 230.40 164.26 197.51 165.20  44.23
  157 -0.205 -0.756  0.105 113.01 207.65 113.37 207.07  83.73 206.39  70.35
  158  0.046 -0.657  0.528 163.65 197.67 133.07 197.71 101.30 197.67  38.32
  159  0.245 -1.006 -0.650 136.29 230.32 153.03 230.03 164.16 231.19  50.66
  160  0.925 -1.166  0.318 233.44 247.88 225.41 250.76 191.30 253.52  43.50
  161 -0.888  0.342 -0.685  32.28  92.69  38.35  93.61  65.97  94.21  37.68
  162 -0.265 -0.315  0.928 150.74 162.25  99.84 162.06  56.80 161.83  37.72
  163 -0.888  0.801  0.224  65.14  42.49  35.37  44.45  30.13  46.27  33.21
  164  0.017  1.013 -0.745 112.39  25.56 130.02  26.11 146.96  25.36  56.95
  165  0.951  1.069 -0.934 186.93  22.73 223.45  21.27 239.17  17.77  32.83
  166  0.927 -1.028  0.688 248.59 234.84 227.07 237.78 177.54 240.19  37.33
  167  0.189  0.805 -0.612 132.62  46.68 147.41  46.63 157.61  45.76  66.25
  168  0.172 -0.572  0.870 188.76 189.09 146.75 189.64  99.32 189.64  37.86
  169  0.511 -0.164  0.590 207.90 145.35 182.50 145.81 141.87 145.80  42.46
  170  0.010  0.045  0.389 154.24 123.37 129.75 123.74 102.80 123.39  47.76
  171 -0.096 -1.050 -0.075 127.22 237.44 118.40 237.07 111.59 236.63  67.64
  172 -0.299  0.158 -0.397  96.81 111.94  97.77 112.15 106.08 112.20  40.33
  173 -0.810 -0.897  0.161  70.16 223.92  43.67 221.85  39.37 220.05  35.25
  174  0.106 -0.929  0.262 158.70 225.37 139.41 225.61 117.15 225.89  40.00
  175  1.006  1.188 -0.784 197.43  10.61 229.38   8.71 239.19   4.83  67.44
  176  0.585  0.495 -0.912 156.11  79.02 186.80  78.72 204.57  77.58  50.25
  177 -1.025 -0.185  0.326  55.87 148.21  20.64 147.69  14.25 147.30  40.56
  178 -1.182 -0.767 -0.007  28.54 210.47   5.65 207.81  13.99 205.66  31.89
  179  0.293 -1.054 -0.939 129.38 233.95 157.80 233.52 178.52 235.35  42.94
  180  0.819  0.814 -0.038 210.03  45.28 213.00  43.91 194.62  42.12  44.77
  181  0.479  1.167 -0.698 154.99  11.08 176.59  10.53 187.05   8.06  40.86
  182 -0.211 -0.999 -0.029 118.67 232.53 106.38 231.72  99.66 231.42  38.56
  183  0.907  1.126 -0.211 210.92  14.53 221.55  12.41 209.20   9.26  25.33
  184 -0.080 -0.560  0.688 158.43 187.64 119.81 187.71  83.40 187.97  48.39
  185 -0.272 -0.504 -0.946  79.13 179.44 101.02 178.64 128.89 178.75  30.17
  186  0.191  1.095 -0.583 134.01  17.25 147.67  17.43 156.75  15.55  43.59
  187 -0.596  0.001  0.867 117.46 128.40  64.28 128.01  29.81 128.11  63.00
  188  0.397  0.759  0.657 200.49  48.59 170.56  47.54 128.64  46.83  36.56
  189 -0.675 -1.027  0.212  84.49 237.55  57.84 235.58  48.80 234.05  49.25
  190  0.417  0.382  0.643 201.67  88.35 172.65  87.62 131.00  87.27  36.05
  191 -0.548 -0.483  0.658 113.81 180.37  69.87 179.43  42.57 178.89  44.86
  192  0.932  0.861 -0.148 215.49  41.35 224.35  39.46 209.27  37.07  32.87
  193  0.291  0.510 -0.897 131.10  77.03 157.43  77.12 177.39  76.35  36.25
  194  0.850 -0.144 -0.039 228.12 142.67 207.18 143.30 213.92 143.69  20.04
  195 -0.745  1.187 -0.615  48.02   4.94  52.82   8.03  75.34   9.46  27.25
  196 -0.210  0.793  0.367 133.89  44.49 106.18  44.87  84.31  45.31  31.77
  197  0.434  0.505 -0.076 198.17  76.80 159.86  76.24 183.34  74.78  46.79
  198  0.187 -0.056  0.812 187.74 134.50 148.36 134.09 102.99 133.95  57.26
  199 -0.425 -0.512 -0.189  92.85 181.54  84.62 180.55  86.78 181.07  37.35
  200 -0.211 -0.544  0.375 134.31 185.55 105.93 185.68  84.15 185.31  47.82
  201 -0.675  0.498 -0.862  45.42  77.07  60.53  78.35  90.71  78.68  29.20
  202  0.048  0.019 -0.478 117.72 125.78 137.39 126.33 132.49 126.80  31.59
  203  1.077  0.143  0.467 252.45 113.44 241.98 113.00 200.31 112.98  44.24
  204  0.515 -0.180  0.858 218.91 147.17 183.67 147.76 131.58 147.68  38.31
  205 -0.722 -0.708  0.611  95.60 204.63  51.58 203.70  29.08 201.81  46.73
  206  0.986  0.187  0.401 234.09 108.53 236.94 108.82 185.15 108.36  36.08
  207  0.227 -0.030 -0.680 133.73 130.92 150.96 130.92 163.91 132.08  53.00
  208 -0.903 -0.398  0.830  92.30 171.91  28.48 171.08   9.21 169.51  37.79
  209  0.651 -0.373  0.460 212.55 167.14 198.60 168.29 157.32 167.47  38.57
  210  1.086 -0.466  0.254 244.89 175.98 241.91 177.30 209.42 177.86  43.25
  211  1.012 -0.169  0.323 226.78 145.20 243.44 146.15 182.99 146.59  46.48
  212 -0.487  0.086 -0.854  63.03 120.28  79.40 119.14 106.79 119.25  23.86
  213  0.629  0.488  0.713 223.31  77.98 195.36  75.33 191.30 253.52  34.87
  214  0.977 -0.244  0.759 235.79 254.09 232.72 154.32 179.64 154.90  34.19
  215  0.469  0.075  0.695 208.34 120.36 178.24 120.35 191.30 253.52  14.34
  216 -1.189  0.662  0.210  35.83  56.73 190.74 252.92   4.79  61.20  42.00
  217  0.317 -0.907 -0.709 140.41 219.77 160.26 219.82 172.78 221.21  46.20
  218 -1.145  0.846 -0.777 235.79 254.09  13.02  43.10  47.30  44.81  34.19
  219 -0.180 -0.777 -0.805  91.89 207.18 110.55 206.78 131.11 206.45  44.07
  220  1.114 -0.130 -0.232 235.79 254.09 242.80 141.61 229.62 142.06  34.19
  221  1.095 -0.655  0.321 247.81 195.31 243.42 197.02 207.10 199.00  46.52
  222  0.752 -0.138 -0.638 181.34 142.58 204.06 142.01 210.70 142.38  48.41
  223  0.123 -0.999  0.314 162.13 232.61 141.18 232.97 116.48 233.76  44.06
  224  0.313  0.516 -0.491 148.14  75.81 190.74 252.92 164.45  75.02  45.12
  225  0.408  0.683 -0.465 157.50  58.96 190.74 252.92 172.15  57.53  30.17
  226  0.398 -0.802 -0.794 144.67 207.64 168.08 209.43 183.61 210.86  52.46
  227  1.267 -0.272 -0.309 237.63 155.53 190.74 252.92 246.94 157.07  34.43
  228  0.463 -1.093 -0.852 147.85 237.55 174.79 237.94 191.21 240.37  42.60
  229 -0.239  0.615  0.396 235.79 254.09 103.04  63.46  80.61  63.91  34.19
  230  0.293 -1.005  0.162 171.53 232.47 190.74 252.92 138.06 234.07  53.88
  231  0.609 -1.216 -0.270 182.67 251.80 190.74 252.92 191.30 253.52  49.28
  232 -0.333 -0.758  0.033 235.79 254.09  93.72 206.74  86.46 206.71  34.19
  233 -0.431  0.423 -0.594  77.48  84.73 190.74 252.92 101.88  85.55  48.84
  234  0.941 -0.461 -0.139 216.52 174.87 225.36 175.82 191.30 253.52  47.12
  235  0.849 -1.109  0.143 219.83 241.58 216.85 243.91 191.30 253.52  42.69
  236  0.945  0.033  0.952 235.79 254.09 230.03 124.74 169.04 124.68  34.19
  237 -0.337  0.249  0.430 124.65 101.79  92.74 101.91 191.30 253.52  16.24
  238  0.422 -0.067  0.258 235.79 254.09 172.50 135.31 146.41 135.39  34.19
  239 -0.107  0.029 -0.294 235.79 254.09 117.25 125.29 119.17 125.28  34.19
  240 -0.516 -0.644  0.328 104.03 196.79  74.00 195.88 191.30 253.52  63.50
  241 -0.528 -0.122  0.521 110.32 141.33  72.32 141.17 191.30 253.52  39.18
  242  0.999  0.655 -0.583 203.82  62.19 229.82  63.62 230.83  58.84  35.20
  243 -0.567 -0.486 -0.098  83.22 179.29 190.74 252.92  70.88 177.84  39.58
