    1 -0.894  0.334  0.395  70.94  92.23  34.08  93.04  22.78  93.86  44.25
    2 -0.537  0.790 -0.763  61.68  46.97  74.19  48.65  98.94  49.10  45.53
    3 -0.530  1.025 -0.726  63.71  22.72  74.79  24.85  98.07  25.45  43.67
    4 -1.109  0.204 -0.315  24.35 106.63  14.63 107.31  32.47 107.79  41.38
    5  0.158 -0.033  0.120 157.77 131.70 144.76 131.73 127.39 131.72  49.36
    6 -0.333  0.021 -0.604  86.05 126.13  94.55 126.17 110.89 126.16  48.36
    7 -0.601 -0.889 -0.314  72.06 221.19  66.80 219.41  76.16 218.40  46.80
    8 -0.117  0.743 -0.631 104.66  52.34 116.45  53.06 130.98  52.77  49.05
    9 -0.127 -0.392  0.437 144.32 169.72 114.88 169.65  89.18 169.45  49.01
   10 -1.179  0.710  0.099  32.70  51.92   5.50  54.31  10.08  56.39  41.34
   11 -0.384  0.759  0.752 132.83  46.66  87.21  47.19  53.37  48.30  41.90
   12  0.439  0.184  0.292 189.58 109.13 174.28 108.92 146.64 108.69  48.91
   13 -0.597  0.731 -0.811  54.44  53.11  68.24  54.78  95.54  55.28  43.46
   14 -0.169  0.619  0.670 149.61  62.27 110.29  62.38  76.12  62.85  52.10
   15  0.941  0.484  0.626 247.24  78.21 228.34  76.86 181.32  75.69  42.12
   16 -1.160 -0.109 -0.497  21.56 139.72   5.80 139.37  42.70 139.12  40.93
   17 -0.171 -1.153 -0.672  98.34 246.05 111.04 244.79 127.63 245.05  46.14
   18  0.871 -0.402  0.278 227.02 169.42 219.51 170.40 187.76 171.31  43.46
   19  0.321  0.724  0.231 176.69  53.12 161.81  52.53 138.00  51.87  48.72
   20  0.382  0.535  0.579 196.01  72.17 168.82  71.49 130.30  71.07  88.59
   21  0.927  0.945 -0.206 212.83  32.96 223.70  31.09 210.94  28.40  44.40
   22 -0.491 -1.131 -0.793  64.92 244.29  78.90 242.01 104.01 241.50  42.86
   23 -0.648  0.588  0.837 111.37  64.45  58.82  65.28  26.46  66.60  45.10
   24 -0.614  0.306  0.290  93.45  95.65  63.83  96.17  51.48  96.68  48.42
   25  0.129  0.483  0.332 163.62  77.69 141.65  77.49 116.70  77.33  34.16
   26  0.057  0.392  0.263 154.22  87.18 134.20  87.15 112.62  87.08  47.07
   27 -0.456 -0.171  0.915 132.48 146.82  79.20 146.69  40.32 146.36  40.16
   28 -0.050  0.978 -0.901 100.78  29.35 123.26  30.30 146.83  29.58  43.04
   29  0.241  0.802  0.633 185.48  43.71 153.86  42.94 115.02  42.63  47.17
   30 -1.063  0.295  0.296  50.98  96.38  16.77  97.25  12.03  98.08  46.68
   31  0.169  0.788 -0.768 125.08  48.64 145.28  48.91 161.61  47.96  44.31
   32  0.771  0.290  0.499 227.17  98.23 209.78  97.56 169.90  96.99  49.08
   33 -0.586  0.481 -0.176  78.62  77.84  67.90  78.72  72.27  79.33  92.08
   34  0.241 -0.539  0.538 181.63 184.85 153.79 185.33 118.74 185.58  52.34
   35 -0.645  0.650  0.176  86.15  59.17  61.02  60.34  53.21  61.44  47.25
   36 -0.331  0.662  0.431 125.31  57.87  93.39  58.40  71.08  59.11  47.24
   37  0.293  0.601  0.068 167.87  66.08 158.77  65.71 141.75  65.13  50.38
   38 -0.351 -0.036  0.026 107.89 132.00  91.84 131.99  85.20 131.94  47.38
   39  0.175 -0.870 -0.394 139.65 217.16 146.10 217.18 148.31 217.95  47.83
   40 -0.328 -0.482 -0.443  92.41 178.02  94.80 177.35 105.19 177.21  47.73
   41  0.094  0.114 -0.701 120.89 116.65 137.75 116.71 152.44 116.60  44.41
   42 -0.657  0.240 -0.098  74.86 102.92  60.41 103.42  63.04 103.75  37.33
   43 -0.477 -0.307 -0.312  83.59 160.29  79.33 159.76  87.09 159.53  81.29
   44 -0.677 -0.614 -0.164  70.62 192.81  58.52 191.53  63.89 190.69  88.53
   45  1.014  0.014 -0.206 220.15 126.84 232.53 126.81 219.17 126.76  44.38
   46  0.579  0.375  0.709 218.78  88.94 190.02  88.21 143.68  87.75  48.41
   47  0.320 -0.678  0.513 187.82 199.28 162.09 200.06 127.12 200.48  43.93
   48  0.730  0.933 -0.425 187.21  34.31 202.68  33.10 200.38  30.79  45.83
   49  0.353  0.428 -0.101 166.62  84.25 164.72  84.00 153.62  83.46  46.40
   50 -0.077  1.039 -0.397 117.01  21.44 120.44  22.18 125.75  21.85  50.00
   51 -0.725 -0.123  0.060  74.37 141.35  52.89 141.07  50.87 140.85  54.30
   52  0.571  0.686  0.559 212.02  56.76 188.81  55.55 148.72  54.60  43.44
   53  0.657  1.116 -0.819 165.94  16.95 194.25  16.05 207.77  13.30  39.56
   54  0.534  0.541 -0.777 156.82  74.06 182.07  73.76 195.14  72.61  40.78
   55 -0.956 -0.396 -0.163  44.36 170.18  29.73 169.04  39.59 168.20  43.71
   56 -0.696  0.390  0.643  99.24  86.14  54.22  86.76  30.06  87.62  44.08
   57  0.064  0.839 -0.459 127.26  42.50 134.78  42.84 140.73  42.22  45.35
   58  0.702 -0.879 -0.108 197.05 217.69 200.74 219.00 186.17 220.85  61.31
   59  0.739 -0.478 -0.242 194.95 176.62 204.21 177.33 194.51 178.46  46.21
   60  0.998  0.937 -0.850 193.96  35.67 228.42  34.18 240.56  31.02  32.57
   61  0.706  0.628 -0.536 180.84  65.24 199.95  64.50 202.25  62.96  50.48
   62  0.911 -0.203 -0.695 192.41 148.40 220.26 148.72 227.07 149.34  41.79
   63  0.748 -0.092 -0.057 203.06 137.66 205.67 137.81 188.66 138.02  43.54
   64  0.154  0.613  0.563 174.81  63.64 144.55  63.25 109.76  63.06  44.42
   65 -0.504  0.831  0.555 113.95  39.19  74.85  40.14  50.62  41.51  50.63
   66  0.964  0.630 -0.307 211.92  64.89 227.02  63.65 218.09  61.75  39.33
   67 -0.428  0.319  0.796 130.46  93.90  82.44  94.16  47.71  94.68  39.38
   68 -0.176  0.131  0.314 135.00 114.47 109.79 114.54  89.60 114.60  38.50
   69 -0.889 -0.678 -0.211  48.91 199.82  36.80 197.96  47.19 196.67  41.88
   70  0.195 -0.820 -0.646 131.91 211.26 148.00 211.20 159.44 212.11  46.09
   71  0.656  0.158  1.014 238.07 111.60 199.05 111.20 138.94 110.99  41.52
   72 -0.590 -0.046 -0.094  81.25 133.05  67.31 132.97  68.74 132.92  47.72
   73  1.163  0.503 -0.264 230.60  77.89 247.61  76.62 235.44  74.86  42.11
   74  0.229  0.099 -0.063 157.05 118.09 151.99 118.04 140.88 117.93  54.64
   75  0.891 -0.037  0.642 243.53 132.14 223.06 132.25 175.88 132.33  42.17
   76 -0.212  0.303 -0.491 101.25  97.09 106.72  97.43 117.32  97.41  41.40
   77  0.029 -1.227 -0.737 113.94 252.74 131.19 252.02 147.88 252.96  57.00
   78 -0.963 -0.663  0.293  60.60 199.61  27.31 197.84  20.88 196.04  43.36
   79  1.147  0.272 -0.688 212.75 101.37 244.06 100.84 248.98  99.86  37.25
   80  0.357 -0.467 -0.296 159.50 175.97 164.87 176.19 161.28 176.84  46.44
   81 -1.003 -0.914 -0.043  44.38 225.68  24.46 222.93  30.81 220.81  69.67
   82 -0.292 -1.008  0.485 131.02 235.43  97.42 234.80  72.32 233.83  48.71
   83 -0.720 -0.255  0.183  79.44 155.41  53.08 154.86  46.46 154.39  48.04
   84  0.066 -0.402  0.553 166.39 170.71 135.21 170.87 102.09 170.86  44.76
   85 -0.988 -0.256 -0.022  46.55 155.50  25.95 154.76  31.36 154.22  45.40
   86  0.594  1.005  0.454 209.83  23.91 190.95  22.16 154.87  20.64  50.07
   87 -0.160  0.053 -0.799  94.56 122.85 112.17 122.92 133.40 122.89  45.71
   88 -1.100  1.033 -0.138  31.70  18.28  14.84  21.66  26.25  24.21  50.12
   89 -0.158  0.668  0.940 161.34  56.34 111.24  56.36  66.17  56.95  42.64
   90 -0.022  1.120  0.193 144.45  11.08 126.00  11.21 108.16  11.19  52.43
   91  0.499  0.516 -0.802 152.79  76.56 178.43  76.33 192.75  75.28  40.67
   92  0.805 -0.679 -0.875 176.50 195.56 208.94 196.34 223.52 198.27  39.14
   93 -0.381 -0.601 -0.653  79.95 190.02  89.77 189.03 108.49 188.88  38.56
   94 -0.138  0.135  0.659 151.97 113.92 113.56 113.92  79.33 114.02  42.92
   95 -0.133 -0.302  0.994 165.82 160.71 113.94 160.78  66.36 160.52  42.40
   96  0.989  0.212  0.236 235.58 106.60 231.77 106.04 200.58 105.45  44.35
   97  0.648 -1.005 -0.755 167.57 228.67 193.54 229.50 204.70 231.92  41.20
   98  1.067 -0.042  0.146 238.72 132.51 239.56 132.62 211.40 132.74  36.45
   99  0.352  1.100 -0.352 157.00  16.18 164.29  15.77 162.86  14.18  44.57
  100  0.895 -0.347  0.664 244.80 164.16 223.58 165.26 175.48 165.89  42.35
  101 -0.911 -0.436 -0.359  41.53 174.08  35.11 172.82  51.16 172.04  43.45
  102  0.321  0.223 -0.202 159.88 105.44 161.30 105.33 154.53 105.07  41.53
  103  0.918  0.070 -0.340 206.66 121.20 222.18 121.08 214.96 120.87  40.93
  104  0.497  0.308 -0.477 164.87  97.11 178.85  96.89 180.80  96.32  44.08
  105 -0.034 -0.755  0.279 146.57 207.51 124.66 207.43 103.71 207.37  48.62
  106  0.313 -0.548  0.477 185.75 185.63 161.27 186.16 127.89 186.53  61.67
  107 -1.193 -0.416  0.139  32.85 173.02   3.91 171.61   7.32 170.37  39.71
  108  0.175 -0.464 -0.314 142.66 175.83 146.22 175.83 145.42 176.24  48.73
  109 -0.493  0.592 -0.321  81.88  66.58  77.82  67.59  86.02  68.06  40.33
  110  0.071 -1.028  0.937 182.50 238.14 135.76 238.95  87.45 238.61  51.23
  111 -0.861 -0.204 -0.355  46.34 149.64  40.21 149.08  55.35 148.73  39.55
  112 -1.208  0.569 -0.648   3.45  68.53   5.96  70.64  37.24  71.96  51.79
  113  0.388  0.947 -0.192 166.27  31.41 168.14  30.78 160.21  29.51  45.33
  114  0.358 -0.666  0.026 172.00 196.95 165.49 197.34 149.24 198.13  49.48
  115 -0.043  0.652  0.284 146.03  59.85 123.78  59.91 102.75  59.98  36.38
  116 -0.231  0.185 -0.120 113.31 108.98 104.38 109.09 101.47 109.23  53.45
  117  0.291 -0.016  0.187 172.31 129.93 158.66 129.94 137.02 129.94  44.29
  118 -0.343  0.179  0.791 138.08 108.97  91.58 109.06  55.44 109.42  43.09
  119  0.219  0.325 -0.219 150.16  94.84 150.85  94.90 145.82  94.49  54.79
  120  0.884  1.133 -0.475 198.61  14.77 218.26  12.91 216.54   9.66  41.00
  121 -0.707 -0.191  0.570  95.40 148.89  53.21 148.45  32.11 148.07  56.81
  122  0.114  0.780  0.586 172.10  45.84 140.31  45.46 105.21  45.40  46.69
  123  0.388 -0.092 -0.714 146.32 137.52 167.37 137.54 179.49 137.70  41.50
  124 -0.534 -0.171  0.037  91.35 146.34  72.84 145.91  68.56 145.71  67.29
  125 -0.055 -0.585  0.528 154.44 190.16 122.45 190.18  92.08 189.99  44.44
  126 -0.055  0.298  0.338 146.93  96.91 122.56  96.86  99.56  96.93  58.08
  127  0.256 -0.751 -0.231 153.07 205.24 154.58 205.54 149.64 206.24  44.46
  128 -0.371  0.422  0.953 141.99  82.54  88.23  82.84  46.41  83.44  38.62
  129  0.211  0.357  0.722 186.33  90.47 150.81  90.20 108.82  90.18  45.03
  130  0.885  0.346  0.691 244.93  92.34 222.53  91.33 173.36  90.54  51.96
  131  0.126  1.019 -0.484 131.91  24.30 141.02  24.62 147.20  23.65  47.47
  132  1.144  1.091 -0.657 213.74  20.26 243.93  17.89 247.48  13.90  52.08
  133  1.024 -0.693  0.271 240.07 199.05 235.63 200.90 202.63 202.88  41.50
  134 -0.388 -0.276  0.493 122.33 157.71  87.20 157.46  63.42 157.17  48.50
  135 -0.522 -0.461  0.362 104.84 177.30  73.31 176.74  56.79 176.07  54.14
  136 -0.754 -0.000  0.208  77.16 128.34  49.48 128.34  42.45 128.22  47.43
  137  0.746 -1.057 -0.083 201.91 235.79 205.35 237.52 189.33 239.93  40.85
  138  1.121 -0.172 -0.764 207.66 145.16 241.08 145.50 249.18 146.26  38.02
  139 -0.404  0.408  0.657 127.30  84.46  85.25  84.89  55.54  85.38  46.04
  140 -0.831 -0.737 -0.397  47.62 205.45  43.38 203.50  59.45 202.31  35.22
  141 -1.006  0.682 -0.721  19.60  57.20  26.77  59.46  56.86  60.50  40.26
  142  0.511  0.745 -0.024 183.63  51.88 181.26  51.07 165.30  49.98  47.76
  143 -0.160 -0.583  0.510 144.15 190.13 111.39 189.96  83.28 189.61  43.80
  144 -0.287 -1.184 -0.150 107.33 251.62  98.60 250.27  97.67 249.82  41.50
  145 -0.939 -0.737 -0.816  22.67 204.63  33.93 202.30  66.32 201.20  41.36
  146  0.664  0.752  0.273 208.72  50.69 197.87  49.37 168.30  48.05  45.43
  147 -0.743 -0.978  1.004 109.04 235.23  48.03 233.70  11.25 231.22  38.74
  148 -0.209  0.113  0.194 127.36 116.40 106.44 116.48  91.34 116.55  38.33
  149 -1.102  0.537 -0.479  19.22  71.75  16.03  73.61  39.46  74.83  38.53
  150  0.335 -0.984  0.333 182.07 230.75 163.49 231.67 135.39 232.54  49.43
  151  0.074  0.932 -0.879 112.64  34.24 135.70  34.77 157.10  33.82  42.09
  152  0.282 -0.749 -0.946 128.47 203.29 156.41 203.12 178.25 204.33  38.37
  153  0.724 -0.681  0.560 225.56 198.96 204.94 200.65 163.10 201.69  43.57
  154  0.557 -0.301  0.162 194.53 159.23 186.71 159.68 162.14 160.17  42.12
  155  0.053  0.586  0.373 158.18  66.66 133.87  66.53 107.99  66.60  47.13
  156  0.919  0.183  0.257 230.35 109.49 224.52 109.05 193.13 108.57  34.33
  157  0.725 -0.495 -0.938 166.90 177.34 200.93 177.70 218.00 179.10  42.59
  158  0.724 -0.592 -0.186 195.93 188.34 202.79 189.22 191.14 190.57  37.57
  159  1.204 -1.106  0.042 246.30 239.89 253.36 243.18 228.20 246.96  32.17
  160  0.256  0.317  0.939 199.12  94.56 155.91  94.13 104.32  94.22  44.38
  161  0.179 -1.151  0.854 188.90 250.61 147.46 251.62 100.65 251.85  86.67
  162  0.256  0.127 -0.086 158.57 115.14 154.69 115.15 144.17 115.08  52.56
  163  0.884 -0.255 -0.625 192.74 153.65 217.72 154.03 221.98 154.79  38.73
  164 -0.742 -0.898 -0.843  39.80 220.93  53.81 218.27  83.99 217.51  34.75
  165  0.060 -1.107  0.427 161.01 244.66 134.55 244.99 106.43 245.11  43.23
  166 -0.020  0.219  0.421 153.48 105.14 126.18 105.13  99.53 105.29  48.38
  167  0.380 -0.250  0.147 178.72 154.17 167.92 154.33 146.78 154.62  42.22
  168 -0.935 -1.126 -0.612  30.23 245.81  33.50 242.33  58.74 240.48  39.57
  169  0.755 -0.835 -0.182 198.87 213.04 205.91 214.19 193.98 216.07  45.32
  170 -0.138 -0.450 -0.696 100.34 174.18 114.34 173.81 131.55 173.84  39.50
  171  1.085 -0.314 -0.164 227.88 159.82 240.03 160.58 224.39 161.60  37.33
  172 -1.091 -0.570 -0.369  24.58 188.60  16.51 186.48  36.49 185.21  25.40
  173  0.040 -0.494  0.662 168.38 180.60 132.48 180.79  95.40 180.70  44.43
  174 -1.202  0.181 -0.632   4.28 109.19   6.62 109.96  36.94 110.35  37.43
  175  0.751 -0.744 -0.931 169.90 202.05 203.33 202.87 220.58 204.69  49.45
  176  0.530  0.555  0.996 226.14  69.57 185.46  68.41 127.79  67.94  40.09
  177 -0.385  0.422 -0.688  78.17  84.90  89.46  85.78 109.38  85.70  47.65
  178 -0.546  0.638  0.258  98.67  60.38  71.06  61.34  58.76  62.39  41.55
  179  1.109 -0.849 -0.436 229.23 212.69 235.42 214.95 247.22 218.00  35.82
  180 -0.670  0.385 -0.856  46.12  88.69  61.08  89.63  90.97  90.05  44.71
  181  1.044  0.886  0.462 249.39  37.28 238.56  34.64 197.23  32.40  47.42
  182 -0.952 -0.982 -0.795  22.11 230.10  32.46 226.94  64.29 225.71  41.38
  183 -0.633  0.874  0.111  85.04  35.40  62.38  36.95  56.95  38.87  47.34
  184 -1.080 -1.115 -0.544  19.07 245.35  18.60 241.52  43.80 239.24  37.00
  185 -1.171 -0.744  0.274  39.98 208.69   5.56 206.27   3.75 203.99  34.75
  186 -0.504  0.346  0.185  99.79  91.57  75.57  92.04  65.38  92.71  50.85
  187 -0.454 -1.007 -0.353  84.22 232.86  81.92 231.45  90.51 230.50  44.72
  188  0.527  0.037 -0.795 155.44 124.50 181.29 124.49 195.06 124.42  29.17
  189  1.066 -0.963 -0.264 222.50 225.16 237.63 227.01 226.22 230.21  80.77
  190  0.012 -0.879 -0.918 105.75 217.19 129.37 216.22 153.09 216.97  33.29
  191 -1.125  0.383  0.266  44.06  86.90  10.41  88.14   8.07  89.27  39.00
  192 -0.813 -0.670  0.552  84.79 200.53  42.07 199.18  23.60 197.82  43.36
  193 -0.931 -0.585 -0.595  31.42 189.11  33.70 187.38  58.76 186.90  78.83
  194 -0.331 -0.301 -0.775  80.07 159.12  94.88 158.36 117.52 158.73  47.56
  195 -0.862  0.499 -0.696  34.11  76.42  41.15  77.88  68.40  78.49  39.50
  196 -0.739 -0.589  0.218  69.29 191.31  56.34 189.80  34.21 188.54  19.62
  197  0.955 -1.159  0.563 245.96 247.99 229.54 251.23 184.92 253.83  43.58
  198  0.112 -0.355 -0.610 125.89 164.57 139.64 164.12 150.69 164.46  46.46
  199  0.553 -0.767  0.145 193.80 207.13 185.96 208.15 162.66 209.76  48.09
  200 -0.078 -0.374 -0.161 125.90 167.45 120.17 166.68 116.97 166.64  71.64
  201  1.072  0.521 -0.199 225.12  75.99 238.71  74.78 224.11  72.68  35.94
  202  0.477 -0.888  0.988 221.25 222.10 179.66 223.76 123.19 225.19  36.89
  203  1.093  0.411  0.209 243.50  86.59 242.50  85.27 211.58  83.95  28.54
  204 -0.973 -1.072 -0.010  48.44 242.50  27.40 239.43  32.04 236.98  29.00
  205 -0.426  0.522 -0.179  81.65  74.03  90.90  74.21  75.03  74.97  34.20
  206 -0.261 -0.139 -0.601  92.59 142.72 101.87 142.27 117.00 142.26  31.00
  207  1.193 -0.909  0.196 251.68 220.41 252.94 223.17 221.67 226.41  36.22
  208  0.115 -0.973  0.164 155.68 229.63 140.32 229.83 121.69 230.31  35.75
  209  0.412 -1.145  0.275 186.75 247.48 171.31 248.11 144.79 249.48  29.79
  210  0.150  1.055 -0.872 119.68  21.91 143.22  22.53 163.68  21.13  51.25
  211 -0.454  0.550 -0.839  66.24  71.63  82.89  72.71 108.79  73.90  42.91
  212 -1.082  0.134  0.349  62.44 113.58   8.56 114.01  18.05 114.80  42.79
  213  1.200 -0.867 -0.277 235.92 214.69 249.74 217.57 242.31 220.20  38.71
  214 -1.101  0.970 -0.919   4.04  27.51  17.98  31.05  56.51  33.16  31.75
  215  0.917 -0.285 -0.194 212.38 156.99 222.62 157.53 209.66 158.44  25.50
  216  1.119 -0.790  0.351 246.09 209.84 249.32 210.98 202.55 213.33  38.48
  217  0.514  1.072  0.730 213.98  16.13 183.05  13.59 136.76  12.43  19.94
  218  0.281  0.486  0.150 169.99  77.83 157.60  77.52 137.52  77.21  81.58
  219  0.811  0.346  0.639 236.60  91.54 214.46  90.66 168.61  92.31  44.83
  220 -0.324  0.901 -0.739 200.61 253.77  95.67  37.47 116.67  37.51  52.07
  221  0.084 -0.938  0.035 147.87 226.04 136.98 225.36 184.92 253.83  57.44
  222 -0.526 -0.860  0.548 111.68 220.48  72.57 219.35  48.93 217.99  60.50
  223 -0.917  0.880 -0.559  33.79  36.27  35.16  38.92 184.92 253.83  41.60
  224  0.392  0.966 -0.658 148.84  30.83 210.86 254.02 177.68  28.93  40.31
  225 -0.629  0.641  0.878 114.83  58.54 210.86 254.02  26.46  61.00  50.12
  226  1.127  0.400 -0.620 213.44  88.59 242.55  87.93 244.43  85.98  33.12
  227  0.955  0.570 -0.819 191.92  71.90 223.94  70.88 236.05  69.08  21.02
  228  0.585 -1.079 -0.201 200.61 253.77 188.46 239.27 178.65 241.34  52.07
  229 -0.555  0.216  0.678 113.92 104.98  69.13 105.17  41.12 105.57  40.36
  230  0.869  0.537 -0.701 188.53  74.85 215.98  73.95 184.92 253.83  53.67
  231 -0.597 -0.464  0.467 101.85 178.03  65.14 177.25  45.92 176.44  56.69
  232  0.041  0.352  0.785 173.39  90.76 132.68  90.59 184.92 253.83  39.00
  233 -1.114  0.616 -0.863 200.61 253.77  16.46  66.42  53.22  67.57  52.07
  234  0.479 -0.300 -0.004 181.51 158.52 177.95 159.85 184.92 253.83  61.63
  235 -0.413  0.362  0.406 116.62  89.82  84.78  90.20  64.65  90.50  43.48
  236 -0.298 -1.050 -0.414  96.35 236.75 210.86 254.02 106.69 235.17  42.88
  237  0.937 -1.028  0.980 200.61 253.77 229.26 239.10 167.11 241.31  52.07
  238  0.118  0.022  0.052 151.60 125.54 140.50 125.61 126.46 126.75  42.25
  239 -0.785  0.543 -0.711  40.65  72.01  49.04  73.50 184.92 253.83  50.50
  240 -0.599  0.179  0.246  93.17 109.23  65.52 109.52 184.92 253.83  45.78
  241  0.558  0.824 -0.221 180.07  43.04 185.66  44.98 184.92 253.83  23.64
