    1 -0.823  0.539  0.904  97.30  69.30  39.82  70.31   8.24  71.81  40.15
    2  0.202  0.806  0.853 190.85  42.61 149.97  41.77 102.74  41.68  45.06
    3 -0.231  1.039 -0.842  86.69  22.48 105.08  23.92 128.65  23.68  44.41
    4 -1.007  0.862  0.586  67.43  34.56  21.41  36.82   5.21  39.38  42.02
    5  0.586  0.803 -0.684 164.84  47.78 187.47  47.19 196.50  45.42  44.49
    6  0.244  0.988 -0.803 130.44  28.75 152.78  28.94 169.60  27.55  46.96
    7  0.867  0.670 -0.071 212.87  60.29 217.93  58.99 200.34  57.24  43.27
    8 -0.923 -0.106 -0.198  46.22 139.44  33.28 139.15  43.85 138.95  45.04
    9 -0.333  0.834 -0.872  76.32  43.19  94.84  44.58 120.80  44.56  40.85
   10  1.131  1.058 -0.486 219.27  22.96 243.37  20.62 240.23  16.88  40.37
   11 -1.046 -0.348 -0.356  28.93 165.00  21.33 163.87  39.52 163.12  43.68
   12 -0.604  0.243  0.240  92.48 102.37  65.02 102.80  54.36 103.16  40.33
   13  0.290 -0.101 -0.627 140.95 138.53 157.58 138.55 167.40 138.66  46.06
   14  0.960  0.824 -0.454 205.94  45.80 226.10  44.29 223.00  41.76  44.13
   15 -0.904  0.317 -0.347  42.62  94.95  35.79  95.84  51.29  96.43  43.59
   16  0.021 -0.059  0.406 156.50 134.50 130.44 134.51 103.77 134.51  49.55
   17 -1.201  0.260 -0.335  14.94 100.71   5.37 101.67  25.51 102.30  39.21
   18  0.417  0.542  0.380 191.17  71.88 172.20  71.23 141.27  70.68  50.43
   19  0.369  0.880  0.175 178.86  37.08 166.73  36.36 144.61  35.39  46.46
   20  0.230  0.765 -0.632 135.55  50.79 151.53  50.90 162.12  49.91  49.93
   21 -0.205 -0.630 -0.639  96.35 192.74 107.50 192.03 123.41 192.11  72.86
   22 -0.193  0.739  0.641 145.67  49.45 108.12  49.64  74.52  50.27  48.83
   23 -0.987  0.423 -0.123  42.90  83.32  26.36  84.58  35.33  85.50  41.16
   24  0.279  0.109 -0.814 133.07 117.33 156.31 117.35 173.23 117.18  43.58
   25  0.188  0.668 -0.886 122.42  61.09 147.12  61.34 167.63  60.47  43.39
   26 -0.420 -0.430  0.666 126.15 174.42  83.59 174.04  53.69 173.42  44.36
   27 -0.421  0.370  0.405 116.14  88.89  83.80  89.34  64.25  89.73  49.53
   28  0.563 -0.288  0.593 212.63 158.36 187.98 158.90 146.67 159.26  45.91
   29  0.508  1.113 -0.752 155.57  16.64 179.50  16.07 191.77  13.82  46.71
   30 -0.813 -0.877  0.201  71.36 221.97  43.25 219.94  37.52 218.13  45.73
   31 -1.008  0.239 -0.349  32.72 103.06  25.13 103.78  42.43 104.28  43.73
   32 -0.217 -0.374  0.941 155.88 168.58 104.86 168.55  60.77 168.11  44.47
   33 -1.217  0.187 -0.545   5.88 108.52   4.66 109.25  32.30 109.71  40.70
   34  0.908  0.279 -0.288 207.83 100.20 221.39  99.68 212.17  98.89  45.33
   35 -0.002 -1.038  0.980 177.36 239.53 128.08 240.21  78.78 239.52  44.95
   36  0.957  0.688 -0.040 221.85  58.59 227.38  57.07 207.73  55.13  46.97
   37 -1.154  0.792 -0.740   5.13  45.50  11.97  48.44  45.16  50.03  37.93
   38  0.771 -0.292  0.786 238.91 158.79 210.80 159.54 158.86 160.07  47.67
   39  0.301 -0.488  0.707 193.86 179.76 160.39 180.34 117.75 180.59  46.00
   40 -0.216 -0.697  0.493 138.34 202.25 105.46 201.96  78.89 201.43  48.40
   41 -0.176  0.650 -0.765  94.38  61.98 110.52  62.78 130.68  62.57  44.00
   42 -0.583  1.133  0.548 106.32   6.61  66.46   8.22  43.80  10.26  45.07
   43 -0.783  0.349 -0.276  56.54  91.58  47.96  92.45  59.00  93.00  32.74
   44 -0.317  0.698 -0.877  77.62  57.18  96.48  58.32 122.42  58.28  40.38
   45 -0.871  0.667  0.401  73.39  56.37  36.47  57.94  24.48  59.54  47.64
   46  0.416 -0.641  0.029 177.17 194.29 171.43 194.83 154.43 195.67  52.91
   47 -0.517 -0.551  0.679 117.51 187.59  73.18 186.98  44.47 186.01  45.18
   48  0.132  0.828 -0.949 115.14  45.01 141.42  45.47 164.83  44.48  41.12
   49 -0.349 -0.764  0.877 141.15 210.63  90.80 210.25  51.55 209.14  44.91
   50 -0.163  0.782 -0.782  94.96  48.66 111.85  49.53 132.51  49.25  83.21
   51 -0.571 -0.043  0.882 120.39 132.97  66.91 132.91  31.42 132.85  42.59
   52 -0.606 -0.208  0.336  95.98 150.50  64.64 150.16  50.42 149.73  50.05
   53 -0.096  0.720 -0.582 108.29  54.66 118.50  55.30 130.97  55.03  42.78
   54 -1.109 -1.083 -0.522  17.05 242.13  15.51 238.34  40.46 236.02  41.83
   55  1.143  0.992 -0.197 231.66  28.70 245.91  26.19 231.07  22.79  37.21
   56 -0.986 -0.908  0.277  57.82 225.90  24.85 223.44  19.48 221.06  40.78
   57  0.312  0.087 -0.139 161.52 119.28 160.47 119.24 151.31 119.14  44.12
   58 -0.259 -0.186 -0.771  86.66 147.30 102.24 146.97 123.66 147.04  50.92
   59  0.644  0.308 -0.341 182.91  97.10 194.15  96.74 189.43  96.10  41.30
   60  0.524  0.264  0.658 211.82 100.63 184.06 100.19 140.47  99.87  46.43
   61  1.066  0.521 -0.350 219.00  76.16 237.31  75.03 229.35  73.25  42.00
   62  0.382 -1.146 -0.844 141.14 243.20 166.59 243.34 183.54 245.36  55.88
   63  0.314  0.377  0.808 199.08  88.36 161.86  87.87 114.94  87.69  39.91
   64 -0.543 -1.096 -0.702  63.43 241.23  73.49 238.93  96.08 238.24  43.11
   65 -0.224 -0.778 -0.704  92.27 207.74 105.62 206.77 124.10 206.87  47.08
   66  0.363  0.469 -0.492 152.56  80.69 165.19  80.53 169.14  79.82  40.12
   67  0.441  0.972 -0.055 176.25  28.43 173.90  27.66 159.92  26.22  47.41
   68 -0.086  0.528  0.127 136.02  72.99 119.33  73.17 104.98  73.22  49.20
   69 -0.301 -1.184 -0.251 102.15 251.25  97.38 249.83 100.21 249.40  46.22
   70 -0.256  0.564  0.048 117.46  69.17 101.67  69.67  92.79  69.94  47.33
   71 -0.472 -0.852 -0.142  90.45 217.44  79.54 216.12  80.92 215.33  39.62
   72 -0.401 -0.686  0.277 112.88 200.94  86.26 200.17  70.85 199.44  40.24
   73 -1.136 -0.872  0.250  42.48 222.36   9.32 219.59   7.69 217.02  42.19
   74 -0.465  0.631  0.038  97.84  61.84  80.00  62.75  74.58  63.39  44.33
   75 -0.956  0.871 -0.085  47.28  35.79  29.42  38.28  36.48  40.16  41.53
   76 -0.128 -0.274  0.889 162.02 157.66 114.51 157.69  71.03 157.45  45.42
   77  0.273 -0.605 -0.609 140.19 189.53 155.89 189.63 165.17 190.37  45.19
   78  0.152  0.372  0.290 163.90  89.41 144.26  89.25 120.35  89.10  45.44
   79  0.746 -0.531 -0.721 177.25 181.22 203.52 181.74 212.63 183.20  46.40
   80  0.374 -0.156 -0.579 150.22 143.94 166.24 144.15 173.35 144.30  90.92
   81 -0.590 -0.579  0.778 114.53 190.93  65.10 190.18  33.94 189.00  48.29
   82 -0.772 -0.564 -0.849  37.00 186.38  50.79 184.83  81.86 184.22  38.00
   83 -0.790 -0.600  0.246  75.28 192.40  45.52 191.07  37.86 189.88  44.90
   84  1.065 -0.568 -0.092 229.05 185.56 238.25 186.97 219.90 188.74  43.06
   85 -0.693 -0.541 -0.262  65.50 185.04  57.18 183.81  66.30 183.09  47.62
   86  0.104 -0.764  0.547 169.67 208.87 139.27 209.24 105.80 209.30  47.62
   87  0.338 -1.039 -0.581 146.90 233.36 162.64 233.66 169.85 235.22  54.93
   88 -0.582  1.087 -0.007  85.32  13.59  67.93  15.54  65.96  16.94  40.95
   89 -0.432 -0.860 -0.505  80.65 217.12  84.30 215.73  98.31 215.23  45.36
   90  1.036 -0.003 -0.894 195.53 128.58 232.14 128.58 245.77 128.60  38.95
   91 -0.835 -0.496  0.452  78.78 181.73  40.15 180.64  25.64 179.47  41.85
   92  0.915 -0.759 -0.060 217.47 205.16 222.96 206.75 204.50 208.82  44.57
   93 -0.990  0.016  0.079  50.01 126.49  25.23 126.54  27.10 126.67  41.72
   94 -0.110  0.244  0.254 138.65 102.65 116.70 102.73  97.83 102.80  46.33
   95 -1.107  0.884 -0.228  27.73  34.43  14.43  37.40  29.15  39.53  40.33
   96  0.706  0.900 -0.074 198.73  36.62 201.26  35.21 185.29  33.25  47.90
   97  0.363 -1.153  0.203 179.47 247.69 166.25 248.74 143.00 249.95  46.43
   98 -0.675 -0.773 -0.466  59.64 208.81  59.46 207.03  75.59 206.14  41.00
   99  1.091 -1.082  0.358 249.40 238.91 243.05 242.09 205.76 245.33  41.17
  100  0.438  0.250  0.638 203.34 102.07 174.84 101.68 133.16 101.44  50.92
  101 -1.185  0.647  0.225  36.72  58.41   4.26  60.63   4.43  62.54  41.07
  102  0.410  0.648  0.648 201.30  60.23 171.92  59.31 130.20  58.76  40.88
  103  0.836 -0.215 -0.634 188.26 149.70 212.87 150.07 217.82 150.64  47.31
  104  0.636 -0.593  0.780 226.75 190.40 196.32 191.69 146.32 192.52  38.45
  105 -0.388  0.573 -0.346  90.53  68.82  88.53  69.67  96.17  69.99  46.82
  106  0.414 -0.964 -0.634 151.70 225.48 170.13 225.82 178.86 227.49  48.50
  107  0.741  0.007 -0.870 171.14 127.54 202.55 127.53 217.42 127.51  40.31
  108 -1.042 -0.618  0.085  45.33 194.41  19.83 192.55  22.38 190.98  40.95
  109 -0.678 -1.152 -0.011  76.21 250.06  57.98 247.69  57.68 245.93  44.32
  110 -0.101 -0.479  0.599 153.03 179.13 117.50 179.11  85.07 178.92  48.47
  111  0.085  0.190  0.170 153.10 108.47 137.17 108.44 118.77 108.27  50.18
  112 -0.367  0.154  0.405 121.00 111.89  89.54 112.07  68.97 112.06  94.32
  113  0.346 -0.330  0.111 174.22 162.40 164.29 162.65 144.98 163.01  44.33
  114 -0.699 -0.737  0.229  83.19 206.81  55.12 205.35  46.43 204.05  45.53
  115  1.076 -0.531  0.321 246.55 182.48 241.24 184.08 205.76 185.58  43.31
  116  0.395  0.542 -0.512 154.71  73.36 168.39  73.27 172.86  72.28  45.15
  117  0.433  1.136  0.937 215.15   7.97 174.91   5.98 120.95   5.19  35.67
  118  0.245  1.022  0.963 199.09  19.26 154.65  18.12 102.22  18.09  49.68
  119 -0.035 -0.659  0.705 163.28 198.34 124.55 198.50  86.87 198.35  46.35
  120  0.980 -0.876 -0.823 193.53 214.92 226.77 216.31 237.97 219.19  35.08
  121  1.163 -0.657 -0.699 213.71 193.24 245.66 194.62 250.85 197.07  38.32
  122 -0.002 -0.107 -0.004 135.38 139.47 129.89 139.39 114.44 139.39  46.50
  123 -0.638 -1.089  0.226  88.82 244.13  61.48 242.17  51.83 240.39  42.68
  124 -0.089 -0.844  0.503 150.44 217.56 118.86 217.56  90.04 217.31  48.48
  125 -0.045 -0.006 -0.264 124.73 128.91 123.60 128.90 123.61 128.90  43.40
  126 -0.742  1.031 -0.683  45.66  21.41  53.28  24.10  78.08  25.24  42.00
  127 -0.625 -0.463  0.691 107.79 178.28  61.60 177.61  34.37 176.66  38.62
  128  0.231  1.058 -0.634 135.52  21.10 151.73  21.27 162.15  19.84  70.10
  129  0.225 -0.914 -0.673 133.60 220.80 150.98 220.56 163.17 221.72  44.25
  130 -0.026 -1.104 -0.024 135.83 242.87 125.44 242.74 116.21 242.78  50.25
  131  0.153 -0.036 -0.152 146.77 131.87 144.03 131.87 137.25 132.16  48.10
  132 -0.398  0.387 -0.314  91.13  87.99  87.30  88.73  94.45  88.78  45.35
  133 -0.684 -0.762  0.630  99.95 210.56  55.58 209.28  31.70 207.62  40.77
  134 -0.533 -0.525 -0.062  87.78 183.46  73.17 182.58  72.49 181.99  47.70
  135  0.509 -0.520 -0.631 160.06 180.63 179.74 180.94 187.49 181.97  41.88
  136  0.693  0.382  0.048 202.33  89.19 200.22  88.56 179.57  87.77  47.18
  137  0.889 -0.358 -0.220 208.89 164.38 219.68 165.05 207.91 166.11  43.57
  138 -0.589  0.903 -0.131  80.01  33.35  67.47  35.04  70.17  36.13  40.75
  139  0.396 -0.809  0.084 177.86 211.65 169.37 212.53 150.79 213.34  54.69
  140  0.025  0.494 -0.836 109.74  78.34 130.78  78.72 151.21  78.09  45.37
  141  0.496 -0.896 -0.732 155.24 218.17 178.23 218.56 189.94 220.36  54.79
  142  0.393  1.094 -0.930 138.88  18.93 167.53  18.75 187.66  16.73  43.14
  143 -0.051 -0.947  0.038 135.76 226.85 123.08 226.71 111.42 226.51  56.53
  144  0.227 -0.154  0.828 192.02 144.60 152.50 144.73 106.11 144.69  46.88
  145  0.957 -0.618  0.203 231.54 191.38 228.30 192.90 198.73 194.57  40.41
  146  0.228  0.199  0.767 189.69 107.19 152.65 106.97 108.59 106.93  45.00
  147  0.826  0.562  0.400 227.96  70.30 215.27  69.02 178.79  67.96  44.78
  148  0.452 -0.795  0.779 210.35 211.94 176.62 213.26 128.97 213.96  34.86
  149  0.584 -0.275  0.847 224.85 157.13 190.92 157.69 138.76 158.03  37.92
  150 -0.403 -1.034  0.386 116.91 238.22  85.87 237.16  66.34 235.96  45.47
  151 -0.882  0.298 -0.640  34.14  97.25  39.10  98.16  64.48  98.53  35.10
  152  0.897 -0.580 -0.823 186.39 185.77 218.43 186.58 230.28 188.37  39.25
  153  0.831 -0.754 -0.002 212.49 204.95 214.48 206.38 194.45 208.25  42.50
  154  0.412 -1.108  0.215 184.27 243.01 171.35 244.16 146.99 245.49  47.30
  155  0.944 -0.905 -0.114 217.80 219.77 225.69 221.67 209.14 224.24  41.71
  156 -0.725 -0.269  0.923 107.40 157.57  50.34 157.15  16.10 156.62  41.00
  157 -0.996 -0.168 -0.347  33.94 145.91  26.35 145.39  43.39 145.09  39.60
  158  0.539 -1.178  0.028 188.19 249.11 184.16 250.73 165.90 252.47  44.94
  159 -0.156 -0.055 -0.466 107.13 133.87 112.35 133.81 121.32 133.81  38.25
  160  0.221 -1.105  0.340 172.09 243.70 151.47 244.38 124.58 245.01  49.86
  161  1.108 -0.175 -0.829 204.04 145.51 239.57 145.84 250.26 146.48  31.42
  162  0.313 -0.853 -0.124 162.22 215.90 160.58 216.23 150.76 217.40  43.36
  163  1.131  0.018  0.197 236.11 126.35 252.78 126.35 203.92 126.29  18.53
  164 -0.882  0.096  0.008  57.75 117.92  36.78 118.48  39.40 118.37  44.52
  165  0.850  0.118 -0.342 200.61 116.51 215.35 116.31 208.57 115.69  44.44
  166 -1.104 -0.991 -0.197  29.16 233.58  14.63 230.29  28.20 227.88  37.31
  167  0.578  0.394 -0.908 155.69  89.06 186.20  88.84 203.84  87.94  33.50
  168  1.062 -0.303  0.248 242.39 159.17 239.37 159.97 207.18 160.97  57.63
  169  0.446  0.911  0.404 201.62  33.50 171.21  32.36 150.10  31.22  66.28
  170 -0.305  0.958 -0.944  76.26  30.79  97.82  32.37 125.86  32.46  45.68
  171  0.374 -0.995  0.901 208.31 233.58 168.45 235.16 116.81 235.87  41.82
  172 -1.074 -0.497 -0.721  13.24 180.15  19.92 178.41  51.18 177.52  37.86
  173  0.202  0.735 -0.598 134.37  53.83 148.74  53.77 158.38  52.86  58.79
  174 -0.503 -0.710  0.317 104.32 203.61  75.70 202.92  59.69 201.86  45.91
  175 -0.826  0.732  0.027  63.62  50.47  42.58  52.12  43.27  53.76  61.64
  176  0.253 -0.671  0.879 196.46 199.51 155.38 200.31 106.37 200.46  29.67
  177 -0.049  0.914  0.879 168.98  30.42 122.94  30.11  78.57  30.54  45.89
  178 -0.117  0.167 -0.338 115.90 111.12 116.00 111.04 120.42 111.21  30.13
  179 -0.065 -0.895  0.710 160.67 223.44 121.42 223.89  83.84 223.06  53.75
  180  0.762 -1.150 -0.297 194.93 244.33 206.39 246.04 198.60 249.16  45.60
  181  0.503 -0.076  0.727 212.73 136.29 181.86 136.19 135.82 136.67  89.00
  182 -0.777 -0.938  0.194  74.58 228.32  47.06 226.25  40.95 224.42  42.50
  183  0.298  0.941  0.529 186.57  29.43 159.84  28.50 124.44  28.10  48.00
  184  0.007  0.949 -0.482 114.45  31.22 132.99  31.59 129.45  31.18  51.06
  185 -1.075  1.091 -0.295  40.66  12.86  11.61  16.42  45.13  18.70  39.83
  186 -1.177 -0.782  0.040  30.74 212.19   6.01 209.51  12.62 207.30  36.12
  187 -0.672  0.419 -0.817  47.32  85.12  60.66  86.18  89.28  86.49  37.00
  188  0.202 -1.027  0.296 168.66 235.45 149.44 236.01 124.52 236.57  35.67
  189  1.089 -1.141 -0.080 231.69 243.48 240.87 246.27 221.66 249.93  34.94
  190 -0.149 -1.055  0.014 125.95 238.42 112.77 237.76 103.58 237.58  43.00
  191 -0.249  0.131 -0.363 102.59 114.68 102.81 114.82 109.21 114.84  41.11
  192  1.094  0.313  0.640 252.84  95.95 249.72  94.91 185.98  94.05  29.19
  193  0.026 -0.224 -0.112 136.97 151.40 130.94 151.35 124.28 151.51  43.36
  194 -0.231  0.529  0.374 132.43  72.34 103.88  72.44  82.37  73.01  45.06
  195 -0.478 -0.805  0.287  99.37 213.88  82.00 212.55  57.14 211.60  44.33
  196 -1.020 -0.227  0.341  56.89 152.71  21.00 152.07  14.01 151.61  42.82
  197  0.271 -0.549  0.363 177.49 185.68 156.79 185.93 128.40 186.32  55.21
  198  0.285  0.451 -0.211 156.40  81.87 157.52  82.07 151.56  81.43  57.96
  199  0.232 -0.800 -0.944 124.16 208.51 151.49 208.33 173.65 209.46  23.33
  200  0.983 -0.061 -0.415 209.60 134.59 228.47 134.40 224.08 134.59  29.48
  201  1.020 -1.132 -0.421 212.55 241.47 232.32 243.75 227.56 247.60  36.00
  202  0.658 -0.768  0.815 230.20 208.67 198.72 210.40 147.03 212.02  42.45
  203 -0.380 -0.543 -0.151  98.49 185.36  89.10 183.95  89.40 183.67  33.07
  204  1.057  0.031  0.520 248.37 124.92 242.95 125.05 191.25 124.96  34.62
  205  0.868 -0.228 -0.639 190.87 150.61 216.03 151.49 221.03 152.15  63.29
  206  0.812 -0.431  0.456 229.16 172.91 213.98 173.68 175.54 174.60  35.67
  207 -0.885  0.750  0.231  65.72  48.09  35.70  49.74  30.10  51.46  33.44
  208  0.909 -0.699  0.567 231.56 201.18 231.21 202.03 168.50 203.55  34.58
  209  1.077 -0.368  0.537 249.90 166.45 245.77 167.16 191.45 168.17  28.00
  210 -1.048  0.143 -0.393  17.20 113.08  26.72 113.59  31.42 114.21  39.62
  211  0.764 -0.480  0.603 231.72 177.80 208.87 179.72 166.28 179.84  44.96
  212  0.459  0.636 -0.491 161.16  63.94 174.83  63.56 177.96  62.54  44.25
  213  0.243  1.176  0.320 156.22   5.65 164.04   4.56 109.05   4.15  63.76
  214  1.004  0.732 -0.291 218.43  54.64 229.79  53.15 223.93  51.16  40.36
  215  0.955  1.008 -0.275 212.43  26.74 226.27  24.74 216.02  21.92  29.60
  216  0.940  0.598  0.086 208.15  67.80 236.64  65.75 181.51  64.28  34.60
  217 -0.732  1.134 -0.599  49.58  10.51  54.14  13.45  75.67  14.62  27.50
  218 -0.485  0.001 -0.796  65.07 129.11  79.61 127.71 104.66 127.73  46.04
  219 -0.887  0.128 -0.491  39.28 115.13  37.87 115.71  58.57 114.64  38.08
  220 -0.227 -0.610 -0.878  84.95 189.82 105.92 190.36 129.67 189.20  46.00
  221  0.108  0.958 -0.895   7.03 252.91 139.11  32.27 160.69  31.24  39.14
  222  1.195 -1.197 -0.364 229.51 247.71 250.49 250.66 165.90 252.47  45.64
  223  1.228 -0.244 -0.219 237.88 152.72 184.16 250.73 239.98 154.30  37.56
  224  1.024  1.070 -0.853 196.53  22.93 230.78  20.75 243.53  17.09  68.39
  225 -0.015 -0.877 -0.492 118.99 218.26 126.76 217.43 134.86 217.91  52.52
  226  0.459 -0.209  0.277   7.03 252.91 176.44 150.16 149.13 150.42  39.14
  227  0.933  0.130 -0.081 218.08 115.14 224.70 114.88 165.90 252.47  47.21
  228 -0.240  0.541  0.049 118.95  71.55 184.16 250.73  94.14  72.28  46.45
  229 -0.122 -0.845 -0.710   7.03 252.91 115.99 214.04 133.45 213.29  39.14
  230 -0.676  0.741 -0.367   7.03 252.91  59.20  52.48  71.80  53.40  39.14
  231 -0.176 -0.661 -0.683   7.03 252.91 110.48 194.88 127.65 195.40  39.14
  232 -0.471  0.957 -0.085  92.71  27.83  79.64  29.30 165.90 252.47  44.43
  233  1.275  0.380 -0.234 241.31  90.24 184.16 250.73 245.09  87.72  38.66
  234  0.825  0.967 -0.604 188.52  31.59 211.84  30.38 165.90 252.47  31.38
  235  1.135 -0.051  0.425   7.03 252.91 247.96 133.65 207.48 133.80  39.14
  236  0.567 -1.193 -0.756 160.53 247.67 185.41 248.50 165.90 252.47  43.10
  237  0.414 -0.800  0.161 182.26 210.89 171.48 211.75 165.90 252.47  46.65
  238 -0.517 -0.195  0.537 112.03 149.15  73.50 148.91 165.90 252.47  44.47
  239 -0.197  0.708  0.347   7.03 252.91 107.53  53.83  86.32  54.24  39.14
  240 -0.169 -0.637  0.399 138.89 195.05 184.16 250.73  86.80 195.56  51.19
  241 -0.404  0.386 -0.565  81.03  88.31 184.16 250.73 103.17  89.31  50.81
  242  1.035 -0.087  0.976   7.03 252.91 239.83 136.90 176.82 138.55  39.14
  243 -0.336  0.167  0.476 126.48 110.23  92.74 110.93 165.90 252.47  54.78
  244  0.854  0.981 -0.493   7.03 252.91 215.22  28.05 214.42  26.04  39.14
