    1  0.005  0.900  0.797 170.55  32.36 128.79  31.97  86.73  32.34  44.93
    2  0.639  1.053  0.944 233.78  17.37 197.07  14.91 140.07  13.54  43.23
    3 -0.200 -0.044  0.280 115.36 132.90 116.59 132.86  72.36 132.80  48.62
    4 -0.053 -0.658  0.926 170.44 198.77 122.51 199.06  76.31 198.56  46.56
    5 -0.476  0.327 -0.451  78.57  94.33  79.73  94.92  92.46  95.14  46.62
    6 -0.752  0.633 -0.667  45.31  62.67  52.26  64.33  76.69  65.06  42.27
    7 -0.729 -0.442 -0.498  53.47 174.30  54.11 173.22  72.21 172.65  46.21
    8 -0.313  0.541 -0.455  93.40  72.40  96.40  73.16 107.00  73.28  42.41
    9  0.431  0.932  0.956 215.67  29.51 174.69  27.87 119.98  27.22  38.32
   10  0.035  0.578 -0.611 118.97  69.44 131.78  69.77 143.77  69.33  44.48
   11 -1.119  0.077 -0.387  20.84 120.13  13.99 120.38  34.43 120.55  40.26
   12 -0.286  0.815  0.233 121.77  42.25  98.28  42.92  82.85  43.50  48.66
   13  0.425  0.305  0.197 184.67  96.75 172.71  96.43 149.04  96.06  50.31
   14 -0.015  0.482  0.478 156.08  77.36 126.67  77.31  97.65  77.41  51.67
   15 -0.409  0.695 -0.186  94.55  55.65  86.12  56.66  88.16  57.14  44.95
   16  0.555  0.792 -0.485 169.69  48.34 184.74  47.69 186.40  46.09  46.95
   17 -0.647  0.152  0.496  98.22 111.91  59.88 112.16  40.38 112.46  45.50
   18  0.903  0.822 -0.111 214.44  45.02 221.52  43.36 205.19  41.13  43.45
   19  0.604  1.063  0.275 203.61  18.49 191.60  16.79 162.66  15.04  51.30
   20  0.001  0.734  0.598 162.28  50.51 128.33  50.32  94.37  50.50  46.26
   21 -0.177  1.007 -0.788  93.47  25.75 110.43  26.96 131.40  26.62  39.59
   22  0.519  0.940  0.531 206.28  30.25 183.19  28.75 144.86  27.58  44.57
   23 -1.145  0.023 -0.589  11.18 125.85  12.17 125.94  40.12 125.98  36.13
   24 -0.930  1.029 -0.704  27.48  21.19  34.39  24.39  62.75  26.00  36.75
   25 -0.066  0.755 -0.609 110.02  51.18 121.57  51.79 134.70  51.42  43.62
   26 -0.848  0.360  0.724  87.91  89.11  37.74  89.85  13.40  90.84  43.62
   27 -0.767 -0.399 -0.026  67.28 170.46  48.77 169.57  50.64 168.84  59.78
   28  0.091 -0.204  0.000 147.11 149.40 137.70 149.40 125.87 149.49  47.71
   29 -1.155  0.577 -0.289  20.92  67.06   9.81  69.08  27.53  70.51  45.25
   30 -0.870 -0.443  0.753  86.99 176.51  35.36 175.58  10.35 174.35  41.86
   31 -0.499  1.189 -0.874  61.29   6.58  78.26   9.06 106.34   9.51  38.17
   32 -0.368 -0.442 -0.278  94.89 174.22  90.51 173.60  95.38 173.37  50.00
   33 -0.337 -1.115  0.625 132.34 247.52  92.48 246.78  62.70 245.43  88.59
   34 -0.605  0.469 -0.720  56.93  79.93  67.18  80.99  91.42  81.32  47.78
   35 -0.796 -0.066  0.489  83.86 135.31  44.11 135.19  27.53 135.04  41.87
   36 -1.086 -0.385  0.019  38.72 169.42  15.60 168.20  21.28 167.21  43.89
   37 -0.260  0.586  0.841 147.95  65.27 100.42  65.41  60.98  66.13  39.76
   38  0.276  0.489 -0.114 159.36  77.94 156.79  77.74 147.12  77.22  63.07
   39 -1.038  0.442 -0.081  39.53  81.19  21.01  82.51  29.31  83.57  41.59
   40  0.571  0.312 -0.438 172.80  96.78 186.42  96.51 186.20  95.83  45.61
   41  1.128 -0.378  0.106 242.34 166.55 245.77 167.60 218.72 168.84  40.20
   42  0.408  0.659  0.893 211.03  58.58 172.11  57.49 120.34  57.05  40.88
   43  0.177  0.886 -0.517 135.19  38.12 146.31  38.23 153.06  37.30  51.11
   44  0.547 -0.297 -0.162 181.39 158.51 184.63 158.83 173.80 159.37  47.83
   45 -0.295  1.176 -0.808  82.17   8.26  98.57  10.03 121.74   9.95  51.86
   46 -0.562 -0.107  0.304  98.78 139.65  69.23 139.50  55.50 139.33  47.30
   47  0.143  0.494 -0.207 143.90  77.45 143.01  77.46 138.48  77.08  49.50
   48  0.219 -0.218  0.748 188.05 151.31 151.64 151.52 108.51 151.58  43.39
   49  0.057  0.421 -0.701 117.54  85.56 133.99  85.79 149.07  85.42  52.46
   50  0.741  0.387 -0.214 196.34  89.09 204.51  88.51 193.83  87.60  44.37
   51  0.469  0.231  0.396 196.36 104.28 177.62 103.98 145.45 103.71  43.28
   52  0.392  0.120 -0.841 141.96 116.27 167.58 116.23 184.43 116.02  49.61
   53  0.780 -0.453  0.861 242.72 175.64 211.94 176.84 156.79 177.63  40.65
   54  0.905 -0.108 -0.231 209.80 139.14 221.28 139.35 209.83 139.64  40.37
   55  0.570  0.627  0.139 195.17  63.77 187.72  62.92 164.68  61.86  48.60
   56 -0.150 -0.669  0.359 139.16 198.90 112.52 198.65  90.15 198.35  47.87
   57  0.002 -0.597 -0.551 118.24 189.21 128.45 188.85 138.60 189.22  48.47
   58  0.542  0.659  0.319 199.85  59.98 185.16  59.04 155.20  58.03  46.00
   59 -0.743  0.848 -0.694  45.31  40.37  53.16  42.58  78.55  43.53  41.09
   60 -1.024  1.056 -0.157  38.22  16.18  22.71  19.44  33.46  21.83  43.87
   61  0.475 -1.130  0.060 183.79 244.54 177.65 245.75 158.73 247.40  47.45
   62  0.233 -0.476  0.666 186.11 178.53 153.07 179.00 113.09 179.14  46.75
   63  0.335 -0.224 -0.851 136.58 150.79 161.84 150.78 179.58 151.16  44.04
   64 -1.019  0.429 -0.816  15.14  83.68  25.88  85.13  59.57  85.84  33.69
   65  0.612  0.713 -0.853 160.75  57.20 189.70  56.70 204.98  55.03  42.09
   66  0.317  1.166 -0.519 147.59   9.98 160.43   9.78 165.80   8.08  95.63
   67 -0.032 -0.177 -0.534 115.78 146.41 124.99 146.28 134.95 146.37  44.50
   68 -0.047  1.154  0.958 172.37   4.44 123.23   3.94  75.58   4.74  47.44
   69  0.947 -1.101 -0.034 221.28 239.93 226.32 242.34 206.44 245.42  75.86
   70  0.126  0.859  0.236 159.42  38.57 141.50  38.31 119.90  37.99  48.23
   71 -0.028  0.022  0.408 152.12 125.91 125.28 125.91  99.26 125.92  45.20
   72  0.205 -0.511 -0.308 145.55 180.59 149.24 180.65 147.86 181.13  42.25
   73  0.441 -0.629  1.011 218.82 195.00 175.88 196.17 118.75 196.59  39.06
   74  1.174 -0.784  0.107 246.30 207.64 250.48 209.91 223.00 212.55  41.02
   75  0.909  1.004  0.286 230.72  25.40 223.60  22.99 191.02  20.47  43.00
   76 -0.339  0.928 -0.454  90.95  32.36  93.77  33.66 104.47  33.94  61.25
   77  0.514 -0.466  0.984 224.26 177.55 183.74 178.50 126.73 178.92  42.07
   78 -0.028 -0.641  0.288 147.49 195.55 125.28 195.49 103.88 195.44  47.87
   79  0.857  0.288 -0.607 191.20  99.48 215.02  99.06 218.92  98.21  41.33
   80 -0.887 -0.302  0.143  62.25 160.51  35.81 159.75  33.53 159.10  43.16
   81 -0.219 -0.719  0.450 136.35 204.50 105.16 204.15  80.28 203.62  53.91
   82 -1.160  0.435 -0.619   8.94  82.59  10.64  84.23  40.17  85.19  45.24
   83 -0.508 -0.260  0.329 104.89 155.89  74.89 155.53  59.36 155.25  47.42
   84 -0.624 -0.603 -0.222  73.39 191.50  64.09 190.27  70.70 189.60  44.80
   85 -1.110  0.280 -0.003  35.67  98.29  13.16  99.20  20.15 100.01  41.42
   86 -0.024 -0.955 -0.344 123.70 226.47 125.78 225.95 128.45 226.34  46.03
   87 -0.186  0.285  0.956 159.34  97.54 108.21  97.53  63.05  97.83  42.33
   88 -0.655  0.057  0.772 108.16 122.08  58.24 122.16  28.45 122.32  43.88
   89  0.299 -0.748 -0.627 141.81 203.97 158.50 204.01 168.15 205.09  45.52
   90 -1.194 -0.784 -0.090  24.34 212.00   4.87 209.30  16.30 207.08  40.53
   91  0.325 -0.369  0.942 205.47 167.47 163.18 168.01 110.60 168.15  34.86
   92 -0.881 -1.074  0.700  83.94 245.09  34.25 242.74  11.50 239.80  57.40
   93  0.418 -0.821 -0.334 163.48 211.78 171.10 212.27 168.30 213.55  48.36
   94 -0.878 -0.030  0.486  75.93 131.52  35.45 131.45  20.51 131.38  40.42
   95 -0.617  0.241 -0.562  61.54 103.26  65.65 103.79  84.42 104.01  39.30
   96 -0.339 -0.251  1.012 147.36 155.43  91.61 155.40  46.91 154.95  35.95
   97 -0.221 -1.112 -0.214 110.84 243.74 105.57 242.67 105.91 242.46  46.80
   98 -0.280 -0.717 -0.200 105.91 202.82  99.50 202.06 100.17 201.80  41.87
   99  0.478 -0.117  0.931 218.79 140.55 179.72 140.77 125.44 140.95  45.92
  100 -0.388 -0.552  0.092 106.95 186.36  87.85 185.70  79.23 185.21  43.69
  101  0.804 -0.916 -0.248 200.53 220.85 210.88 222.34 200.91 224.67  46.56
  102 -0.425  0.051  0.502 119.35 122.76  83.25 122.81  59.90 123.06  47.32
  103  0.306  1.030  0.007 166.62  21.97 160.07  21.41 145.12  20.32  56.36
  104 -0.276  0.544  0.873 147.71  69.72  98.61  69.92  58.21  70.58  46.70
  105  0.293  0.073 -0.636 140.96 120.88 157.95 120.87 168.06 120.76  49.23
  106 -0.188 -1.166 -0.906  88.08 246.63 109.48 245.05 134.58 245.47  50.17
  107 -0.202  0.414  0.032 121.65  84.91 107.29  85.29  98.14  85.37  49.42
  108 -0.771  0.907  0.241  76.88  31.38  47.52  33.32  39.58  35.13  43.50
  109 -0.863 -0.930  0.339  71.89 228.16  37.57 225.97  27.67 223.80  39.96
  110 -0.599 -0.345  0.645 108.47 165.43  64.57 164.94  38.58 164.35  45.68
  111  0.064 -0.584  0.173 151.36 189.17 134.94 189.22 116.77 189.37  45.28
  112 -0.988 -0.390  0.457  64.42 170.44  23.89 169.41  12.20 168.32  40.60
  113 -0.081 -0.538 -0.487 113.24 183.49 120.06 183.06 128.83 183.26  42.35
  114  0.082  0.073  0.570 168.58 120.54 136.99 120.50 102.94 120.50  39.29
  115  0.221  0.160 -0.624 134.92 112.16 150.76 112.02 160.95 111.83  47.39
  116 -0.501 -0.891 -0.362  79.57 220.99  77.07 219.38  86.77 218.82  45.95
  117 -0.938 -0.229  0.592  74.24 153.12  28.66 152.56  10.94 151.95  41.58
  118 -0.434 -0.330  0.876 133.05 163.95  81.65 163.69  43.89 163.13  39.58
  119 -0.839 -0.744  0.188  68.53 207.76  40.65 205.99  35.87 204.45  43.72
  120  0.052 -0.428 -0.107 139.49 172.55 133.64 172.48 126.42 172.67  48.62
  121 -0.710 -0.531  0.221  81.86 184.83  53.99 183.77  45.77 182.81  43.60
  122  0.808  0.614 -0.346 197.03  66.38 210.96  65.41 204.86  63.80  42.00
  123 -0.582  1.062  0.483 103.72  14.60  66.87  15.94  46.39  17.78  98.97
  124  0.734 -0.413 -0.148 198.28 170.31 203.95 170.81 190.72 171.75  54.55
  125  0.589 -0.816 -0.883 157.61 209.57 187.29 210.06 203.87 211.95  34.52
  126  0.718 -0.953 -0.327 190.01 224.59 201.81 225.88 195.73 228.11  47.00
  127 -0.394 -0.273 -0.335  90.41 156.48  87.85 156.14  95.32 156.08  48.00
  128 -0.448 -1.066 -0.289  87.19 239.31  82.28 237.59  88.62 236.84  44.44
  129  0.018  0.425  0.787 171.34  82.94 130.20  82.75  88.37  82.98  42.84
  130  0.431 -0.700  0.365 191.84 201.04 173.61 201.89 143.13 202.67  42.23
  131 -0.688  0.412  0.165  81.61  84.41  56.52  85.38  49.76  85.90  46.68
  132 -0.097 -0.088 -0.630 106.44 137.25 118.46 137.25 132.72 137.22  43.20
  133  0.002 -0.967  0.827 171.52 231.44 128.43 231.88  85.31 231.45  44.67
  134 -0.873 -0.310 -0.333  46.00 160.81  38.96 159.94  53.43 159.41  36.17
  135 -0.862 -1.017  0.527  79.05 238.18  36.94 235.91  20.13 233.35  43.27
  136 -0.605  0.388 -0.898  50.59  88.47  67.62  89.36  98.13  89.59  47.25
  137 -0.509  0.852  0.400 107.58  37.46  74.56  38.60  56.41  39.58  87.00
  138  0.403  0.729 -0.073 172.16  53.44 169.94  52.87 157.18  51.89  43.57
  139 -1.135  1.046 -0.321  21.75  17.47  12.03  21.10  30.40  23.69  38.37
  140 -0.617  0.392  0.406  97.56  86.34  63.25  86.98  46.56  87.73  41.50
  141  0.498  0.854  0.915 219.97  38.02 181.88  36.38 127.93  35.70  37.50
  142  0.874  0.405 -0.316 203.85  87.49 217.79  86.78 209.98  85.65  44.71
  143 -0.035  0.926 -0.004 135.73  31.96 124.61  32.17 114.66  32.05  40.82
  144  0.601 -0.362  0.124 197.31 165.58 190.85 165.99 168.11 166.63  44.71
  145 -0.662 -0.765  0.352  91.45 210.15  58.58 208.61  44.87 207.23  43.54
  146 -1.058 -0.740 -0.116  36.62 207.06  18.96 204.45  29.12 202.95  44.60
  147 -0.147  0.194  0.935 162.16 107.35 112.49 107.32  67.48 107.67  45.15
  148  0.988 -0.610  0.190 233.70 190.46 231.50 191.99 202.19 193.72  38.42
  149 -0.708 -0.286  0.377  87.85 159.03  53.75 158.29  39.68 157.75  63.14
  150 -0.217  0.395 -0.234 109.70  87.26 106.28  87.77 106.51  87.73  44.28
  151 -1.164 -1.004 -0.645   7.47 233.50  10.45 229.79  40.51 227.61  44.00
  152 -1.075 -1.198 -0.840   9.09 252.72  20.29 248.64  55.54 246.50  45.41
  153  0.343  0.839 -0.073 166.82  42.00 163.72  41.48 151.55  40.60  46.17
  154  0.044 -0.054 -0.136 137.68 133.79 132.83 133.79 126.82 134.01  50.47
  155 -0.247 -0.941  0.661 142.01 228.80 101.92 228.42  69.27 227.54  44.28
  156 -0.781 -0.969 -0.095  63.43 230.63  47.55 228.34  52.01 226.67  47.00
  157  0.267 -0.246  0.199 170.65 153.78 156.20 153.94 134.34 154.15  44.00
  158 -1.156 -0.215 -0.566  10.78 150.78  11.01 150.00  38.08 149.74  39.14
  159 -0.960 -0.705  0.428  56.38 204.60  32.41 202.69   6.89 200.41  46.50
  160  0.318  0.050  0.683 194.35 122.98 162.09 122.91 120.22 122.89  44.33
  161 -0.358  1.097  0.009 106.52  13.40  91.20  14.41  84.95  15.20  36.72
  162 -0.333 -1.183  0.392 123.60 253.80  93.15 252.84  72.27 251.68  52.22
  163 -1.020  0.524 -0.522  25.28  73.27  24.59  74.99  48.05  76.11  39.35
  164 -0.409 -0.051  0.777 131.55 133.73  84.55 133.67  50.22 133.61  37.86
  165  1.015  0.250  0.125 215.92 102.73 244.90 102.25 186.83 101.63  39.56
  166 -0.428 -0.477  0.019 100.48 178.42  83.79 177.76  78.53 177.33  35.11
  167 -1.050 -0.123  0.274  51.61 141.42  18.11 141.07  14.20 140.88  46.73
  168 -0.594 -0.773 -0.252  75.09 209.20  67.29 207.66  74.50 206.81  40.38
  169  0.113 -0.707 -0.553 128.03 200.21 139.73 199.97 148.55 200.70  45.36
  170  0.601 -0.138  0.748 222.25 142.93 192.49 142.78 144.14 143.26  58.06
  171 -0.772 -1.037 -0.500  49.31 236.60  49.78 233.63  68.35 232.26  29.00
  172 -0.296 -0.772 -0.222 103.59 208.36  97.85 207.84  99.56 207.19  51.48
  173 -0.067 -0.821  0.008 133.08 213.64 121.37 213.31 111.13 213.71  48.80
  174 -0.825 -0.199  0.087  65.74 149.36  42.47 148.88  40.92 148.79  42.20
  175 -0.149  1.072 -0.676 100.17  18.73 113.23  19.95 129.72  19.59  31.17
  176 -0.395  0.235  0.372 116.93 102.96  86.76 103.57  67.59 104.05  63.89
  177 -1.169 -0.507 -0.242  21.35 182.03   8.12 180.25  24.55 179.18  40.30
  178 -0.279 -0.817 -0.550  92.98 212.64 100.01 211.12 113.53 210.91  85.90
  179 -0.665  0.298  1.016 116.88  95.57  56.43  95.94  17.65  97.14  44.47
  180  1.080 -0.718  0.154 240.15 201.23 240.90 203.16 212.24 205.38  40.00
  181 -0.544  0.275  0.760 118.16  98.78  70.07  98.76  38.79  99.28  51.60
  182 -0.814 -0.252 -0.123  67.45 154.98  39.88 154.32  57.71 153.66  58.87
  183 -1.224 -0.764 -0.329  12.91 209.27   2.96 206.56  23.19 204.45  39.14
  184 -1.090  0.514 -0.609  15.54  74.16  17.99  76.57  45.33  77.12  39.29
  185  0.649  0.281 -0.881 162.65 100.25 193.39 100.37 209.20  99.04  53.12
  186  1.023  0.634 -0.664 203.17  64.88 231.74  64.34 236.42  62.23  53.00
  187  0.908 -1.052 -0.033 218.09 235.45 222.25 237.04 202.91 239.86  26.48
  188  0.961  0.841  0.257 234.06  42.31 228.90  40.20 197.09  37.86  35.50
  189 -1.218  0.858 -0.264   4.47  37.23   9.36  39.40  10.89  43.16  37.51
  190  0.687  0.319  0.262 220.47  95.31 194.30  94.71 181.65  94.52  45.00
  191 -1.047 -0.512 -0.040  40.44 183.58  19.81 180.85  27.11 179.59  47.47
  192 -0.110 -0.042  0.657 154.43 132.77  55.40 254.27  81.97 132.74  45.25
  193  1.307  0.368 -0.276 242.28  91.56  55.40 254.27 249.61  89.07  38.84
  194 -1.009  0.030  0.424 123.60 253.80  21.86 126.39  11.67 123.90  52.22
  195  0.980 -0.831  0.734 123.60 253.80 232.85 217.03 180.77 219.06  52.22
  196 -0.558  0.039  0.152  93.48 124.15  70.10 124.26  49.59 252.52  46.94
  197  0.646 -0.128 -0.555 174.84 141.08  55.40 254.27 197.34 141.50  39.36
  198  0.517  1.067 -0.503 123.60 253.80 180.83  19.73 183.44  17.68  52.22
  199  0.190 -1.132 -0.833 124.32 243.04 147.45 241.68 165.51 243.12  59.58
  200  0.405 -0.571  0.419 191.61 187.78 170.94 188.45  49.59 252.52  41.50
  201  0.027  0.984  0.657 123.60 253.80 131.15  23.49  94.36  23.70  52.22
  202 -0.724 -0.909 -0.924  38.77 221.71  55.74 219.27  49.59 252.52  39.84
  203  0.580 -0.605 -0.822 159.05 188.70 186.53 189.03 200.88 190.40  51.43
  204 -0.487  0.866  0.429 110.67  35.71  76.87  36.98  49.59 252.52  18.37
  205  0.255  0.410 -0.481 143.96  87.12 153.84  86.22 159.38  85.69  54.16
  206 -0.857 -0.248  0.144  65.02 153.52  55.40 254.27  36.05 154.75  43.38
  207 -0.697 -1.132  0.140  80.08 248.65  55.55 246.29  49.59 252.52  91.77
  208  0.845  1.154  0.364 229.45   8.53 216.55   5.76 183.19   6.29  54.80
  209  0.345  0.266 -0.178 123.60 253.80 163.80 100.84 155.77 100.59  52.22
  210 -0.822 -0.546 -0.623 123.60 253.80  45.05 183.46  69.02 182.97  52.22
  211 -0.831 -1.078  0.466  79.75 245.09  40.53 241.80  25.37 239.26  27.70
  212 -0.698 -1.210  0.149 123.60 253.80  55.40 254.27  49.59 252.52  52.22
  213 -0.208  0.941 -0.815 123.60 253.80 107.35  33.64 129.65  33.41  52.22
  214 -0.629 -0.911 -0.601  59.10 222.64  64.51 220.58  49.59 252.52  44.41
  215 -0.574  0.069 -0.408  71.23 121.67  69.63 120.89  82.35 120.91  38.50
  216  0.973  0.670  0.911 123.60 253.80 232.88  56.24 173.28  54.68  52.22
  217 -1.111  0.089  0.216 123.60 253.80  12.01 118.23  11.23 119.82  52.22
  218 -0.390 -0.275 -0.176  96.71 156.94  55.40 254.27  89.57 156.38  46.37
  219 -0.029 -1.126 -0.265 127.30 246.09 124.70 242.97 126.03 243.36  25.77
  220 -0.482  0.134  0.997 123.60 253.80  76.28 112.79  34.66 115.15  52.22
