    1 -0.134  0.832 -0.771  97.95  43.59 114.76  44.51 134.63  44.15  46.23
    2 -0.727  0.676  0.932 107.60  54.40  50.05  55.46  15.52  57.20  46.50
    3 -0.482  0.895 -0.814  64.89  36.54  79.79  38.34 105.59  38.69  41.92
    4 -0.872  0.510 -0.854  27.51  75.54  40.75  77.08  73.47  77.74  37.59
    5 -1.109  0.357  0.036  37.12  90.06  13.09  91.20  18.60  92.16  41.42
    6  1.067  0.208 -0.858 199.49 107.71 235.31 107.38 247.38 106.61  42.58
    7 -0.576  0.245  0.404 101.41 102.04  67.64 102.41  50.36 102.81  45.12
    8 -0.758  0.599  0.939 104.92  62.83  46.73  63.82  12.54  65.41  35.83
    9 -0.805  0.324 -0.482  46.96  94.47  46.30  95.33  65.03  95.81  43.39
   10 -1.062  0.578 -0.036  38.99  66.63  18.30  68.44  25.51  69.87  41.93
   11 -0.594  0.783 -0.878  52.40  47.87  68.72  49.70  98.31  50.18  42.69
   12 -0.084  0.664 -0.046 129.55  59.24 119.58  59.56 111.82  59.54  48.83
   13  0.729  0.454 -0.463 185.63  82.60 202.52  82.03 201.74  80.91  46.11
   14 -0.940  0.449 -0.816  22.54  81.66  33.83  83.10  66.29  83.75  32.67
   15 -1.071  0.237  0.171  45.69 102.85  16.46 103.57  16.50 104.20  40.33
   16 -0.218  0.712 -0.517  99.70  55.09 106.08  55.92 117.68  55.88  44.59
   17 -0.474 -0.143  0.212 103.50 143.42  78.68 143.17  66.94 143.00  68.30
   18  1.070  0.535  0.467 251.94  73.40 241.32  71.79 199.75  70.26  84.32
   19  0.420 -0.861 -0.462 158.74 215.51 171.01 215.96 173.15 217.33  44.38
   20 -0.488 -0.265  0.584 116.50 156.62  76.42 156.33  50.85 155.91  47.14
   21 -0.930  0.198 -0.561  32.42 107.55  33.83 108.16  57.32 108.48  40.00
   22 -0.333  0.576 -0.293  97.52  68.44  94.09  69.20  99.03  69.43  52.04
   23 -0.321 -0.043 -0.746  81.86 132.65  95.91 132.63 117.16 132.60  43.63
   24 -0.676  0.534 -0.597  54.88  72.81  59.78  74.08  80.61  74.63  44.33
   25  1.049  0.246 -0.068 228.67 103.35 236.80 102.79 217.54 101.99  44.82
   26  0.413  0.607 -0.766 146.66  67.28 169.88  67.13 183.65  66.03  41.84
   27  0.546  1.080  0.200 195.57  16.86 185.36  15.37 160.07  13.69  46.03
   28 -0.895 -0.073  0.059  58.33 136.04  35.27 135.85  36.17 135.70  43.86
   29  0.064 -0.884  0.328 157.51 220.98 134.99 221.21 110.80 221.24  58.25
   30  0.841  0.689 -0.760 184.00  59.73 213.01  58.85 222.83  56.85  38.54
   31 -1.030  0.679 -0.801  14.65  57.61  24.70  59.93  57.99  61.06  39.23
   32 -0.938 -0.453  0.607  74.84 177.47  28.64 176.37  10.36 175.11  44.17
   33  0.332 -1.030  0.918 205.42 237.54 163.91 239.08 112.41 239.52  42.77
   34 -0.100  0.521  0.234 138.81  73.56 117.78  73.72  99.54  73.85  45.39
   35 -0.422 -0.937  0.223 108.92 227.35  84.12 226.26  71.10 225.23  48.34
   36 -0.159  0.886 -0.447 107.73  37.10 112.11  37.95 120.34  37.82  47.68
   37 -0.701 -0.576 -0.133  69.43 188.96  55.91 187.70  60.50 186.85  45.19
   38 -1.156 -0.762 -0.566  10.75 208.36  11.04 205.56  38.01 203.87  44.86
   39  0.438 -0.038 -0.352 164.48 132.12 173.08 132.11 170.82 132.18  45.05
   40 -0.763  0.469  0.697  94.93  77.38  46.91  78.25  21.92  79.40  43.37
   41 -0.737  0.169  0.598  93.66 110.02  50.05 110.30  28.31 110.71  42.00
   42 -0.631 -0.489  0.247  90.26 180.35  62.19 179.50  51.72 178.68  49.97
   43 -0.467  0.481 -0.443  79.72  78.35  80.67  79.19  93.00  79.50  42.06
   44 -1.038 -0.031  0.230  51.10 131.54  19.70 131.46  17.00 131.39  40.23
   45 -0.953 -0.844 -0.241  41.86 217.47  30.30 215.07  42.92 213.27  46.79
   46 -0.340 -1.109 -0.220  99.71 243.66  93.32 242.26  95.54 241.72  75.81
   47 -0.578 -0.341  0.219  94.09 164.48  67.79 163.93  57.48 163.41  42.25
   48 -0.213  0.139  0.433 136.18 113.56 105.78 113.63  81.52 113.73  46.22
   49 -0.194  1.076 -0.771  92.63  18.57 108.73  19.92 129.27  19.61  40.44
   50 -0.468  0.989  0.410 111.80  22.81  78.99  24.01  59.61  25.35  47.82
   51 -0.285 -0.694  0.975 150.89 203.29  97.50 203.11  53.22 202.15  42.23
   52  0.446  0.719  0.682 205.87  52.81 175.77  51.69 132.17  51.02  48.60
   53 -0.683  0.077  0.343  88.97 119.99  56.45 120.14  43.29 120.28  41.96
   54  0.932  0.715  0.574 244.34  54.35 227.14  52.40 182.38  50.65  48.32
   55 -0.152  0.106  0.175 131.82 117.11 112.42 117.16  97.20 117.20  45.93
   56  0.187 -0.534  0.102 159.72 183.64 147.77 183.82 130.74 184.18  49.73
   57  0.040 -0.246  0.507 162.28 154.21 132.53 154.30 101.62 154.29  52.26
   58  0.346  0.570  0.680 196.75  68.22 165.09  67.50 122.94  67.13  41.92
   59  0.995 -0.870 -0.669 200.64 214.67 228.75 216.25 233.92 219.07  50.32
   60  0.509 -0.775 -0.330 171.62 206.93 180.41 207.58 176.53 208.96  46.33
   61 -0.458  0.300 -0.031  95.88  96.69  80.83  97.12  77.91  97.42  47.82
   62  0.060  1.161 -0.453 127.23   9.53 134.38   9.98 140.13   9.17  43.29
   63  1.157  0.101 -0.437 223.29 118.22 246.21 117.97 241.01 117.59  43.35
   64 -0.393 -0.907 -0.396  88.30 222.33  88.13 220.93  97.61 220.51  55.49
   65 -0.005 -0.525 -0.864 106.11 181.40 127.79 180.96 149.60 181.39  44.85
   66  0.865  0.594  0.172 222.26  67.53 218.53  66.26 191.12  64.78  40.90
   67  0.030  0.914  0.830 174.23  30.79 131.46  30.27  87.78  30.64  42.93
   68 -0.399  0.078  0.413 118.23 120.01  86.21 120.02  65.67 120.08  89.17
   69  0.984  0.839  0.623 250.79  41.55 232.82  39.06 185.44  36.94  48.69
   70  0.428 -1.154  0.195 184.93 247.61 173.03 248.83 149.31 250.26  49.06
   71  0.127 -0.960 -0.561 129.12 225.98 141.19 225.69 150.21 226.60  45.44
   72 -0.654  0.199  0.954 115.33 106.53  57.79 106.80  21.08 107.28  46.60
   73 -0.442 -1.183 -0.713  72.23 249.85  83.64 247.67 105.24 247.23  43.50
   74  0.148 -0.104  0.312 164.34 139.14 143.80 139.17 119.07 139.25  54.30
   75  1.063 -0.197  0.055 234.67 148.21 238.70 148.71 214.30 149.31  40.36
   76  0.246  1.160 -0.770 131.94  11.31 153.06  11.49 168.59   9.85  45.52
   77 -0.275 -0.558  0.451 131.24 187.55  99.27 187.20  75.25 186.73  45.15
   78  0.521  0.515  0.709 213.65  74.26 183.87  73.34 138.24  72.76  41.92
   79  0.649  0.629 -0.010 196.28  64.00 195.56  63.08 177.64  61.84  40.57
   80  0.292 -0.018 -0.388 150.12 130.09 158.14 130.10 158.71 130.17  47.05
   81 -0.073 -0.802  0.253 142.09 212.46 120.61 212.22 101.26 212.16  46.78
   82 -0.189  0.586  0.735 150.26  65.64 108.06  65.74  71.63  66.27  38.14
   83  0.009  0.446 -0.488 121.18  82.62 129.13  82.86 136.87  82.60  45.14
   84 -0.148 -0.033 -0.939  90.51 131.56 113.45 131.57 139.63 131.58  75.41
   85 -0.304  0.815  1.007 150.48  40.10  95.48  40.34  50.27  41.52  40.00
   86 -0.681 -0.755 -0.683  51.26 206.39  59.42 204.54  83.38 203.81  42.93
   87 -0.973 -0.294  0.386  63.02 160.04  25.78 159.27  16.20 158.47  46.30
   88  0.053 -1.199  0.090 147.20 253.03 133.72 253.01 118.83 253.33  49.58
   89 -1.065  0.958 -0.900   7.95  28.83  21.56  32.24  58.73  33.88  32.42
   90  0.066 -0.040  0.783 175.57 132.47 135.29 132.48  92.99 132.48  43.28
   91  0.335 -0.573  0.784 199.98 188.77 164.05 189.54 117.80 189.84  44.43
   92 -0.202 -0.730 -0.267 110.52 203.83 107.55 203.15 109.66 203.09  48.38
   93 -0.628 -0.444 -0.423  65.59 174.44  64.22 173.60  78.11 173.01  46.18
   94 -0.774  0.145  0.308  79.02 112.72  46.98 113.02  36.69 113.34  36.71
   95 -1.149 -0.416 -0.044  30.35 172.73   9.36 171.24  18.34 170.17  50.24
   96  0.604  1.177 -0.463 174.88   9.52 189.78   8.41 190.07   5.84  45.92
   97  0.316  0.598 -0.895 133.33  68.26 159.94  68.31 179.51  67.33  41.50
   98 -0.716  1.117  0.321  85.06   8.80  53.19  10.84  41.13  13.08  90.30
   99 -0.822 -0.982  0.294  74.13 233.51  41.94 231.25  33.06 229.11  43.06
  100  1.128  0.137 -0.805 206.66 114.70 241.74 114.47 251.28 113.97  35.41
  101  0.506 -1.070 -0.473 165.94 236.47 179.81 237.23 181.43 239.23  43.92
  102 -0.397  0.613  0.445 119.64  63.06  86.33  63.59  64.55  64.32  56.65
  103 -1.112 -0.865 -0.220  27.62 220.08  13.86 217.17  28.49 215.08  42.86
  104  0.474  0.320 -0.574 159.15  96.04 176.32  95.82 182.19  95.23  36.59
  105  0.262 -0.849 -0.343 149.30 214.95 155.04 215.10 154.32 216.10  52.85
  106  0.263 -0.445 -0.445 145.53 173.61 155.10 173.65 158.27 174.19  41.38
  107 -0.503 -0.066  0.687 119.19 135.39  74.68 135.31  45.42 135.19  38.14
  108 -0.432 -0.341 -0.787  70.38 163.21  84.79 162.54 109.05 162.50  51.77
  109 -1.106 -0.555 -0.135  31.13 187.38  14.16 185.51  25.60 184.16  43.10
  110 -0.437  0.395 -0.872  67.45  87.88  84.16  88.57 112.32  88.71  45.81
  111  0.032 -1.022  0.357 155.75 235.54 131.65 235.69 106.69 235.76  47.24
  112 -0.269 -0.403 -0.018 113.73 170.37 100.38 169.97  94.14 169.78  53.31
  113  0.336 -0.176  0.647 194.72 146.75 163.84 146.97 123.52 147.17  44.86
  114  0.416  0.143  0.510 196.21 113.28 172.24 113.09 136.11 112.95  42.38
  115 -0.234  0.274 -0.684  92.09 100.26 104.61 100.60 122.57 100.57  39.80
  116 -0.037 -0.410 -0.289 124.55 170.55 124.44 170.33 125.26 170.48  47.77
  117 -0.122 -0.163 -0.239 118.77 145.14 115.71 144.93 115.84 144.95  46.19
  118 -0.052 -0.856 -0.530 114.16 215.83 122.96 215.27 132.89 215.60  47.47
  119 -0.574  0.542  0.385 100.90  70.37  67.87  71.17  51.26  72.10  46.79
  120  0.408 -0.902 -0.558 154.04 219.37 169.65 219.81 175.58 221.23  44.86
  121 -0.517 -0.534 -0.237  82.63 184.18  75.11 183.12  80.60 182.65  55.24
  122  0.687 -0.976  0.219 208.65 228.58 200.08 230.29 172.50 232.19  46.91
  123 -0.930 -0.126  0.445  69.45 141.82  30.14 141.50  17.67 141.21  42.53
  124  0.036  0.929 -0.389 127.40  32.96 131.96  33.38 135.58  32.79  43.07
  125  0.887  1.091 -0.462 199.39  18.93 218.59  17.12 216.35  13.98  47.12
  126 -0.318 -0.511 -0.688  84.32 180.64  96.12 179.82 115.27 179.78  36.44
  127 -0.179 -0.680 -0.265 112.59 198.59 109.83 198.04 111.62 198.03  43.73
  128 -0.786  0.086  0.828  97.92 118.94  44.07 119.04  14.68 119.30  34.36
  129  0.692 -1.106 -0.086 197.09 240.90 199.75 242.55 184.34 244.91  46.11
  130  0.244 -0.010 -0.663 135.71 129.31 152.87 129.30 164.68 129.33  43.85
  131  0.773  0.926 -0.663 181.83  35.71 206.41  34.59 213.01  32.30  43.43
  132  0.924 -0.458 -0.171 213.84 174.57 223.49 175.49 209.45 176.78  38.00
  133  0.086 -0.507  0.854 180.33 182.38 137.52 182.51  92.05 182.39  95.10
  134 -1.205 -0.249 -0.581   5.82 154.37   6.03 153.43  34.69 153.06  37.73
  135 -0.594  0.026  0.916 119.59 125.48  64.41 125.39  27.99 125.59  66.67
  136 -0.493  0.032  0.177 100.41 124.87  76.74 124.89  66.64 125.08  51.65
  137 -0.631 -0.682  0.103  84.83 200.50  62.57 199.25  57.39 198.21  43.90
  138  0.096 -0.280  0.385 162.54 157.71 138.36 157.65 111.52 157.70  58.72
  139 -0.988 -0.250  0.139  52.70 154.94  25.15 154.37  25.12 153.75  45.52
  140 -0.831 -0.838  0.459  79.42 218.53  40.46 216.70  25.59 214.74  36.72
  141 -0.848  0.997 -0.238  51.87  23.18  41.13  25.89  51.80  27.57  42.85
  142  0.435  0.358 -0.250 167.96  91.55 172.97  91.66 166.58  91.13  56.68
  143 -1.081 -1.025 -0.778  10.74 235.07  19.50 231.44  52.77 229.54  33.92
  144  0.241  1.153  0.542 181.57   6.95 154.01   5.96 118.22   5.70  47.72
  145 -0.252 -1.179 -0.850  84.57 248.33 103.00 246.61 127.05 246.88  37.60
  146  0.132 -0.269  0.628 175.46 156.71 142.25 156.85 105.33 156.90  47.00
  147 -0.508 -0.372 -0.001  92.33 167.43  75.56 166.83  72.27 166.43  43.71
  148 -0.855  0.978 -0.644  36.61  26.45  41.82  29.41  66.93  30.66  41.43
  149  0.604 -0.009  0.295 204.31 129.11 191.54 129.13 161.96 129.22  43.11
  150  0.100  0.059  0.080 150.96 122.10 138.63 122.07 123.61 122.04  39.22
  151  0.641 -0.372  0.733 225.19 167.15 196.63 167.94 148.53 168.48  35.00
  152 -1.125 -0.589 -0.355  21.51 190.50  13.18 188.58  32.76 187.09  42.58
  153  0.152  0.432 -0.639 128.43  84.54 143.55  84.39 155.44  84.00  60.71
  154 -0.624 -0.393  0.981 119.00 171.08  61.07 170.66  22.40 169.61  48.07
  155 -0.116  0.263  0.732 156.86 100.17 115.85 100.12  78.37 100.46  51.87
  156 -0.936 -0.154  0.154  57.97 144.64  30.64 144.38  28.80 143.87  40.50
  157 -0.107 -1.084 -0.640 105.18 239.17 117.49 237.82 132.04 238.19  34.98
  158 -0.901 -0.374 -0.017  54.94 168.01  34.88 167.02  38.58 166.39  37.94
  159 -0.854  0.040 -0.367  46.57 124.09  40.90 124.18  56.43 124.30  41.30
  160  0.703 -0.433 -0.305 196.42 172.02 196.29 172.57 200.94 173.70  32.25
  161  1.046 -1.141 -0.520 210.78 241.96 234.56 244.24 233.36 248.03  32.33
  162  0.287 -1.073  0.330 177.59 239.96 158.39 240.91 130.99 241.98  47.14
  163 -0.545 -0.653 -0.087  85.68 196.87  71.88 195.73  72.33 195.01  41.25
  164 -1.051 -0.877  0.348  54.23 222.98  17.80 220.42  10.98 217.97  37.42
  165 -0.532  0.429  0.943 126.53  81.72  70.90  81.98  32.40  82.87  45.08
  166  0.858 -1.027  0.166 221.50 233.30 217.83 235.50 190.69 238.02  41.50
  167 -0.929 -0.601  0.121  57.46 192.54  31.48 190.75  30.77 189.46  37.53
  168 -0.704 -0.298 -0.218  66.10 159.68  55.89 158.85  63.66 158.43  37.62
  169 -0.418  0.785 -0.322  88.88  46.55  85.41  47.76  92.79  48.45  46.58
  170 -0.643  0.722  0.049  81.71  51.72  61.50  53.11  58.46  54.72  47.21
  171 -0.021 -1.167  0.116 141.55 250.09 126.10 249.85 111.19 249.95  44.12
  172 -0.508  0.577  0.713 119.73  66.38  74.10  66.65  43.92  67.66  55.76
  173  0.728  0.102 -0.430 186.82 117.95 202.54 117.81 200.52 117.57  54.00
  174 -0.289  0.010  0.764 142.29 127.00  97.28 127.46  61.60 127.03  43.89
  175 -0.600 -0.128  0.311  95.85 142.28  65.17 141.42  52.20 141.22  41.56
  176 -0.049 -0.860  0.329 147.18 218.62 123.11 218.53 100.37 218.52  47.77
  177 -0.451  0.548 -0.816  67.66  72.65  82.84  72.94 108.48  73.11  50.51
  178 -0.649 -0.657 -0.541  59.77 196.71  62.18 194.60  81.13 194.45  59.77
  179  0.581 -1.014  0.265 201.18 232.98 189.13 234.52 160.84 236.17  43.67
  180 -0.938 -0.983  0.632  75.92 235.45  28.49 232.68   9.34 229.92  74.57
  181 -1.135  0.514 -0.202   5.55  73.73  22.79  75.29   6.85  76.74  36.41
  182  1.203 -0.892 -0.145 238.88 217.62 252.27 220.32 235.02 223.55  46.00
  183  0.491 -0.800  0.335 196.06 211.43 179.78 212.17 149.90 213.24  32.71
  184  0.577 -0.502 -0.301 178.87 179.66 187.30 179.46 181.97 180.59  29.60
  185  0.916  0.739  0.869 251.61  51.53 228.79  48.78 165.66  47.22  30.23
  186  0.158 -1.114  0.008 153.53 243.44 144.64 243.66 131.57 244.77  37.57
  187 -0.992  0.106  0.512  65.35 116.30  23.71 116.59   8.98 118.25  39.79
  188  0.095  0.108 -0.898 114.23 117.96 137.48 117.17 160.25 117.05  23.95
  189 -0.858  0.000  0.881  92.87 128.86  36.29 127.92   5.99 127.93  19.74
  190 -0.378  1.201 -0.768 147.20 253.03  90.26   7.34 112.95   7.54  49.58
  191 -0.430  0.373  0.257 109.38  88.10 133.72 253.01  69.09  90.25  46.92
  192  0.308  0.365 -0.891 133.14  91.92 158.87  91.15 179.07  91.37  44.59
  193 -0.641 -0.621  0.336  92.74 194.62 133.72 253.01  47.33 192.47  45.67
  194 -0.340 -0.144 -0.317 147.20 253.03  93.49 143.03  99.38 142.97  49.58
  195  0.659 -0.457 -0.078 194.43 174.91 196.38 175.74 181.09 176.26  58.82
  196 -0.226 -0.187 -0.750  90.38 147.30 105.49 147.11 118.83 253.33  42.07
  197  1.022 -0.442 -0.831 147.20 253.03 230.91 172.62 242.13 174.23  49.58
  198  0.737 -0.435 -0.767 175.16 171.95 202.23 171.96 213.87 173.03  49.91
  199  0.951 -0.865  0.407 147.20 253.03 228.52 219.61 190.46 221.53  49.58
  200 -0.313 -0.896 -0.239 101.39 221.42  96.07 220.33 118.83 253.33  39.24
  201 -0.894 -1.228 -0.872 147.20 253.03  38.60 251.38  72.19 249.75  49.58
  202 -0.347  0.081  0.092 111.57 119.81  91.73 119.96  83.73 119.76  64.26
  203 -0.091  0.755  0.400 146.06  48.61 118.64  48.73 118.83 253.33  43.00
  204  0.163 -0.186  0.226 162.33 147.64 145.33 147.71 118.83 253.33  42.63
  205 -1.212  0.524 -0.583 147.20 253.03   5.34  75.69  34.17  75.85  49.58
  206 -0.729 -0.816  0.396  87.42 215.86  51.11 213.97  37.78 212.77  33.84
  207 -1.081 -0.903 -0.436  22.79 223.33 133.72 253.01  39.58 218.38  36.25
  208  0.571  0.052 -0.258 179.78 124.18 186.88 122.31 179.60 122.19  20.55
  209 -1.156 -0.948  0.385  45.58 231.11   6.57 228.10 118.83 253.33  39.46
  210 -1.244  1.112 -0.235  14.41   9.76 133.72 253.01  17.76  17.01  38.84
