    1  0.500  0.952  0.921 220.46  27.71 182.07  25.87 127.85  25.00  43.74
    2  0.713  0.576  0.843 236.12  67.93 204.73  66.54 151.08  65.61  41.62
    3  0.143 -0.234 -0.123 147.00 152.39 143.10 152.42 135.27 152.55  48.33
    4 -1.162  0.129 -0.339  18.49 114.58   9.37 115.04  28.98 115.34  42.47
    5 -0.573  0.772 -0.812  56.64  48.92  70.68  50.65  97.67  51.12  43.43
    6 -0.485  1.093  0.902 129.39   9.85  76.18  10.81  38.25  12.86  43.20
    7  0.621  0.808  0.470 212.86  44.41 193.86  42.95 156.82  41.67  46.93
    8  0.707  0.952 -0.148 196.01  31.49 201.20  30.08 188.14  27.99  46.89
    9  0.919  0.887 -0.523 199.74  39.62 221.63  38.14 221.58  35.48  43.29
   10 -0.596  0.399  0.413  99.81  85.58  65.41  86.19  48.15  86.87  44.31
   11 -0.948  0.877 -0.607  29.18  36.69  32.19  39.41  57.48  40.89  42.28
   12  0.911  0.754 -0.206 211.36  52.18 222.03  50.74 209.46  48.62  42.88
   13 -0.341 -0.067 -0.653  83.50 135.09  93.73 134.99 111.96 134.97  45.23
   14  0.637  0.503  0.522 216.39  75.95 195.75  74.99 156.39  74.18  45.05
   15  0.060  0.814 -0.380 129.91  44.83 134.42  45.11 137.44  44.58  45.23
   16 -0.742  0.527  0.885 104.33  70.78  48.58  71.64  16.15  72.99  36.42
   17 -0.655  0.127  0.137  83.80 114.79  59.94 115.03  53.93 115.23  43.50
   18 -0.808  0.715  0.060  66.61  52.19  44.28  53.90  43.62  55.27  44.64
   19 -0.642  0.702 -0.858  48.68  56.08  63.87  57.79  93.41  58.31  39.64
   20 -0.725  0.294 -0.904  39.36  98.03  55.68  98.82  88.04  99.08  38.56
   21  0.112  0.763 -0.877 116.02  51.26 139.47  51.70 160.43  50.85  43.10
   22 -0.771  0.132  0.264  77.72 114.14  47.53 114.42  38.80 114.69  43.31
   23  0.300  1.042  0.696 193.32  18.40 160.20  17.19 117.98  16.65  46.85
   24  0.887 -0.006  0.573 240.34 128.87 222.39 128.89 178.17 128.90  42.89
   25 -0.543  1.037 -0.771  60.86  21.63  73.57  23.84  98.65  24.48  43.73
   26 -0.555  0.603  0.720 115.62  63.19  69.09  63.92  39.45  65.06  41.00
   27 -0.226 -0.137  0.400 133.73 142.80 104.50 142.74  81.72 142.63  48.08
   28 -0.119  0.379  0.481 146.77  88.20 115.73  88.25  88.22  88.44  74.00
   29  0.664  0.447 -0.379 183.26  83.08 196.15  82.55 192.67  81.54  46.70
   30  0.751  0.232  0.338 218.94 104.31 207.16 103.84 174.14 103.37  46.13
   31 -0.253 -0.709  0.372 130.17 203.34 101.62 202.89  80.30 202.36  47.12
   32  0.108  0.250  0.523 169.03 101.94 139.67 101.80 107.14 101.79  95.81
   33  0.905  0.677 -0.801 187.88  61.14 219.25  60.18 230.17  58.09  42.53
   34  0.650 -1.084 -0.861 163.84 236.18 193.50 237.02 208.72 239.66  41.74
   35 -0.139  0.196  0.310 138.19 107.67 113.67 107.72  93.03 107.81  45.08
   36 -0.718  0.593  0.910 107.63  63.62  51.11  64.56  17.26  66.04  45.13
   37 -0.709  0.361 -0.283  63.19  90.46  55.50  91.27  65.64  91.73  44.24
   38 -0.455  0.346  0.960 134.41  90.73  79.28  90.98  38.61  91.61  43.26
   39  0.006  0.175  0.184 146.48 110.03 128.97 110.01 111.07 110.02  54.76
   40 -0.147 -0.622 -0.250 116.14 192.66 113.20 192.17 113.97 192.20  49.15
   41 -0.744 -0.740 -0.204  62.77 206.13  51.80 204.44  59.48 203.28  43.61
   42  0.728 -0.844 -0.326 190.86 213.55 202.79 214.72 196.63 216.72  45.22
   43 -0.335  0.406  0.275 118.86  85.37  93.19  85.74  76.87  86.10  39.93
   44 -0.171 -0.033 -0.844  91.94 131.64 111.13 131.60 134.14 131.62  43.07
   45  0.068  0.616 -0.166 138.68  64.64 135.26  64.75 130.09  64.42  44.05
   46  0.273  0.340  0.531 184.26  92.59 157.17  92.27 122.05  92.08  45.39
   47  0.014 -0.457  0.043 141.87 175.80 129.77 175.73 117.26 175.87  47.60
   48  0.542  1.153  0.103 191.37   9.66 184.70   8.18 163.34   6.32  47.36
   49  0.560  0.698  0.601 212.72  55.42 187.70  54.17 146.03  53.24  50.41
   50 -0.756  0.438  0.218  77.38  81.47  49.15  82.39  41.88  83.25  43.44
   51 -1.001 -0.480 -0.160  40.29 179.18  25.14 177.74  35.65 176.67  43.16
   52 -0.405 -0.593 -0.460  84.75 189.58  86.98 188.63  99.04 188.36  48.28
   53  0.365  0.378  0.209 179.84  89.07 166.48  88.73 143.03  88.32  45.00
   54  0.775 -0.894  0.573 230.59 220.99 210.48 223.06 167.42 224.82  43.07
   55 -0.229  0.331  0.338 131.03  93.32 104.20  93.50  83.82  93.72  50.76
   56 -0.767 -1.043 -0.856  37.21 235.77  51.29 232.99  82.42 231.81  47.34
   57 -1.197  1.030 -0.181  20.87  18.50   5.01  22.18  19.67  24.94  38.59
   58 -0.235  0.910 -0.405 102.40  34.35 104.31  35.37 111.98  35.43  42.76
   59  0.805  0.947 -0.684 183.80  33.76 209.57  32.56 216.70  29.93  37.75
   60  0.114  0.124  0.895 184.45 114.97 140.46 114.91  92.91 114.91  45.21
   61  0.174  0.721  0.749 184.10  51.90 146.87  51.29 104.31  51.20  44.17
   62 -0.779 -0.242  0.039  68.52 153.91  47.35 153.34  47.00 152.91  48.00
   63 -0.545 -1.006  0.603 112.04 236.41  70.40 235.12  45.00 233.37  46.96
   64 -0.700 -1.069 -0.327  62.49 240.10  56.64 237.72  68.06 236.29  45.80
   65 -1.163  0.495 -0.505  12.43  76.10  10.10  77.92  35.23  79.04  39.94
   66 -0.771 -0.396  0.166  73.96 170.44  47.77 169.56  42.63 168.80  54.00
   67  0.103 -0.464 -0.677 122.60 175.32 138.68 175.10 152.37 175.55  47.00
   68  0.133 -1.115 -0.408 135.45 242.33 141.88 242.13 144.99 243.10  50.89
   69 -1.005 -0.780  0.312  57.21 212.34  22.76 210.20  16.40 208.12  62.14
   70 -0.565  0.199  0.686 113.27 106.85  68.02 107.08  39.94 107.48  44.52
   71 -0.399 -0.258 -0.052 100.52 155.28  86.99 154.95  83.96 154.78  48.22
   72  0.110  0.070 -0.238 139.65 121.11 139.52 121.09 136.63 121.07  47.03
   73  0.424 -0.709 -0.192 169.37 200.77 171.97 201.23 163.47 202.24  45.36
   74  0.181 -0.240  0.303 166.93 153.34 147.29 153.49 122.37 153.64  48.07
   75  0.536 -0.168  0.455 204.81 145.67 184.83 145.92 149.61 146.21  57.06
   76  1.171  0.836 -0.128 236.65  44.24 249.08  42.09 231.21  39.11  41.40
   77  0.663  0.645  0.424 214.74  61.41 198.17  60.19 162.54  59.07  41.28
   78  1.175  0.330 -0.590 218.95  95.54 247.41  94.81 248.23  93.58  41.19
   79 -0.123 -1.038 -0.831  96.78 233.67 115.90 232.51 137.79 233.03  44.97
   80 -0.238  0.218 -0.575  95.70 105.86 104.10 106.13 118.13 106.12  45.00
   81  0.184  1.146 -0.429 139.18  11.25 147.05  11.33 150.42  10.17  45.85
   82 -0.267  0.955 -0.094 111.04  28.59 100.78  29.65  97.16  30.02  50.78
   83 -1.019  0.246  0.404  59.33 101.65  20.87 102.32  11.54 103.10  41.65
   84 -0.465 -0.703 -0.662  71.96 200.66  81.27 199.34 101.41 199.02  43.46
   85 -0.473 -0.490  0.475 113.77 180.57  78.33 180.00  56.62 179.30  45.96
   86 -0.816  1.117 -0.107  59.74  10.11  43.99  12.88  49.43  14.89  43.65
   87  0.478  0.587 -0.530 161.23  69.00 176.78  68.58 180.98  67.50  57.93
   88 -0.968 -0.526 -0.360  36.14 183.63  29.29 182.03  46.31 181.01  42.75
   89 -0.946 -0.778 -0.203  43.91 210.58  30.93 208.33  42.03 206.75  43.90
   90 -0.745  0.120 -0.182  63.51 115.60  51.55 115.89  58.64 116.08  48.22
   91  0.115  0.032 -0.606 130.26 125.05 137.64 125.07 154.83 124.98  54.12
   92  0.536 -0.625 -0.076 183.77 192.15 183.70 192.85 169.60 193.92  43.90
   93 -0.829  0.282  0.701  88.83  97.58  39.97  98.15  16.02  98.95  40.87
   94  1.005  0.071  0.456 245.83 120.91 234.34 120.72 193.83 120.59  40.18
   95  0.785  0.561 -0.183 201.30  71.36 209.15  70.55 196.70  69.06  48.53
   96  0.189  0.372  0.004 156.12  89.79 147.81  89.64 134.69  89.37  41.08
   97  1.013  0.035 -0.793 197.39 124.80 230.19 124.75 240.11 124.63  37.43
   98  0.630  0.721 -0.636 170.45  55.97 191.99  55.34 198.79  53.68  42.38
   99  1.078 -0.056 -0.860 200.37 133.71 236.43 133.89 248.52 134.08  49.68
  100 -0.275 -1.125  0.854 147.12 249.29  98.79 248.93  59.06 247.53  43.60
  101 -0.714  0.650  0.520  92.83  58.34  52.72  59.46  33.41  60.83  59.59
  102  0.003 -0.352 -0.007 138.88 164.78 128.60 164.70 118.13 164.79  46.89
  103  0.720 -0.583  0.537 224.25 188.77 204.49 190.02 163.55 191.08  45.22
  104  0.217 -0.080 -0.230 149.60 136.49 150.60 136.51 146.09 136.59  47.85
  105 -0.611  0.103  0.406  98.16 117.27  63.91 117.44  47.15 117.62  44.10
  106  0.324 -0.042  0.655 193.79 132.74 162.65 132.71 121.92 132.74  38.93
  107 -0.686  0.068  0.741 103.97 120.87  54.99 120.98  26.99 121.12  39.62
  108 -0.638 -0.168 -0.138  75.17 145.96  62.47 145.61  66.24 145.40  47.06
  109 -1.044  0.648 -0.754  14.98  60.75  23.11  62.97  55.02  64.23  38.71
  110 -0.578 -0.344 -0.012  85.38 164.63  68.45 163.98  66.52 163.42  62.40
  111  0.122 -0.266 -0.105 145.85 155.78 140.86 155.74 132.69 155.88  57.96
  112 -0.433  0.478 -0.718  72.81  79.10  84.52  80.07 106.34  80.11  52.25
  113  0.639 -0.214  0.655 221.88 150.63 196.21 151.03 151.41 151.38  50.18
  114 -0.774 -0.130  0.402  82.66 142.22  46.73 141.95  33.01 141.67  40.54
  115  1.134 -0.434 -0.165 232.06 171.84 245.11 172.94 229.14 174.43  39.34
  116  0.356 -0.776 -0.097 167.02 207.99 165.02 208.45 153.65 209.49  55.85
  117  0.244  0.865  0.066 163.40  38.72 153.60  38.30 137.22  37.72  48.46
  118  0.333  0.549 -0.494 149.81  72.50 162.09  72.34 166.37  71.56  39.06
  119 -0.511 -0.407 -0.336  79.62 170.66  75.92 169.83  85.00 169.50  72.67
  120  0.529  0.384 -0.642 161.36  89.61 181.80  89.42 189.73  88.69  56.07
  121 -0.053 -0.762  0.514 154.07 208.82 122.65 208.84  92.77 208.60  52.28
  122  0.979 -0.296 -0.345 211.79 157.99 228.47 158.56 220.94 159.47  35.97
  123 -0.539  0.183  0.845 121.98 108.37  70.52 108.60  35.81 108.92  35.50
  124  0.845 -0.617  0.143 219.40 191.33 216.36 192.62 190.29 194.12  42.60
  125 -0.915  0.445 -0.737  27.64  82.03  36.04  83.39  65.38  84.05  42.57
  126 -0.038  0.900 -0.530 115.52  36.12 124.33  36.74 134.22  36.35  47.11
  127 -0.433  0.355 -0.768  71.06  91.82  84.68  92.52 108.33  92.66  46.27
  128  0.175 -1.019  0.435 171.66 235.19 146.72 235.79 116.67 236.16  46.23
  129  0.671 -0.991  0.230 207.84 230.16 198.45 232.04 170.73 233.74  48.19
  130  0.758 -0.338  0.211 214.51 162.94 207.50 163.56 179.61 164.31  45.08
  131 -1.141 -0.663 -0.344  20.69 198.48  11.31 196.07  31.16 194.50  26.32
  132 -0.959 -1.127 -0.813  20.86 245.23  31.91 241.50  64.35 239.81  44.79
  133  1.045  0.212 -0.028 229.97 106.81 236.50 106.43 215.76 105.65  43.71
  134 -0.276 -0.125  0.669 139.61 141.62  98.89 141.57  66.49 141.45  46.09
  135  0.659 -0.988 -0.936 161.75 226.45 194.23 227.16 212.22 229.66  38.68
  136  0.790 -0.376 -0.395 193.51 166.11 208.93 166.67 204.94 167.64  37.19
  137  0.928 -0.453 -0.890 186.47 172.98 221.31 173.62 235.51 175.11  40.68
  138  0.133 -0.667 -0.382 136.37 196.53 141.90 196.42 144.11 196.99  40.56
  139  1.040  0.483 -0.027 229.43  79.45 235.97  78.21 215.10  76.73  41.07
  140  0.845 -0.194  0.138 219.21 148.07 216.37 148.48 190.55 148.97  43.81
  141 -0.044  0.600  0.590 157.93  64.71 123.61  64.53  90.65  64.76  42.79
  142 -0.001  0.061  0.653 164.24 121.83 128.16 121.81  92.02 121.69  47.13
  143  1.178 -1.072  0.255 252.66 237.26 251.64 240.52 217.91 244.06  38.38
  144  0.355 -0.828  0.077 173.77 213.78 165.21 214.42 147.07 215.34  46.33
  145 -0.148 -0.889  0.509 145.23 222.50 112.65 222.29  84.38 221.79  42.11
  146 -0.258 -0.039  0.314 127.34 132.31 101.22 132.43  82.09 132.26  48.00
  147 -0.981 -0.865 -0.795  19.47 218.08  29.59 215.24  61.89 213.85  37.67
  148 -0.993 -0.673 -0.572  26.10 198.60  27.57 196.47  52.23 195.40  77.47
  149  0.194 -0.753  0.050 158.30 206.28 148.38 206.50 133.26 207.04  39.11
  150 -0.830  0.482  0.124  66.53  76.77  41.99  78.16  38.89  79.06  43.10
  151 -0.259 -0.223 -0.640  91.54 151.08 102.07 150.78 118.86 150.82  40.75
  152 -0.242 -0.851  0.496 136.05 218.68 102.71 218.24  76.43 217.55  46.71
  153  0.284 -1.137 -0.080 161.37 245.17 157.59 245.78 146.38 247.09  47.74
  154  0.021  0.481  0.240 149.98  77.84 130.47  77.83 110.16  78.01  51.97
  155 -0.514 -0.303  0.927 128.00 161.16  72.70 160.99  35.06 160.28  42.06
  156 -1.157  0.221  0.292  41.91 104.45   6.91 105.07   4.24 105.75  45.25
  157  0.892 -0.514 -0.807 186.53 179.30 217.94 180.00 229.22 181.54  40.40
  158 -0.170 -1.115  0.251 133.13 245.64 110.46 244.99  92.46 244.52  63.00
  159  0.829 -0.538 -0.207 204.19 182.76 213.53 183.50 201.72 185.09  44.76
  160  1.190  0.456 -0.416 226.98  82.88 249.76  81.67 243.42  80.08  48.00
  161 -0.839 -0.795  0.576  83.00 214.26  39.36 212.53  20.08 210.65  42.81
  162  0.433  0.114 -0.532 157.18 116.80 172.25 116.69 176.99 116.47  45.67
  163  0.221 -1.075 -0.299 147.31 238.29 150.89 238.43 148.84 239.60  52.18
  164  0.685 -0.342  0.241 209.37 163.44 200.01 164.04 171.62 164.70  36.33
  165  0.132 -0.990 -0.917 116.46 227.98 141.34 227.40 163.78 228.64  46.25
  166 -0.651 -0.616  0.464  96.65 194.40  59.51 193.27  41.25 192.11  38.05
  167 -1.114 -0.194 -0.518  16.59 148.55  15.06 147.93  39.94 147.77  38.80
  168 -0.075  0.711 -0.513 112.69  55.42 120.72  55.98 130.18  55.81  42.33
  169 -0.364 -0.376 -0.769  77.17 166.90  91.57 166.02 114.29 166.03  40.37
  170  1.118  0.859  0.318 249.95  40.53 245.67  38.13 209.75  35.33  37.54
  171  0.962 -0.852 -0.178 216.89 214.24 227.36 216.02 213.21 218.50  39.22
  172 -0.025 -0.794  0.648 161.94 212.52 125.62 212.70  90.05 212.42  39.25
  173 -0.891 -0.300 -0.361  43.33 159.88  37.18 158.96  52.98 158.44  31.71
  174 -0.271  0.528 -0.375 100.14  73.57 100.63  74.20 107.63  74.46  45.94
  175 -0.171 -0.487  0.986 162.09 180.60 109.77 181.01  63.32 180.12  43.74
  176  0.563 -0.163  0.592 212.78 145.25 187.87 145.54 146.88 145.67  44.23
  177 -0.300  0.571  0.882 145.78  66.58  96.06  66.90  55.64  67.89  51.51
  178  0.079 -0.499  0.139 151.42 180.23 136.53 180.29 119.48 180.48  44.86
  179  0.122  0.045 -0.063 147.42 123.58 140.85 123.76 131.07 123.55  41.76
  180 -0.272  0.006  0.090 117.64 127.63  99.84 127.67  89.79 127.71  49.00
  181 -0.897 -0.827 -0.413  40.64 215.08  36.88 212.69  54.16 211.27  38.25
  182  0.676 -0.098  0.595 222.95 138.38 199.87 138.59 157.51 139.10  43.00
  183  0.307 -0.844  0.778 197.29 217.45 161.10 218.50 115.45 218.87  27.14
  184 -0.124  0.128  0.730 156.11 114.59 115.08 114.53  77.84 114.62  42.14
  185  0.833 -0.072 -0.261 202.52 135.68 213.72 135.56 204.25 135.74  68.00
  186  1.020  0.770  0.462 247.48  49.21 236.02  46.97 195.11  44.85  36.67
  187  0.722  0.117 -0.369 188.59 116.42 202.18 116.27 197.63 116.13  44.14
  188 -0.286  0.973  0.254 122.60  25.48  98.36  26.58  81.96  26.98  52.00
  189 -0.745 -0.717 -0.124  66.97 203.99  50.75 202.31  57.47 201.01  41.36
  190 -0.291 -0.019 -0.203 105.07 130.06  98.13 130.65  99.70 130.04  53.91
  191 -1.131  0.514 -0.216  25.81  73.77  11.92  75.28  26.67  76.55  30.96
  192  0.570  0.610  0.280 200.80  65.17 187.96  64.33 159.32  63.23  31.00
  193 -1.038 -0.342 -0.028  41.38 165.02  20.74 163.94  27.14 162.21  47.38
  194  0.935 -0.108 -0.341 208.22 139.41 223.94 139.31 216.76 139.31  31.59
  195  0.434  0.421 -0.924 143.04  86.24 171.50  85.84 191.78  85.60  27.87
  196  0.978 -1.171 -0.826 193.28 244.15 226.52 245.94 237.83 249.77  32.25
  197 -0.835 -0.121  0.177  68.48 140.80  40.99 140.52  36.72 141.37  43.59
  198 -1.068 -1.124  0.392  54.00 249.44  15.95 246.18   7.49 244.14  40.97
  199  0.744  0.317 -0.903 170.00  97.72 202.85  96.09 218.68  95.22  25.82
  200 -0.330 -0.201  0.271 119.22 149.33  93.71 149.72  77.56 148.96  45.60
  201 -0.726  0.017  0.216  80.04 126.88  52.46 126.90  44.55 125.61  42.75
  202  0.818 -0.758 -0.237 201.99 204.76 212.32 206.21 201.63 208.12  25.75
  203  0.679 -0.997 -0.572 170.33 228.74 201.21 228.79 193.52 232.04  50.11
  204 -1.041 -1.185 -0.036  41.02 254.47  20.41 251.10  27.15 248.24  37.75
  205  0.860 -0.750  0.838 249.59 206.98 219.93 207.83 166.12 210.68  42.06
  206  0.281  0.673  0.361 178.38  57.58 157.76  57.03 129.51  57.85  40.10
  207 -0.189 -0.531 -0.675  96.54 182.56 209.04 253.78 126.23 182.06  41.10
  208 -0.769 -0.318  0.563  89.28 162.63  46.72 161.99  80.45 253.87  46.83
  209  0.224 -1.112  0.499 178.44 245.07 152.10 245.76 118.40 246.42  49.31
  210 -0.336  0.898 -0.789  79.24  36.63  94.33  38.10 117.59  37.55  39.89
  211  0.124 -0.957 -0.609 127.04 225.55 209.04 253.78 151.63 226.15  45.88
  212  0.212  0.859  0.452 175.66  37.96 150.63  37.83  80.45 253.87  42.33
  213 -0.603  0.504 -0.441  41.02 254.47  66.80  76.91  80.99  77.41  37.75
  214  0.788 -1.228 -0.296 197.27 252.61 209.04 253.78  80.45 253.87  59.46
  215 -0.167  0.698 -0.715  97.08  57.02 111.47  57.90  80.45 253.87  44.38
  216  0.406  0.397 -0.936 139.70  88.57 168.94  88.52  80.45 253.87  43.09
  217 -0.387  0.380  0.587 126.55  87.33  87.00  87.69  60.21  88.87  44.62
  218 -0.001  0.295  0.117 143.33  97.51 128.22  97.55  80.45 253.87  49.12
  219  0.259  0.889 -0.822 131.08  38.75 209.04 253.78 171.64  37.60  39.23
  220 -1.126  0.944 -0.923  41.02 254.47  15.52  33.80  54.43  35.54  37.75
  221  0.339 -0.715 -0.389 154.38 200.79 162.94 201.54  80.45 253.87  46.03
  222 -0.333 -0.214  0.134 113.65 150.75 209.04 253.78  82.60 150.52  42.62
  223 -0.888 -0.704  0.279  41.02 254.47  35.13 202.04  27.93 200.40  37.75
  224  0.439 -0.239 -0.822  41.02 254.47 172.34 152.31 187.99 152.78  37.75
  225 -1.228 -0.500  0.142  29.61 182.20 209.04 253.78   4.20 178.92  36.73
  226 -1.234  0.109 -0.635  41.02 254.47   3.42 117.26  34.42 117.47  37.75
  227 -0.596 -0.656  0.337  96.94 198.29  65.61 197.17  80.45 253.87  51.92
  228  0.556 -0.142 -0.900 154.03 141.04 183.97 143.93  80.45 253.87  41.75
