    1 -1.063  0.330 -0.295  29.44  93.30  19.25  94.39  35.61  95.11  42.70
    2 -0.746  0.985 -0.940  36.22  26.98  53.66  29.68  87.47  30.60  41.27
    3 -0.304  0.267  0.107 115.27 100.20  96.63 100.46  86.23 100.63  47.69
    4  1.055  0.957 -0.943 195.36  34.13 233.71  32.56 249.21  29.16  36.56
    5 -0.962  0.771 -0.700  24.57  47.94  31.13  50.39  59.87  51.67  42.93
    6 -0.436  0.939  0.247 108.48  28.80  82.58  29.95  68.89  31.04  47.00
    7 -0.027 -0.009  0.488 155.52 129.20 125.33 129.25  96.35 129.20  46.93
    8 -0.351  0.168 -0.577  85.26 110.99  92.76 111.25 108.10 111.28  55.46
    9 -0.490  1.093 -0.663  69.75  15.64  78.74  17.76  99.26  18.33  43.95
   10 -1.056  1.047 -0.904   8.62  19.68  22.46  23.38  59.63  25.15  38.70
   11 -0.955 -0.124 -0.016  49.90 141.48  29.33 141.13  33.95 140.85  45.84
   12  0.762  1.057  0.932 244.15  17.29 210.28  14.47 152.26  12.70  33.31
   13 -0.093  0.870 -0.541 110.15  39.13 118.84  39.87 129.74  39.53  44.83
   14 -0.031  0.867  0.994 175.26  35.14 124.91  34.70  75.59  35.31  43.21
   15 -0.489  0.887 -0.709  68.00  37.01  78.88  38.76 101.04  39.21  52.06
   16  0.110 -0.850  0.770 179.14 218.49 140.06 219.15  97.55 219.01  44.75
   17  0.307  0.490  0.151 172.41  77.50 160.32  77.21 139.89  76.73  49.42
   18 -0.482 -0.931 -0.812  65.05 223.76  79.78 221.94 105.60 221.50  42.88
   19 -0.303 -0.324 -0.436  94.91 161.77  97.37 161.33 107.13 161.23  49.60
   20 -0.502  0.031  0.081  96.01 124.99  76.07 125.05  69.64 125.08  52.10
   21  0.439 -0.087  0.176 185.08 137.21 174.15 137.31 151.15 137.42  47.73
   22 -0.421  1.148  0.196 108.10   6.93  84.11   8.33  72.38   9.53  49.70
   23 -0.376  0.797 -0.191  97.46  45.14  89.57  46.22  91.29  46.71  46.38
   24  0.586  0.770 -0.672 165.29  51.01 187.50  50.44 196.08  48.75  41.48
   25  0.299 -0.588 -0.755 136.96 187.49 158.39 187.47 172.83 188.33  45.92
   26  1.044  0.150 -0.624 206.48 113.35 233.93 113.06 236.98 112.54  40.42
   27  1.153  0.655 -0.270 229.58  62.68 246.61  61.05 234.71  58.76  40.98
   28  0.203  0.694  0.491 176.38  55.35 149.70  54.86 117.11  54.57  51.86
   29  1.027  0.245  0.282 240.67 103.25 235.93 102.59 202.48 101.89  41.44
   30  0.787 -0.685  0.943 246.72 200.14 212.97 202.02 154.24 203.21  41.10
   31 -0.005  0.975 -0.221 130.11  27.63 127.77  28.02 125.55  27.66  47.35
   32  0.404 -0.146  0.565 197.40 143.52 171.14 143.72 132.93 143.83  48.08
   33 -0.866  0.950 -0.509  40.38  28.97  40.16  31.67  60.78  33.15  55.91
   34 -0.159  0.205 -0.769  95.76 107.38 112.31 107.67 132.40 107.53  45.05
   35 -0.929 -0.269 -0.164  46.94 156.76  32.57 155.99  42.02 155.44  44.35
   36  0.626  0.989  0.571 217.44  25.30 194.67  23.44 153.46  21.88  45.83
   37  0.201  0.927 -0.677 131.31  34.36 148.56  34.55 161.09  33.46  45.24
   38 -0.666 -0.016  0.570  99.21 130.01  57.61 130.00  35.64 129.91  50.62
   39  0.750  0.323  0.150 211.35  95.14 206.45  94.56 181.10  93.86  43.07
   40 -0.501 -0.240  0.383 107.53 153.81  75.47 153.50  57.74 153.15  49.65
   41  0.782 -0.067  0.650 234.26 135.25 211.48 135.41 165.19 135.55  41.17
   42  0.726  0.994 -0.844 171.00  29.40 201.20  28.45 215.10  25.82  45.35
   43 -0.975 -0.748 -0.033  47.32 207.87  27.25 205.77  32.74 204.02  41.84
   44 -0.317 -0.162 -0.801  80.31 144.78  96.42 144.56 119.62 144.56  51.94
   45  0.208 -0.587 -0.445 140.72 188.13 149.38 188.11 153.30 188.74  70.44
   46 -0.142 -0.923 -0.710  99.54 222.39 113.92 221.46 131.65 221.73  44.68
   47  0.052  0.973  0.761 173.48  24.79 133.77  24.28  92.57  24.49  48.03
   48  0.726  0.594  1.010 244.14  65.72 206.63  64.13 145.77  63.25  39.61
   49  0.072 -0.213 -0.561 124.11 149.99 135.55 149.90 145.29 150.07  43.45
   50  0.925  0.559 -0.121 215.90  71.66 223.72  70.51 207.68  68.94  48.91
   51  0.562  0.363  0.175 195.89  90.84 186.95  90.34 162.58  89.75  46.73
   52 -0.226  0.739  0.659 143.84  49.42 104.17  49.64  71.33  50.33  48.50
   53 -1.063  0.795  0.120  44.65  42.97  17.55  45.35  19.21  47.45  41.60
   54 -0.775  0.488  0.385  81.92  75.90  46.70  76.86  33.56  77.91  55.02
   55  0.671  0.703  0.243 208.22  55.95 198.54  54.69 170.22  53.38  48.61
   56  0.392  1.153  0.572 196.65   7.44 169.83   5.94 131.43   4.94  42.94
   57  0.830  1.126  0.936 250.30  10.31 217.61   7.08 158.60   4.97  36.09
   58  0.400  0.623 -0.184 167.63  64.52 169.48  64.15 161.05  63.26  60.00
   59 -0.526 -0.679 -0.285  80.15 199.10  74.35 197.83  81.71 197.25  46.90
   60  0.904 -0.576  0.544 240.61 187.76 224.00 189.30 180.80 190.63  44.42
   61 -0.168  0.773  0.438 140.54  46.49 110.51  46.74  85.35  47.19  44.62
   62 -0.613  0.525 -0.811  53.00  74.21  66.68  75.44  94.18  75.83  41.44
   63  1.178  0.886  0.193 250.14  38.32 251.35  35.66 220.25  32.70  41.30
   64 -0.882 -0.305 -0.364  44.06 160.28  38.12 159.42  53.88 158.89  50.88
   65 -0.239  0.446  0.749 146.26  80.48 102.78  80.61  66.63  81.02  47.15
   66 -0.299 -0.765  0.416 127.64 209.42  96.73 208.88  74.43 208.18  47.41
   67  0.156  0.653  0.881 187.77  58.70 145.04  58.09  97.39  58.12  33.12
   68  0.814  0.091 -0.558 189.34 119.16 210.89 119.02 213.12 118.77  44.45
   69 -0.072 -0.035 -0.075 129.40 131.90 120.89 131.93 113.92 131.98  62.09
   70 -0.308  0.971  0.328 123.45  25.48  95.93  26.25  77.14  27.10  40.86
   71 -0.558 -0.885  0.978 125.49 224.57  68.12 223.65  28.60 221.75  45.00
   72  0.172 -0.473  0.106 158.51 177.32 146.20 177.46 129.21 177.79  48.30
   73  0.324  0.825  0.267 178.39  42.50 162.19  41.80 136.93  41.05  40.65
   74  0.166 -0.173 -0.225 145.16 146.07 145.29 146.08 141.20 146.21  46.38
   75 -0.731 -0.702 -0.872  40.10 200.51  54.93 198.64  86.35 198.02  40.84
   76 -0.966  1.099 -0.088  46.26  11.45  28.42  14.61  35.77  17.01  48.85
   77 -0.329 -0.450 -0.664  84.20 174.43  94.97 173.73 113.40 173.69  47.31
   78  0.973 -1.131 -0.495 205.50 241.25 227.27 243.34 225.64 246.87  43.40
   79  0.340 -0.019  0.586 192.44 130.32 164.35 130.26 126.07 130.28  73.19
   80  0.017 -0.746  0.871 174.74 207.91 130.14 208.32  84.98 207.99  42.08
   81 -0.642 -0.449 -0.140  74.58 175.39  62.04 174.58  65.86 173.99  49.77
   82  0.068  0.266 -0.655 120.27 101.21 135.13 101.32 148.43 101.08  51.96
   83  0.397 -0.564  1.015 214.96 188.18 171.09 189.12 114.40 189.42  45.65
   84  0.826  0.808 -0.871 178.44  48.15 211.07  47.20 225.30  44.86  35.93
   85  0.767 -0.629 -0.821 175.30 190.75 205.34 191.42 218.10 193.15  40.66
   86  0.007 -0.230  0.566 161.60 152.56 129.05 152.61  96.28 152.57  37.95
   87  0.714 -1.061  0.656 228.57 238.83 204.20 241.23 158.36 243.04  45.50
   88  0.606  1.118 -0.022 192.14  13.87 191.06  12.42 174.00  10.27  47.60
   89  0.321  0.081 -0.640 143.24 120.07 160.74 120.06 170.73 119.94  42.79
   90  0.405  0.893  0.319 187.70  35.53 170.77  34.47 142.45  33.50  69.40
   91  0.729 -1.014  0.414 220.15 233.06 205.08 235.16 169.08 237.09  40.88
   92  1.215  0.718 -0.551 223.78  57.01 251.62  55.30 250.52  52.63  41.28
   93 -0.127 -0.074  0.993 166.29 136.23 114.56 136.17  66.89 136.16  39.51
   94  0.824  0.036  0.988 251.84 124.49 217.12 124.38 156.04 124.33  38.59
   95  0.435 -0.663  0.290 189.23 197.08 173.88 197.85 146.33 198.64  42.89
   96 -0.482 -0.153 -0.306  83.55 144.29  78.77 143.95  86.58 143.84  73.17
   97  0.696 -0.506  0.036 202.20 179.97 200.54 180.79 180.31 181.84  41.44
   98  0.950 -0.519 -0.161 216.50 180.65 226.21 181.66 211.53 183.22  40.95
   99  0.077 -0.742  0.386 160.90 206.14 136.41 206.36 109.68 206.45  43.31
  100  1.141 -0.025  0.287 250.70 130.83 247.93 130.90 213.30 130.98  39.70
  101 -0.300  0.990 -0.683  86.22  26.78  97.95  28.26 116.66  28.28  45.75
  102  0.123  0.754  0.136 155.26  49.78 141.03  49.62 123.49  49.31  40.25
  103  1.109  0.366 -0.851 203.29  92.21 239.57  91.52 251.09  90.19  36.11
  104 -0.003  0.523  0.680 165.23  72.69 128.00  72.51  90.82  72.70  44.33
  105  0.895  1.082 -0.432 201.29  19.78 219.50  17.87 216.08  14.75  44.91
  106 -0.562  0.423 -0.030  86.19  83.66  70.00  84.42  68.66  84.91  41.45
  107 -0.053  0.554  0.248 143.71  70.18 122.77  70.27 103.29  70.33  43.25
  108 -0.533 -0.697  0.491 108.80 202.81  71.85 202.03  50.64 200.78  45.06
  109 -0.722 -1.122 -0.347  59.75 245.71  54.45 243.18  66.95 241.49  79.31
  110 -0.807  0.607 -0.653  40.66  65.14  46.60  66.82  71.38  67.64  35.67
  111 -0.847 -0.063 -0.353  47.76 134.87  41.67 134.69  56.50 134.59  33.69
  112 -0.111 -0.272  0.534 149.50 157.11 116.47 157.15  86.76 156.96  41.19
  113  0.676 -0.334  0.007 198.62 162.46 198.81 163.00 178.78 163.48  52.66
  114 -0.365 -0.739 -0.361  92.17 204.95  90.98 203.87  98.80 203.56  42.00
  115  0.654 -0.904 -0.942 161.01 218.02 193.65 218.67 211.89 220.93  39.50
  116 -0.303  0.664 -0.518  91.83  59.79  97.50  60.77 110.09  60.97  64.41
  117  0.579 -1.117 -0.329 177.84 241.52 187.54 242.60 182.85 244.85  45.05
  118 -0.264  1.131  0.623 139.10   7.45 100.14   7.98  69.39   9.25  46.00
  119 -0.269 -0.707  0.738 143.00 204.02  99.52 203.75  64.27 202.99  46.71
  120  0.373  0.745  0.826 205.27  49.53 168.22  48.34 119.82  47.99  37.46
  121  0.684 -0.731 -0.067 197.07 202.81 198.98 203.90 182.98 205.44  45.42
  122 -1.172 -0.291  0.141  34.85 159.56   6.02 158.58   9.01 157.74  37.53
  123  0.144 -1.014  0.064 154.37 233.42 143.17 233.62 128.12 234.20  53.70
  124  0.007  0.591  0.360 153.51  66.21 129.04  66.16 104.37  66.17  46.10
  125  0.263  1.031  0.242 172.46  21.03 155.58  20.32 132.66  19.54  51.45
  126  0.389 -0.479  0.378 188.58 178.13 169.21 178.67 138.74 179.15  43.06
  127 -0.397  0.683 -0.799  73.21  58.36  88.38  59.61 112.59  59.63  42.77
  128  0.166  0.056  0.581 176.64 122.37 145.91 122.33 110.23 122.32  44.48
  129 -1.226  1.089 -0.368  11.46  12.79   2.97  16.87  24.60  19.65  36.79
  130  0.717 -0.872  0.865 237.34 219.73 205.19 221.85 150.55 223.33  66.14
  131 -0.584  0.196  0.413 100.97 107.24  66.74 107.55  49.28 107.91  42.15
  132 -0.691  0.028  0.088  78.63 125.25  56.32 125.42  52.80 125.36  45.18
  133 -0.476  0.430  0.283 106.00  82.60  78.38  83.09  63.86  83.68  51.00
  134 -0.569  0.121 -0.047  84.99 115.60  69.42 115.76  68.76 115.91  59.00
  135  1.108  0.827  0.199 244.36  44.12 244.04  41.79 213.28  39.21  32.56
  136  0.578  0.265  0.037 191.96 101.04 188.21 100.95 169.34 100.28  54.98
  137 -0.437  0.709 -0.064  96.37  53.84  83.22  54.78  80.83  55.78  44.39
  138 -0.124 -0.314 -0.731 100.30 160.19 115.81 159.96 134.08 159.98  47.94
  139 -1.173  0.296 -0.632   6.97  97.20   9.54  98.36  39.33  99.00  37.93
  140 -0.531  0.736  0.787 120.50  48.69  71.44  49.53  38.84  50.89  46.80
  141  0.328 -0.120 -0.171 161.70 140.52 162.01 140.57 153.97 140.82  56.92
  142  0.327  0.586  1.012 208.58  65.84 163.49  64.93 108.04  64.86  40.86
  143  0.193  1.163 -0.755 127.76  10.79 147.69  11.12 163.23   9.66  36.67
  144 -0.696 -0.097  0.199  82.37 138.68  55.57 138.38  47.98 138.21  39.35
  145  0.074 -1.052 -0.860 113.33 234.44 135.67 233.77 156.35 234.83  45.36
  146  0.051 -0.982 -0.782 114.23 227.67 133.37 227.00 151.56 228.03  53.26
  147 -1.043  0.022 -0.492  24.61 125.99  22.01 126.07  45.33 125.84  41.41
  148  1.122 -0.420 -0.195 229.93 170.50 243.78 171.53 229.09 172.92  32.00
  149 -0.844 -0.540 -0.232  51.80 185.20  41.80 183.63  51.41 182.77  45.03
  150  0.692 -0.120 -0.860 167.38 140.20 197.59 140.27 212.65 140.48  54.14
  151 -0.592 -0.283  0.472 102.55 158.50  65.76 158.12  46.24 157.65  41.00
  152  0.838 -0.272 -0.832 180.91 155.27 212.46 155.60 225.09 156.45  40.10
  153 -0.679 -1.021  0.453  93.63 237.84  56.58 236.03  39.17 234.04  41.43
  154 -0.326  0.558 -0.609  86.50  70.91  95.28  71.71 111.62  71.70  35.55
  155  0.988  0.575 -0.355 212.15  70.57 229.25  69.38 222.10  67.61  36.19
  156 -0.159 -0.897  0.949 161.81 224.78 111.07 224.83  65.87 223.84  50.29
  157  0.962  0.869  0.461 242.31  38.78 229.91  36.62 189.45  34.15  79.44
  158 -0.769 -0.596 -0.378  54.18 190.69  49.71 189.20  64.18 188.34  40.00
  159 -0.944 -0.522  0.269  61.56 184.31  29.26 182.87  23.58 181.82  42.93
  160  0.197 -0.828  0.345 170.10 214.78 148.97 215.25 122.24 215.67  42.15
  161 -0.958 -0.793 -0.792  21.65 210.56  31.96 208.02  63.71 206.93  40.33
  162 -1.165 -0.603  0.273  40.47 193.36   6.17 191.43   4.30 189.57  31.00
  163  0.718 -0.001 -0.114 198.11 128.62 202.40 128.28 187.91 128.28  54.02
  164 -0.999 -1.104 -0.677  21.93 243.48  27.26 239.86  55.74 237.93  36.08
  165 -0.904 -0.569 -0.869  24.07 187.06  37.54 185.36  71.36 184.51  38.00
  166  0.559 -1.135 -0.081 185.76 244.19 186.04 245.78 171.88 247.53  47.86
  167 -1.075 -0.935 -0.495  21.27 226.55  18.88 223.39  42.33 221.44  37.50
  168  0.094 -0.116  0.670 173.62 140.58 138.29 140.64 100.10 140.63  34.89
  169 -0.302  0.584  0.937 147.86  65.17  95.78  65.52  53.33  66.17  40.52
  170  0.563  0.961  0.058 191.48  29.50 186.72  28.62 167.03  26.57  76.11
  171  0.605  0.973 -0.881 157.20  31.22 190.07  30.77 203.26  28.40  42.59
  172 -1.064 -0.442 -0.393  25.73 174.81  19.62 173.35  39.22 172.64  42.05
  173  0.528 -0.604 -0.117 181.47 189.98 182.80 190.62 170.34 191.74  46.16
  174 -1.145  0.649 -0.510  17.23  60.04  10.09  62.20  39.85  63.76  39.65
  175 -0.753 -0.828  0.971 106.89 218.75  46.94 217.41  11.83 215.49  38.50
  176 -1.091  1.110  0.384  51.91   8.03  13.29  11.59   6.23  14.57  47.41
  177 -0.725  0.651 -0.666  47.77  60.96  54.97  62.36  78.89  63.11  52.81
  178 -0.162  0.481 -0.027 123.37  78.06 111.33  78.65 104.27  78.37  55.59
  179  0.786  0.052 -0.478 189.95 123.11 208.23 123.00 207.57 122.86  44.00
  180 -0.219 -0.788 -0.430 102.84 209.50 105.89 208.63 114.28 208.62  49.00
  181 -0.026  1.073 -0.833 105.32  19.44 125.79  20.55 146.40  19.66  45.70
  182  0.264 -1.051 -0.524 142.63 235.04 155.06 235.11 161.15 236.44  41.00
  183  0.101  1.041 -0.801 118.16  23.00 138.34  23.51 156.94  22.55  43.86
  184 -1.052  0.715 -0.754  17.01  53.88  20.83  56.22  56.78  57.49  34.66
  185 -0.940 -0.941 -0.584  31.06 226.61  32.83 223.65  57.53 222.14  39.64
  186 -0.897 -0.468 -0.590  34.46 176.95  37.39 175.57  61.24 175.20  43.05
  187  0.063 -0.335  0.360 158.66 163.39 134.90 163.43 109.50 163.63  52.80
  188 -1.098  0.577 -0.007  54.95  66.73   4.76  68.46  36.93  69.79  31.88
  189  1.165 -0.501  0.128 246.43 179.02 249.73 180.47 221.49 182.14  32.33
  190  1.052 -0.403 -0.613 202.80 168.30 237.68 168.99 231.94 170.45  38.95
  191  1.002  0.941 -0.474 210.35  34.20 229.41  32.56 229.41  29.38  35.25
  192 -0.659  0.601 -0.037  60.44  64.47  69.38  66.29  44.41  66.92  39.21
  193  1.043 -0.429 -0.751 201.50 170.68 233.41 171.49 241.33 172.95  56.00
  194  0.658 -0.140  0.259 207.65 142.50 197.20 143.18 168.41 142.99  43.00
  195  0.886  0.304 -0.882 183.51  98.38 216.81  97.96 231.75  96.46  36.93
  196  0.237  0.502  0.075 163.43  76.18 152.75  75.94 136.67  75.80  48.76
  197  0.405 -1.210 -0.849 142.93 249.40 168.86 249.62 185.81 252.08  42.63
  198 -0.313  0.560  0.754 139.62  68.04  94.84  68.53  59.76  69.02  37.57
  199  0.212 -0.513  0.212 166.14 181.61 150.39 181.87 128.69 182.28  40.43
  200  0.434  0.033  0.533 198.53 125.10 174.33 124.68 136.66 124.65  31.26
  201 -0.226  1.019  0.655 139.43  19.06 106.66  19.94  67.21  20.95  48.50
  202  0.348  0.968  0.386 185.64  27.61 164.76  26.20 134.94  25.36  23.48
  203  0.324 -0.171  0.820 200.46 146.35 162.92 146.52 115.39 146.59  36.80
  204  0.320  0.698 -0.189 160.24  57.09 161.18  56.18 153.78  55.39  55.75
  205 -0.545  0.833 -0.764  61.26  42.43  73.14  44.77  98.57  44.70  46.24
  206  0.793 -0.822  0.722 238.35 214.55 212.77 215.66 163.52 217.22  27.77
  207  0.715  0.933 -0.003 185.20  32.28 212.81  31.69 164.16  30.11  36.75
  208  0.327  0.565 -0.044 166.67  69.83 161.99  70.36 149.25  68.86  67.65
  209 -0.471 -1.172  0.737 124.17 254.12  77.95 253.47  46.15 251.62  46.60
  210  0.104 -0.851 -0.512 128.90 214.96 138.88 214.90 146.30 215.42  54.80
  211  1.011 -0.924  0.438 243.35 222.97 236.41 225.80 192.40 228.29  63.32
  212 -1.078 -1.071  0.474  63.84 244.02  10.26 240.90  10.02 239.13  31.69
  213 -0.279  0.004 -0.576  91.94 127.65 100.00 127.63 114.53 128.24  50.23
  214 -0.916  0.659 -0.136  49.13  58.05  33.84  61.02  41.95  61.25  42.15
