    1 -0.933  0.350 -0.410  37.62  91.53  33.07  92.57  51.30  93.20  43.02
    2 -0.777 -0.200  0.878 100.64 150.08  44.82 149.74  13.35 149.20  42.00
    3  0.662 -0.055 -0.690 171.11 133.71 195.10 133.78 203.67 133.89  47.00
    4 -0.974  0.263 -0.884  16.89 101.06  30.57 101.94  65.89 102.33  41.33
    5  0.018  0.661 -0.899 106.88  61.51 130.08  62.04 152.87  61.46  42.85
    6 -0.219  0.785 -0.807  89.04  48.30 106.20  49.36 128.50  49.16  46.14
    7 -0.951 -0.057 -0.246  41.79 134.27  30.54 134.10  43.31 134.00  43.90
    8 -0.183  0.782 -0.597 100.02  48.12 109.66  49.01 123.85  48.85  47.81
    9 -0.044  1.068  0.928 171.36  13.81 123.50  13.36  77.03  14.07  45.33
   10  0.026  0.410  0.138 146.56  85.45 130.98  85.47 114.69  85.39  49.31
   11  0.676  0.234 -0.352 185.34 104.61 197.43 104.35 192.84 103.77  47.02
   12  0.367  0.799  0.396 187.38  44.96 166.92  44.10 135.92  43.36  49.00
   13 -1.026  0.277 -0.414  28.62  99.07  23.51  99.96  43.42 100.53  41.26
   14 -1.010  0.454 -0.162  39.28  80.10  24.16  81.49  34.93  82.50  40.89
   15 -0.425  0.538  0.425 116.26  70.91  83.41  71.45  62.85  72.16  47.51
   16 -1.054 -0.310 -0.418  25.89 160.86  20.70 159.85  41.21 159.19  43.14
   17  0.556 -0.346 -0.822 156.96 162.85 184.09 163.05 198.70 163.78  42.73
   18  0.223 -0.012 -0.658 133.91 129.45 150.82 129.44 162.50 129.47  84.28
   19  1.136  0.636 -0.204 230.73  64.41 245.19  62.83 230.75  60.65  41.00
   20  0.769  0.437 -0.280 196.21  84.13 207.17  83.46 198.84  82.40  44.95
   21  0.149  1.129 -0.552 131.47  13.31 143.45  13.63 151.80  12.48  48.92
   22 -0.124 -0.457  0.665 153.48 176.94 115.01 176.93  80.34 176.57  47.87
   23 -0.012  1.068 -0.721 110.77  19.71 127.08  20.51 143.61  19.76  54.54
   24  0.295  0.638 -0.513 145.81  63.50 158.30  63.38 163.67  62.53  44.83
   25 -0.192 -0.655  0.469 139.52 197.78 107.94 197.52  81.95 197.01  46.98
   26 -0.231  0.230 -0.417 102.17 104.56 104.65 104.82 112.77 104.85  45.05
   27  0.132 -0.406  0.294 162.26 170.68 142.13 170.84 118.30 170.97  47.38
   28  0.338  1.130  0.257 179.31  10.90 163.70   9.93 138.53   8.83  86.49
   29  0.920  0.101  0.221 228.96 117.96 224.45 117.72 194.53 117.45  41.56
   30 -0.609  0.399  0.232  91.71  85.80  64.51  86.48  54.23  87.11  45.06
   31  0.660 -0.232 -0.289 186.32 151.77 195.89 152.06 188.98 152.56  48.54
   32 -0.209 -0.138  0.853 153.13 143.11 105.87 143.09  65.14 142.94  43.45
   33 -0.853 -0.525  0.188  67.06 184.33  39.12 183.07  34.60 181.94  44.27
   34 -0.366 -1.183 -0.372  91.67 250.87  90.89 249.18  99.04 248.64  48.20
   35  0.499  0.411 -0.344 170.18  86.50 179.38  86.17 176.18  85.45  48.65
   36  0.435  0.179  0.738 207.08 109.39 174.71 109.09 128.98 108.98  84.50
   37 -0.511 -0.651  0.508 111.42 197.97  74.17 197.16  51.85 196.14  46.48
   38 -0.587 -0.578  0.267  95.24 189.84  66.67 188.87  54.88 187.95  45.03
   39  0.455 -0.036  0.590 202.90 132.03 176.53 132.09 136.65 132.12  42.83
   40  0.115 -0.473 -0.735 121.56 176.14 139.89 175.94 155.59 176.42  46.08
   41 -0.879 -0.815  0.128  62.44 215.19  36.68 213.20  34.73 211.42  47.30
   42 -0.882  0.787  0.392  72.09  43.46  35.40  45.33  23.96  47.24  45.13
   43  0.244  0.292 -0.905 126.62  98.90 152.73  98.97 173.42  98.54  42.68
   44  0.574 -0.244  0.579 213.06 153.74 189.17 154.18 148.26 154.52  45.66
   45  0.143  0.848 -0.605 128.85  42.15 142.78  42.38 153.23  41.52  46.78
   46  0.120  0.998 -0.906 115.71  27.74 140.27  28.29 162.18  27.14  39.29
   47  0.175  0.574 -0.226 145.95  69.28 146.20  69.23 142.01  68.75  55.37
   48  0.174  0.391  0.795 185.90  86.79 146.88  86.45 102.46  86.42  39.67
   49  0.625  1.171  0.023 195.55   8.43 193.18   6.75 174.12   4.55  47.67
   50 -0.579 -1.093 -0.844  54.98 240.45  70.09 237.97  98.21 237.31  42.19
   51  0.838 -0.710  0.247 222.93 201.05 215.98 202.61 185.75 204.26  50.44
   52 -0.846  0.807 -0.003  60.71  42.51  40.50  44.55  42.79  46.12  43.62
   53 -0.243 -0.709 -0.871  84.50 200.33 103.87 199.35 128.69 199.49  38.06
   54 -0.012 -0.553  0.502 157.34 186.71 127.01 186.78  97.01 186.67  48.14
   55  0.127 -0.827  0.991 189.57 216.68 141.96 217.46  90.27 217.27  41.53
   56 -0.462  0.469 -0.645  72.79  79.96  81.46  80.86 101.10  81.03  44.86
   57  0.204 -0.658 -0.009 156.94 196.28 149.37 196.58 136.49 197.03  52.61
   58 -0.365  0.324  0.404 120.99  93.75  89.81  94.07  69.04  94.51  94.29
   59 -1.041 -0.852  0.191  49.37 219.76  19.50 217.26  18.20 214.99  42.80
   60  0.796  0.975 -0.377 197.78  30.17 207.83  28.64 207.99  26.01  45.15
   61  0.594  0.638  0.046 193.66  62.80 189.98  61.93 170.39  60.78  41.08
   62 -0.873 -0.397  0.404  73.30 171.03  36.25 170.10  24.22 169.14  41.62
   63  0.159 -0.970 -0.720 126.18 226.39 144.14 226.16 159.07 227.13  44.46
   64 -0.751  1.178 -0.733  43.15   6.39  52.56   9.50  79.20  10.83  41.30
   65  0.558 -1.103 -0.422 172.38 239.88 185.15 240.83 184.32 243.02  48.83
   66  0.742 -0.294  0.108 209.06 158.33 205.58 158.87 181.99 159.49  43.24
   67 -0.979  0.899 -0.128  43.56  32.87  27.26  35.51  36.25  37.47  43.22
   68 -0.491 -0.544  0.228 102.55 185.91  76.87 185.13  64.78 184.45  48.61
   69  0.209  1.010  0.874 192.22  20.95 150.74  19.93 102.41  19.74  81.82
   70 -0.167 -1.002 -0.124 119.05 232.34 111.00 231.71 107.23 231.46  50.36
   71  0.385  0.507  0.647 199.00  74.98 169.22  74.28 127.87  73.89  42.25
   72 -0.357  1.003 -0.894  73.39  26.04  92.47  27.77 119.50  27.79  40.15
   73  0.662 -0.595 -0.187 190.49 188.73 196.39 189.51 185.37 190.78  47.43
   74 -0.898  0.171 -0.015  55.18 110.11  35.18 110.49  38.70 110.92  76.45
   75 -0.306  0.005 -0.901  77.67 127.66  97.56 127.74 124.32 127.77  43.35
   76 -0.121 -0.851 -0.630 104.31 215.25 116.01 214.42 130.54 214.74  44.79
   77  0.856  0.991  0.034 216.03  27.36 217.15  25.32 195.37  22.87  49.64
   78  0.507  0.918 -0.631 160.03  35.81 179.62  35.28 187.34  33.55  46.73
   79 -0.302 -0.520 -0.767  82.85 181.40  97.88 180.52 119.61 180.57  79.32
   80  0.909 -1.010  0.737 248.96 233.16 225.35 236.09 173.84 238.32  43.12
   81  0.064 -0.791 -0.816 114.07 208.28 134.67 207.74 154.01 208.44  36.88
   82  0.340 -1.042 -0.073 166.66 235.38 163.45 235.99 151.35 237.22  42.74
   83  0.515 -1.194 -0.313 172.86 249.62 181.01 250.65 176.33 252.63  49.20
   84  0.160 -0.307  0.300 164.93 160.34 145.01 160.46 120.60 160.60  45.90
   85  0.082  1.100 -0.838 114.86  17.11 136.52  17.73 156.29  16.62  41.31
   86 -0.413 -1.137  0.437 117.98 249.41  84.72 248.17  63.38 246.78  44.85
   87 -0.503  1.057 -0.064  90.58  17.20  76.28  18.90  75.16  19.99  41.67
   88 -1.194  0.679  0.194  34.70  54.91   3.49  57.30   4.97  59.36  40.88
   89 -1.105 -1.104 -0.617  13.99 243.99  16.34 240.09  44.35 237.67  42.58
   90  0.022  0.071 -0.212 132.72 120.96 130.55 120.84 127.63 120.92 101.53
   91 -1.032 -0.142  0.308  54.54 143.61  19.98 143.19  14.39 142.82  34.76
   92  0.714 -0.842  0.727 231.49 216.21 204.51 218.13 155.69 219.54  51.68
   93  0.015 -0.138  1.018 180.38 143.09 129.88 143.19  78.91 143.10  41.21
   94  0.132 -0.765 -0.240 141.71 207.00 141.84 206.84 138.77 207.44  62.45
   95  1.016  0.332  0.504 248.75  94.13 235.81  93.15 193.08  92.26  49.50
   96 -0.095 -1.212 -0.264 120.40 253.41 118.52 252.73 119.07 252.90  94.36
   97  0.586 -0.115  0.820 223.88 140.36 191.04 140.52 139.99 140.65  44.00
   98  0.175  0.834 -0.879 121.56  44.33 145.86  44.71 166.19  43.60  36.23
   99  0.930  0.675 -0.325 208.34  60.30 223.49  59.07 215.52  57.22  42.80
  100 -0.709 -0.970  0.174  80.25 231.51  54.27 229.54  47.72 227.82  48.96
  101  0.970 -0.471  0.267 235.15 176.45 229.88 177.64 197.57 178.91  42.37
  102 -1.014 -0.123 -0.408  30.04 141.24  24.77 140.85  44.25 140.62  41.79
  103 -0.869  0.609  0.907  93.05  61.51  34.88  62.74   4.10  64.62  39.54
  104  0.222 -0.124  0.051 160.82 141.10 151.31 141.14 135.84 141.26  47.65
  105  0.929 -0.482 -0.836 188.62 175.94 221.59 176.64 233.70 178.18  36.79
  106  0.475  0.551  0.670 207.93  70.49 178.81  69.59 135.38  69.03  39.75
  107 -0.725 -1.077 -0.107  68.28 241.91  53.43 239.48  57.38 237.82  46.66
  108  0.220 -0.621  0.079 161.82 192.60 151.11 192.95 134.69 193.35  38.50
  109 -0.301  1.138 -0.950  76.49  12.58  98.11  14.46 126.44  14.37  41.89
  110  0.328 -0.374 -0.737 140.25 165.97 161.33 166.00 174.87 166.59  47.57
  111 -0.103 -0.119 -0.183 122.57 140.63 117.65 140.55 115.35 140.57  52.56
  112  0.693 -0.066 -0.697 173.58 134.84 198.20 134.87 206.86 135.02  52.84
  113  0.229 -0.486 -0.041 157.99 178.51 151.93 178.58 140.08 179.00  69.34
  114  0.235 -0.643  0.827 192.68 196.46 153.41 197.18 106.82 197.31  48.90
  115  1.114 -0.291 -0.338 234.84 157.24 235.63 158.00 245.78 159.19  50.10
  116  0.299 -0.715 -0.880 132.46 200.05 158.21 199.95 177.44 201.08  59.24
  117 -0.681 -0.355  0.647 100.77 166.58  55.76 166.00  31.20 165.23  41.50
  118  0.180 -0.928  0.103 159.35 224.66 146.89 224.97 130.20 225.46  39.77
  119  0.283 -1.152 -0.158 158.29 246.57 157.44 247.02 149.28 248.28  50.54
  120 -0.724 -0.514 -0.355  59.26 182.03  54.19 180.87  67.26 180.17  43.64
  121 -1.060 -0.430 -0.799  11.86 172.99  21.66 171.49  55.38 170.73  37.21
  122  0.789  0.905  0.480 228.02  34.61 211.65  32.67 172.28  30.68  45.56
  123  0.831  0.395 -0.088 209.00  88.16 214.11  87.43 197.54  86.54  47.29
  124  0.092  0.586  0.283 158.14  67.01 137.91  66.84 114.97  66.68  51.27
  125  0.930 -1.036 -0.433 204.27 232.07 223.13 233.91 219.44 237.00  39.96
  126 -0.470 -0.271  0.628 119.90 157.27  78.36 156.99  50.71 156.68  45.96
  127 -1.062 -0.577 -0.000  40.28 189.91  18.13 188.12  24.07 186.69  42.50
  128 -0.468  0.427 -0.376  82.11  83.82  80.43  84.73  90.32  84.88  52.53
  129  0.110  0.808 -0.579 126.92  46.06 139.41  46.24 149.32  45.51  62.52
  130  0.207 -0.256  0.678 184.14 155.38 150.31 155.50 110.13 155.57  57.41
  131  0.141 -0.974  0.089 155.16 229.35 142.90 229.70 127.03 230.09  50.96
  132 -0.691 -0.783 -0.592  53.63 209.52  58.19 207.62  79.04 206.81  39.95
  133  0.770 -1.029 -0.534 186.58 231.49 206.53 232.83 208.09 235.51  37.95
  134 -0.625  0.974 -0.140  76.32  25.82  63.77  27.77  67.35  29.02  36.22
  135  0.103 -1.009 -0.565 126.84 231.11 138.69 230.66 148.16 231.54  59.95
  136 -0.926 -0.372  0.766  89.06 168.80  25.38 168.00  11.12 166.94  39.61
  137 -0.534 -0.816 -0.249  80.73 213.50  73.43 212.02  79.64 211.25  42.74
  138  0.579 -0.585 -0.127 185.57 187.95 188.00 188.63 175.45 189.72  42.18
  139  0.712 -0.366 -0.933 166.32 164.61 199.51 164.91 217.01 165.89  40.00
  140 -0.844 -0.861  0.128  65.75 220.07  40.33 218.00  37.76 216.19  38.36
  141 -0.486  0.184 -0.938  59.73 109.51  79.79 109.82 109.69 109.91  26.84
  142 -0.490 -0.876  0.340 106.99 221.46  76.77 220.31  60.42 219.13  42.44
  143  0.707 -0.752 -0.228 192.84 204.55 200.94 205.60 191.09 207.31  41.07
  144  0.714  1.071 -0.517 182.32  20.66 200.81  19.41 202.23  16.77  31.75
  145 -0.825  0.379 -0.333  50.52  88.48  43.82  89.42  57.54  90.03  38.60
  146 -0.215  0.916 -0.792  89.93  35.02 106.57  35.96 128.23  35.97  88.77
  147  1.004 -0.028 -0.252 217.51 131.02 231.36 131.08 219.91 131.17  45.25
  148  0.352  0.733 -0.459 152.81  53.86 164.12  53.62 166.78  52.55  45.25
  149  0.032 -0.907  0.279 152.63 223.24 131.62 223.30 109.71 223.40  47.13
  150  1.111 -0.661  0.279 247.85 195.60 244.75 197.51 210.64 199.56  38.21
  151  0.259  0.565 -0.509 142.67  70.88 154.58  70.79 160.19  70.08  56.73
  152 -0.896  0.854  0.213  64.04  36.84  34.59  39.02  29.88  40.95  37.75
  153 -1.134  0.905 -0.817   4.29  33.92  14.31  37.41  49.72  38.99  72.25
  154  0.381  0.073  0.235 182.18 120.75 168.10 120.61 143.46 120.53  51.41
  155  0.877 -0.905 -0.148 210.72 219.89 218.70 221.61 204.08 224.04  43.64
  156 -1.208  0.298 -0.397  11.95  96.65   4.89  97.92  27.21  98.50  38.82
  157 -0.204 -0.726  0.695 147.15 205.67 106.57 205.75  71.72 204.91  39.26
  158  0.975  0.235 -0.925 189.17 105.11 225.80 104.77 241.19 104.06  50.50
  159 -0.273 -0.948 -0.070 111.44 227.21 100.02 226.27  95.74 225.84  42.62
  160  0.092 -0.477  0.862 181.17 179.09 138.18 179.44  92.30 179.35  37.86
  161 -0.186 -0.927  1.018 161.66 228.25 108.24 228.49  60.25 227.15  55.55
  162  0.362 -1.002 -0.940 135.77 228.46 164.47 228.47 185.19 230.26  41.90
  163 -0.303  0.701  0.048 113.16  54.71  96.78  55.39  88.53  55.78  44.18
  164 -1.118 -0.979 -0.316  23.59 231.85  13.73 228.60  31.70 226.21  36.62
  165 -0.252  1.189 -0.820  85.68   7.11 102.93   8.65 125.97   8.74  62.27
  166 -0.669 -1.082  0.290  88.40 243.71  58.02 241.74  46.64 239.95  43.85
  167 -0.317  0.721  0.052 111.99  52.60  95.32  53.34  87.15  53.76  48.56
  168  0.020 -0.841  0.227 149.47 216.27 130.32 216.27 110.62 216.36  40.25
  169 -0.468 -0.481 -0.244  86.91 178.65  80.24 177.56  85.20 177.19  37.71
  170  1.124 -0.184 -0.346 224.06 146.88 243.30 146.98 234.70 147.62  48.02
  171 -0.194 -0.820 -0.037 119.80 213.62 108.26 213.00 101.44 213.25  55.32
  172  0.820 -0.972  0.297 223.38 228.08 214.26 230.19 182.11 232.59  42.44
  173 -0.782 -0.652  0.166  72.85 197.66  46.67 196.52  41.52 194.89  46.03
  174 -1.188 -0.754 -0.053  26.30 208.97   5.26 206.33  15.31 204.25  35.62
  175  0.817 -0.370 -0.188 203.93 165.67 212.33 166.31 199.94 167.38  43.95
  176 -0.540 -0.050  0.503 108.64 133.58  71.14 133.51  49.66 133.56  41.62
  177 -0.332  0.866 -0.923  74.63  40.15  95.08  41.54 122.83  41.49  29.91
  178 -0.518 -0.669  0.592 106.70 200.40  77.50 199.13  40.78 198.09  57.83
  179  0.744 -0.953  0.117 209.61 225.74 205.73 227.47 181.74 229.60  44.54
  180 -0.172  0.060 -0.327 110.96 122.06 110.64 122.14 114.73 122.19  36.62
  181 -0.257  0.702  0.402 130.81  53.75 101.29  54.40  78.65  54.95  51.04
  182  1.113 -0.415  0.265 247.45 170.57 244.93 171.76 211.43 173.07  28.33
  183 -0.628 -0.071  0.290  92.23 135.68  62.41 135.55  50.36 135.90  46.96
  184 -0.291 -0.524  0.466 130.35 183.83  97.53 183.91  73.25 183.01  47.17
  185 -1.124  0.914 -0.280  24.18  31.30  12.94  34.57  29.73  36.62  37.00
  186  0.343  0.208 -0.053 148.93 106.85 174.83 106.82 130.64 106.50  31.42
  187 -0.581 -0.420  0.638 109.95 173.39  66.39 173.26  40.51 172.05  41.21
  188  0.148  0.045  0.800 183.39 123.63 144.30 123.28  99.55 123.42  70.08
  189 -1.003  0.073  0.049  47.85 120.11  23.97 120.33  27.39 121.55  42.90
  190 -0.723  0.782 -0.425  56.87  46.43  54.40  48.32  70.04  49.66  41.06
  191 -0.013  0.147  0.372 151.93 112.41 127.09 113.42 101.83 112.49  58.05
  192 -0.164 -0.279  0.551 145.38 157.27 110.85 158.19  81.37 158.01  53.04
  193 -0.674  0.583 -0.911  43.78  68.40  60.74  69.84  92.62  70.36  28.80
  194  0.267  0.574  0.850 196.38  67.29 156.99  66.87 108.72  66.43  43.60
  195 -0.153  0.443  0.243 134.36  81.64 112.32  81.84  94.38  82.24  46.11
  196 -0.776  0.906 -0.002  93.75  33.06  33.65  34.23  71.71  35.16  25.00
  197  0.855 -0.139  0.760 245.00 142.51 219.74 143.56 167.71 143.17  36.92
  198  0.678  0.207 -0.921 163.85 107.54 196.17 107.78 213.52 106.85  40.38
  199  1.134  0.450  0.236 244.95  82.94 248.86  80.98 210.87  79.56  23.92
  200  0.791 -0.807  0.645 235.28 212.55 212.13 214.40 166.54 215.11  28.18
  201 -0.271  0.035 -0.560  94.03 124.35 100.42 125.10 115.38 124.46  44.20
  202 -0.321 -0.657 -0.840  78.72 195.74  96.01 194.68 120.81 193.38  45.00
  203  1.028  0.367  0.321 233.76  91.30 241.55  89.32 191.28  88.36  50.75
  204  0.846  0.144  0.959 116.26 254.22 219.37 112.79 159.22 112.52  71.25
  205  0.412 -0.600  0.891 211.29 191.74 172.57 192.73  57.24 254.22  43.45
  206  0.767  0.962 -0.009 206.64  30.18 160.26 253.55 188.59  26.43  46.45
  207  0.226 -0.848 -0.781 129.64 213.76 150.98 213.57  57.24 254.22  45.64
  208  0.436 -0.095  0.870 212.56 139.05 175.13 138.13 123.89 138.20  44.70
  209 -0.390 -0.686  0.096 116.26 254.22  87.72 199.56  78.99 199.19  71.25
  210 -0.473 -0.861 -0.644  71.88 216.99  80.40 215.37  57.24 254.22  42.15
  211  0.957  0.332  0.730 116.26 254.22 230.42  92.82 178.75  92.01  71.25
  212 -0.339  0.340  0.409 123.91  92.50  92.38  92.65  71.48  92.38  16.92
  213 -0.669 -0.481  0.745 105.64 180.30  56.96 179.56  28.18 178.82  39.19
  214 -0.510  0.761  0.037  93.62  48.04  75.31  49.24  57.24 254.22  38.00
  215  0.940 -0.066  0.936 116.26 254.22 229.51 135.40 169.24 135.54  71.25
  216  0.307 -1.206  0.081 169.71 253.12 160.26 253.55  57.24 254.22  82.33
  217  0.646 -0.113  0.404 116.26 254.22 196.34 140.18 161.70 140.35  71.25
  218  0.881 -0.158  0.244 226.53 144.51 160.26 253.55 190.01 145.12  35.91
  219  0.420 -0.442  0.835 209.66 174.75 173.38 175.47 123.72 176.39  41.26
  220  1.171  0.626  0.232 251.18  64.61 250.83  62.71 218.25  60.77  39.72
  221  0.188  0.211 -0.182 116.26 254.22 147.67 106.52 141.62 106.33  71.25
  222 -0.349  0.187 -0.426  90.89 108.72  92.79 109.00 102.51 109.72  39.78
  223  0.807  0.664 -0.653 185.13  61.96 209.95  61.12  57.24 254.22  33.00
  224  1.208  0.356 -0.264 116.26 254.22 252.25  91.74 239.68  90.45  71.25
  225 -0.227 -1.209 -0.054 116.26 254.22 104.76 253.47  99.14 253.15  71.25
  226  1.355 -0.738 -0.154 251.21 202.06 160.26 253.55 249.85 207.28  37.53
  227 -0.554 -0.576  0.307  99.76 189.63  70.15 188.74  57.24 254.22  62.81
  228 -0.760 -0.655  0.591  91.22 199.00 160.26 253.55  26.55 196.25  36.79
  229  0.380  0.868  0.662 199.13  37.05 168.72  35.87  57.24 254.22  36.00
  230 -0.226  0.880  0.392 133.39  35.14 160.26 253.55  81.92  36.23  47.57
  231  0.932  0.714 -0.580 198.49  56.45 222.91  57.00 224.68  53.07  40.44
  232 -0.603 -0.448 -0.134  78.53 175.29 160.26 253.55  69.12 173.88  47.10
  233 -0.449  0.608 -0.398  82.47  64.07  82.69  68.44  92.28  65.51  42.17
