    1 -1.081  0.269 -0.303  27.45  99.76  17.44 100.65  34.40 101.27  42.28
    2 -0.981  0.725 -0.708  22.55  52.69  29.30  55.05  58.64  56.26  41.65
    3  0.714 -0.280 -0.899 167.76 156.08 199.74 156.37 215.98 157.08  40.61
    4  0.886  0.606  0.486 236.74  65.74 221.94  64.21 181.36  62.79  44.22
    5 -0.824  0.413  0.390  77.44  83.80  41.49  84.72  29.10  85.65  43.58
    6 -0.582  0.661  0.808 116.51  56.65  66.00  57.47  33.51  58.82  46.00
    7  0.094 -0.279 -0.578 125.44 156.64 137.76 156.56 147.89 156.78  49.88
    8 -0.358  0.491 -0.598  82.91  77.69  92.62  78.48 107.35  78.62  44.24
    9  0.471  0.866  0.022 181.88  39.29 177.14  38.40 159.85  37.14  48.55
   10 -0.521  0.448  0.308 102.84  80.64  73.55  81.28  58.96  81.90  53.32
   11 -0.965 -0.186 -0.018  48.79 148.06  28.22 147.51  33.13 147.09  45.62
   12 -0.369  0.985  0.597 128.17  22.94  89.12  23.71  60.88  24.99  48.08
   13 -0.512 -0.059  0.061  94.26 134.54  75.04 134.41  69.48 134.35  50.61
   14  0.730 -0.224 -0.168 197.20 150.95 203.50 151.34 191.13 151.83  49.86
   15  0.576  0.468  0.270 200.91  79.86 188.64  79.19 160.30  78.44  43.50
   16  0.244 -0.704 -0.693 134.65 199.39 152.87 199.32 165.74 200.22  39.33
   17 -0.024 -0.184  0.185 151.38 147.48 121.52 147.48 115.68 147.53  50.93
   18  0.967  0.319  0.674 251.40  95.18 231.21  94.26 181.87  93.46  42.55
   19  0.082  0.193 -0.674 120.86 108.64 136.59 108.74 150.40 108.56  44.81
   20  0.405 -0.354  0.111 179.47 164.80 170.44 165.14 150.43 165.57  49.04
   21 -0.424  0.692 -0.248  90.88  56.09  84.70  57.14  89.23  57.62  45.94
   22  0.918  0.160 -0.909 184.86 112.44 220.19 112.23 235.23 111.71  38.61
   23  1.099  0.372 -0.237 226.19  90.89 241.14  90.00 228.36  88.77  44.08
   24 -0.528  0.801  0.209  98.47  43.29  73.08  44.52  62.25  45.56  47.28
   25 -1.112  0.751  0.111  39.59  47.66  12.44  50.05  15.34  52.10  40.65
   26 -1.066  0.583 -0.461  23.21  66.92  19.63  68.87  41.81  70.09  39.35
   27 -0.480 -1.024 -0.797  65.45 233.23  80.08 231.26 104.87 230.79  43.71
   28 -0.403  0.523  0.218 110.36  72.94  86.09  73.54  72.98  74.11  44.77
   29  0.856  0.268 -0.080 211.50 101.02 216.71 100.51 199.61  99.82  45.38
   30  0.445  0.735  0.110 182.96  52.45 174.56  51.65 154.08  50.73  47.98
   31  1.091  0.010 -0.670 208.74 127.28 238.53 127.30 243.08 127.27  75.85
   32 -1.074 -0.501 -0.394  24.93 181.10  18.60 179.43  38.62 178.28  43.17
   33  1.101  0.583  0.216 244.49  68.99 243.45  67.35 212.04  65.53  37.73
   34  0.736  0.968  0.557 226.52  27.77 206.28  25.63 164.32  23.83  39.74
   35  0.237  1.151 -0.447 143.22  10.95 152.42  10.88 155.86   9.55  47.32
   36 -0.982 -0.823 -0.034  46.63 215.93  26.59 213.55  32.24 211.66  43.40
   37  0.915 -0.843  0.547 242.54 215.31 224.73 217.66 182.58 219.62  44.12
   38 -0.034  1.020 -0.862 103.63  24.98 124.84  25.90 146.81  25.17  43.38
   39  0.347 -0.287 -0.229 161.12 157.58 164.00 157.79 157.84 158.10  46.72
   40  0.760 -0.342  0.600 230.30 163.79 208.94 164.58 164.97 165.22  41.72
   41 -0.938 -0.329 -0.164  46.07 163.08  31.62 162.14  41.21 161.47  42.84
   42  0.943  0.696  0.629 247.50  56.28 228.46  54.31 181.26  52.64  37.29
   43 -0.604  0.336 -0.055  81.37  92.80  65.81  93.44  65.96  93.89  44.90
   44  0.023  1.154 -0.381 126.59   9.85 130.60  10.37 134.05   9.72  47.53
   45  0.616 -0.424  0.205 201.82 171.91 192.63 172.57 166.44 173.30  47.41
   46 -0.568  0.705  0.854 119.67  51.80  67.38  52.65  32.85  54.09  43.60
   47 -0.681 -0.097  0.570  97.87 138.72  56.00 138.52  34.37 138.27  57.45
   48  0.288  0.702  0.329 177.63  55.10 158.56  54.49 131.21  53.97  61.00
   49  0.210  0.627  0.271 168.41  62.89 150.31  62.54 126.33  62.17  43.88
   50 -0.547 -0.960  1.000 127.36 232.78  69.21 231.84  28.63 229.78  40.38
   51 -0.346 -0.520 -0.657  83.00 181.70  93.33 180.89 111.71 180.80  44.25
   52 -0.507  0.835 -0.732  65.38  42.33  77.23  43.99 100.16  44.48  42.69
   53 -0.734 -0.790 -0.853  40.14 209.64  54.68 207.52  85.05 206.78  40.29
   54  0.127 -0.157  0.572 172.73 144.81 141.75 144.90 106.97 144.92  46.85
   55  0.715 -0.750 -0.015 201.88 204.77 202.39 206.01 184.01 207.60  42.65
   56  0.366 -0.388  0.537 192.91 168.92 167.07 169.42 130.45 169.73  42.07
   57  1.099  1.175 -0.715 207.79  11.99 239.20   9.70 245.33   5.51  32.71
   58  0.280  0.521 -0.203 156.20  74.85 157.09  74.69 150.74  74.05  52.07
   59 -0.060  0.341  0.661 159.11  92.05 121.85  92.00  86.27  92.17  46.60
   60  0.298 -0.259  0.563 187.79 155.46 159.87 155.70 123.08 155.91  67.00
   61 -1.027  1.062 -0.111  39.68  15.35  22.27  18.60  31.42  21.06  49.62
   62 -0.502 -0.335  0.372 107.06 163.90  75.46 163.46  58.14 163.00  42.03
   63  0.312  0.568  0.780 197.87  68.25 161.63  67.58 115.96  67.25  45.11
   64  0.706  0.397  1.010 242.38  86.38 204.52  85.35 143.95  84.80  42.85
   65 -0.306 -0.400 -0.438  94.64 169.60  97.06 169.01 106.99 168.91  70.79
   66  0.146 -0.981  0.806 183.77 232.42 143.85 233.23  99.31 233.25  45.05
   67  0.239  0.254  0.138 165.73 101.90 153.13 101.79 134.10 101.69  49.04
   68  0.867 -0.036 -0.608 192.00 131.83 216.11 131.86 219.88 131.97  41.53
   69  0.966  0.357 -0.342 210.76  92.37 227.13  91.70 219.59  90.62  40.43
   70  0.193 -0.709 -0.409 140.70 200.70 147.91 200.64 150.57 201.36  70.10
   71 -0.137 -0.998  0.976 164.74 235.60 113.44 235.88  66.57 234.81  43.00
   72  1.117  1.051 -0.217 228.65  22.76 243.16  20.19 229.34  16.66  40.00
   73 -0.017 -0.389  0.546 158.64 169.39 126.48 169.47  94.83 169.36  41.84
   74 -0.158  0.132 -0.781  95.40 114.71 112.35 115.01 132.93 114.95  49.14
   75  0.576  0.661 -0.712 162.88  62.03 186.38  61.57 196.56  60.15  42.77
   76 -0.150 -1.026 -0.691  99.53 233.01 113.13 231.87 130.19 232.24  43.61
   77 -0.362  0.444  0.771 135.71  80.47  89.55  80.78  54.64  81.39  46.82
   78 -0.476 -0.226 -0.308  83.86 151.81  79.39 151.35  87.06 151.21  72.85
   79 -0.290 -0.872  0.442 129.47 220.89  97.62 220.29  74.16 219.50  48.93
   80  0.271 -0.534 -0.206 154.98 183.05 156.26 183.26 149.71 183.84  52.25
   81 -0.572  0.043 -0.067  83.92 123.70  69.13 123.74  69.29 123.80  49.88
   82  0.804  0.651 -0.922 174.64  63.75 208.75  63.04 225.11  61.16  38.00
   83  1.096 -0.316  0.283 246.66 160.47 243.15 161.38 209.02 162.34  38.81
   84 -0.323  0.125  0.073 112.31 115.10  94.68 115.37  85.92 115.32  47.60
   85 -0.701 -0.041  0.075  77.17 132.58  55.35 132.58  52.37 132.43  52.58
   86  1.216  0.698 -0.544 224.18  59.09 251.72  57.42 250.41  54.78  37.00
   87  0.427 -0.879  0.274 187.87 219.36 173.00 220.35 146.18 221.39  46.40
   88 -0.128 -0.411  0.522 147.49 171.78 114.72 171.70  85.70 171.48  41.12
   89 -0.556 -0.776 -0.299  76.78 209.26  71.25 207.94  79.57 207.04  45.78
   90 -0.615  0.489  0.613 105.76  75.56  62.93  76.19  38.46  77.24  46.66
   91  0.277  0.970  0.585 186.88  26.36 157.71  25.36 120.32  24.85  40.88
   92  0.485  0.091  0.173 188.99 118.85 178.91 118.75 155.51 118.62  44.44
   93  0.045 -0.871  0.894 178.20 221.28 133.13 221.81  86.67 221.49  45.52
   94 -1.179 -0.350  0.140  34.22 165.91   5.37 164.73   8.53 163.71  40.00
   95  0.722  0.874  0.969 242.17  36.34 206.12  34.08 147.04  32.79  39.90
   96 -0.637  0.458 -0.831  50.09  81.11  64.33  82.25  92.88  82.60  45.33
   97  0.509  0.452 -0.448 167.06  82.52 180.21  82.18 180.88  81.33  50.58
   98 -0.865 -0.603 -0.224  50.78 191.90  39.34 190.20  49.88 189.14  43.48
   99 -0.499  0.596 -0.116  88.83  65.94  76.85  66.66  77.48  67.35  53.38
  100  0.136 -1.172  0.094 154.87 250.01 142.39 250.25 126.23 250.86  44.39
  101  0.555  0.012 -0.047 187.44 127.00 185.22 126.98 171.21 127.12  56.89
  102 -0.889  0.910 -0.528  37.64  33.05  37.96  35.71  59.57  37.26  53.23
  103  0.555 -0.820 -0.147 182.69 211.91 185.45 212.81 173.92 214.29  45.84
  104  0.176 -0.313 -0.267 144.53 160.36 146.33 160.37 143.71 160.66  41.00
  105 -1.077  1.007 -0.908   6.54  23.77  20.39  27.40  58.02  29.13  38.50
  106  0.708  0.663  0.711 230.29  59.00 203.77  57.49 155.74  56.49  44.56
  107 -0.890 -0.366 -0.360  43.42 166.77  37.26 165.70  53.01 165.08  50.65
  108  0.529  0.774  0.589 209.54  47.35 184.38  46.18 143.63  45.04  46.59
  109  0.049 -1.091 -0.759 114.84 238.96 133.12 238.16 150.46 239.14  58.12
  110  0.408  0.294  0.186 182.65  97.79 170.83  97.50 147.79  97.16  38.50
  111  0.314  0.384 -0.078 164.05  88.79 160.73  88.57 149.22  88.09  48.05
  112 -0.653 -0.523 -0.154  73.20 183.16  60.99 182.23  65.54 181.56  50.78
  113  0.196  0.855 -0.713 129.53  41.72 148.00  41.95 161.98  40.99  44.79
  114  0.725 -0.964 -0.108 199.07 226.35 203.09 227.86 188.28 230.01  44.95
  115  0.116  0.518  0.836 182.32  73.17 140.71  72.76  95.53  72.82  38.00
  116  0.836 -0.087 -0.534 192.13 136.97 213.18 137.10 214.31 137.34  36.50
  117 -0.117 -0.176  0.996 166.68 147.22 115.98 147.29  67.01 147.19  42.43
  118  1.032  0.538  0.232 239.19  73.43 236.31  72.00 204.84  70.44  37.00
  119  0.718 -0.323 -0.122 197.92 161.07 202.40 161.57 188.28 162.28  40.85
  120 -1.052 -0.039 -0.491  23.66 132.44  21.13 132.31  44.39 132.02  39.97
  121  0.074 -0.903  0.397 160.98 223.14 136.06 223.43 108.82 223.56  44.92
  122 -0.908 -0.520 -0.597  33.45 182.49  36.15 180.93  60.76 180.28  40.44
  123 -0.516  1.052 -0.690  66.97  19.81  75.77  22.15  98.59  22.49  44.22
  124 -0.079  0.376  0.337 144.71  88.70 119.94  88.75  97.41  88.87  39.00
  125  0.368 -0.707  0.351 185.69 201.89 166.99 202.62 137.83 203.30  49.07
  126  0.283  0.353 -0.053 162.30  91.97 157.59  91.73 145.43  91.34  63.43
  127 -0.398 -0.861 -0.360  88.95 217.56  87.68 216.37  95.59 215.78  43.50
  128 -0.590 -0.363  0.446 101.09 167.16  66.31 166.57  46.85 165.94  36.45
  129 -0.281  0.890  0.782 143.84  32.74  98.17  33.03  61.59  34.06  33.25
  130 -0.916 -0.646 -0.843  23.82 195.12  36.30 193.09  69.30 192.19  35.08
  131  0.610 -1.128 -0.905 158.66 240.56 189.33 241.26 206.50 243.95  35.94
  132  0.537  0.630 -0.743 158.34  65.09 182.41  64.72 194.15  63.42  35.36
  133  1.189  0.515 -0.603 219.61  77.23 248.74  76.06 249.91  74.26  37.35
  134  0.099 -1.075  0.457 165.76 241.33 138.75 241.77 108.86 241.92  45.60
  135  0.221  0.784  0.383 173.74  46.18 151.51  45.65 122.99  45.35  57.61
  136  0.406  1.002  0.621 199.84  23.25 171.42  21.74 130.79  20.87  52.75
  137 -0.355 -0.141  0.506 125.88 143.36  90.66 143.14  65.88 143.05  41.30
  138 -0.659 -1.100  0.474  96.33 246.35  58.63 244.49  40.09 242.37  44.54
  139 -0.932 -1.026 -0.596  31.08 235.34  33.76 232.21  58.39 230.52  39.71
  140  0.068 -1.167 -0.846 113.33 246.16 135.09 245.40 155.32 246.55  38.69
  141  0.197 -0.999  0.361 170.77 232.79 148.99 233.38 121.56 233.86  42.08
  142 -0.850 -0.129 -0.354  47.46 141.83  41.34 141.44  56.25 141.22  33.92
  143 -0.497  0.602 -0.186  70.44  65.05  86.16  66.19  64.68  67.09  42.43
  144 -0.948 -0.587  0.272  61.45 191.18  28.80 189.64  23.20 188.45  42.89
  145  0.794 -0.489 -0.956 172.58 176.63 207.61 177.15 225.44 178.69  40.17
  146  0.809  0.858 -0.502 190.56  42.07 210.83  41.08 209.97  38.78  54.41
  147  0.705 -0.809 -0.788 171.23 208.79 199.14 209.59 211.20 211.75  40.47
  148 -0.414  0.811  0.291 112.13  42.29  84.81  43.11  69.07  44.12  34.08
  149  1.166  0.333  0.122 246.30  94.51 249.80  93.55 221.84  92.52  35.23
  150 -0.704 -0.166  0.194  81.42 146.06  54.71 145.58  47.49 145.29  35.29
  151 -1.089  0.667 -0.861   7.01  58.98  18.98  61.32  55.24  62.52  31.07
  152  0.130  0.848  0.272 161.35  39.58 141.87  39.29 119.04  39.07  43.92
  153  0.496  0.948  0.195 191.03  30.21 179.97  29.04 155.73  27.99  53.14
  154 -0.329  0.504  0.944 145.61  73.84  92.88  73.92  50.55  74.64  53.88
  155 -0.999 -1.189 -0.698  21.29 252.21  27.43 248.31  56.60 246.26  33.23
  156  0.998  0.714  0.488 242.00  54.80 236.65  52.74 186.81  50.89  35.65
  157  0.935 -0.009  0.726 250.91 129.28 228.01 129.12 176.99 129.38  41.30
  158 -0.338  0.096 -0.582  86.44 118.23  94.03 118.73 109.64 118.42  48.74
  159  0.070 -0.291  0.666 171.37 159.11 135.73 159.34  98.11 159.23  44.43
  160 -1.184  0.612 -0.635   5.99  64.08   8.47  66.41  38.59  67.52  39.36
  161 -0.195  0.344 -0.067 118.77  92.23 108.03  92.82 102.77  92.83  55.33
  162 -0.795 -0.663 -0.387  51.43 197.69  47.08 195.98  62.25 194.99  35.44
  163 -1.073 -1.017 -0.515  20.67 235.08  19.16 231.63  43.19 229.53  37.20
  164 -0.095  0.806 -0.581 108.22  45.89 118.75  46.23 130.81  46.29  55.16
  165  0.371  0.437 -0.193 164.67  83.57 166.48  83.23 158.71  82.67  55.70
  166 -1.163 -0.666  0.273  40.62 200.24   6.38 198.14   4.44 196.04  34.88
  167  0.178  1.100 -0.802 124.69  17.25 146.15  17.60 163.55  16.28  36.00
  168 -0.237 -1.034 -0.169 111.11 235.82 103.80 234.73 102.87 234.60  39.76
  169  0.137  0.959 -0.428 134.90  30.14 142.31  30.47 146.00  29.53  48.38
  170 -0.773  0.927 -0.944  33.32  32.77  51.04  35.38  85.10  36.73  42.57
  171 -0.436 -0.069  0.904 133.89 135.63  81.37 135.59  42.53 135.60  42.61
  172  0.266  0.830  0.290 166.49  41.58 160.70  41.04 122.69  40.96  34.96
  173 -0.283  0.316  0.773 142.77  94.24  98.11  94.36  61.36  95.19  47.80
  174 -0.714  0.085  0.222  81.37 119.08  53.57 119.23  45.32 119.66  55.04
  175  0.100 -0.971 -0.496 129.15 227.34 138.44 227.01 145.32 227.82  39.71
  176 -0.742 -0.894  0.984 108.38 225.98  48.13 224.57  12.16 222.59  41.50
  177  0.967 -0.040  0.287 235.68 132.29 229.73 132.73 196.54 132.49  42.26
  178  0.328 -0.334  0.814 200.59 163.59 163.40 164.06 115.98 164.23  31.17
  179  1.086 -0.612 -0.839 201.84 188.73 237.38 189.71 248.50 191.92  52.67
  180  0.083  0.547  0.362 160.55  70.80 137.03  70.61 111.25  70.82  44.66
  181 -0.829  0.554 -0.669  38.11  70.69  44.44  72.33  70.14  73.08  36.67
  182  0.491  0.163 -0.748 154.07 111.91 177.68 111.83 190.12 111.52  44.00
  183 -1.185  0.240 -0.632   5.94 102.95   8.36 103.93  38.43 104.50  35.40
  184  0.481  1.088 -0.572 159.81  18.59 177.11  17.97 182.59  15.82  43.67
  185 -1.011  0.362  0.300  56.08  89.11  22.24  90.35  16.33  91.31  46.57
  186  0.278 -1.177 -0.523 143.95 247.81 156.48 247.93 162.36 249.49  40.86
  187  0.174 -0.720  0.180 161.55 203.24 146.46 203.45 126.48 203.86  40.57
  188 -0.945 -0.990  0.005  51.67 233.67  30.30 230.92  33.89 228.71  34.17
  189  0.682 -0.573 -0.041 198.12 186.25 198.76 187.78 182.08 188.90  54.33
  190  0.369 -0.561 -0.954 135.71 184.27 165.16 184.28 186.31 185.51  39.78
  191 -0.522 -0.772  0.515 110.27 210.74  73.22 210.34  50.16 208.51  45.96
  192  1.179 -0.774  0.100 246.47 206.56 250.99 208.81 223.74 211.44  31.67
  193  0.839  1.067  0.304 225.30  18.59 216.30  16.38 183.58  13.70  40.53
  194  0.107  0.478  0.446 166.15  77.81 139.52  77.59 110.28  78.04  41.64
  195  1.004 -0.723 -0.213 218.81 201.66 231.70 202.34 218.15 204.61  50.99
  196 -0.618  0.108  0.410  97.59 116.58  63.13 116.76  46.30 117.18  57.60
  197  0.713  0.042  0.538 233.06 123.95 198.23 123.69 172.88 123.72  27.67
  198  0.384 -0.234  0.504 192.94 153.02 168.99 152.88 133.18 153.10  30.47
  199 -0.955 -0.877 -0.796  22.00 219.59  32.16 216.81  64.26 214.60  40.35
  200  0.354  0.002 -0.669 145.12 127.98 164.06 127.97 174.80 128.24  42.43
  201 -1.147  1.073  0.285  45.64  12.11   6.34  15.55   7.86  19.28  38.02
  202 -0.251 -0.911 -0.422 100.26 222.23 102.67 221.16 111.13 221.19  43.00
  203  0.835 -0.456 -0.860 179.60 173.26 212.03 173.95 225.72 175.70  38.00
  204 -1.056 -1.137  0.326  64.87 250.29  10.94 247.18  21.75 245.56  39.30
  205  0.025  0.548  0.128 146.15  71.25 130.85  71.02 115.02  70.92  39.30
  206  1.017  0.770 -0.655 204.49  51.50 230.25  50.54 237.11  47.98  43.86
  207  0.191  0.281  0.065 157.91  98.60 148.47  99.27 131.83  99.12  49.41
  208  0.824  0.202  0.242 203.72 107.24 225.53 107.27 164.28 106.85  35.42
  209  0.718  1.087 -0.387 188.10  18.45 201.41  17.73 198.30  14.41  39.40
  210  1.032  0.836  0.496 236.71  41.76 245.69  40.02 179.65  37.91  36.50
  211 -1.053  0.194  0.353  64.91 106.93  11.83 107.50  20.07 109.11  36.10
  212  0.358 -1.153  0.746 200.64 249.70 166.53 251.46 121.47 252.23  26.00
  213 -0.739 -1.232 -0.354  36.87 253.65  52.69 253.96  65.72 252.93  36.29
  214 -0.565  0.780 -0.783  58.41  48.04  71.37  49.84  97.26  50.25  44.15
  215 -0.081  0.769  0.969 169.63  45.63  52.69 253.96  72.08  46.03  54.23
  216  0.102  0.982 -0.848 116.23  29.20 138.54  29.59 197.24 254.04  43.45
  217 -0.127  0.349  0.223 135.95  91.57 115.00  91.70  97.58  91.87  42.88
  218  0.136 -0.681  0.069 153.81 198.99 142.47 199.09 127.26 199.47  46.42
  219  0.307  0.461  0.976 205.26  79.27 161.37  78.62 197.24 254.04  62.36
  220  0.858 -0.834  0.956  36.87 253.65 220.74 218.09 160.50 219.67  36.29
  221 -0.310  0.941 -0.707  84.45  31.86  52.69 253.96 116.69  33.33  36.50
  222 -0.320 -0.231 -0.804  80.23 151.60  95.91 151.21 119.74 151.92  58.19
  223  0.861 -0.135  0.943  36.87 253.65 220.98 142.82 161.32 143.08  36.29
  224 -0.311  0.576  0.670 136.42  66.11  95.15  67.43 197.24 254.04  44.71
  225 -0.252 -0.803  0.759 145.41 214.39 101.29 214.13 197.24 254.04  50.64
  226 -0.050  0.835 -0.277 123.86  42.47 123.14  42.36 197.24 254.04  47.24
  227 -0.528  0.312  0.267 100.61  95.07  72.90  95.52 197.24 254.04  42.64
  228  0.496  0.711 -0.144  36.87 253.65 179.48  54.97 168.40  53.81  36.29
  229 -0.267 -0.063 -0.583  36.87 253.65 101.16 134.61 115.86 134.61  36.29
  230 -0.124 -0.380 -0.714  36.87 253.65 115.77 166.56 133.47 166.73  36.29
  231  0.845 -1.014  0.734  36.87 253.65 218.48 236.61 167.82 238.59  36.29
  232  1.168 -0.629 -0.249 231.61 192.00  52.69 253.96 235.34 194.20  40.82
  233  1.073 -1.156  0.536  36.87 253.65 241.91 250.77 197.24 254.04  36.29
  234 -0.042  0.808  0.715 163.05  42.28  52.69 253.96  85.83  42.44  69.75
  235  0.771 -1.030  0.876  36.87 253.65 211.05 238.80 155.25 240.71  36.29
  236 -0.749  0.596 -0.686  44.92  66.67  52.63  67.94 197.24 254.04  47.69
  237  1.043 -0.616 -0.777  36.87 253.65 233.26 190.24 242.24 192.35  36.29
  238 -0.960  0.612 -0.153  44.43  63.47  29.33  65.10 197.24 254.04  35.28
