    1 -0.634  0.360 -0.505  62.13  90.85  63.82  91.66  80.81  92.01  44.43
    2 -0.939  0.435  0.678  77.41  80.84  28.23  81.87   7.37  83.13  40.87
    3  0.805  0.749  0.991 250.29  49.55 215.05  47.43 154.06  46.10  43.70
    4 -1.147  0.324 -0.002  32.02  93.60   9.28  94.68  16.84  95.56  40.85
    5 -0.864  0.682 -0.742  32.27  57.50  41.23  59.51  69.94  60.44  41.12
    6 -0.817  0.329  0.984 101.01  92.18  40.18  92.77   5.46  93.70  42.29
    7 -0.286  0.820 -0.726  85.87  44.39  99.40  45.59 119.51  45.57  44.78
    8 -0.580 -0.208  0.269  95.83 150.35  67.47 150.02  55.31 149.69  47.12
    9  0.324  0.446 -0.537 147.38  83.06 161.12  82.97 167.14  82.33  44.82
   10  0.901  0.748 -0.341 205.23  53.01 220.48  51.66 213.39  49.52  43.12
   11 -0.350  0.416 -0.073 104.24  84.78  92.10  85.31  89.09  85.56  51.96
   12  0.670  1.042 -0.599 175.40  23.73 196.15  22.68 201.11  20.21  40.19
   13 -1.145  0.166  0.177  38.86 110.38   8.74 110.92   9.92 111.39  41.35
   14 -0.615 -0.034  0.247  91.69 131.90  63.84 131.84  53.10 131.79  48.13
   15 -0.290 -0.148 -0.719  85.77 143.44  99.00 143.22 119.02 143.21  42.74
   16  0.745  0.008 -0.038 203.55 127.41 205.44 127.40 187.71 127.38  46.69
   17 -0.373  1.131 -0.914  71.27  12.96  90.91  14.97 118.81  15.05  46.69
   18  0.139  1.117  0.937 188.55   9.04 143.27   8.01  93.55   8.16  44.46
   19  0.708  0.935 -0.714 174.30  34.84 199.70  33.90 208.81  31.53  41.79
   20 -0.388  0.188  0.953 140.39 107.94  86.45 108.06  44.90 108.38  45.08
   21  0.281  0.987  0.035 165.59  26.25 157.50  25.72 141.88  24.80  49.60
   22 -0.681  0.229  0.449  93.12 103.62  56.37 104.02  39.19 104.50  43.93
   23 -0.864  0.919 -0.783  30.79  33.03  41.30  35.77  71.43  36.99  35.67
   24 -0.285  0.031  0.650 137.99 124.91  97.94 124.93  66.34 124.97  50.41
   25 -0.309  0.596 -0.083 107.61  65.98  96.33  66.64  93.12  66.95  48.05
   26 -1.143 -0.386 -0.018  31.87 169.57   9.81 168.28  17.86 167.23  42.96
   27  0.480 -0.234 -0.238 172.57 152.11 177.60 152.30 170.44 152.70  45.98
   28  0.331 -0.149 -0.242 159.23 143.50 162.28 143.56 156.94 143.75  48.98
   29  0.969 -0.129 -0.008 224.14 141.34 228.72 141.63 207.71 142.00  43.16
   30  0.805  0.809  0.747 240.28  43.91 214.23  41.82 163.55  40.26  39.64
   31 -0.702 -0.606 -0.226  65.93 191.89  56.08 190.53  64.06 189.68  48.09
   32  0.628  0.754  1.015 235.63  48.69 196.02  46.89 136.20  45.99  40.43
   33  0.130  0.209  0.763 180.65 106.08 142.19 105.91  99.71 105.92  43.57
   34  0.415  0.350  0.894 211.56  91.23 172.91  90.62 120.87  90.38  40.44
   35 -0.799  0.458 -0.786  36.70  80.89  47.87  82.18  77.19  82.71  34.11
   36 -0.542  0.999 -0.542  69.22  24.74  73.20  26.75  90.04  27.49  45.57
   37  0.613 -0.070  0.982 232.89 135.63 194.31 135.79 136.12 135.87  40.74
   38 -0.953 -0.436  0.702  76.97 175.78  26.64 174.76   5.16 173.48  42.79
   39  0.977 -0.256 -0.160 218.82 154.09 228.97 154.63 214.01 155.40  43.56
   40 -0.575 -0.302  0.609 101.34 160.82  71.75 160.38  34.55 159.76  43.10
   41 -1.085  0.491 -0.869   7.10  77.27  19.45  79.04  55.91  79.91  32.46
   42 -1.091 -0.074  0.249  46.66 136.24  14.03 136.01  11.65 135.81  42.58
   43 -1.186  0.091 -0.410  13.66 118.67   7.23 118.95  29.69 119.18  40.05
   44 -0.460  0.340  0.318 108.91  92.15  79.92  92.54  63.98  92.96  50.94
   45  0.468  0.745 -0.295 169.36  52.50 176.27  51.94 171.44  50.69  42.38
   46 -0.574  0.844 -0.243  77.26  39.99  69.30  41.60  75.86  42.50  45.75
   47  0.995  0.180  0.573 249.67 109.69 233.75 109.16 188.44 108.70  40.52
   48 -0.188  0.107  0.310 133.74 116.98 108.56 117.04  88.68 117.09  48.50
   49 -1.216  1.085 -0.380  11.97  13.31   4.06  17.33  25.86  20.13  44.00
   50 -0.092  0.942 -0.637 106.75  32.09 119.00  32.93 133.41  32.56  46.66
   51 -0.820  0.001  0.432  79.38 128.10  41.76 128.10  27.75 128.11  40.33
   52 -0.525 -0.915 -0.407  75.80 223.41  74.64 221.72  86.45 220.98  60.74
   53 -0.641  0.492  0.382  94.45  75.62  60.80  76.45  45.43  77.33  44.27
   54  1.020  1.091 -0.237 219.52  18.53 233.04  16.14 220.78  12.75  45.86
   55  0.413 -0.084  0.125 180.70 136.95 171.29 137.03 150.65 137.14  46.76
   56 -0.422  1.024  0.166 106.83  20.03  84.21  21.37  73.42  22.43  66.06
   57 -1.112  1.114 -0.204  28.24   9.91  13.87  13.64  27.85  16.43  40.94
   58 -0.900  0.045  0.422  71.42 123.37  33.37 123.48  21.18 123.59  44.27
   59 -0.152 -0.544  0.332 137.88 185.63 112.30 185.40  91.02 185.16  49.39
   60 -0.472  0.629  0.908 130.73  60.14  77.48  60.66  39.14  61.82  35.38
   61  0.092  0.808  0.947 184.65  41.89 138.23  41.24  88.85  41.46  37.00
   62 -1.220  0.589 -0.312  13.96  65.69   3.29  67.87  22.93  69.40  39.28
   63  0.354  0.297 -0.939 135.02  98.58 163.71  98.58 184.58  98.07  42.35
   64  0.160  0.515  0.080 156.44  74.89 144.94  74.71 129.15  74.41  58.67
   65  0.427 -1.007 -0.057 174.97 231.61 172.49 232.46 158.78 233.88  46.16
   66  0.873  1.106  0.880 251.78  12.75 222.02   9.52 164.91   7.24  41.84
   67  0.082  0.702 -0.231 137.48  56.04 136.67  56.16 133.77  55.74  44.57
   68  0.910  0.349 -0.886 185.03  93.75 219.45  93.26 233.69  92.17  38.48
   69 -0.147  0.179  0.490 144.52 109.31 112.75 109.35  85.28 109.45  53.60
   70 -0.622 -0.705  0.346  94.83 203.51  62.85 202.31  48.53 201.11  40.79
   71 -0.195  1.058  0.811 152.83  14.77 107.35  14.97  68.05  15.95  63.73
   72  0.897  0.552  0.489 237.82  71.28 223.09  69.85 182.25  68.55  41.77
   73  1.056  0.878 -0.401 216.23  40.47 236.13  38.60 230.20  35.69  41.54
   74 -0.816 -0.621 -0.672  39.13 192.71  45.76 190.98  71.34 190.16  40.25
   75  0.645 -1.095  0.867 231.10 243.34 197.46 245.84 143.63 247.26  43.64
   76  0.172  0.449  0.302 166.16  81.33 146.36  81.11 121.69  80.91  47.59
   77 -0.054  0.135 -0.703 107.56 114.48 122.81 114.60 139.22 114.51  53.15
   78  0.088 -0.313 -0.919 112.35 159.83 137.12 159.62 159.93 159.97  42.37
   79 -0.827 -0.673  0.190  69.67 200.16  41.86 198.58  36.79 197.17  46.63
   80  0.067 -1.096 -0.341 132.03 240.82 135.12 240.49 136.53 241.10  49.63
   81 -0.198  0.901  0.554 142.39  32.48 107.29  32.75  78.07  33.45  51.38
   82 -0.415  0.317  0.978 138.89  93.89  83.56  94.07  41.46  94.63  37.54
   83  0.115  1.127 -0.183 142.37  12.14 140.10  12.22 134.93  11.46  44.47
   84  0.608  0.120 -0.365 178.85 116.09 190.41 115.97 186.95 115.72  42.70
   85 -0.683 -0.227 -0.165  83.54 152.08  50.44 151.63  75.59 151.38  46.20
   86  0.780 -0.436  0.722 237.02 173.67 211.46 174.72 162.15 175.53  51.31
   87  0.290 -0.738 -0.649 140.26 202.86 157.63 202.88 168.22 203.93  42.10
   88  1.187 -1.162 -0.077 242.14 245.19 249.86 248.44 233.11 252.47  41.88
   89  0.464  0.339  0.688 207.59  92.71 177.78  92.17 133.59  91.77  75.92
   90 -0.942 -1.047  0.678  77.18 242.31  27.88 239.83   7.00 236.81  40.86
   91  0.935  0.456  0.136 226.97  81.76 225.76  80.72 199.18  79.53  41.42
   92 -0.525  0.118  0.281  96.74 115.58  75.89 115.91  55.29 116.06  42.06
   93 -0.151 -1.086 -0.292 114.20 240.56 112.76 239.65 115.11 239.70  48.17
   94 -0.951 -0.323 -0.377  37.14 162.25  31.11 161.29  48.44 160.67  32.46
   95 -0.083 -0.766 -0.007 131.25 207.98 119.64 207.75 110.49 207.65  48.66
   96 -0.705 -1.105 -0.606  51.91 242.90  56.81 240.17  78.31 238.96  39.91
   97  0.032 -0.988 -0.408 126.46 229.47 131.48 229.14 136.02 229.65  47.06
   98  0.395  0.023 -0.636 149.89 125.93 168.22 125.92 177.30 125.89  43.23
   99  0.379  0.613 -0.227 164.08  65.66 167.22  65.29 160.72  64.45  42.93
  100 -0.701  0.550  0.129  79.26  69.79  55.19  70.93  50.27  71.77  54.44
  101 -0.556 -1.053  0.133  93.03 239.77  70.32 238.04  62.73 236.69  47.26
  102 -0.427 -1.177  0.114 104.30 252.34  83.80 250.84  74.89 249.68  49.94
  103  0.891 -0.268 -0.220 209.02 155.28 219.85 155.76 208.03 156.51  41.65
  104 -1.205 -0.810 -0.162  20.71 214.59   4.14 211.76  18.18 209.48  40.07
  105 -0.334 -0.783 -0.284  97.82 209.56  94.01 208.54  98.61 208.23  47.76
  106 -0.450  0.038  0.208 105.72 124.20  81.20 124.25  69.36 124.31  46.47
  107  0.682 -0.288  0.057 201.78 157.69 199.14 158.15 178.21 158.73  44.33
  108  0.866 -1.078 -0.585 192.88 235.92 216.08 237.54 218.83 240.64  39.09
  109 -0.073  1.168  0.133 137.48   6.10 120.65   6.47 105.81   6.55  42.40
  110 -1.072 -0.772 -0.192  32.33 210.11  17.99 207.71  30.75 205.90  46.67
  111 -0.155 -0.029 -0.234 115.79 131.29 112.35 131.27 112.48 131.35  58.17
  112 -0.231 -0.273 -0.628  94.42 156.29 104.91 155.92 120.80 155.95  42.95
  113  0.082 -0.507 -0.370 132.24 180.26 136.69 180.13 139.07 180.48  45.13
  114 -0.211  0.619  0.460 137.47  62.56 106.01  62.90  80.68  63.27  50.46
  115  0.600  0.510 -0.681 166.08  77.10 188.83  76.70 197.68  75.59  46.35
  116 -0.726  0.518 -0.802  42.89  74.73  55.33  76.18  84.07  76.60  41.66
  117 -0.090 -0.416 -0.177 124.03 171.35 119.00 171.11 116.27 171.16  45.29
  118  0.936  0.468 -0.818 189.87  81.88 222.34  81.22 233.75  79.70  44.75
  119 -0.863 -0.984  0.436  75.57 234.32  37.23 232.03  23.78 229.64  47.50
  120 -0.866 -0.377 -0.045  57.22 168.28  38.65 167.24  42.76 166.50  51.04
  121 -0.995 -0.184  0.533  66.50 148.22  22.85 147.75   8.36 147.25  41.11
  122  0.423 -0.418  0.559 198.78 171.98 173.07 172.56 134.85 172.95  38.36
  123  0.274  0.912 -0.603 140.52  35.91 156.03  35.77 164.99  34.54  55.33
  124  1.094 -0.037  0.366 249.89 132.10 243.38 132.21 205.82 132.32  37.92
  125 -0.221 -0.583  0.448 136.09 190.09 104.97 189.75  80.22 189.34  50.74
  126 -0.229 -0.716  0.723 146.11 204.91 103.83 204.70  68.51 203.99  48.88
  127 -0.162 -0.669 -0.549 103.58 196.84 111.81 196.14 123.90 196.27  44.31
  128 -0.435 -0.518  0.046 100.84 182.77  83.03 182.06  76.89 181.57  46.20
  129  0.691 -0.616 -0.512 180.50 190.19 198.52 190.90 199.96 192.36  43.47
  130 -1.207  0.043 -0.628   3.92 123.77   6.05 123.91  36.33 124.03  37.36
  131  0.014  0.032 -0.717 113.19 125.03 129.71 125.05 145.91 125.03  46.14
  132  0.382 -0.251  0.551 194.80 154.51 168.70 154.82 131.32 155.03  41.00
  133 -0.396  1.071 -0.946  68.00  19.15  88.66  21.11 117.95  21.22  44.54
  134 -0.564 -0.268 -0.227  78.73 156.25  70.30 155.77  76.16 155.52  44.95
  135 -0.479  0.589 -0.536  75.34  67.38  79.60  68.46  95.54  68.85  34.32
  136  0.762 -0.373 -0.475 188.05 165.73 205.83 166.23 205.33 167.23  42.72
  137 -0.971 -0.272  0.121  53.41 157.31  27.08 156.55  27.13 155.98  41.97
  138 -0.056 -0.765 -0.610 110.93 206.40 122.65 205.73 135.63 206.18  46.48
  139  0.589  0.814 -0.382 176.60  45.93 188.46  45.13 185.81  43.47  41.50
  140  0.166  1.022 -0.183 146.84  23.06 145.31  22.99 139.53  22.23  43.86
  141  0.048 -0.478  0.742 172.30 179.01 133.39 179.25  92.97 179.14  39.36
  142 -1.021  1.111 -0.801  15.50  12.78  25.61  16.51  58.65  18.39  34.76
  143 -0.037 -0.451  0.272 146.09 175.48 124.37 175.55 103.78 175.51  54.47
  144  0.185 -0.910  0.236 164.77 223.06 147.61 223.48 125.31 223.98  48.11
  145 -0.866  1.045  0.268  68.90  16.27  37.50  18.78  30.23  21.14  54.17
  146  0.228  0.969  0.215 167.92  27.52 152.09  26.88 130.18  26.28  64.57
  147  1.205  0.691 -0.563 222.54  59.72 250.55  58.11 250.08  55.50  32.00
  148  0.100 -0.085  0.130 152.93 137.08 138.71 137.09 121.74 137.12  35.60
  149 -1.157 -1.029 -0.716   5.70 235.87  11.53 232.06  43.90 229.90  33.62
  150 -0.320 -0.727 -0.265  99.81 203.79  95.38 202.90  99.07 202.64  54.65
  151 -0.458 -1.044 -0.326  84.95 236.85  81.37 235.11  89.21 234.38  49.81
  152 -0.286 -0.934  0.697 139.90 228.06  97.74 227.83  64.46 226.83  46.24
  153  0.098 -0.839 -0.608 124.79 213.62 138.23 213.27 149.36 214.04  42.13
  154 -0.495 -0.481 -0.315  81.91 178.28  77.58 177.60  85.69 177.20  70.87
  155 -0.912 -0.951  0.497  73.13 231.19  31.76 228.85  17.00 226.37  39.29
  156  0.102  0.378  0.717 176.26  88.17 139.19  87.92  98.97  87.96  38.57
  157 -1.087  0.508 -0.082  34.88  74.01  15.92  75.88  25.17  76.92  42.26
  158  0.332  0.764 -0.939 133.13  51.87 161.45  51.82 182.50  50.56  41.32
  159  0.112  0.110 -0.912 114.80 117.29 139.45 117.20 161.89 117.07  59.00
  160  0.526  1.029 -0.416 169.88  24.11 181.99  23.24 181.19  21.30  36.36
  161  0.241  1.153 -0.611 137.40  11.37 152.66  11.44 162.28   9.94  41.78
  162 -0.653  0.161  0.949 115.26 110.77  57.97 110.91  21.36 111.40  33.43
  163 -1.029 -0.343  0.417  58.92 165.44  19.82 164.42  10.24 163.44  33.87
  164  0.107 -1.196 -0.460 131.14 250.48 139.12 250.14 144.52 251.22  45.77
  165 -0.294 -0.937 -0.616  89.23 224.32  98.51 223.41 114.69 222.94  45.93
  166 -0.356  0.514  0.612 130.21  73.31  90.37  73.71  61.80  74.08  45.38
  167 -0.175  1.169  0.606 146.60   3.81 109.72   4.08  78.06   4.93  41.00
  168 -1.104 -0.519 -0.086  33.34 183.54  14.08 181.85  24.03 180.71  40.56
  169 -0.763 -0.512 -0.553  48.43 181.52  50.70 180.46  71.42 179.53  42.51
  170  0.827 -0.828 -0.038 210.70 212.42 213.89 213.98 195.32 216.03  45.00
  171 -0.240 -0.974  0.478 135.48 231.71 102.85 231.19  77.22 230.41  52.22
  172 -0.630 -0.770 -0.248  71.91 208.89  63.60 207.31  71.19 206.39  39.75
  173 -0.187  0.621 -0.715  95.18  64.72 109.49  65.53 127.83  65.66  45.53
  174 -0.905 -0.141  0.053  57.11 143.15  34.19 142.77  35.52 142.70  40.90
  175 -0.590  0.987  0.389  99.26  22.74  66.29  23.98  49.37  26.28  85.30
  176  0.794 -0.205 -0.011 208.89 149.18 210.61 149.54 191.33 150.04  44.40
  177 -0.721  0.078 -0.435  56.56 120.12  54.77 120.30  70.55 120.51  35.92
  178 -0.368  0.477 -0.337  92.72  78.92  90.56  79.43  97.61  79.61  56.81
  179 -1.194 -0.220 -0.612   6.19 151.10   7.12 150.28  37.23 150.47  40.33
  180 -0.172  0.462 -0.793  93.80  81.43 110.99  81.67 132.20  81.51  52.63
  181 -1.165  0.549 -0.659   6.82  70.44  10.54  72.79  41.07  74.15  37.76
  182 -0.307  1.139 -0.122 114.16   9.71  92.26  10.57 102.03  11.05  47.96
  183  0.346 -0.783 -0.359 156.08 208.31 163.68 208.13 162.56 209.21  50.91
  184  0.132  0.414 -0.304 139.22  85.86 141.69  85.90 141.13  85.32  46.36
  185 -0.446  0.687  0.878 132.02  54.21  80.45  54.39  42.70  55.58  55.07
  186 -0.726 -0.476  0.205  79.85 179.21  52.30 178.04  45.12 177.03  37.94
  187  1.084  0.692  0.598 250.82  56.98 248.21  54.73 187.25  52.85  42.80
  188 -0.853 -0.840  0.314  71.89 218.83  38.65 216.27  29.60 214.36  29.00
  189  0.490 -0.623 -0.871 149.45 190.81 177.42 190.59 194.44 191.88  28.47
  190 -0.536 -0.017  0.742 118.26 130.26  71.05 130.02  40.34 129.99  25.90
  191 -0.577 -0.345  0.851 118.46 165.47  66.45 165.06  31.99 164.82  51.56
  192 -0.650  0.374  0.732 105.86  87.52  59.51  89.00  29.44  88.73  48.38
  193  0.597  1.074  0.969 231.01  14.90 192.61  12.50 233.11 252.47  30.70
  194 -0.594  0.153  0.112  87.97 111.69  66.69 111.96  59.73 113.38  44.39
  195  0.255 -0.125  0.685 188.82 140.96 155.38 141.07 114.40 142.70  46.81
  196  0.645 -1.197  0.295 207.99 251.96 195.92 253.60 233.11 252.47  46.24
  197  1.311  0.549 -0.149 247.69  73.31 195.92 253.60 245.43  69.56  38.16
  198 -0.025  0.641 -0.325 124.25  62.03 125.69  62.37 127.64  62.78  43.89
  199  1.039 -0.886  0.600 235.87 253.61 238.56 222.41 191.56 224.79  35.14
  200 -0.933 -0.203  0.144  57.98 150.03  30.83 149.31  29.59 149.15  47.78
  201 -0.542 -1.135  0.167  95.32 247.96  71.87 246.18  62.38 246.36  43.43
  202 -0.517 -0.457 -0.020  90.56 175.54  74.82 175.29  72.01 176.20  34.44
  203 -0.553 -0.317 -0.407  73.10 161.23 195.92 253.60  84.03 160.33  44.91
  204  0.018 -0.963  0.437 157.56 229.71 195.92 253.60 102.23 229.81  39.44
  205 -0.781 -0.902 -0.071  64.30 223.63  47.48 221.49  51.07 219.93  42.30
  206 -0.080 -0.145 -0.104 127.62 143.32 119.98 143.24 233.11 252.47  47.65
  207 -0.988 -1.178  0.336 235.87 253.61  24.37 252.14  16.89 248.83  35.14
  208  0.293  0.584  0.465 183.47  67.16 159.26  66.61 233.11 252.47  38.20
  209  0.312 -0.033  0.898 202.53 131.81 161.81 131.73 233.11 252.47  48.50
  210  0.570 -0.815 -0.892 235.87 253.61 185.42 209.94 202.46 211.80  35.14
  211  1.141  0.177  0.564 235.87 253.61 249.31 109.46 202.89 108.92  35.14
  212 -0.105 -0.217  0.827 161.65 151.49 116.98 151.52 233.11 252.47  49.58
  213 -0.233  0.515  0.853 150.88  72.86 103.27  72.98 233.11 252.47  34.09
  214 -0.567 -1.026 -0.720  60.54 233.29  71.01 233.02  94.68 230.40  39.26
  215 -0.358  1.171 -0.792  77.01   8.50 195.92 253.60 115.54  10.56  28.00
  216 -0.755  0.248 -0.601  46.69 102.35  52.06 103.38  73.34 103.30  41.67
  217  0.010 -0.446  0.169 235.87 253.61 129.36 174.83 112.04 174.89  35.14
  218 -1.123 -0.946  0.435  50.58 230.95   9.73 228.09 233.11 252.47  36.25
  219  0.015  0.426 -0.600 117.62  84.84 129.84  85.11 233.11 252.47  40.80
