    1  0.382  0.632  0.129 178.12  62.94 168.05  62.40 147.57  61.68  49.68
    2  0.226  0.613  0.330 172.10  64.28 152.06  63.90 125.50  63.55  60.39
    3 -0.520  0.815 -0.744  63.92  44.48  75.86  46.17  99.68  46.60  42.51
    4 -0.851  0.380  0.392  74.94  87.39  38.64  88.26  26.66  89.15  43.18
    5 -1.092  0.242 -0.307  26.28 102.67  16.37 103.47  33.62 104.01  41.65
    6 -0.234  0.783  0.446 134.85  45.24 103.60  45.64  79.12  46.25  51.49
    7 -0.129 -1.049  0.993 166.13 241.19 114.30 241.47  66.57 240.41  41.53
    8 -0.608  0.629  0.819 114.45  60.08  63.14  60.90  30.69  62.24  38.33
    9 -0.040  0.999 -0.877 102.57  27.10 124.27  28.04 146.84  27.31  41.72
   10  0.735 -0.329 -0.201 196.26 161.63 203.85 162.14 192.73 162.88  43.18
   11 -0.562  0.956  0.147  93.03  27.04  69.64  28.58  61.72  29.91  48.72
   12  0.474  0.675  0.590 204.59  57.67 178.54  56.64 138.34  55.94  47.64
   13  0.563  0.610 -0.736 160.86  67.17 185.01  66.79 196.28  65.45  46.70
   14 -0.157 -1.077 -0.682  99.25 238.24 112.43 237.09 129.26 237.39  44.86
   15  0.659  0.546  0.713 226.04  71.18 198.60  70.00 151.09  69.18  45.08
   16  0.387 -0.481  0.079 176.65 177.89 168.53 178.34 149.99 178.90  51.09
   17  0.401  0.753  0.043 176.52  50.65 169.93  50.00 152.62  49.04  44.02
   18 -0.691 -0.135  0.570  96.95 142.86  54.99 142.61  33.54 142.29  52.08
   19 -0.423  0.920  0.579 122.48  29.82  83.45  30.69  56.87  31.96  44.51
   20  0.843  0.477  0.497 233.46  78.97 217.45  77.79 176.87  76.74  85.83
   21  0.088  0.160 -0.684 120.99 112.05 137.17 112.13 151.29 111.98  40.27
   22  0.525  0.582 -0.765 156.50  70.00 181.17  69.70 193.86  68.48  40.83
   23  1.106 -0.063 -0.702 208.77 134.47 239.92 134.59 245.62 134.83  38.10
   24  0.276  0.482  0.754 193.48  77.36 157.70  76.81 113.52  76.59  45.53
   25  0.967  0.565  0.683 251.77  69.69 231.25  68.02 181.55  66.65  42.10
   26 -1.139  0.732  0.106  36.89  49.60   9.70  51.97  13.26  54.03  40.35
   27  1.067  0.231 -0.225 223.97 105.10 237.95 104.57 224.95 103.82  42.40
   28  0.690  0.301  1.011 240.92  96.50 202.70  95.73 142.29  95.31  43.15
   29  1.172  0.415 -0.634 217.00  87.14 246.92  86.23 249.51  84.68  41.33
   30 -0.312 -0.434 -0.440  93.97 173.11  96.42 172.51 106.48 172.41  44.81
   31 -0.973 -0.215 -0.020  48.00 151.16  27.43 150.52  32.51 150.05  44.46
   32  0.447  1.034 -0.607 155.62  23.96 173.51  23.49 180.87  21.63  37.50
   33  0.103 -0.258  0.565 170.31 155.48 139.21 155.64 105.12 155.60  48.21
   34 -0.944 -0.357 -0.164  45.46 166.06  30.96 165.02  40.66 164.28  42.91
   35 -0.577  0.007 -0.077  83.03 127.55  68.57 127.56  69.20 127.56  50.35
   36  0.747 -0.479  0.581 228.39 178.00 207.51 179.08 164.46 179.97  41.94
   37  1.058  1.068 -0.766 202.35  22.68 234.82  20.76 243.24  17.04  37.92
   38 -0.988 -0.861 -0.036  45.96 219.96  25.89 217.45  31.78 215.46  62.19
   39 -1.059 -0.069 -0.491  22.93 135.48  20.46 135.25  43.71 135.04  40.51
   40  0.988  0.684 -0.765 196.35  60.53 227.78  59.41 236.70  57.17  36.30
   41 -0.558  0.388  0.301  99.16  86.88  69.71  87.47  56.01  88.09  43.67
   42  0.193  1.093 -0.462 138.69  16.80 147.88  16.87 152.40  15.72  45.10
   43 -0.647  0.447  0.624 103.15  80.00  59.52  80.69  35.17  81.65  53.50
   44  0.223 -0.753 -0.673 133.37 204.50 150.76 204.35 162.97 205.33  43.74
   45  1.129  0.182  0.135 243.61 109.77 246.01 109.27 217.79 108.68  37.43
   46  0.936 -0.973  0.552 243.81 228.67 227.50 231.38 183.57 233.71  42.28
   47 -0.016  1.105 -0.387 122.84  14.78 126.63  15.39 130.80  14.87  45.35
   48  0.348 -0.506  0.527 190.90 181.27 165.10 181.92 129.20 182.24  45.14
   49  0.887 -0.102 -0.639 192.49 138.43 218.05 138.58 222.83 138.88  36.03
   50 -0.507 -0.384  0.366 106.34 169.20  74.89 168.69  57.87 168.15  44.90
   51 -0.873 -0.634 -0.219  50.10 195.13  38.50 193.47  48.89 192.23  42.12
   52 -0.451  0.648 -0.277  87.35  60.75  82.02  61.80  88.01  62.25  42.88
   53 -1.056  1.048 -0.121  36.47  16.79  19.23  20.09  29.29  22.58  49.65
   54  0.831  1.130 -0.370 198.03  14.50 213.22  12.70 207.74   9.75  41.91
   55  0.150  0.531  0.269 162.87  72.80 143.97  72.59 120.88  72.37  47.07
   56 -0.358 -0.554 -0.654  81.99 185.15  92.10 184.26 110.56 184.15  42.52
   57  0.246  0.733  0.590 184.18  51.07 154.47  50.43 117.18  50.16  57.40
   58  0.207  0.138  0.133 162.69 113.87 149.86 113.82 131.40 113.81  49.16
   59  1.174  0.660  0.220 250.87  61.21 251.06  59.22 218.86  57.04  41.67
   60  0.592 -0.563  0.180 198.75 186.25 190.08 187.07 165.15 188.03  49.16
   61 -0.520 -0.103  0.052  93.19 139.08  74.25 138.97  69.17 138.85  52.13
   62 -0.388  0.391  0.780 133.66  86.16  86.79  86.43  52.02  87.02  39.69
   63 -0.592  0.676  0.863 117.66  54.88  64.68  55.75  30.32  57.16  41.85
   64 -1.191  0.216 -0.631   5.31 105.59   7.70 106.42  37.78 106.89  35.00
   65  1.060  0.432  0.230 241.45  84.19 239.16  83.00 207.56  81.71  41.38
   66  0.815  0.123 -0.067 208.46 115.82 212.52 115.58 195.30 115.28  47.32
   67  0.042 -1.145 -0.747 114.69 244.39 132.51 243.71 149.40 244.69  67.66
   68  0.933  0.088 -0.934 185.28 119.51 221.55 119.47 237.61 119.10  38.27
   69 -1.080  0.563 -0.467  21.69  69.03  18.25  70.94  40.87  72.12  39.18
   70 -0.573 -0.822 -0.313  74.97 214.13  69.45 212.46  78.87 211.68  46.45
   71 -0.444  0.450  0.210 106.35  80.69  81.81  81.23  69.75  81.76  58.65
   72 -0.661 -0.561 -0.155  72.44 187.30  60.15 186.01  64.95 185.24  92.00
   73 -0.443 -0.111  0.908 133.46 140.27  80.64 140.20  41.78 140.02  40.42
   74  0.938  0.176  0.664 248.51 110.04 228.14 109.53 179.54 109.11  39.58
   75  0.511  1.118 -0.184 177.39  14.16 180.83  13.10 171.18  11.18  44.56
   76  0.892  0.559  0.638 243.47  70.30 223.17  68.79 176.12  67.54  40.46
   77  0.187  0.825 -0.733 128.01  44.88 147.14  45.15 161.93  44.09  38.38
   78 -0.709 -0.074  0.069  76.19 136.13  54.50 136.04  51.89 135.84  48.04
   79  0.306 -0.621 -0.210 154.86 191.97 161.79 192.20 149.86 192.85  48.75
   80 -0.289 -0.926  0.458 130.18 226.66  97.71 226.04  73.66 225.19  47.21
   81 -0.201  0.352 -0.458 103.43  92.03 107.78  92.41 117.02  92.39  46.00
   82  0.368 -0.035 -0.685 145.74 131.84 165.46 131.85 176.66 131.91  42.00
   83  0.161 -1.047  0.825 185.98 239.57 145.42 240.46 100.03 240.53  44.78
   84 -0.335  0.065 -0.590  86.42 121.56  94.22 121.82 110.22 121.69  42.39
   85  0.168  1.077 -0.828 122.79  19.59 145.10  20.02 163.60  18.69  31.00
   86 -0.091  0.254  0.659 156.32 101.23 118.58 101.21  83.63 101.35  35.40
   87  0.427  0.852  0.217 185.70  40.15 172.96  39.15 148.43  38.12  53.53
   88  0.178 -0.377 -0.287 143.92 166.92 146.51 166.93 144.64 167.26  46.12
   89 -0.031 -0.467  0.539 157.08 177.72 125.02 177.78  93.85 177.64  44.28
   90  0.213  0.888  0.587 181.14  34.74 150.88  33.98 114.26  33.67  48.21
   91  0.275 -0.373  0.552 185.31 167.44 157.45 167.70 121.41 167.95  75.83
   92  0.115 -0.783  0.055 151.41 209.58 140.18 209.66 125.87 210.09  49.51
   93 -0.625  0.296 -0.073  78.82  97.04  63.68  97.60  64.87  98.01  37.42
   94 -0.507  0.291  0.661 117.79  96.94  74.26  97.25  46.09  97.74  36.80
   95 -0.924 -0.683 -0.831  23.47 199.01  35.39 196.87  68.10 195.87  38.00
   96  1.029 -0.819 -0.236 220.15 210.50 234.17 212.41 221.42 214.99  48.29
   97  0.726 -0.874 -0.041 201.84 217.35 203.45 218.77 185.95 220.69  44.40
   98  0.786  0.579 -0.953 171.96  70.91 206.86  70.33 224.52  68.68  40.85
   99  0.005 -0.616  0.306 151.16 192.87 128.76 192.85 106.17 192.86  57.88
  100  0.056  0.374  0.438 160.95  88.89 134.17  88.76 105.74  88.81  43.33
  101  0.057 -0.934  0.907 179.75 228.04 134.34 228.67  87.15 228.35  41.60
  102 -0.524 -0.807  0.528 110.88 214.72  72.91 213.81  49.78 212.33  51.59
  103  1.070 -0.466  0.279 244.28 175.82 240.41 177.12 206.66 178.51  40.90
  104 -0.246  0.264  0.321 140.91 100.47  95.59 100.63  94.47 100.65  47.07
  105  0.090  0.450  0.813 178.96  80.37 137.87  80.06  94.00  80.14  38.43
  106 -0.897 -0.395 -0.360  42.79 169.82  36.54 168.65  52.41 167.96  50.24
  107  0.949  0.245 -0.341 209.31 103.68 225.35 103.20 217.91 102.48  43.62
  108 -0.519  1.038 -0.704  65.60  21.30  75.86  23.58  98.35  23.99  42.67
  109  0.738 -0.588 -0.687 171.73 187.09 206.37 187.68 203.95 189.12  39.44
  110 -1.183 -0.377  0.139  33.75 168.87   4.88 167.60   8.12 166.49  40.07
  111 -0.532  0.548 -0.136  85.20  70.62  73.33  71.88  75.57  72.25  53.24
  112  0.103 -0.310 -0.591 125.78 159.82 138.71 159.69 149.16 159.89  56.19
  113 -0.991  0.706 -0.713  21.41  54.70  28.31  57.01  57.98  58.34  40.66
  114 -0.139 -0.480  0.517 146.29 179.10 113.54 179.01  84.86 178.75  46.79
  115  0.444 -0.046  0.167 185.10 133.09 174.61 133.10 151.93 133.16  36.50
  116 -0.710 -0.202  0.189  80.63 149.77  54.10 149.28  47.11 148.90  45.07
  117  0.922 -0.143  0.706 248.85 143.01 226.61 143.40 176.45 143.87  43.19
  118  0.058 -0.803 -0.951 108.49 209.19 134.03 208.54 158.25 209.36  39.09
  119 -0.572  0.736  0.194  93.54  50.00  68.70  51.42  58.77  52.39  44.57
  120  0.567 -0.927 -0.166 183.05 222.70 186.70 223.74 175.77 225.45  45.79
  121 -0.211  0.279 -0.091 116.23  99.30 106.50  99.41 102.16  99.48  60.04
  122  0.184 -0.774 -0.399 140.41 207.22 146.97 207.40 149.52 207.95  50.59
  123  0.062  0.766  0.277 155.41  48.12 134.76  48.00 112.70  47.83  38.67
  124  0.722 -0.433 -0.150 197.14 172.23 202.67 172.89 189.62 173.86  40.54
  125  0.525  0.352  0.274 196.61  91.75 183.26  91.34 155.42  90.93  48.42
  126  0.990  0.394  0.247 236.16  88.00 231.95  86.99 200.29  85.88  37.00
  127 -0.365  0.462 -0.664  81.02  80.78  91.31  81.64 110.33  81.69  43.93
  128 -0.546 -0.998  1.012 127.93 237.05  69.31 236.01  28.23 233.85  43.38
  129  0.720 -0.366 -0.918 167.66 164.53 200.25 164.99 217.29 165.84  39.16
  130  0.058 -0.374  0.665 170.20 167.87 134.49 168.05  97.04 167.98  44.43
  131  0.744 -1.075 -0.133 199.85 237.50 205.06 239.21 191.04 241.69  44.74
  132 -0.344  0.509  0.653 132.77  73.77  91.68  74.20  61.09  74.74  48.45
  133  0.356 -0.819  0.341 184.19 213.50 165.66 214.30 137.03 215.07  43.25
  134  0.770  0.935  0.293 218.94  32.12 209.10  30.21 177.62  28.29  41.60
  135  0.289  0.279 -0.081 161.74  99.57 158.17  99.36 147.08  99.05  54.32
  136  0.290  0.400  0.958 202.98  85.63 159.54  85.11 106.76  85.11  41.61
  137  0.856 -0.155 -0.567 192.64 143.74 215.15 143.98 217.37 144.43  39.36
  138  0.105 -1.152  0.474 166.90 249.43 139.31 249.93 108.68 250.09  42.75
  139  0.261  0.250 -0.057 160.09 102.58 155.23 102.37 143.52 102.10  70.17
  140 -0.854 -0.160 -0.354  47.08 145.08  40.96 144.60  55.95 144.35  31.43
  141  0.684  0.815 -0.949 163.35  47.43 196.74  46.73 214.94  44.63  37.19
  142  1.198 -0.720 -0.248 234.32 200.33 251.34 202.21 238.27 204.81  53.20
  143  0.195 -1.087  0.374 171.08 241.96 148.74 242.62 120.87 243.12  45.42
  144 -0.932 -1.066 -0.603  30.89 239.58  33.82 236.31  58.67 234.56  37.13
  145  0.110  0.908 -0.440 132.16  35.37 139.53  35.62 144.18  34.97  45.53
  146  0.665  0.754  0.985 237.54  48.87 200.01  46.96 140.80  45.92  39.46
  147  1.161  0.784 -0.174 234.04  49.62 247.95  47.48 231.98  44.75  47.82
  148 -0.654 -1.140  0.487  97.32 250.69  59.16 248.78  40.04 246.59  44.54
  149  0.931 -0.183  0.285 232.56 146.96 225.90 147.65 193.23 147.88  42.69
  150  0.770  0.757 -0.498 187.95  52.34 206.50  51.15 206.88  49.19  57.12
  151 -1.194  0.594 -0.634   4.97  66.03   7.53  68.23  37.64  69.39  38.97
  152 -0.588 -0.403  0.467 102.65 171.52  66.10 170.84  46.70 170.14  54.50
  153  0.362  0.171  0.188 178.67 110.59 166.10 110.44 143.53 110.25  38.88
  154 -0.419 -0.920 -0.358  87.18 223.74  85.55 222.49  93.72 221.78  46.83
  155 -1.078 -0.530 -0.376  25.58 184.29  17.88 182.32  37.86 181.15  25.66
  156 -0.215  0.750  0.202 106.98  48.82 117.61  49.85  69.75  50.69  49.87
  157  0.871 -1.110  0.748 246.09 243.97 221.36 246.75 169.74 249.11  48.02
  158 -1.165 -0.698  0.273  40.50 203.64   6.18 201.39   4.30 199.26  31.11
  159 -0.736 -0.835 -0.856  40.21 214.43  54.39 211.93  85.30 211.09  33.15
  160 -0.128 -0.409 -0.709 100.75 169.94 115.39 169.58 132.92 169.79  52.67
  161 -0.952 -0.618  0.275  61.21 194.58  28.33 192.95  22.76 191.75  43.51
  162  1.123 -0.101 -0.159 231.40 138.44 244.05 138.68 227.90 139.04  37.33
  163 -1.031  0.334  0.298  54.12  92.20  20.15  93.28  14.69  94.18  44.90
  164 -0.474 -0.261 -0.318  84.03 155.37  79.53 154.85  87.94 154.92  62.09
  165  0.422 -0.986  0.272 187.35 230.46 172.49 231.56 145.71 232.83  50.30
  166  0.155  0.702  0.381 167.77  54.71 144.63  54.32 117.05  54.25  58.50
  167 -0.954 -0.920 -0.795  22.08 223.91  32.27 220.97  64.26 219.21  41.23
  168  0.681 -0.889 -0.774 169.71 216.91 196.87 217.71 208.49 220.08  42.03
  169 -0.809 -0.694 -0.392  49.92 200.93  45.61 199.12  61.17 198.06  34.67
  170 -0.081 -0.265  0.455 148.70 156.47 120.00 155.96  92.11 156.36  48.90
  171 -0.338  0.470  0.949 144.35  77.52  92.13  77.54  48.99  78.44  45.73
  172 -0.916 -0.547 -0.597  32.78 185.19  35.29 183.56  60.11 183.01  79.50
  173  0.073 -0.986  0.409 161.07 231.73 136.11 232.26 107.99 232.18  44.76
  174 -0.740 -0.928  0.991 108.81 229.66  48.31 228.22  11.98 226.07  41.43
  175 -0.268 -0.968 -0.420  98.80 228.19 100.92 226.99 109.55 226.84  42.75
  176  0.547 -0.109 -0.066 185.30 139.79 184.68 139.43 170.43 139.55  61.43
  177  0.718 -0.097 -0.387 201.00 138.03 193.78 138.18 211.94 138.38  41.62
  178 -1.074 -1.057 -0.528  20.17 239.25  19.11 235.63  43.64 233.47  37.10
  179  0.658  0.967 -0.407 181.77  30.63 195.43  29.59 193.16  27.31  37.94
  180  0.509  0.393 -0.457 166.60  88.49 180.16  88.36 181.12  87.48  47.50
  181  0.827 -0.546 -0.869 178.65 182.38 211.25 183.02 225.35 184.75  41.74
  182  1.182  0.572 -0.578 220.02  71.55 248.10  70.25 248.46  68.23  32.88
  183  0.916  0.661 -0.642 194.90  62.63 221.01  61.34 225.59  59.33  63.78
  184  0.674  0.850  0.564 221.35  40.03 199.65  38.11 158.25  36.70  49.63
  185 -0.316  0.921 -0.720  83.53  33.85  96.42  35.36 116.71  35.33  36.40
  186  0.329 -0.413  0.810 200.57 171.99 163.53 172.54 116.29 172.73  31.67
  187 -0.650  0.428 -0.843  48.40  84.12  63.08  85.35  92.16  85.68  41.83
  188 -0.728  0.051  0.214  79.84 122.91  52.09 123.01  44.47 122.72  52.30
  189 -0.843  0.529 -0.677  36.49  73.27  43.16  74.74  69.28  75.54  36.88
  190 -0.367 -0.196  0.505 124.88 149.29  89.42 148.83  64.97 148.65  28.85
  191  0.002  0.451  0.173 141.22  80.95 131.13  81.26 106.54  81.29  45.86
  192  0.353 -0.365 -0.258 160.56 165.37 164.46 166.01 159.49 166.03  44.00
  193  0.152 -0.822  0.170 159.19 213.85 144.11 214.11 124.83 214.55  40.57
  194 -0.901  0.894 -0.538  36.00  34.62  36.81  37.25  58.86  39.18  44.93
  195  0.508  0.112 -0.766 154.87 117.10 179.39 117.04 192.28 116.76  43.75
  196 -1.099  0.645 -0.861   6.08  61.33  17.99  63.53  54.42  64.70  26.24
  197 -0.158  0.096 -0.786  95.34 118.81 112.30 118.39 133.21 118.50  51.31
  198  0.062 -1.223 -0.842 112.90 251.89 134.46 251.07 154.52 252.36  38.85
  199 -0.955 -1.024 -0.001  50.53 237.33  29.27 234.45  33.27 232.16  29.14
  200 -0.121 -0.229  0.996 166.52 152.69 115.42 153.27  66.86 152.57  42.89
  201  1.187 -0.909  0.081 246.43 220.22 251.75 222.84 225.22 225.95  27.57
  202  0.692 -0.692 -0.056 198.55 198.07 199.66 200.20 183.73 201.61  59.25
  203  0.342  0.915  0.627 194.35  32.58 164.68  30.78 124.60  30.14  54.53
  204 -0.327 -0.261 -0.764  80.24 154.71  95.58 154.26 116.91 155.00  58.07
  205  0.258  0.442 -0.203 154.44  82.28 154.72  83.10 148.93  82.64  58.74
  206  0.085  0.955 -0.847 114.93  31.55 136.74  32.87 157.09  31.15  39.79
  207  0.710  1.185 -0.744 173.37   9.78 199.81   8.59 209.99   6.10  42.40
  208  0.164  0.176  0.061 155.37 109.50 145.71 110.51 129.51 109.89  40.24
  209 -1.063  0.169  0.352  64.00 109.75  10.60 110.25  19.30 111.47  37.07
  210  1.099 -0.685 -0.157 244.63 196.03 232.51 199.41 241.95 201.73  35.87
  211 -0.485 -1.069 -0.788  65.42 237.75  79.59 235.62 104.17 235.82  42.94
  212  1.056  0.875 -0.261 144.23 254.25 236.67  38.40 225.03  35.57  46.00
  213 -1.087  0.991 -0.911   5.51  25.46  19.38  29.04 154.52 252.36  42.56
  214 -0.681 -0.546 -0.137  71.20 185.61  58.04 184.73 154.52 252.36  17.91
  215  0.352  0.349 -0.194 162.93  92.51 164.51  92.29 154.52 252.36  50.42
  216 -0.320  0.835  0.770 139.60  38.52  94.11  38.97 154.52 252.36  42.10
  217  0.590 -1.237 -0.886 157.62 251.59 187.39 252.32 154.52 252.36  36.22
  218 -0.467  0.738  0.283 144.23 254.25  79.32  50.85  64.76  51.71  46.00
  219 -1.001 -1.230 -0.706 144.23 254.25  27.19 252.46  56.71 250.35  46.00
  220 -0.256 -1.095 -0.150 109.99 242.45 101.85 241.04 154.52 252.36  36.80
  221  1.079 -0.713 -0.847 144.23 254.25 236.63 199.90 248.06 202.44  46.00
  222  0.280 -1.240 -0.520 144.23 254.25 156.71 254.33 154.52 252.36  46.00
  223  0.352 -0.361  0.485 189.53 166.05 156.71 254.33 131.14 166.61  27.32
  224 -0.578  0.758 -0.794  56.85  50.35 156.71 254.33  96.56  52.53  40.89
  225 -0.161  0.252  0.212 132.35 101.83 111.41 101.96 154.52 252.36  42.88
  226  0.891 -0.911  0.965 144.23 254.25 224.33 226.39 163.34 228.24  46.00
  227  0.876 -0.221  0.923 144.23 254.25 222.49 152.08 163.53 152.54  46.00
  228 -0.248 -0.853  0.772 146.30 219.68 101.73 219.43 154.52 252.36  48.35
  229 -0.554  0.259  0.242  97.71 100.98  70.04 101.38  59.13 101.18  44.25
  230  0.442  0.595 -0.124 173.64  67.44 173.88  66.85 162.73  65.96  63.20
  231 -0.264 -0.095 -0.588 144.23 254.25 101.53 137.84 116.35 137.84  46.00
  232 -0.091  0.730  0.697 157.85  50.53 156.71 254.33  82.07  50.86  54.63
  233  0.797 -1.109  0.891 144.23 254.25 213.89 247.37 157.13 249.36  46.00
  234 -0.763  0.573 -0.694  43.35  68.98  51.26  70.35 154.52 252.36  52.26
  235 -0.984  0.590 -0.160  41.85  65.76  26.82  67.41 154.52 252.36  35.12
  236  0.513 -0.118  0.007 144.23 254.25 181.45 140.54 164.31 140.63  46.00
