    1 -0.173  0.521  0.712 150.83  72.61 109.81  72.69  74.04  73.12  45.26
    2 -0.888 -0.191 -0.113  52.60 148.54  36.56 148.02  43.50 147.63  44.11
    3 -0.379  0.848  0.818 135.93  36.89  87.63  37.43  51.10  38.71  44.06
    4 -1.142  0.583 -0.618  10.46  67.06  12.59  69.18  41.44  70.44  39.13
    5 -0.509 -0.056  0.367 106.23 134.23  74.72 134.16  57.71 134.08  47.23
    6 -0.670 -0.086 -0.909  44.25 137.14  61.19 136.92  92.96 136.86  44.27
    7 -0.854  0.629  0.919  94.91  59.42  36.43  60.64   4.88  62.48  40.07
    8  0.004  0.019 -0.387 124.52 126.29 128.67 126.33 132.69 126.29  41.11
    9  0.456 -0.318 -0.191 172.23 160.70 175.19 160.96 166.47 161.45  48.29
   10  0.351  1.108 -0.678 144.57  16.54 163.71  16.35 174.70  14.59  44.57
   11  0.108  0.244  0.707 176.47 102.43 139.81 102.26  99.99 102.26  84.26
   12 -0.884 -0.051  0.034  58.43 133.70  36.53 133.56  38.12 133.46  43.76
   13 -0.047 -0.528 -0.519 115.09 182.32 123.51 181.93 133.07 182.18  49.52
   14 -0.167  0.932 -0.065 121.37  31.22 111.04  31.89 105.08  32.04  47.00
   15  0.395  0.780 -0.131 169.20  48.32 169.03  47.81 158.56  46.71  48.39
   16  0.584  0.511 -0.489 172.03  76.73 187.66  76.27 189.24  75.21  46.31
   17 -1.069 -0.418 -0.202  32.38 172.64  18.21 171.34  31.57 170.30  39.90
   18 -0.656  0.193 -0.869  46.97 108.41  62.49 108.87  92.64 109.01  79.03
   19  0.455 -0.140  0.266 189.99 142.77 175.90 142.94 149.11 143.13  47.12
   20  0.909  0.910  0.143 224.95  35.41 223.01  33.36 196.33  30.99  46.00
   21 -1.050  0.243 -0.789  13.08 102.94  22.65 103.82  55.81 104.22  40.70
   22  0.069 -0.837 -0.353 131.73 214.12 135.32 213.85 137.19 214.39  47.06
   23  0.900 -0.320  0.128 223.58 160.87 222.10 161.58 196.17 162.39  43.84
   24 -1.010 -0.094  0.132  50.11 138.34  22.97 138.04  23.34 137.80  52.07
   25  0.190  0.676  0.757 185.81  56.68 148.55  56.06 105.44  55.96  42.65
   26 -0.713  0.293 -0.232  64.67  97.47  54.98  98.14  63.35  98.56  40.21
   27  0.741  0.623  0.025 205.69  64.68 205.19  63.61 184.94  62.24  44.71
   28 -0.281  0.338  0.450 130.57  92.40  98.60  92.61  74.77  92.92  52.23
   29  0.070  0.146 -0.907 111.18 113.59 135.31 113.70 157.89 113.54  44.35
   30 -0.692 -0.823  0.404  90.48 216.45  55.37 214.99  40.06 213.35  48.16
   31  0.152 -0.376  0.195 160.12 167.46 144.14 167.58 123.96 167.77  50.07
   32  0.415  0.893  0.782 207.20  34.12 172.71  32.71 125.38  32.02  44.52
   33 -0.780  0.368  0.877 100.31  88.14  44.48  88.76  13.11  89.74  46.03
   34  0.764  0.750  0.529 227.78  50.51 209.12  48.82 168.03  47.35  41.46
   35 -0.053  0.733  0.572 156.31  50.57 122.75  50.46  90.49  50.77  69.80
   36  0.842 -0.058  0.444 231.17 134.26 217.08 134.37 178.75 134.50  89.65
   37 -0.591 -0.538  0.449 101.74 185.87  65.91 185.05  47.17 184.13  44.59
   38  1.099  0.650  0.354 249.83  61.80 243.80  59.87 206.65  57.91  38.93
   39  0.104  0.427  0.890 183.34  82.71 139.51  82.46  92.20  82.51  48.22
   40  0.358  0.187  0.524 191.62 108.70 166.16 108.49 130.24 108.29  50.45
   41  0.088  0.541 -0.871 114.10  73.66 137.09  74.00 158.11  73.43  42.12
   42  0.465  0.439 -0.201 172.66  83.40 176.09  83.04 167.68  82.33  41.18
   43 -0.314 -0.821  0.782 140.61 216.45  94.62 216.04  58.49 215.01  48.66
   44 -0.856  0.164 -0.462  42.92 111.12  41.01 111.58  59.84 111.85  57.46
   45  0.388 -1.063 -0.709 146.62 235.33 167.43 235.55 179.21 237.39  45.97
   46 -0.267  0.070  0.263 124.58 120.83 100.23 120.88  83.37 120.93  45.71
   47 -0.236  0.248 -0.559  96.50 102.77 104.31 103.12 117.71 103.06  49.35
   48 -0.422 -0.270  0.435 117.03 157.08  83.66 156.73  62.84 156.40  93.15
   49 -0.253  0.483 -0.461  98.61  78.43 102.52  79.01 112.55  79.05  46.64
   50 -0.138  0.567 -0.062 124.08  69.29 114.04  69.66 107.61  69.70  43.64
   51  1.100  0.036 -0.416 219.33 124.65 240.50 124.56 234.93 124.39  42.22
   52  0.671  0.189  0.395 214.19 108.74 198.91 108.39 164.43 108.05  44.89
   53 -0.152 -0.734  0.018 125.84 204.84 112.48 204.42 103.22 204.29  50.63
   54 -0.882 -0.765 -0.685  32.61 207.85  39.20 205.57  66.20 204.39  42.59
   55 -0.930  0.509  0.238  61.70  73.64  30.95  74.97  25.97  76.19  40.82
   56  0.597  0.133  0.037 193.54 114.64 190.26 114.46 171.01 114.22  46.75
   57  0.552  0.164 -0.482 169.53 111.68 184.49 111.54 186.11 111.21  43.22
   58  0.286  1.151  0.860 198.77   6.22 158.99   4.76 110.24   4.36  45.80
   59  0.604  0.309 -0.855 159.96  97.43 188.92  97.23 204.34  96.53  41.26
   60  0.061 -0.963 -0.661 119.37 226.16 134.48 225.65 147.79 226.36  59.28
   61  0.654 -0.434 -0.649 172.04 171.80 194.44 172.20 201.56 173.22  42.78
   62  0.231 -0.205  0.250 164.67 149.65 155.19 149.77 124.18 149.85  42.71
   63  0.444  1.163 -0.558 157.24  10.80 173.30  10.23 178.81   8.18  42.73
   64 -1.193  0.849 -0.610   6.03  39.09   7.45  42.25  36.84  44.12  36.50
   65  0.490  0.701  0.378 197.56  55.46 179.87  54.46 148.03  53.53  51.73
   66 -0.852  0.056 -0.328  48.17 122.40  41.03 122.54  55.05 122.63  42.17
   67 -1.128 -1.042 -0.232  25.58 238.93  12.31 235.36  27.48 232.82  40.29
   68 -0.179  0.146 -0.037 121.18 113.01 109.68 113.13 102.92 113.16  35.83
   69  0.896  0.327 -0.491 198.94  95.58 219.41  95.03 218.33  94.09  38.65
   70 -0.238  0.298 -0.364 103.60  97.43 103.84  97.86 110.21  97.80  64.43
   71 -0.378  0.706  1.011 143.56  51.68  87.56  52.03  43.24  53.15  45.15
   72 -0.285  1.115  0.303 124.46  10.42  98.38  11.25  79.97  12.08  51.65
   73  0.597 -1.107  0.780 223.35 244.36 192.13 246.63 142.51 248.08  40.24
   74 -0.309 -0.897 -0.178 104.07 221.69  96.47 220.67  96.72 220.25  46.12
   75 -0.328 -1.123 -0.883  76.46 242.66  95.34 240.80 121.62 240.83  43.71
   76 -0.677 -1.119  0.375  90.77 248.02  56.99 246.00  42.43 243.95  46.59
   77  0.317  0.418  0.835 200.46  84.01 162.25  83.45 114.16  83.27  42.00
   78 -0.549 -1.003  0.362 102.33 235.19  70.50 233.73  54.30 232.20  46.47
   79  0.163  0.024 -0.436 136.92 125.88 144.90 125.83 148.81 125.81  54.93
   80  0.772 -0.472 -0.617 183.63 175.50 206.31 176.08 211.48 177.38  89.77
   81  0.917  0.570 -0.705 192.60  71.65 220.86  70.76 227.96  69.01  40.73
   82  0.426  0.729  0.621 201.50  51.83 173.60  50.89 132.61  50.12  51.90
   83 -0.824 -1.082 -0.732  36.39 240.45  45.20 237.36  72.92 235.99  39.58
   84 -0.643 -0.631 -0.053  77.89 194.80  61.74 193.55  62.47 192.67  43.97
   85 -0.293 -0.014 -0.940  77.46 129.65  98.96 129.63 126.91 129.63  44.45
   86 -0.138 -1.077 -0.911  92.60 237.41 114.42 236.12 139.41 236.54  44.01
   87 -0.577  0.687 -0.433  69.95  56.83  69.39  58.21  82.92  58.84  47.86
   88 -0.449 -1.067 -0.315  86.20 239.35  82.18 237.61  89.63 236.76  52.12
   89  0.414 -0.254 -0.806 145.18 153.74 169.86 153.79 185.18 154.26  40.90
   90 -0.162  0.118 -0.031 122.98 115.95 111.46 116.04 104.21 116.07  43.25
   91 -0.046 -1.107  0.941 171.76 246.92 123.34 247.37  76.35 246.67  43.54
   92 -0.774 -0.724  0.593  90.01 206.50  46.13 205.09  25.23 203.40  41.62
   93 -0.377 -0.893  0.787 134.91 224.39  87.95 223.80  52.60 222.49  41.17
   94 -0.972  0.402 -0.077  45.96  85.52  27.78  86.72  34.81  87.57  46.12
   95 -0.198  0.256  0.181 127.86 101.32 107.63 101.48  92.81 101.59  42.38
   96 -0.061 -0.572 -0.529 113.45 186.81 122.10 186.38 132.20 186.63  46.54
   97 -0.923  0.373  0.404  68.49  88.01  31.00  89.00  19.85  89.89  39.73
   98  0.590 -0.223 -0.247 181.82 150.88 188.82 151.12 180.92 151.56  47.60
   99  0.595  0.238 -0.806 160.93 104.47 188.04 104.31 201.71 103.78  37.25
  100 -1.090  0.862 -0.179  31.14  36.68  16.02  39.50  28.74  41.58  37.77
  101  0.358 -0.719  0.902 206.84 204.41 166.70 205.52 115.24 205.91  50.00
  102  1.102  0.396  0.199 243.75  87.99 243.43  86.88 212.68  85.73  44.47
  103  0.177  0.822  0.044 156.58  43.21 146.65  42.80 131.99  42.27  43.03
  104 -1.045 -0.707  0.289  52.60 204.45  18.65 202.40  13.94 200.46  40.62
  105 -0.417 -0.843  0.886 135.04 219.38  83.41 218.79  44.93 217.39  51.19
  106  0.272  0.999 -0.376 148.93  26.24 156.10  26.17 156.43  24.97  48.09
  107  0.850 -0.231 -0.097 210.30 151.75 216.04 152.18 199.69 152.77  38.31
  108 -1.011  0.705  0.584  67.06  51.59  20.99  53.43   5.03  55.67  41.17
  109  0.148 -0.226 -0.428 135.90 151.35 143.37 151.31 147.20 151.51  41.55
  110 -1.148 -0.616 -0.489  14.50 193.12  11.46 190.91  35.98 189.51  34.00
  111  0.422  0.249 -0.148 170.90 102.73 171.77 102.76 161.75 102.22  40.86
  112  0.421 -0.028  0.544 198.04 131.19 172.86 131.23 135.28 131.25  36.78
  113  0.802 -0.908  0.644 235.86 222.64 213.62 224.88 167.30 226.70  41.09
  114  0.616 -0.784  0.776 224.61 210.42 194.26 212.02 144.25 213.22  67.90
  115  0.827  0.369  0.405 228.27  90.24 215.36  89.30 178.78  88.49  46.47
  116 -0.550 -1.124 -0.773  60.17 243.83  72.88 241.42  98.09 240.76  40.85
  117  0.261 -0.374  0.709 190.27 167.76 156.07 168.18 113.92 168.32  45.62
  118 -0.516 -0.733  0.823 123.22 207.54  72.93 206.78  38.67 205.41  54.56
  119  0.005 -1.175  0.515 159.44 252.37 128.78 252.58  97.96 252.38  37.41
  120  0.522 -1.150  0.479 204.48 247.97 183.40 249.77 147.11 251.27  47.89
  121 -0.100 -0.261  0.259 139.82 155.71 117.81 155.63  98.58 155.57  46.00
  122  0.174 -1.098 -0.400 139.39 240.46 146.06 240.38 148.43 241.44  40.17
  123  0.065 -0.612  0.504 164.34 192.90 135.14 192.90 103.89 192.91  53.71
  124 -1.066 -1.034  0.444  56.41 240.23  15.75 237.37   5.81 234.28  39.27
  125 -0.349 -1.088  0.428 123.56 243.87  91.41 243.03  69.47 241.91  55.85
  126 -0.985  0.202 -0.219  39.86 106.95  26.79 107.58  39.60 107.85  28.10
  127 -0.533 -1.086 -0.734  63.16 240.04  74.50 237.79  98.10 237.18  41.71
  128  0.323 -0.504 -0.052 165.85 180.13 161.66 180.43 149.00 181.00  39.42
  129 -0.982 -0.236 -0.222  39.76 153.22  27.31 152.51  39.69 152.06  40.40
  130 -0.568  0.761 -0.265  77.03  48.67  70.00  50.14  77.28  50.91  40.38
  131  0.716 -0.884 -0.425 186.05 217.34 201.34 218.47 199.14 220.66  41.96
  132  0.332 -0.211  0.699 196.26 150.51 163.61 150.77 120.90 150.92  45.10
  133 -0.666  0.795  0.454  94.93  42.91  57.88  44.29  40.42  45.95  42.03
  134  0.998 -0.853 -0.523 206.50 213.35 229.70 214.97 229.05 217.70  35.53
  135  0.573 -0.989  0.166 196.60 230.12 188.03 231.52 163.91 233.17  45.29
  136  0.390 -0.708  0.924 210.69 203.25 170.13 204.39 117.42 204.77  31.53
  137  0.237 -1.036 -0.782 130.75 232.82 152.00 232.46 168.28 233.89  62.46
  138 -0.649 -0.782 -0.158  73.47 210.44  61.42 208.82  66.03 207.84  42.90
  139  0.957  0.745  0.159 229.76  52.35 228.14  50.55 200.36  48.53  34.14
  140 -0.447  1.056  0.716 125.68  14.82  80.59  15.51  49.24  17.18  72.19
  141 -0.365 -0.727  0.099 109.41 204.79  90.26 203.97  81.03 203.40  48.70
  142 -0.034 -0.637 -0.832 104.63 192.73 124.80 192.22 145.73 192.64  30.67
  143 -1.175 -0.860  0.255  38.81 221.12   5.13 218.30   4.06 215.66  31.89
  144  0.965  0.015 -0.700 196.81 126.72 225.73 126.69 232.24 126.78  37.93
  145  0.559  0.984  0.656 214.93  25.39 187.79  23.56 143.83  22.33  34.17
  146 -0.621  0.889 -0.177  75.38  34.99  64.35  36.61  69.20  37.87  46.89
  147  0.038 -0.622  0.962 180.30 194.75 132.29 195.35  83.33 194.89  40.48
  148 -0.297 -1.021  0.104 115.91 235.49  97.32 234.53  86.88 233.97  49.94
  149  0.798 -1.201 -0.863 176.47 247.48 208.27 248.81 222.33 252.23  45.71
  150 -0.079 -0.065 -0.949  96.33 134.79 120.32 134.72 146.07 134.76  36.75
  151 -0.176  1.093  0.682 150.01  11.67 109.25  11.84  75.44  12.52  46.10
  152 -0.420  0.298 -0.026  99.67  97.12  84.76  97.39  81.21  97.64  34.50
  153  0.256  0.707 -0.486 143.40  56.32 154.29  56.23 159.15  55.66  58.70
  154 -0.049  0.362 -0.894 101.09  91.78 123.37  91.96 146.80  91.70  41.36
  155  0.535  0.780  0.991 226.39  45.72 185.95  44.13 128.41  43.38  31.60
  156  0.519 -0.564 -0.820 153.65 184.48 180.53 185.18 194.99 185.91  41.43
  157 -0.329 -1.115  0.457 126.52 246.72  93.48 245.95  70.13 244.98  50.76
  158 -0.390 -0.291 -0.544  83.00 158.42  88.74 157.59 103.53 157.83  42.15
  159 -1.124 -0.033 -0.100  18.61 131.75  18.73 131.63  11.73 131.74  36.44
  160  0.610 -0.945  0.350 207.33 226.25 192.34 227.41 160.55 228.98  47.50
  161 -0.630  0.140 -0.635  57.71 113.74  64.54 114.13  86.07 114.25  39.00
  162 -0.494 -0.562  0.635 118.01 188.62  75.69 187.98  48.33 187.30  46.79
  163 -0.849  0.286 -0.265  51.12  98.40  40.93  98.29  53.17  99.80  49.54
  164 -1.030 -0.146  0.025  68.70 143.87   8.48 142.96  46.56 143.43  68.63
  165 -0.313  1.149 -0.177 103.37   8.30  96.27  10.25  95.84  10.21  43.41
  166  0.018 -0.195 -0.910 106.41 147.63 130.15 147.47 153.26 148.45  39.00
  167  1.189 -0.015 -0.368 228.96 130.65 249.70 129.39 241.95 129.43  23.61
  168  1.056 -0.639  0.085 222.68 192.95 245.96 194.85 197.87 196.65  44.63
  169  1.113  0.953 -0.294 211.95  32.06 250.66  30.11 216.22  28.43  36.40
  170 -0.510 -0.126 -0.709  66.36 141.63  76.62 140.82  99.59 140.75  20.68
  171  0.659  0.397 -0.841 164.13  88.34 195.04  88.02 207.70  88.14  38.25
  172  0.698 -1.215 -0.336 187.93 251.14 199.72 252.54  46.60 254.29  38.36
  173 -0.672 -0.127  0.255  86.72 141.77  57.91 141.55  46.60 254.29  44.62
  174 -0.014  0.038  0.033 198.90 252.79 126.83 124.28 115.11 124.27  51.08
  175 -1.156 -0.742 -0.770 198.90 252.79  11.83 203.02  46.08 201.50  51.08
  176 -0.609 -0.411 -0.688  57.61 171.35  66.81 169.51  89.74 169.18  50.61
  177 -1.211  0.219 -0.204  18.64 104.88 204.25 254.10  19.44 106.24  48.65
  178  0.336 -1.012 -0.238 159.40 231.57 163.13 232.76 156.56 233.32  48.59
  179 -0.738 -0.797 -0.566  50.19 211.03  53.36 209.21  73.97 208.05  43.67
  180  0.304  0.723 -0.334 153.40  54.42 159.40  54.20 157.89  53.39  47.11
  181 -0.486 -0.258  0.957 130.80 155.98  76.21 155.96  35.37 156.03  44.38
  182  0.423 -0.511  0.593 200.20 181.84 173.20 182.55  46.60 254.29  45.07
  183 -0.217 -1.094  0.402 134.49 244.05 105.44 243.19  82.14 242.97  52.15
  184  1.231  0.167 -0.560 225.48 113.31 252.84 110.54 253.23 109.86  15.11
  185 -0.221  0.337 -0.921  84.65  93.90 106.18  94.65  46.60 254.29  35.67
  186  0.507 -0.553  0.608 208.28 186.05 204.25 254.10 140.80 187.61  40.12
  187 -0.862 -1.115  0.505  78.21 248.69  37.16 246.17  20.95 243.50  43.87
  188  1.214 -0.441 -0.330 232.34 172.26 204.25 254.10 242.62 175.01  39.44
  189  0.184 -0.631  0.205 198.90 252.79 147.51 194.24 126.47 194.59  51.08
  190  1.088 -0.420  0.215 243.46 170.18 241.97 171.33 211.07 175.33  29.86
  191 -0.439 -0.175 -0.788 198.90 252.79  84.14 145.85 108.48 145.80  51.08
  192 -0.633  0.924 -0.705  55.02  32.82 204.25 254.10  88.40  35.73  27.50
  193  0.330  1.026 -0.562 198.90 252.79 161.82  24.27 168.59  22.60  51.08
  194  0.929 -0.867  0.889 198.90 252.79 228.03 221.40 169.88 223.32  51.08
  195 -0.000 -1.018  0.713 166.79 236.52 128.22 236.88  46.60 254.29  44.24
  196  0.031 -1.038 -0.539 121.37 234.26 131.41 233.65  46.60 254.29  33.50
  197  0.208  0.241  0.324 198.90 252.79 150.11 102.92 124.09 102.79  51.08
  198  1.132  0.571 -0.775 208.16  71.92 242.26  70.77 250.60  68.67  32.50
  199 -0.064  0.672  0.932 169.70  56.27 121.43  55.94  75.07  56.44  32.50
  200 -0.453  0.759 -0.298  86.36  49.23  81.84  50.53  46.60 254.29  44.00
  201 -0.644  0.768 -0.725  53.24  48.98  63.35  50.79  46.60 254.29  35.58
  202 -1.264  0.119 -0.367   7.76 115.68 204.25 254.10  21.38 116.45  39.37
  203 -0.961  0.833 -0.064  47.60  39.72  28.89  42.10  46.60 254.29  39.55
