    1  0.772  1.126 -0.774 177.53  16.16 205.94  14.91 216.80  11.84  42.03
    2 -0.198  0.254 -0.499 102.17 102.16 108.12 102.46 118.84 102.41  46.68
    3 -0.669 -0.216 -0.838  46.81 150.49  61.09 149.96  90.35 149.77  88.85
    4 -0.354  0.191  0.365 120.51 107.97  90.99 108.15  71.56 108.34  44.58
    5 -1.111  0.526 -0.623  13.27  73.18  15.74  75.03  44.30  76.11  39.75
    6 -0.462  0.755  0.771 126.31  46.79  78.85  47.48  45.62  48.74  45.39
    7  0.262  0.845 -0.603 139.46  42.64 154.77  42.65 163.92  41.54  43.24
    8  0.336  0.808  0.748 198.69  43.06 164.18  41.99 119.34  41.53  45.00
    9 -0.457 -0.405  0.454 114.39 171.44  79.97 170.98  58.80 170.43  50.20
   10  0.302  0.292  0.934 203.11  97.26 160.76  96.85 108.84  96.75  42.79
   11  0.050 -0.613 -0.509 124.14 190.88 133.33 190.60 141.33 191.03  47.93
   12 -1.039 -0.116  0.133  47.27 140.65  19.95 140.35  20.71 140.00  42.40
   13 -0.254  0.381  0.626 139.97  87.65 101.24  87.82  70.14  88.18  45.74
   14  0.346  1.198 -0.731 142.16   7.58 163.15   7.45 176.18   5.52  40.23
   15  0.102  0.396  0.669 174.35  86.38 139.16  86.14 100.85  86.15  38.65
   16 -0.163  0.400 -0.204 116.37  86.74 111.51  87.07 110.81  87.08  46.38
   17 -0.796  0.313  0.861  98.15  94.09  42.85  94.70  12.33  95.51  43.00
   18  0.416  0.343  0.236 185.35  92.71 171.87  92.35 146.68  91.91  72.96
   19  0.766  0.558  0.100 210.82  71.15 208.00  70.12 184.47  68.87  44.80
   20 -0.450  0.608  0.980 135.67  62.23  79.70  62.67  38.19  63.83  42.85
   21  0.653  0.406 -0.718 169.30  87.70 194.13  87.33 203.89  86.36  48.14
   22  0.455 -1.074 -0.255 169.84 237.73 175.02 238.59 168.72 240.26  44.55
   23  0.173 -0.889 -0.340 141.48 219.28 145.91 219.26 146.07 220.08  46.88
   24  0.788 -0.461  0.306 220.92 175.65 210.97 176.62 178.79 177.63  45.90
   25  0.174 -1.110 -0.584 132.36 241.02 145.88 240.88 155.14 241.99  46.98
   26  0.162 -0.567  0.173 160.18 187.23 145.14 187.42 125.65 187.72  46.89
   27  0.258 -0.053 -0.604 139.01 133.64 154.38 133.63 163.67 133.71  45.92
   28  0.893 -0.587 -0.787 187.36 186.40 218.13 187.34 228.60 189.03  43.04
   29 -0.283  0.898  0.644 138.00  32.32  98.11  32.77  66.72  33.73  48.58
   30 -0.988 -0.119 -0.956  13.18 140.53  29.52 140.17  67.50 139.95  39.74
   31  0.169  0.001  0.221 162.64 128.16 145.90 128.16 124.50 128.16  48.15
   32 -0.653  0.845 -0.291  68.15  39.84  61.30  41.66  70.82  42.69  41.60
   33 -0.678 -0.900  0.457  93.85 224.84  56.68 223.26  39.14 221.50  45.10
   34 -0.462  0.718 -0.447  80.03  53.88  81.15  55.13  93.50  55.57  43.14
   35 -0.395  0.965  0.179 109.67  26.40  87.01  27.49  75.18  28.37  86.67
   36 -0.873  0.514  0.007  58.73  73.56  37.55  74.89  40.28  75.98  43.31
   37 -0.500  1.148  0.862 126.40   3.98  74.59   5.07  38.49   7.22  44.44
   38 -0.593  0.679 -0.833  54.05  58.48  68.73  60.03  96.70  60.47  34.92
   39  1.021  0.285  0.381 244.15  99.09 235.70  98.29 198.16  97.50  39.90
   40 -1.138 -1.019 -0.131  28.30 236.87  10.82 233.41  22.67 230.79  41.16
   41 -0.087 -0.812  0.033 132.31 212.97 119.24 212.61 108.43 212.59  48.28
   42 -0.215  0.443 -0.624  96.06  82.86 106.54  83.40 122.06  83.34  41.67
   43 -0.239  0.764 -0.263 107.29  49.03 103.71  49.83 106.22  50.05  49.81
   44 -0.312 -0.091  0.214 118.56 137.85  95.58 137.76  81.25 137.69  48.50
   45 -1.180  0.785 -0.612   7.16  45.86   8.77  48.72  37.97  50.48  80.03
   46  0.368  0.543 -0.351 158.11  72.85 166.04  72.70 164.06  71.88  48.81
   47 -0.493 -0.321  0.985 131.83 163.14  75.13 162.86  34.13 162.26  44.08
   48 -1.087 -0.428 -0.166  31.80 173.78  16.20 172.38  28.47 171.39  41.73
   49 -0.905 -0.087  0.019  55.89 137.53  34.39 137.28  36.88 137.16  43.44
   50 -0.331 -0.360 -0.530  89.01 165.33  94.68 164.79 108.27 164.71  42.46
   51 -0.586 -0.506 -0.605  62.87 180.59  68.92 179.49  88.76 179.09  44.14
   52  0.721  0.424  0.449 220.82  84.43 204.38  83.56 167.09  82.76  42.54
   53 -0.609 -0.639  0.491 102.01 196.79  63.65 195.92  44.22 194.67  45.08
   54  0.069 -0.746  0.984 184.04 208.09 135.72 208.74  85.22 208.37  44.16
   55  0.334 -0.066  0.439 186.07 135.08 163.50 135.22 131.31 135.20  61.06
   56 -0.016 -0.134 -0.040 135.94 142.19 126.64 142.15 117.76 142.18  49.20
   57 -0.414 -1.055 -0.209  93.31 238.34  85.68 236.78  88.58 236.06  45.28
   58  0.767 -0.548 -0.795 176.27 182.76 205.41 183.34 217.17 184.85  42.83
   59 -0.815 -1.156 -0.610  41.57 248.57  45.71 245.38  69.01 243.82  41.92
   60  0.025 -0.331 -0.938 106.05 161.66 130.78 161.39 154.95 161.70  42.58
   61  0.035 -0.661 -0.504 123.01 195.87 131.84 195.55 139.84 195.98  52.00
   62 -0.840  0.144 -0.451  44.80 113.15  42.62 113.55  60.84 113.79  40.05
   63  0.395 -0.928  0.954 212.29 226.64 170.81 228.19 116.61 228.71  48.82
   64 -0.278 -0.156 -0.942  78.73 144.11 100.47 143.87 128.31 143.90  37.69
   65  0.647 -0.122  0.281 207.52 140.87 196.06 141.07 166.49 141.29  43.32
   66 -0.770 -0.787  0.645  92.37 213.51  46.40 212.02  23.51 210.14  46.48
   67 -0.515 -1.113  0.403 107.12 247.05  74.02 245.57  55.67 243.93  45.45
   68 -1.098  0.870 -0.203  29.49  35.84  15.25  38.72  28.94  40.82  40.58
   69 -0.718  0.676  0.410  88.24  55.65  52.58  56.94  37.50  58.39  43.31
   70  0.494  0.255 -0.409 167.22 102.44 178.70 102.25 178.06 101.80  42.44
   71 -0.286 -0.942  0.817 144.72 229.53  97.57 229.12  59.64 227.88  44.55
   72 -0.406 -0.409  0.474 120.00 171.88  85.30 171.48  62.68 170.95  42.17
   73  0.155 -0.408  0.220 161.43 170.84 144.50 170.98 123.26 171.17  45.50
   74 -0.217  1.154  0.343 132.41   6.33 105.42   6.94  84.60   7.66  49.83
   75  0.686 -0.310 -0.413 183.85 159.51 198.31 159.89 195.99 160.60  42.94
   76 -0.372 -0.930  0.914 140.43 228.73  88.22 228.25  47.87 226.79  41.67
   77  0.874 -0.985 -0.513 196.35 226.85 217.16 228.42 217.04 231.24  41.26
   78  0.905 -0.614  0.020 219.68 190.64 222.19 191.96 200.50 193.64  44.76
   79  0.452  0.072 -0.324 167.02 121.02 174.42 120.83 171.33 120.71  51.22
   80 -0.162 -0.029 -0.109 120.00 131.30 111.50 131.29 107.22 131.29  37.14
   81 -1.071 -0.730  0.351  52.45 207.15  15.68 205.00   9.21 202.89  39.86
   82 -1.179 -0.633 -0.414  14.21 195.18   7.93 192.88  30.35 191.34  36.20
   83  1.170 -0.136 -0.650 216.20 141.67 246.62 141.97 249.87 142.54  38.57
   84 -0.974  0.276  0.406  63.80  98.40  25.66  99.11  15.45  99.92  42.79
   85  0.112  1.150 -0.416 133.26  10.62 139.72  10.86 143.43   9.92  49.56
   86  0.681  0.367 -0.142 193.94  90.96 198.53  90.39 185.60  89.60  48.36
   87  0.106  0.556 -0.147 143.34  70.74 138.84  70.99 133.33  70.64  87.81
   88  0.963  0.192 -0.732 195.41 109.24 225.35 108.91 233.20 108.31  38.32
   89  0.083 -0.045 -0.528 126.36 132.88 136.72 132.86 145.11 132.89  40.22
   90  0.799  0.847  0.302 221.75  41.26 212.12  39.35 179.94  37.40  43.15
   91  0.601 -0.095 -0.096 188.74 137.93 190.38 138.01 176.42 138.19  59.40
   92 -0.415 -0.282 -0.742  73.57 157.24  86.48 156.72 108.87 156.63  40.00
   93 -0.987 -0.243 -0.209  39.80 153.96  26.78 153.22  38.81 152.72  43.14
   94 -0.712 -0.849 -0.479  55.82 216.78  55.80 214.72  72.96 213.68  44.73
   95  0.595 -0.691 -0.879 158.27 197.08 187.90 197.51 204.29 199.16  41.52
   96 -1.049  0.146 -0.733  15.34 112.96  22.35 113.67  53.95 113.90  37.99
   97 -0.491 -0.813  0.865 127.33 216.30  75.58 215.55  39.20 214.04  41.00
   98  0.260 -0.299 -0.550 141.26 158.57 154.68 158.58 161.91 158.96  44.40
   99 -0.236 -1.097  0.165 123.80 243.60 103.64 242.75  89.94 242.17  55.33
  100  0.306 -0.447  0.642 191.68 175.32 160.79 175.81 120.72 176.07  41.45
  101  0.988  0.633 -0.103 222.13  64.23 230.28  62.82 213.11  61.07  43.71
  102  0.481  0.605  0.553 203.76  65.10 179.24  64.18 140.49  63.49  42.40
  103 -0.579  0.734 -0.385  71.52  51.76  69.08  53.24  80.88  53.93  39.62
  104  0.168  0.761  0.748 183.50  47.55 146.18  46.91 103.78  46.91  34.29
  105 -0.540  0.968  0.659 114.47  24.19  70.84  25.18  43.05  26.91  34.26
  106  0.891 -0.410 -0.243 208.15 169.63 219.76 170.39 208.89 171.52  40.50
  107  0.404 -0.606 -0.114 170.67 190.35 170.00 190.78 158.82 191.61  46.50
  108  0.332  0.532  0.662 194.87  72.26 163.56  71.71 122.43  71.27  43.22
  109 -0.552  0.666 -0.555  67.85  59.37  72.21  60.69  89.80  61.17  55.27
  110  0.376 -0.280 -0.445 155.48 156.70 166.57 156.82 168.53 157.25  45.89
  111  0.471  0.361  0.893 216.69  90.08 178.92  89.43 126.32  89.12  41.50
  112 -0.099  0.973  0.670 155.93  24.59 117.77  24.55  82.23  25.38  86.93
  113 -0.116 -0.425  0.249 137.92 172.93 116.09 172.77  97.50 172.66  34.58
  114 -0.626  0.068 -0.854  50.33 121.40  65.38 121.59  94.79 121.32  42.03
  115  0.060 -0.813  0.546 165.82 213.85 134.58 214.46 101.98 214.42  54.39
  116  0.390 -0.283  0.467 192.22 157.75 169.50 158.09 135.43 158.37  42.25
  117  0.231 -0.597  0.689 186.85 191.32 152.92 191.88 111.99 192.08  45.88
  118 -0.491 -1.216 -0.588  72.34 253.77  78.49 251.51  96.25 250.81  53.18
  119  0.967  0.014  0.512 236.29 126.93 235.90 126.89 178.43 126.63  42.72
  120  0.436 -0.382  0.201 185.73 167.87 173.87 167.92 149.84 168.77  48.37
  121  0.262  0.168  0.740 191.63 110.49 156.24 110.27 112.77 110.21  41.62
  122 -0.264 -0.917 -0.117 110.58 223.74 100.89 223.03  98.43 222.48  50.17
  123  1.053 -0.083 -0.951 194.71 136.44 233.53 136.57 249.30 136.99  39.92
  124 -0.845  0.295 -0.285  50.54  97.34  41.56  98.09  54.11  98.34  43.78
  125  0.485 -1.041 -0.931 146.86 232.19 176.82 232.61 196.11 234.36  88.14
  126 -0.988  0.410 -0.092  44.00  84.59  26.19  85.95  34.13  86.72  43.44
  127  0.509 -1.214 -0.613 160.94 250.64 179.81 251.34 186.79 253.28  46.15
  128 -0.339 -1.009  0.811 139.38 236.70  92.04 236.34  54.95 234.95  50.71
  129  0.666 -1.042  0.814 231.11 237.75 199.43 239.76 148.01 241.27  33.76
  130  0.469 -0.850  0.631 205.85 217.27 178.11 218.59 136.30 219.48  40.12
  131 -0.881 -0.837 -0.591  36.00 215.52  38.96 213.07  62.59 211.97  42.13
  132 -0.318 -0.797  0.134 115.04 212.14  95.15 211.36  83.86 210.82  41.08
  133  0.033  0.224  0.819 173.89 103.94 131.80 104.46  88.43 104.55  52.64
  134  0.292 -1.159 -0.331 152.40 246.62 158.25 246.88 156.44 248.37  42.35
  135 -0.647 -0.786 -0.082  76.41 211.08  61.36 209.49  63.24 208.55  44.95
  136 -0.180  0.197 -0.682  96.84 108.29 110.17 108.26 127.13 108.18  53.87
  137  0.066 -1.177 -0.402 143.46 248.47 127.19 248.46 152.13 249.50  82.82
  138  0.052  0.037  0.605 167.23 124.71 133.72 124.19  98.81 124.24  94.84
  139  0.587 -1.051  0.754 221.39 238.42 191.01 240.52 142.59 241.88  32.88
  140 -0.714 -0.237  0.253  82.65 153.45  53.44 152.98  44.17 152.67  39.33
  141 -0.274 -0.748 -0.919  79.98 204.33 100.84 203.18 127.76 203.33  41.75
  142  0.143 -1.150 -0.452 134.62 245.63 142.78 245.48 147.51 246.50  34.33
  143 -0.513 -0.680  0.687 118.27 201.40  73.57 200.79  44.54 199.62  42.83
  144  0.998  0.475 -0.922 191.23  81.60 228.17  80.62 243.20  79.02  32.90
  145  0.319  1.042 -0.155 161.53  21.51 161.21  20.71 152.39  19.48  31.10
  146  0.447  1.034 -0.684 152.87  24.23 173.44  23.78 183.83  22.07  36.18
  147 -0.971  0.432  0.229  57.44  81.81  26.70  83.16  22.80  84.08  44.20
  148  1.074 -0.762  0.107 237.73 205.63 240.06 207.65 213.39 210.01  29.86
  149  0.383 -0.797  0.598 197.10 211.82 168.81 212.86 129.85 213.73  45.33
  150  0.009 -0.767 -0.745 111.67 206.08 129.12 205.51 146.35 206.12  37.40
  151 -0.040  1.060 -0.145 129.76  18.51 124.11  18.99 119.44  18.70  29.17
  152 -1.093 -1.061  0.220  45.36 242.47  13.93 239.42  12.46 236.24  44.09
  153  0.301  0.598 -0.720 138.67  68.27 158.55  67.71 171.91  66.82  30.26
  154 -1.089 -0.061 -0.508  19.22 134.54  17.54 134.70  41.57 134.31  38.53
  155 -0.995  0.205 -0.230  38.55 106.24  25.79 107.85  39.20 107.32  43.73
  156  1.172 -0.977 -0.649 216.41 225.04 246.87 227.17 249.87 230.40  42.42
  157  0.821  0.404  0.102 215.65  86.95 213.74  86.15 189.59  85.39  41.17
  158  0.630 -1.185  0.348 208.95 250.89 194.34 253.30 162.42 254.24  43.08
  159 -0.599  0.846 -0.835  53.50  41.42  68.17  43.38  96.26  43.77  26.50
  160 -0.381  1.030 -0.384  90.25  21.06  89.10  23.82  98.58  23.06  47.80
  161 -0.595  0.077 -0.637  61.04 120.06  68.01 120.87  89.38 120.32  39.75
  162  0.324  0.904 -0.573 141.48  36.32 163.79  36.19 163.63  36.06  29.50
  163 -0.891 -0.204 -0.127  51.87 149.93  36.34 149.32 162.42 254.24  39.18
  164 -0.637 -0.655 -0.009  80.08 197.41  48.88 254.34  61.25 195.20  47.22
  165 -1.059 -1.088  0.512  59.68 246.41  16.19 243.42 162.42 254.24  40.03
  166 -1.097 -0.457  0.480  54.79 177.93  12.34 176.58 162.42 254.24  38.83
  167  0.359  0.390  0.487 190.14  87.68 166.31  86.97 131.60  86.56  43.10
  168 -0.840  0.057 -0.325  72.34 253.77  42.25 122.37  56.00 122.47  53.18
  169  0.551 -0.403 -0.318 175.69 169.12 184.74 169.50 162.42 254.24  46.91
  170 -0.181  0.001 -0.117 117.95 128.15 109.53 128.16 105.82 128.17  35.75
  171 -0.705  0.284 -0.274  72.34 253.77  55.93  99.10  65.69  99.49  53.18
  172  0.383  1.007 -0.846 141.06  27.18 166.70  27.05 183.74  25.46  40.06
  173  0.488 -1.020 -0.973  72.34 253.77 177.01 229.97 197.79 232.48  53.18
  174  0.432 -0.927  0.974  72.34 253.77 174.83 228.93 119.31 228.00  53.18
  175 -0.145  0.546  0.479  72.34 253.77 112.93  70.51  85.82  70.85  53.18
  176  0.673  0.820  0.525  72.34 253.77 199.56  41.43 159.59  40.05  53.18
  177 -0.880  0.583  0.898  91.63  64.43  33.69  65.64 162.42 254.24  42.88
  178 -0.436  0.183 -0.096  72.34 253.77  83.24 109.35  82.38 109.50  53.18
  179  0.459 -0.379 -0.923 144.76 166.07  48.88 254.34 193.47 166.92  41.42
  180 -0.482 -0.215 -0.684  69.59 150.42  79.62 149.96 100.87 149.86  53.75
  181 -1.190 -0.872  0.366  41.50 222.35   3.00 220.49 162.42 254.24  35.83
  182 -0.164  0.501  0.894  72.34 253.77 110.66  74.21  67.52  75.07  53.18
  183 -1.195 -0.797 -0.683  72.34 253.77   7.51 208.78  39.45 207.02  53.18
  184  0.324  0.567 -0.565  72.34 253.77 161.12  70.77 168.14  69.96  53.18
  185 -1.278  0.119 -0.329   7.77 115.65  48.88 254.34  18.69 116.35  49.43
