    1 -0.886  0.352 -0.633  34.02  91.62  38.59  92.67  63.87  93.19  40.71
    2 -0.731  0.521 -0.338  59.20  73.73  53.49  74.97  65.91  75.69  45.13
    3  0.400 -0.954  0.649 200.42 228.37 170.84 229.75 129.15 230.47  49.56
    4 -0.010  1.150  0.963 175.92   4.97 127.18   4.36  78.75   5.05  44.63
    5 -0.023  0.796  0.626 161.41  43.86 125.81  43.69  91.21  43.96  57.72
    6  0.754  0.944  0.717 234.60  29.86 208.68  27.58 159.86  25.87  43.43
    7  0.315  0.539 -0.314 155.05  73.26 160.52  73.08 158.11  72.39  48.63
    8 -0.602  0.580 -0.165  77.50  67.36  66.23  68.49  70.42  69.19  47.35
    9 -0.620  0.725  0.339  94.82  50.84  63.17  52.05  49.05  53.28  45.18
   10 -0.543  0.117  0.967 126.37 115.50  69.71 115.63  30.39 115.87  43.16
   11 -1.069  0.288 -0.434  23.94  97.94  19.28  98.89  40.57  99.51  38.73
   12  0.317  0.640 -0.688 141.19  63.67 160.33  63.63 172.10  62.65  43.59
   13 -0.866  0.713  0.340  71.61  51.65  37.26  53.34  27.40  55.01  45.00
   14 -0.638 -0.049  0.146  85.77 133.43  61.74 133.34  55.11 133.26  43.45
   15 -0.506  0.012 -0.028  91.54 127.00  75.87 127.02  73.55 127.03  47.73
   16  0.161 -0.273  0.073 156.22 156.61 145.04 156.66 129.50 156.83  47.73
   17  0.348  0.483 -0.501 150.90  79.27 163.66  79.13 168.03  78.41  44.93
   18 -0.855  0.932 -0.197  52.75  29.91  40.30  32.38  49.65  34.06  45.76
   19 -0.988 -0.205 -0.367  34.02 149.81  27.26 149.17  44.91 148.77  87.35
   20 -0.475  0.767  0.416 111.31  46.48  78.21  47.42  58.75  48.47  45.87
   21  1.117  0.042  0.279 248.32 123.97 245.41 123.85 211.25 123.74  41.89
   22 -0.942  0.338  0.142  56.97  92.15  30.05  93.05  28.77  93.85  41.41
   23  0.047  0.932  0.445 160.53  30.17 133.20  29.92 104.62  29.93  51.70
   24  0.473  0.881  0.472 199.86  36.39 178.27  35.15 142.91  34.15  48.72
   25 -1.079  0.529 -0.835   8.85  73.20  19.93  75.06  55.12  76.04  37.26
   26 -0.247 -0.638  0.247 125.92 195.56 102.43 195.11  85.82 194.71  48.97
   27  0.151 -0.150  0.345 165.95 143.94 144.17 143.99 118.11 144.05  90.94
   28  0.416  0.552  0.554 198.00  70.53 172.33  69.79 134.38  69.28  41.64
   29  0.161 -0.664  0.463 171.38 197.97 145.25 198.39 114.24 198.56  49.54
   30  0.639  0.473  0.847 229.70  78.61 196.78  77.58 143.88  76.90  42.50
   31  0.620  1.157 -0.795 163.70  12.76 190.65  11.92 203.55   9.20  38.38
   32 -0.637 -0.805  0.528 100.41 214.75  60.81 213.50  39.86 211.91  43.27
   33 -0.688 -0.774  0.505  94.82 211.50  55.43 210.22  36.41 208.54  44.80
   34 -0.350  0.264 -0.262  97.20 100.76  92.27 101.14  96.40 101.24  44.60
   35  0.112  0.467  0.947 186.36  78.37 140.28  77.97  90.64  78.08  42.92
   36  1.081  0.972 -0.455 216.28  31.33 238.46  29.26 234.47  25.96  38.77
   37 -0.289  0.419  0.713 140.17  83.42  97.46  83.60  63.55  84.09  43.79
   38 -0.010 -0.097  0.849 171.22 138.58 127.15 138.62  83.34 138.56  67.08
   39  0.246  1.149 -0.166 154.74  10.16 153.67   9.80 146.23   8.66  44.96
   40 -0.046  0.108 -0.468 117.03 117.22 123.59 117.29 131.27 117.24  42.54
   41  0.261  0.314  0.902 198.09  94.96 156.29  94.56 106.26  94.49  42.75
   42  0.711 -0.194 -0.039 200.49 147.99 201.83 148.30 184.47 148.72  45.40
   43 -0.763  0.373  0.901 102.95  87.49  46.30  88.16  13.65  89.14  37.87
   44 -0.065  1.047  0.127 137.96  18.81 121.47  19.17 106.78  19.22  49.19
   45 -0.274  0.204 -0.375  99.82 107.15 100.22 107.40 107.38 107.44  50.10
   46  0.565  1.037 -0.119 184.69  22.45 186.64  21.26 173.80  19.34  69.86
   47 -0.227  0.525 -0.046 116.52  73.42 104.76  73.86  98.99  74.04  50.57
   48 -0.707 -0.271  0.026  74.80 156.96  54.89 156.40  53.81 155.95  41.00
   49 -0.840  1.055 -0.475  44.08  17.95  42.76  20.86  61.69  22.46  44.00
   50  0.964  0.703 -0.602 200.57  58.26 225.97  57.03 228.72  54.82  40.35
   51 -0.845 -0.552  0.302  72.38 187.40  39.39 186.25  30.96 184.88  45.01
   52 -0.291 -0.475  0.394 127.45 178.52  97.58 178.28  76.01 177.87  50.37
   53  0.734  0.031  0.933 241.58 124.99 207.26 124.89 149.57 124.85  50.71
   54 -0.660  1.034  0.632 102.35  16.65  58.09  18.27  33.74  20.42  48.44
   55  0.212 -0.682 -0.015 157.31 198.75 150.32 198.99 137.38 199.53  50.07
   56 -0.515  0.348  0.591 114.33  90.84  73.61  91.25  48.26  91.86  61.57
   57  0.596 -0.272  0.861 226.47 156.84 192.20 157.43 139.28 157.75  42.55
   58 -0.890 -0.715 -0.902  24.20 202.14  39.11 199.93  73.74 199.00  38.70
   59  0.422 -1.125 -0.291 165.53 242.92 171.57 243.64 167.01 245.37  49.72
   60  0.499  0.238  0.088 186.92 103.82 180.20 103.52 160.03 103.17  50.72
   61  1.053  0.065 -0.260 221.42 121.78 236.38 121.62 224.88 121.42  40.94
   62  0.433  0.412 -0.399 162.26  86.47 172.50  86.23 172.08  85.56  42.50
   63 -0.128  0.099  0.192 134.65 117.87 114.88 117.91  98.64 117.94  44.07
   64  0.817 -0.459  0.291 222.89 175.41 214.00 176.40 182.18 177.44  45.38
   65  0.175 -0.541  0.284 165.71 184.73 146.62 184.99 122.61 185.24  46.19
   66  0.931 -0.376  0.609 245.60 167.15 227.10 168.19 180.92 169.09  41.97
   67  0.676  0.803  0.343 212.58  45.30 199.29  43.81 166.81  42.41  43.74
   68 -0.727  0.862 -0.904  39.23  39.54  55.42  41.86  87.78  42.66  37.84
   69 -0.354 -1.086 -0.290  95.83 241.06  91.97 239.60  97.03 239.08  50.20
   70  0.609 -0.524 -0.340 179.94 181.31 190.62 181.87 186.16 182.96  46.76
   71 -0.980  0.241 -0.872  16.77 103.27  30.04 104.11  64.96 104.39  38.84
   72 -0.799  0.429  0.492  83.66  81.95  43.75  82.89  27.08  83.83  46.17
   73  0.501 -0.048 -0.160 177.40 133.25 179.93 133.19 169.52 133.28  43.60
   74  0.183  0.941  0.923 191.86  28.03 147.94  27.10  98.12  27.04  47.81
   75  1.011 -0.832 -0.299 216.33 211.79 231.91 213.54 222.24 216.14  41.67
   76  0.153 -1.129 -0.158 146.70 244.57 144.04 244.62 137.44 245.47  49.86
   77 -0.356 -0.355  0.537 127.00 166.11  90.57 165.82  64.54 165.44  46.48
   78 -0.484  0.152  0.281 105.20 112.13  77.49 112.32  63.31 112.60  47.52
   79  0.152  0.962 -0.319 140.46  29.62 143.80  29.74 143.43  28.90  47.52
   80  0.544 -0.612  0.244 197.04 191.48 185.20 192.34 158.24 193.35  45.93
   81 -1.139  0.929 -0.338  20.80  29.92  11.69  33.16  30.78  35.37  40.11
   82  0.873  0.318  0.518 236.86  95.45 220.65  94.58 178.86  93.87  64.45
   83 -0.045  0.556  0.848 168.08  68.83 123.44  68.61  80.22  68.95  40.25
   84 -0.095  1.104  0.127 135.17  12.77 118.42  13.29 103.98  13.33  49.16
   85  0.211  0.551  0.348 171.52  70.73 150.46  70.32 123.51  70.02  61.28
   86  0.852  0.659 -0.503 194.74  62.26 214.94  61.26 214.67  59.40  35.00
   87  0.839  0.319 -0.738 184.59  96.51 212.84  96.08 221.89  95.17  34.81
   88  0.559 -0.238  0.506 208.81 153.07 187.43 153.47 149.67 153.80  45.45
   89 -0.640  0.396  0.280  90.67  86.08  61.18  86.78  49.63  87.49  48.42
   90  0.648  0.568  0.384 211.74  69.44 196.51  68.43 162.61  67.44  31.00
   91 -1.062 -0.216 -0.399  25.83 151.06  19.86 150.34  39.78 149.88  41.21
   92 -0.757 -1.083 -0.501  50.93 241.22  51.29 238.47  69.85 237.05  42.90
   93 -0.263  1.083  0.261 125.03  14.04 100.72  14.84  83.76  15.57  49.75
   94 -0.217  0.180 -0.061 116.85 109.51 105.78 109.64 100.45 109.76  52.27
   95  0.307 -0.702 -0.418 150.44 199.74 159.62 199.91 161.24 200.88  54.89
   96  0.017  0.830  0.419 156.74  40.91 130.04  40.72 102.87  40.73  54.00
   97  0.685  0.988  0.708 228.19  25.07 201.35  22.86 153.66  21.29  32.50
   98  0.476  0.765  0.600 205.27  48.21 178.82  47.02 138.23  46.19  45.25
   99 -0.543 -0.070 -0.631  65.86 135.47  73.34 135.33  93.51 135.28  40.75
  100  0.778 -0.741 -0.788 177.52 201.99 206.58 202.83 218.00 204.86  38.24
  101 -0.010 -0.649 -0.703 111.61 194.25 127.29 193.78 143.20 194.23  44.93
  102  0.740  0.893  0.457 222.86  35.90 206.42  34.02 168.57  32.27  45.43
  103 -0.462 -0.409 -0.325  84.52 170.84  80.97 170.17  88.91 169.86  46.14
  104  0.963  0.364 -0.252 214.04  91.59 227.07  91.00 216.07  89.79  45.02
  105 -0.198 -1.039 -0.374 106.89 235.54 108.04 234.48 114.05 234.48  53.27
  106 -1.167  1.018 -0.434  14.69  20.77   9.25  24.44  32.12  26.85  35.77
  107 -0.634 -0.984  0.791 110.92 234.95  60.44 233.59  29.50 231.44  37.00
  108 -0.169 -0.430 -0.816  93.18 171.98 111.32 171.46 133.27 171.62  38.42
  109 -0.495 -1.124 -0.102  89.89 246.16  77.16 244.35  77.32 243.24  44.19
  110  0.785 -0.694 -0.381 193.63 198.12 208.44 199.19 203.94 200.91  34.57
  111  0.007 -0.807 -0.256 129.81 211.47 128.97 211.15 127.96 211.50  45.71
  112  0.996  0.021 -0.551 205.16 126.12 229.45 126.09 229.90 126.01  41.20
  113 -0.427 -0.845 -0.741  72.84 215.01  85.11 213.46 107.97 213.11  43.82
  114  0.348  0.400 -0.369 155.91  87.57 163.91  87.34 163.17  86.75  39.45
  115  0.776 -1.143 -0.367 193.54 243.44 207.58 245.11 202.62 248.02  44.27
  116 -1.122  0.482 -0.283  24.31  77.15  13.18  78.83  30.13  80.01  40.83
  117 -0.984 -0.505  0.194  54.92 182.41  25.49 181.00  23.12 179.75  41.12
  118  0.290 -0.752  0.985 204.14 208.28 159.60 209.45 105.65 209.42  41.02
  119  0.401 -0.893  0.720 203.47 222.20 171.03 223.69 126.56 224.23  40.33
  120 -0.732 -1.014 -0.782  43.07 233.00  54.58 230.33  82.71 229.30  43.31
  121  0.724 -0.024 -0.448 185.77 130.68 202.03 130.68 200.76 130.74  46.92
  122  0.309 -0.973  0.541 187.90 230.32 160.99 231.34 124.88 232.04  47.29
  123  0.211 -0.940 -0.016 157.43 225.46 150.09 225.66 137.44 226.33  76.78
  124 -0.751  0.284 -0.719  43.55  98.86  52.50  99.56  78.79  99.88  50.77
  125 -0.853 -0.942  0.824  91.32 231.12  36.85 229.14   8.82 226.51  48.30
  126 -0.527 -0.029  0.640 115.08 131.36  72.25 131.33  45.18 131.27  33.00
  127  0.648 -1.108 -0.368 182.32 240.32 194.49 241.59 190.65 244.02  42.42
  128  0.026  0.289 -0.938 106.06  99.13 130.86  99.28 154.97  99.13  45.33
  129 -0.371  0.249  0.083 108.28 102.08  89.57 102.43  81.22 102.54  56.00
  130  0.463  0.341 -0.757 151.22  94.22 175.01  93.85 187.76  93.25  62.11
  131  0.570 -0.837  0.080 192.91 214.22 187.57 215.33 166.85 216.76  42.21
  132  0.700  0.599 -0.241 191.72  67.56 200.21  66.73 190.94  65.40  31.14
  133  0.658  0.144 -0.454 179.76 113.73 195.36 113.77 194.84 113.25  44.33
  134  0.046  0.398 -0.873 110.32  88.14 132.88  88.27 154.52  87.90  40.85
  135 -0.230 -0.942  0.085 121.25 226.99 104.31 226.27  93.58 225.83  41.50
  136  0.705 -0.904  0.828 234.79 222.96 203.78 225.12 150.85 226.53  33.67
  137  0.555  0.918  0.916 225.19  31.27 187.93  29.64 133.27  28.58  49.27
  138 -0.598 -1.185  0.096  94.48 253.43  62.32 251.58  66.70 250.27  55.52
  139 -1.074  0.428 -0.166  33.25  82.69  17.57  84.07  29.75  85.27  43.00
  140 -0.546 -1.063 -0.510  70.08 238.48  72.75 236.36  88.52 235.58  43.25
  141 -1.183 -1.162  0.004  28.97 252.84   5.46 248.83  13.46 245.55  38.00
  142  0.683 -0.995 -0.955 163.11 226.94 196.58 227.70 215.07 230.29  31.50
  143  0.132  0.896  0.227 159.67  34.90 142.13  34.40 120.85  34.00  50.62
  144  0.620  0.025  0.358 208.62 125.78 193.31 125.73 161.44 125.37  50.35
  145 -1.074  0.143 -0.935   5.77 113.37  20.89 113.94  59.34 114.26  38.60
  146 -0.195 -0.389 -0.829  90.38 167.75 108.63 167.35 131.44 167.40  42.00
  147  0.802  0.134  0.190 217.45 114.59 212.01 114.19 184.45 113.88  47.50
  148 -0.712 -0.969 -0.869  41.89 227.95  56.88 225.41  87.76 224.53  55.75
  149  0.678  0.122  0.277 210.36 115.56 199.28 115.38 169.79 115.53  47.43
  150  0.433  0.304 -0.663 152.28  97.72 172.02  97.50 181.77  96.92  49.31
  151 -0.663 -0.487  1.005 116.30 181.31  56.84 180.67  17.99 179.79  40.44
  152  0.128 -0.690  0.254 160.30 200.38 141.61 200.55 119.47 200.77  49.71
  153  0.886 -0.338 -0.812 185.80 161.81 217.33 162.28 228.84 163.32  36.33
  154  0.893  0.902  0.385 233.33  35.62 222.26  33.14 185.83  31.18  57.48
  155 -0.845 -0.840 -0.882  29.05 215.14  43.60 212.35  76.80 211.33  33.37
  156  0.619  0.163  0.698 221.81 111.23 194.29 111.00 147.86 110.65  37.30
  157 -0.276  0.509 -0.814  83.58  76.38 100.54  77.12 123.69  77.05  25.50
  158  0.232 -1.182  0.117 164.43 250.88 152.45 251.44 134.17 252.35  44.25
  159  0.479 -0.446  0.749 211.48 175.16 179.43 175.91 132.70 176.37  35.14
  160 -0.163 -0.333  0.851 157.10 164.06 110.85 163.71  69.17 163.74  47.40
  161 -0.764 -0.904  0.613  91.64 226.24  47.10 224.49  25.26 221.81  45.80
  162 -0.067  0.535 -0.203 125.13  72.86 121.38  73.22 119.35  73.08  45.00
  163  0.615  0.942 -0.408 177.86  32.88 191.02  32.33 189.04  30.20  51.59
  164 -0.484  0.204  0.026 122.86 106.80  63.17 107.01  97.74 107.40  42.33
  165 -0.940 -1.185 -0.539  24.85 252.43  36.90 248.71  48.54 246.46  35.30
  166  0.362  0.250  0.271 181.64 102.39 166.36 102.17 140.01 101.59  41.29
  167  0.339 -0.570  0.256 179.29 187.43 163.73 187.91 138.75 188.46  31.86
  168 -1.098 -0.121 -0.308  22.70 140.63  17.41 140.75  30.49 140.77  32.01
  169  0.155 -0.446  0.543 174.19 175.54 144.61 175.33 110.75 175.42  53.56
  170  0.976  0.359  0.511 245.55  91.29 231.54  90.24 189.01  89.45  37.91
  171  0.751  1.066 -0.411 189.40  21.04 205.10  19.38 201.58  16.74  24.73
  172  0.440 -0.800  0.474 196.99 211.72 174.77 212.79 139.76 213.66  45.25
  173  0.418  0.982  0.495 195.79  25.74 172.53  24.39 136.79  23.42  25.00
  174  0.061  0.926 -0.897 110.68  34.80 134.39  35.51 156.51  34.55  29.25
  175 -0.222  0.639 -0.516  99.40  62.40 105.65  63.14 117.36  63.52  42.38
  176  0.461  0.632  0.619 204.64  61.83 177.31  61.26 136.06  60.62  51.64
  177 -1.128 -1.099 -0.069  46.91 245.25   3.38 241.82  34.24 239.39  35.38
  178  0.866 -0.094  0.905 250.48 137.80 222.42 138.54 161.53 138.72  25.29
  179  0.635 -1.173  0.585 218.83 250.56 195.67 252.87 153.66 254.26  41.62
  180  0.069  0.320 -0.921 110.50  95.97 135.16  96.29 158.21  95.87  55.00
  181 -0.809  0.080 -0.761  36.70 120.35  46.72 119.97  75.42 120.07  48.77
  182 -0.237  0.800  0.799 148.43  42.44 102.88  42.54  64.73  43.47  37.33
  183 -0.782 -1.223 -0.930  32.90 253.65  50.24 251.27  83.61 249.32  61.50
  184 -0.090  0.739  0.106 139.81  50.73 116.04  51.12 110.27  51.89  46.05
  185 -0.720 -0.735 -0.104  68.58 205.45  54.02 204.90  57.56 202.67  46.19
  186 -0.722 -0.797 -0.106  68.53 212.38 195.67 252.87  57.62 209.35  40.50
  187 -1.215  0.232  0.161  31.52 103.21 195.67 252.87   4.56 104.72  40.60
  188 -1.211 -0.399 -0.224  17.93 170.71 195.67 252.87  20.24 168.21  40.33
  189 -0.159 -0.328  0.337 137.42 162.84 195.67 252.87  90.22 162.54  47.88
  190  1.035  0.496 -0.414 214.15  78.72 233.75  77.70 228.96  75.74  34.58
  191  0.367  0.959 -0.884 138.45  32.16 164.99  32.06 183.83  30.47  35.00
  192  0.633  0.533 -0.074 192.33  73.88 193.72  73.23 178.50  72.10  43.65
  193 -0.141  0.624 -0.331 113.59  63.85 113.84  64.37 153.66 254.26  41.07
  194  0.378  0.759 -0.686 146.09  51.25 166.65  52.53 177.04  49.82  38.91
  195  0.317 -0.783  0.984 206.55 211.56 162.48 212.65 153.66 254.26  69.91
  196 -0.025 -1.084 -0.287 126.00 240.31 125.61 239.37 126.40 239.44  51.84
  197  0.630  0.652  0.236  32.90 253.65 194.27  60.05 166.61  58.90  61.50
  198  0.501  0.023  0.034 184.93 125.20 180.32 126.50 153.66 254.26  46.25
  199  0.711  0.037 -0.742 173.34 124.54 199.91 124.51 153.66 254.26  41.26
  200  0.539  0.115 -0.100 183.05 116.51 183.97 116.30 153.66 254.26  55.97
  201  0.373  0.333 -0.574  32.90 253.65 166.07  94.55 172.95  93.91  61.50
  202 -1.095 -0.104 -0.606  15.29 139.14 195.67 252.87  44.99 138.56  35.89
  203  0.569  0.360  0.635  32.90 253.65 188.81  89.99 145.60  89.51  61.50
  204 -0.303 -1.057  0.049 113.25 239.08  96.71 238.04  88.44 237.68  38.08
  205  1.158 -0.330  0.152 246.66 161.03 249.05 164.08 219.81 163.04  36.67
  206 -0.568 -0.561 -0.050  85.31 187.14  69.30 186.15  69.27 185.94  44.24
  207  0.166  0.992  0.780  32.90 253.65 146.03  22.05 102.25  22.17  61.50
  208 -1.108 -1.195 -0.730   9.93 253.09  16.54 248.80 153.66 254.26  52.00
  209 -0.623 -1.183 -0.184  74.98 253.50 195.67 252.87  69.26 247.64  99.95
  210  0.200 -0.087  0.200 164.81 138.24 149.15 136.93 128.32 136.99  22.62
  211 -0.858  0.070 -0.627  32.90 253.65  41.42 121.13  66.09 121.22  61.50
  212 -0.282  0.568  0.319 125.43  68.24  98.65  68.65 153.66 254.26  46.00
  213 -0.158  0.228  0.873 158.38 103.70 111.52 103.63  68.66 104.24  54.12
  214  0.081  0.908  0.805  32.90 253.65 137.00  31.03  93.50  31.17  61.50
  215 -0.838  0.786  0.970  98.43  42.04  37.90  43.52 153.66 254.26  42.35
  216 -1.214 -0.871  0.090  29.09 222.06 195.67 252.87   7.50 216.13  54.14
  217 -1.273 -0.606 -0.321   8.54 192.61 195.67 252.87  18.75 188.63  37.43
