    1 -0.695  0.567 -0.253  65.61  68.74  56.90  70.02  65.72  70.79  45.96
    2 -0.488  0.155  0.971 131.77 111.45  75.69 111.58  35.19 111.87  40.30
    3 -0.936  0.185  0.758  80.80 108.10  28.28 108.52   4.39 109.06  41.29
    4 -0.118  0.629 -0.093 124.65  62.84 116.06  63.23 110.55  63.25  46.43
    5 -0.962 -0.211 -0.304  38.65 150.49  29.66 149.86  44.60 149.43  83.62
    6 -0.401  0.872  0.409 117.88  35.46  85.97  36.34  65.54  37.40  46.33
    7  0.234 -0.056  0.115 164.39 134.11 152.64 134.13 134.54 134.18  48.01
    8  0.242 -0.514  0.086 163.95 181.47 153.41 181.75 136.32 182.10  52.95
    9 -0.827  0.730  0.405  77.73  49.69  41.11  51.31  28.19  52.99  43.53
   10 -0.141  0.695 -0.545 105.62  56.98 113.91  57.66 125.56  57.48  46.42
   11 -0.415  0.245  0.354 114.45 102.27  84.63 102.54  66.61 102.84  46.14
   12 -0.188 -0.541  0.296 133.14 185.34 108.51 185.08  89.15 184.79  49.01
   13 -0.789 -0.511  0.314  77.86 182.96  45.39 181.85  35.15 180.78  46.59
   14  0.360  0.776  0.212 179.46  47.81 165.88  47.11 142.34  46.31  49.07
   15  0.595  0.177 -0.257 181.90 110.30 189.37 110.09 181.82 109.75  46.33
   16  0.349 -0.064 -0.900 136.03 134.68 163.23 134.68 182.71 134.78  43.15
   17 -0.718  0.846 -0.815  43.18  41.06  56.09  43.27  85.20  44.07  41.00
   18 -0.637 -0.212  0.076  83.19 150.67  61.97 150.29  57.90 149.95  46.88
   19  0.624  0.549 -0.050 192.55  72.16 192.89  71.41 176.82  70.35  45.74
   20  0.031  0.241 -0.441 125.03 103.59 131.35 103.72 137.18 103.57  43.71
   21 -1.170  0.247  0.176  36.32 101.59   6.05 102.42   7.77 103.15  41.30
   22 -1.184 -0.408 -0.192  21.63 171.76   6.34 170.30  21.20 169.23  40.88
   23  0.160  0.853  0.930 190.13  37.32 145.46  36.49  95.78  36.55  41.91
   24  0.268  0.416  0.874 197.61  84.08 157.05  83.56 108.07  83.44  42.95
   25  1.101  0.825 -0.188 228.32  45.28 241.60  43.31 226.66  40.54  42.52
   26  0.790  0.115 -0.159 202.69 116.60 209.69 116.41 196.37 116.13  44.23
   27  0.575  0.703 -0.420 173.61  57.14 187.06  56.51 185.61  55.10  43.76
   28  0.037 -0.028 -0.835 109.57 131.15 132.76 131.13 150.94 131.14  43.94
   29 -1.052  0.267 -0.385  27.35 100.07  20.82 100.97  40.13 101.50  41.10
   30  0.069  1.166  0.000 145.37   7.27 135.26   7.31 123.93   6.89  60.33
   31  1.136  0.495  0.276 249.79  77.85 247.35  76.33 213.12  74.83  41.83
   32 -0.714  0.394  0.906 107.80  85.22  51.52  85.87  17.77  86.86  45.27
   33 -0.736  0.282 -0.629  48.07  98.96  53.75  99.67  76.63 100.00  44.44
   34 -0.586  0.450  0.349  98.37  80.22  66.70  80.92  51.62  81.66  42.23
   35 -0.901  0.373  0.193  62.72  88.35  34.14  89.30  30.31  90.18  43.36
   36  0.419 -0.799  0.717 204.78 212.34 172.93 213.55 128.24 214.14  46.32
   37  1.202  0.956 -0.349 230.67  32.79 251.24  30.39 242.13  26.88  35.64
   38 -0.186  0.711  0.281 132.78  53.29 108.72  53.66  89.88  54.02  42.85
   39 -1.099  0.577 -0.776   9.02  68.04  17.66  70.18  51.22  71.27  39.91
   40 -0.811  0.970 -0.099  60.47  25.70  44.49  28.12  49.60  29.82  45.72
   41  0.869 -0.118  0.214 224.24 140.32 219.08 140.59 189.93 140.88  44.90
   42 -0.872 -0.741 -0.879  26.66 204.85  40.86 202.60  74.44 201.65  39.41
   43 -0.570 -0.004  0.225  95.12 128.71  68.66 128.70  57.98 128.70  46.16
   44 -0.748  0.480  0.558  91.07  76.53  48.99  77.40  28.97  78.48  47.48
   45 -0.933 -0.507 -0.834  22.54 180.74  34.58 179.18  67.49 178.37  39.00
   46 -0.144  0.342 -0.004 125.72  92.59 113.37  92.80 104.82  92.81  47.12
   47  0.414 -0.722  0.785 207.20 204.40 172.59 205.54 125.18 206.09  43.23
   48  0.629  0.036  0.416 211.39 124.55 194.61 124.49 159.73 124.44  43.48
   49  0.411  0.910  0.970 214.40  31.81 172.54  30.25 117.48  29.67  50.16
   50 -0.442  0.084  0.065 101.11 119.29  82.22 119.57  75.71 119.54  48.27
   51  0.209  1.076  0.850 191.46  14.05 150.64  12.93 103.59  12.74  47.24
   52  0.210 -0.380  0.347 171.27 167.92 150.28 168.15 123.35 168.35  44.21
   53 -0.025  0.691 -0.428 120.51  57.41 125.77  57.82 131.63  57.50  47.25
   54  0.881  0.504  0.095 220.67  76.93 220.02  75.85 195.57  74.56  43.11
   55 -0.118 -0.221  0.892 163.10 151.89 115.63 151.94  71.82 151.78  44.31
   56 -0.915 -0.621 -0.905  21.68 192.48  36.56 190.52  71.70 189.68  38.20
   57  0.719  1.080  0.326 215.80  16.89 203.84  14.78 171.53  12.67  42.43
   58  0.714  0.339  0.232 211.52  93.44 202.99  92.81 174.69  92.19  47.03
   59 -0.016 -1.037 -0.188 130.34 235.42 126.59 234.98 123.23 235.32  54.34
   60  0.453  0.792 -0.345 166.09  47.72 174.56  47.15 171.84  45.88  52.19
   61  0.588 -0.374  0.284 202.52 166.82 189.90 167.53 160.88 168.00  47.37
   62 -0.977 -0.106 -0.788  19.93 139.19  30.07 138.94  61.96 138.74  43.24
   63  0.940 -1.166 -0.729 193.56 244.00 223.07 245.94 230.67 249.48  42.70
   64  0.166  0.658  0.807 185.65  58.36 146.02  57.78 101.24  57.78  44.31
   65 -0.835  1.050 -0.380  47.92  18.11  42.91  20.97  58.41  22.62  44.66
   66 -1.123  0.892 -0.292  23.99  33.78  13.17  36.83  30.38  38.96  40.56
   67 -0.350 -1.062 -0.225  98.62 238.79  92.29 237.40  94.85 236.86  45.56
   68  0.126  0.862 -0.062 147.89  39.09 141.24  39.05 131.35  38.51  45.85
   69 -0.813 -1.124 -0.955  29.46 243.96  46.93 240.67  82.20 239.48  39.59
   70  0.151  0.976  0.257 162.52  26.32 144.08  26.04 121.38  25.54  59.77
   71 -0.445  0.488  0.620 122.03  75.87  81.00  76.32  53.31  77.11  49.06
   72  0.616  0.305 -0.112 189.43  97.09 191.84  96.69 178.45  96.16  50.32
   73 -0.106  0.419  0.832 161.96  83.35 116.83  83.36  75.45  83.68  52.91
   74 -0.782 -1.030 -0.481  49.28 235.76  48.67 233.08  66.91 231.66  44.10
   75  0.481 -1.153 -0.904 147.51 243.44 176.47 243.73 194.72 246.11  51.51
   76 -0.639 -0.730  0.500  99.15 206.61  60.73 205.59  40.85 204.02  45.28
   77 -0.290 -0.259  0.609 135.90 155.89  97.42 155.75  67.58 155.53  47.41
   78  0.657  0.407 -0.223 188.62  86.94 195.74  86.36 186.30  85.56  56.19
   79 -0.165 -0.616 -0.889  90.87 190.70 111.75 190.00 136.24 190.24  40.96
   80  0.016  0.731  0.736 169.22  50.57 129.99  50.23  90.33  50.47  46.25
   81  0.028  0.106  0.803 172.90 116.89 131.33 116.83  88.71 116.93  67.57
   82 -0.520 -0.049 -0.519  72.05 133.31  75.41 133.21  91.23 133.18  36.14
   83 -0.563  0.794  0.374 101.47  43.62  69.01  44.67  52.60  45.92  55.12
   84  0.030 -0.689 -0.159 135.60 199.41 131.39 199.23 126.40 199.52  46.19
   85 -0.829 -0.923  0.798  92.65 228.91  39.52 227.09  12.01 224.60  42.33
   86  0.476  1.070 -0.563 159.91  20.28 176.61  19.67 181.97  17.69  39.45
   87  0.382  0.434  0.120 185.35  83.42 163.72  82.98 155.65  82.42  47.38
   88  0.739 -0.964 -0.243 195.04 225.86 204.13 227.28 194.54 229.56  42.62
   89  0.674  0.724  0.568 221.50  52.91 199.73  51.45 158.05  50.23  34.00
   90  0.172  1.079  0.325 167.08  15.38 146.28  14.94 120.64  14.36  55.90
   91 -0.192 -1.003 -0.277 111.10 232.12 108.61 231.15 110.91 231.09  58.30
   92 -0.082  0.897  0.991 170.36  31.78 119.38  31.44  70.97  32.31  47.74
   93  0.973 -0.566 -0.285 213.58 185.21 228.05 186.29 218.20 187.99  49.52
   94  0.936  0.730  0.549 243.75  52.92 227.36  51.01 183.84  49.11  41.91
   95  0.802  0.375  0.812 242.61  89.05 214.11  88.16 160.75  87.32  43.60
   96 -0.615 -0.474  1.005 121.07 179.92  61.85 179.36  22.44 178.33  42.70
   97  0.148  0.491 -0.888 118.71  78.80 143.06  78.97 164.06  78.37  51.42
   98  0.544  0.869  0.491 206.93  37.83 185.75  36.41 148.82  35.31  45.20
   99 -0.928 -1.116 -0.863  22.05 243.80  35.11 240.25  68.89 238.67  39.70
  100 -0.213  0.063 -0.866  87.34 121.87 106.86 121.96 131.19 121.92  38.07
  101 -1.163  0.978 -0.388  16.74  24.81   9.51  28.32  30.75  30.65  35.92
  102  0.720  0.856  0.838 236.58  38.57 205.39  36.48 152.00  35.02  43.19
  103  0.332 -0.824  0.614 192.83 214.85 163.50 215.82 124.14 216.41  45.16
  104 -0.098 -0.184  0.404 145.64 147.66 117.96 147.71  93.10 147.56  44.71
  105  0.800 -0.992  0.161 216.29 229.82 211.78 231.80 185.39 234.10  44.69
  106  0.287  1.123  0.201 172.52  11.71 158.22  10.84 135.97   9.88  44.73
  107 -0.571 -1.007 -0.457  69.72 232.92  70.09 230.88  84.32 229.99  43.50
  108  0.158 -1.051 -0.070 150.52 236.87 144.66 236.87 134.55 237.60  40.79
  109  0.508  0.622 -0.600 161.07  65.60 179.80  65.30 186.18  63.95  56.61
  110  0.210  1.146  0.722 186.38   7.00 150.67   6.03 108.72   5.79  44.55
  111 -0.178 -0.327 -0.681  97.30 161.59 110.32 161.27 127.44 161.33  43.78
  112  0.144  0.414 -0.524 131.81  86.01 142.99  86.19 150.24  85.72  47.50
  113 -0.479 -1.131 -0.069  92.62 246.97  78.76 245.20  77.49 244.13  44.52
  114  0.575  0.972  0.611 214.45  26.87 189.32  25.03 147.03  23.72  37.68
  115  0.498  0.512  0.111 187.73  75.61 180.15  74.94 159.07  74.20  44.91
  116 -0.727 -0.871  0.595  94.56 222.27  51.07 220.70  29.30 218.88  44.13
  117  0.594 -0.593  0.185 199.11 189.37 190.28 190.25 165.11 191.27  41.71
  118 -0.695 -0.791 -0.068  72.43 211.80  56.36 210.04  58.44 208.84  52.81
  119  0.945 -0.063  0.515 243.22 134.76 228.20 134.93 186.07 135.16  42.48
  120  0.431  0.934 -0.627 153.47  34.04 171.84  33.78 180.20  32.01  48.46
  121  0.083 -0.963 -0.019 145.69 228.05 136.82 228.03 125.74 228.48  49.00
  122  0.484  0.647 -0.429 165.55  62.80 177.59  62.22 177.82  61.09  65.04
  123 -0.707 -1.121  0.583  95.95 249.35  53.22 247.20  31.48 244.79  62.77
  124 -0.606 -0.944  0.787 113.44 230.44  63.43 229.24  32.16 227.27  39.27
  125  1.020  1.119 -0.474 210.34  16.49 232.13  14.28 229.36  10.71  40.67
  126 -0.998  0.295 -0.807  17.34  97.50  27.92  98.49  60.91  99.17  38.05
  127  0.669 -1.013  0.641 223.99 233.90 199.38 236.03 154.70 237.67  41.00
  128 -0.806  0.098 -0.682  39.68 118.07  46.86 118.32  72.60 118.51  43.76
  129 -0.417 -0.352 -0.235  91.97 164.92  85.35 164.42  89.36 164.18  36.44
  130  0.714 -0.740  0.856 236.76 205.78 204.91 207.60 150.72 208.78  36.36
  131 -0.449 -0.776 -0.655  73.70 208.21  82.87 206.66 102.55 206.33  57.76
  132 -0.929 -0.475  0.211  60.63 179.13  31.16 177.86  27.02 176.77  41.88
  133  0.512 -0.236  0.679 211.62 152.95 182.81 153.37 138.53 153.63  41.50
  134  0.738 -0.588 -0.700 177.41 187.04 202.78 187.63 211.14 189.16  47.00
  135  0.608  0.697 -0.713 165.54  58.34 189.74  58.06 199.46  56.25  45.71
  136  0.344  0.547  0.757 199.80  70.49 165.04  69.75 119.80  69.55  44.04
  137  0.773  0.442  0.160 213.83  82.90 208.90  82.34 182.98  81.11  50.29
  138  0.482  0.769 -0.513 162.32  50.54 177.19  50.08 180.84  48.81  54.13
  139  0.711  0.528  0.596 225.90  73.33 203.78  72.17 160.53  71.28  40.89
  140 -0.046 -0.558 -0.299 117.01 185.91 127.24 185.54 118.41 185.53  43.75
  141 -1.041 -0.223 -0.344  29.74 151.82  21.70 151.09  39.36 150.66  41.79
  142 -0.590 -0.756  0.525 104.74 209.40  65.80 208.30  44.22 206.96  43.45
  143  0.665 -0.026  0.669 226.29 130.91 198.12 130.96 154.96 131.11  43.45
  144  1.188  0.124  0.034 244.55 115.76 251.59 115.41 227.03 114.98  31.71
  145 -0.204 -0.866  0.126 125.26 219.09 107.03 218.50  94.36 218.14  46.00
  146  0.642 -0.898 -0.783 166.01 217.96 192.92 218.68 205.22 220.84  33.33
  147 -0.344  0.506 -0.933  73.13  76.89  93.91  77.55 122.15  77.55  52.81
  148 -0.521 -0.498  0.016  91.84 180.73  74.17 179.92  70.53 179.42  47.19
  149 -0.745 -0.867 -0.856  39.27 217.62  53.53 215.29  84.45 214.42  32.29
  150  0.935  0.007 -0.803 190.32 127.55 222.26 127.54 233.09 127.52  31.00
  151  0.137 -1.145  0.548 172.78 248.93 142.81 249.59 108.79 249.79  39.25
  152  0.413 -1.025 -0.177 169.10 233.40 170.82 233.75 161.92 235.23  49.50
  153 -0.285 -1.013  0.087 116.29 234.63  98.57 233.68  88.58 233.09  45.00
  154 -0.225 -0.370  0.458 135.99 167.89 104.48 167.17  79.38 166.90  96.47
  155 -0.612  0.683 -0.952  48.03  58.26  67.07  59.89  99.48  60.34  34.62
  156  0.781  0.490 -0.475 189.61  79.06 207.78  78.45 206.95  76.99  39.32
  157  0.221 -0.795  0.069 161.47 210.52 151.28 210.80 135.05 211.63  89.90
  158 -1.097  0.223 -0.892   5.19 105.16  18.38 105.80  55.82 106.19  32.62
  159  0.830  1.046 -0.207 204.33  22.47 213.60  20.63 201.77  17.94  30.29
  160  0.237  0.075  0.325 172.91 120.69 153.20 120.21 126.78 120.15  99.29
  161  0.738  0.974 -0.044 202.59  29.02 204.80  27.29 186.97  25.25  45.44
  162 -1.041  0.427 -0.125  37.76  82.80  20.88  84.12  30.84  85.40  43.70
  163  1.191 -0.855  0.181 250.73 214.96 252.68 217.73 221.85 220.42  38.12
  164  0.960 -1.190 -0.317 211.36 247.96 226.62 250.38 218.03 253.53  43.53
  165 -1.115 -1.134 -0.766   7.99 246.55  16.00 242.45  49.37 240.25  34.67
  166  0.183 -0.273  0.557 177.15 157.24 147.70 157.08 112.70 157.16  52.91
  167  0.110  0.374 -0.914 114.43  90.57 139.21  90.73 161.65  90.61  46.82
  168 -1.060 -0.127 -0.256  28.20 141.29  21.04 141.47  31.70 141.15  45.24
  169  0.130  1.055  0.685 177.56  16.54 142.09  15.82 102.69  15.98  37.95
  170  0.581  1.124  0.619 214.57  10.94 190.50   8.79 146.38   7.28  45.08
  171  0.075  0.941  0.466 163.99  29.48 136.19  28.72 106.43  28.65  56.71
  172 -0.220  0.324 -0.284 107.88  94.56 105.86  94.88 108.43  95.26  42.67
  173  0.373 -0.386  0.315 184.64 168.37 167.41 168.73 139.60 169.15  36.67
  174 -0.536 -0.586 -0.905  56.93 188.59  74.47 187.30 104.63 186.04  41.63
  175  0.067  0.633 -0.329 132.42  63.23 135.14  63.40 136.17  62.96  35.40
  176  0.392  0.562  0.908 210.19  68.73 170.35  67.82 118.24  67.60  38.62
  177 -0.296  0.380 -0.174 105.67  88.85  97.62  88.93  98.07  89.41  53.00
  178 -0.797  0.822  0.945 101.39  38.50  42.40  39.63   8.74  41.93  31.26
  179  0.170 -0.519  0.577 176.40 182.79 146.59 183.10 110.33 183.69  49.50
  180  0.455 -0.618  0.556 201.57 192.88 176.51 193.76 137.98 194.46  30.00
  181 -0.844  0.066 -0.545  41.31 121.22  42.43 121.66  64.32 121.77  49.33
  182  0.572  0.631 -0.664 164.31  65.18 186.12  64.41 194.44  63.04  62.11
  183  0.614 -0.346 -0.299 182.07 163.13 191.06 164.31 185.27 164.23  42.75
  184 -0.498 -1.017  0.927 129.12 238.76  74.67 237.61  36.03 235.64  49.25
  185 -0.547  0.635 -0.065  86.21  61.21  71.72  62.32  71.24  63.88  46.08
  186  0.755 -0.496 -0.337 192.96 178.28 205.44 178.99 199.83 180.32  40.83
  187 -0.874  0.329 -0.563  37.80  93.55  39.47  94.43  62.39  96.20  39.60
  188  1.094  0.043  0.117 231.57 123.21 247.32 124.09 205.51 123.96  37.16
  189  1.002  0.787 -0.636 202.88  49.80 229.50  48.97 233.83  45.81  39.33
  190  0.507  1.177 -0.320 171.74   8.69 180.24   7.60 175.76   5.54  31.20
  191  0.818  0.297 -0.501 191.90  98.73 211.39  97.91 211.49  97.09  59.00
  192 -0.097 -0.362 -0.198 135.82 165.45 110.94 165.99 129.15 165.30  27.98
  193 -0.235  0.540 -0.738  89.97  73.22 104.56  73.76 124.41  73.78  28.67
  194  0.314  0.165  0.161 173.36 112.10 161.02 110.60 140.17 110.45  27.61
  195 -0.172  0.946  0.728 151.56  27.08 109.89  27.26  73.38  28.30  28.75
  196  0.153  1.058 -0.913 118.55  21.58 143.52  22.63 165.54  20.74  37.67
  197  0.315 -0.556 -0.305 154.98 185.21 160.74 184.92 157.29 186.10  45.17
  198 -0.213  0.601  0.700 146.68  64.07 105.56  64.23 218.03 253.53  42.36
  199 -1.194 -0.896  0.072  30.36 224.50   7.10 253.44   9.88 218.90  42.66
  200 -1.097  0.460 -0.246  28.03  79.43  15.53  80.97  30.84  82.28  43.82
  201 -0.123  1.109  0.084 131.01  12.37 115.48  12.92 218.03 253.53  50.50
  202 -0.030  0.310  0.207 144.10  95.77 125.10  95.81 218.03 253.53  44.21
  203  1.107  0.458 -0.520  72.81 254.01 240.83  81.67 239.21  80.07  34.62
  204 -0.462  0.048  0.695 123.30 123.09   7.10 253.44  48.73 123.26  33.50
  205  0.155 -0.543  0.349 166.51 185.04 144.62 185.39 218.03 253.53  47.50
  206 -0.763 -0.925 -0.772  40.55 223.85   7.10 253.44  79.64 220.29  34.95
  207 -0.068 -1.174 -0.925  98.31 247.24 121.46 245.68 146.03 246.52  25.10
  208  0.620 -0.966 -0.243 184.69 226.31 191.93 227.45 183.50 229.47  43.42
  209 -0.300  0.381  0.150 117.28  88.19   7.10 253.44  84.83  88.76  43.67
  210  0.678 -0.281 -0.564  72.81 254.01 197.10 158.05 200.69 156.26  34.62
  211  0.842  0.450 -0.716  72.81 254.01 213.26  82.91 221.34  81.44  34.62
  212 -1.159 -1.077  0.453  47.82 245.36   5.89 241.99 218.03 253.53  35.77
  213 -1.259 -0.612 -0.310  10.33 193.31   7.10 253.44  19.60 189.32  40.62
