    1 -0.955  0.307  0.405  65.50  95.08  27.61  95.88  17.07  96.69  42.92
    2  0.344  0.015  0.469 188.23 126.70 164.65 126.71 131.07 126.67  59.25
    3 -0.445 -0.362  0.451 115.39 166.83  81.37 166.45  60.05 165.94  47.01
    4  0.018 -0.586 -0.505 121.38 188.15 130.05 187.86 138.31 188.20  49.36
    5 -1.052  0.175 -0.754  14.14 110.00  22.22 110.63  54.35 110.93  77.88
    6 -0.434  0.784  0.787 129.59  43.74  81.83  44.38  47.47  45.66  42.85
    7 -0.672 -0.175 -0.857  45.87 146.30  60.88 145.89  90.83 145.71  79.78
    8 -1.124  0.544 -0.604  12.34  71.16  14.55  73.10  42.14  74.28  39.48
    9 -0.328  0.239  0.394 124.05 102.92  93.67 103.12  72.72 103.36  44.58
   10  0.130  0.485  0.702 178.17  76.86 142.13  76.53 102.14  76.51  43.25
   11 -0.896 -0.076  0.025  56.91 136.38  35.22 136.17  37.41 136.01  44.29
   12 -0.219  0.815 -0.195 111.66  43.64 105.74  44.40 105.42  44.57  46.51
   13 -0.062  1.080  0.689 160.22  13.31 121.69  13.15  85.00  13.68  82.78
   14  0.204  0.882  0.785 188.21  34.72 150.04  33.86 105.58  33.71  44.12
   15  0.355  0.645  0.702 198.48  60.37 166.10  59.53 122.94  59.10  49.87
   16  0.261  0.889 -0.532 142.12  37.95 154.81  37.91 161.23  36.78  46.59
   17 -0.981  0.407 -0.085  44.85  84.96  26.85  86.15  34.39  87.06  43.67
   18  0.225 -0.027 -0.541 138.50 131.00 151.13 131.00 158.36 131.03  43.08
   19 -0.426 -1.057 -0.238  91.13 238.55  84.52 236.94  88.66 236.14  46.24
   20 -0.889 -0.201 -0.114  52.57 149.52  36.51 148.99  43.55 148.62  86.97
   21  0.798  0.129  0.339 223.07 115.03 212.09 114.76 178.52 114.48  41.91
   22 -0.296 -0.038  0.230 120.67 132.24  97.25 132.21  82.05 132.17  43.22
   23 -1.080 -0.426 -0.176  32.11 173.52  17.01 172.11  29.46 171.11  41.78
   24  0.698  0.448 -0.086 197.58  82.62 200.43  81.94 185.06  80.97  48.42
   25  0.159 -0.505  0.183 160.32 180.81 144.87 180.97 125.04 181.24  50.11
   26  0.302 -1.141 -0.708 139.14 243.40 158.71 243.42 171.31 245.07  46.12
   27 -0.636  0.107 -0.858  49.15 117.22  64.42 117.51  93.94 117.52  77.97
   28  0.854 -0.548 -0.723 186.50 182.78 214.43 183.50 222.74 185.10  43.19
   29  0.468 -1.166 -0.640 156.29 245.69 175.63 246.27 184.04 248.46  81.44
   30  0.810  0.672  0.123 215.59  59.58 212.67  58.23 187.76  56.66  45.72
   31  0.731 -0.510 -0.738 175.33 179.12 201.97 179.66 211.85 180.98  43.93
   32 -0.639 -0.647 -0.020  79.52 196.61  62.07 195.37  61.60 194.43  48.88
   33 -0.211  0.270 -0.443 102.95 100.42 106.78 100.74 115.48 100.78  47.98
   34 -0.642  0.856 -0.250  70.70  38.54  62.35  40.34  70.19  41.39  39.95
   35 -1.135 -1.028 -0.163  27.43 237.65  11.28 234.16  24.22 231.56  41.12
   36  0.019 -1.147  0.745 169.81 250.29 130.24 250.79  90.12 250.41  45.92
   37 -0.682 -0.875  0.440  92.85 222.11  56.35 220.55  39.52 218.86  44.31
   38 -0.350 -0.971  0.806 138.20 232.77  90.81 232.22  54.25 230.84  43.30
   39 -0.819 -1.133 -0.651  39.74 246.05  45.44 242.89  70.23 241.38  42.53
   40  0.601 -0.022 -0.048 190.59 130.48 190.51 130.50 174.65 130.53  46.65
   41  0.138 -0.872 -0.335 138.63 217.70 142.42 217.52 142.81 218.25  42.49
   42 -0.014 -0.077 -0.012 137.12 136.30 126.79 136.28 116.82 136.29  49.20
   43 -0.103 -1.198 -0.796  99.79 250.09 117.89 248.76 138.13 249.39  40.92
   44  0.569 -0.648 -0.850 157.09 192.93 185.38 193.30 200.91 194.76  38.31
   45 -0.351 -0.338 -0.528  87.18 163.17  92.57 162.65 106.37 162.56  42.42
   46 -1.037  0.645 -0.957   8.57  61.48  24.60  63.74  63.32  64.80  41.77
   47 -1.060 -1.070  0.491  58.72 244.43  16.15 241.48   4.35 238.19  40.00
   48 -0.956  0.457  0.233  59.01  79.17  28.26  80.41  23.96  81.53  37.08
   49 -0.599 -0.607  0.477 102.03 193.33  65.04 192.36  45.33 191.33  45.27
   50 -1.083 -0.445  0.468  55.68 176.50  13.84 175.24   3.49 173.85  31.13
   51  0.328  0.390  0.964 206.67  86.78 163.59  86.19 110.02  86.08  42.38
   52  0.163 -0.342  0.233 162.59 163.94 145.31 164.07 123.50 164.23  45.69
   53 -0.611  0.710 -0.791  53.89  55.18  66.82  56.82  93.59  57.33  35.17
   54 -0.595 -0.476 -0.627  61.19 177.47  67.99 176.41  88.76 176.04  52.70
   55  0.657 -0.025  0.322 210.04 130.84 197.22 130.88 165.86 130.93  45.33
   56  0.734  0.527  0.475 223.03  73.68 205.84  72.56 167.32  71.56  39.43
   57 -0.524 -1.076  0.389 105.75 243.05  73.08 241.58  55.41 239.98  46.50
   58 -0.508  0.998  0.679 118.38  20.72  74.20  21.95  45.18  23.66  39.38
   59  0.379  0.499  0.532 193.78  76.10 168.38  75.40 131.76  74.96  46.12
   60  0.823 -0.950 -0.470 193.54 223.60 212.07 225.02 210.70 227.58  45.24
   61 -0.770 -0.768  0.628  91.71 211.33  46.43 209.85  24.18 208.04  44.62
   62 -0.844  0.056 -0.322  49.17 122.38  41.87 122.52  55.56 122.61  50.40
   63  0.482  0.310 -0.336 168.93  96.77 177.57  96.52 174.22  95.99  45.93
   64  0.609 -1.140  0.156 199.38 245.49 191.78 247.24 167.59 249.21  38.40
   65  0.377  1.148 -0.001 175.71  10.14 165.58   9.14 155.08   7.67  41.38
   66 -0.162  0.019 -0.079 121.21 126.29 111.54 126.30 106.13 126.31  46.82
   67  0.898 -0.521  0.057 221.17 181.21 221.23 182.50 199.19 183.72  43.76
   68 -0.386 -0.902  0.906 138.85 225.71  86.79 225.17  47.00 223.73  45.58
   69  0.136 -1.062 -0.608 128.00 236.13 142.16 235.96 152.49 236.96  47.75
   70 -0.425 -0.249 -0.752  72.26 153.76  85.41 153.32 108.30 153.24  36.27
   71 -0.789  0.330  0.867  99.06  92.17  43.55  92.87  12.71  93.66  41.82
   72 -0.701  0.715  0.426  90.56  51.50  54.39  52.81  38.44  54.34  47.92
   73 -0.575  0.742 -0.340  73.56  50.81  69.42  52.29  79.55  53.01  40.12
   74  0.416 -1.052 -0.241 166.85 235.69 170.97 236.39 164.55 237.97  44.90
   75  0.003 -0.633 -0.505 120.09 192.99 128.56 192.69 137.02 193.00  48.46
   76 -1.095  0.867 -0.193  30.21  36.20  15.61  39.05  28.87  41.14  37.69
   77  0.502  0.725  0.586 206.96  52.48 181.51  51.32 141.17  50.47  35.00
   78  0.223 -0.273 -0.500 139.81 156.01 150.93 156.01 156.63 156.31  37.75
   79 -0.155  0.451 -0.155 119.00  81.39 112.32  81.73 109.64  81.80  43.43
   80  0.831  0.984  0.281 223.90  27.19 215.34  25.04 183.98  22.93  46.02
   81  0.915 -0.046 -0.234 195.82 132.96 231.36 133.03 193.98 133.10  36.70
   82 -1.061 -0.723  0.331  52.67 206.33  16.82 204.21  10.88 202.16  39.90
   83  0.339 -0.255 -0.386 154.47 154.18 162.93 154.27 163.03 154.61  42.20
   84  0.183  0.079  0.255 165.25 120.06 147.39 119.99 124.42 119.94  58.50
   85 -0.285 -0.110 -0.936  78.30 139.42  99.73 139.24 127.45 139.27  44.18
   86  1.011  0.798 -0.097 224.25  47.55 232.73  45.72 214.90  43.43  41.42
   87  0.876 -0.356 -0.188 209.02 164.23 218.47 164.91 205.51 165.86  37.92
   88 -0.106 -0.787  0.030 130.45 210.29 117.20 209.90 106.82 209.93  49.49
   89  0.520 -0.379 -0.267 174.88 166.71 181.63 167.05 175.10 167.90  47.42
   90 -0.722 -0.833 -0.505  53.98 214.99  54.88 212.94  73.10 211.93  41.75
   91  0.939  0.231 -0.648 196.56 105.30 223.19 104.88 227.95 104.18  41.95
   92  0.630  0.172 -0.950 158.57 111.13 191.27 111.02 210.08 110.61  37.53
   93  0.057 -0.022 -0.473 126.06 130.52 134.06 130.50 140.68 130.52  45.38
   94  0.369  0.615 -0.273 161.41  65.55 166.09  65.09 161.48  64.18  46.25
   95 -0.197  0.218 -0.630  97.36 105.90 108.32 106.28 123.81 106.22  49.79
   96  0.625 -1.108  0.348 208.42 242.88 194.02 244.77 161.85 246.65  45.22
   97 -0.846  0.294 -0.276  50.66  97.43  41.48  98.09  53.57  98.56  43.45
   98 -1.169 -0.629 -0.438  14.34 194.68   9.09 192.40  32.16 190.91  41.38
   99  0.438  0.456  0.282 189.14  81.04 174.27  80.36 146.92  79.79  59.27
  100  0.403 -0.197  0.495 194.43 148.80 170.82 149.06 135.46 149.25  42.25
  101 -0.985 -0.242 -0.210  39.94 153.82  27.00 153.10  39.04 152.61  43.07
  102 -0.180  0.048 -0.087 119.22 123.30 109.62 123.32 104.74 123.35  39.09
  103 -0.498 -0.788  0.852 126.09 213.55  74.81 212.79  39.08 211.33  44.18
  104  0.396 -0.703  0.598 198.04 201.93 170.34 202.87 130.83 203.48  42.38
  105  0.317 -0.369  0.661 193.39 167.12 161.96 167.55 121.00 167.77  41.36
  106 -0.111 -0.372  0.254 138.63 167.37 116.69 167.26  97.83 167.16  46.22
  107  0.111 -1.038 -0.349 135.49 234.68 139.69 234.56 140.65 235.22  52.00
  108  0.057  0.290  0.846 177.23  97.11 134.48  97.30  89.58  97.38  52.11
  109 -0.506 -1.175 -0.638  69.14 249.43  77.07 247.12  96.85 246.44  40.00
  110 -0.707  0.286 -0.257  64.37  98.29  55.71  98.87  64.86  99.26  51.79
  111 -0.505 -0.643  0.668 118.20 197.44  74.43 196.72  45.92 195.66  40.81
  112  0.284  0.635 -0.644 139.85  64.09 156.98  63.97 167.43  63.09  55.55
  113  0.441 -0.305  0.225 187.27 159.80 174.26 160.39 149.54 160.47  66.06
  114  0.379 -0.572 -0.087 169.46 186.93 167.40 187.34 155.44 188.08  42.45
  115 -0.394 -0.364  0.471 120.99 167.02  86.63 166.69  63.82 166.27  42.25
  116 -0.010 -0.727 -0.766 109.24 201.99 127.24 201.44 145.45 201.95  46.75
  117 -1.092 -1.056  0.188  44.39 241.80  14.18 238.58  13.89 235.62  40.67
  118 -0.360  1.012  0.218 114.45  21.37  90.66  22.57  76.79  23.18  82.23
  119  0.482 -0.751  0.619 206.51 206.93 179.45 208.13 137.99 208.93  40.25
  120  0.163 -0.745  0.525 165.30 206.93 150.71 207.05 102.91 207.17  50.58
  121 -0.424  0.638  0.986 138.57  59.10  82.49  59.34  40.51  60.71  35.60
  122 -0.332 -0.774  0.124 113.40 209.74  93.69 208.95  83.01 208.39  49.00
  123  0.367  0.949  0.777 202.58  28.02 167.51  26.85 120.98  26.06  46.07
  124  0.383 -0.859  0.934 210.33 219.23 169.46 220.62 116.22 221.22  49.09
  125  0.374  1.043 -0.800 141.95  23.40 165.89  23.48 181.17  21.69  47.19
  126  1.147 -0.083 -0.569 217.42 136.41 244.57 136.56 244.84 137.09  40.44
  127 -0.255 -1.072  0.147 121.41 240.87 101.67 240.00  88.95 239.48  49.94
  128 -1.185  0.804 -0.610   6.67  44.02   8.21  46.65  37.40  48.48  84.38
  129  0.021 -0.285 -0.920 106.23 157.00 130.39 156.76 153.85 157.18  45.11
  130 -0.280 -0.911 -0.132 108.68 223.14  99.25 222.47  97.74 221.81  48.24
  131  0.069  0.108  0.622 169.03 116.39 135.84 117.05  99.31 117.04  59.89
  132  1.116 -0.932 -0.591 213.90 220.86 241.36 222.73 242.53 226.03  48.55
  133  0.466 -0.984 -0.956 144.05 225.95 174.91 226.78 194.99 228.89  79.64
  134  0.416 -0.848  0.955 214.25 218.18 173.14 219.58 118.56 220.18  40.42
  135 -0.285 -0.901  0.871 148.75 225.37  96.61 224.95  59.32 223.68  18.80
  136 -0.224  0.428  0.656 143.72  82.69 104.51  82.57  71.46  83.22  45.63
  137  0.061 -0.706  0.977 182.99 203.74 134.90 204.55  84.75 203.98  44.37
  138 -0.994  0.204 -0.228  38.82 106.51  25.94 107.65  39.28 107.56  43.76
  139 -0.116  0.609  0.497 147.35  63.25 116.25  64.05  87.46  64.50  68.68
  140 -0.883 -0.814 -0.624  34.76 213.18  38.83 210.78  63.80 209.10  41.87
  141  1.080 -0.649  0.145 239.80 194.25 240.93 196.00 212.65 198.00  34.67
  142 -0.211 -1.217 -0.187 127.49 254.17  98.31 253.74 119.62 253.74  73.56
  143  0.969  0.509 -0.865 190.76  78.07 225.53  77.07 238.28  75.40  71.55
  144  0.656 -0.283 -0.342 184.13 156.97 195.27 157.13 190.73 157.79  28.50
  145  0.579 -0.964  0.734 219.80 229.25 190.07 231.14 142.58 232.41  33.38
  146  0.631  0.437 -0.651 170.16  84.25 191.91  83.86 199.70  83.50  44.56
  147 -0.561  0.671 -0.509  68.72  58.57  71.25  59.89  87.31  60.70  49.00
  148 -0.456 -1.163  0.743 125.22 253.56  79.91 252.46  46.63 250.68  60.09
  149 -0.814 -1.161  0.701  94.35 253.96  39.23 252.25  20.90 249.39  77.33
  150 -0.486 -0.303  0.977 131.67 160.84  76.16 161.46  34.62 160.03  42.00
  151  1.054  0.138  0.183 238.92 113.95 238.35 113.50 208.66 114.08  38.14
  152  0.003  1.161 -0.081 136.20   7.86 128.59   8.26 120.96   7.83  44.00
  153 -0.461  0.730 -0.392  82.29  52.33  81.19  53.98  91.61  54.07  46.54
  154  0.705  0.934  0.523 222.43  31.48 202.87  29.39 162.73  27.69  32.75
  155  0.862  0.513  0.125 220.01  76.00 218.11  74.74 192.46  73.59  40.00
  156 -1.114  0.697 -0.022  22.18  53.09  19.57  56.95   9.20  57.72  42.45
  157 -1.088 -0.055 -0.505  19.05 133.76  17.84 133.59  41.21 134.09  36.61
  158  0.347  0.951 -0.706 143.13  32.40 163.25  32.29 175.35  30.61  30.25
  159 -0.359  1.065 -0.312  94.44  17.38  91.51  19.70  97.29  19.37  40.22
  160 -0.278  0.147  0.547 123.69 112.46 105.17 112.57  60.30 113.22  38.00
  161 -0.977  0.828 -0.096  45.28  39.81  27.13  42.24  35.52  45.48  39.10
  162  0.122  0.640 -0.097 127.49 254.17 140.90  62.12 132.35  61.72  73.56
  163 -0.542 -0.150  0.360 102.83 144.19  98.31 253.74  55.04 143.74  46.97
  164 -0.870  0.597  0.905  92.86  62.89  34.74  64.10  83.86 254.09  37.37
  165  0.804 -0.333  0.355 224.28 162.50 212.88 163.23  83.86 254.09  86.65
  166 -0.657 -1.187  0.417 127.49 254.17  59.02 253.11  42.59 251.47  73.56
  167  1.231 -0.150 -0.523 226.21 143.11  98.31 253.74 251.14 144.14  33.97
  168 -0.227  0.456 -0.564  97.16  81.45  98.31 253.74 118.70  81.97  45.73
  169 -0.249  0.959  0.664 141.97  26.00 101.73  26.08  69.02  27.04  62.08
  170  0.279  0.250  0.776 194.67 101.89 158.15 101.54  83.86 254.09  35.70
  171 -0.321 -1.188  0.455 127.49 254.17  94.36 253.57  70.88 252.60  73.56
  172 -0.429  0.221 -0.071 127.49 254.17  83.91 105.45  82.02 105.63  73.56
  173  0.446 -0.335 -0.877 145.28 161.72  98.31 253.74 190.62 162.49  42.05
  174  1.046  0.404  0.377 246.15  86.84 238.39  85.70  83.86 254.09  39.67
  175  1.126 -0.054 -0.600 127.49 254.17 242.37 133.96 243.83 133.67  73.56
  176  0.257 -1.141 -0.318 150.54 245.14 154.13 245.03 153.60 246.31  19.06
  177 -1.028 -0.110  0.134 127.49 254.17  21.05 139.67  21.65 139.39  73.56
  178 -0.530 -1.219 -0.669  65.84 253.88  74.72 251.45  95.95 250.72  47.64
  179  0.619  0.101 -0.633 127.49 254.17 190.89 118.00 197.66 117.77  73.56
  180 -0.494 -0.180 -0.692  68.09 145.58  78.39 147.10 100.03 147.00  42.47
  181  0.487  0.492  0.919 127.49 254.17 180.67  75.30 126.70  74.85  73.56
  182 -0.607  0.098 -0.629  60.07 118.09  98.31 253.74  87.89 118.40  39.75
  183 -1.186 -0.873  0.295  39.30 222.80   3.80 219.84  83.86 254.09  60.00
  184 -0.845  0.144 -0.419  45.51 113.74  42.04 113.00  83.86 254.09  20.30
  185 -0.610  0.873 -0.785  54.30  38.41  66.80  40.43  93.44  40.97  27.25
  186 -0.128  0.555  0.913 127.49 254.17 114.49  68.58  70.02  69.15  73.56
  187 -0.699 -0.202  0.254  84.15 149.81  55.09 149.41  83.86 254.09  47.33
  188  0.648 -0.956  0.783 127.49 254.17 197.56 230.44 147.17 231.92  73.56
  189  0.244 -0.523  0.696 127.49 254.17 154.26 183.99 112.86 184.19  73.56
  190 -1.183 -0.781 -0.711 127.49 254.17   8.86 207.07  41.55 205.39  73.56
  191  0.313  0.611 -0.494 127.49 254.17 160.10  66.03 164.56  65.28  73.56
  192 -1.274  0.117 -0.339   7.81 115.83  98.31 253.74  19.49 116.52  45.10
  193  0.107 -1.116 -0.479 130.40 242.28 139.11 241.90 145.24 242.84  33.83
