    1  0.746  0.593  0.319 217.76  67.17 206.59  66.01 174.35  64.80  45.14
    2 -0.468  0.875  0.096  99.80  35.91  79.58  37.15  72.02  38.11  46.64
    3 -1.043  0.090 -0.720  16.20 118.82  23.03 119.13  53.77 119.27  39.25
    4 -0.901  0.487 -0.004  55.39  76.48  34.82  77.78  38.07  78.80  41.70
    5  0.311 -0.223  0.373 181.43 151.49 161.01 151.72 131.73 151.85  86.24
    6  0.164 -0.684  0.145 159.33 199.37 145.33 199.64 126.93 199.96  51.19
    7 -0.535  0.653 -0.658  65.75  60.92  74.06  62.27  95.26  62.68  50.33
    8  0.291  0.545  0.694 192.48  70.74 159.33  70.12 117.34  69.84  45.59
    9  0.263  0.758 -0.720 135.19  51.69 154.78  51.75 168.31  50.69  47.50
   10 -0.486 -0.486  0.463 112.08 180.13  76.95 179.55  55.91 178.84  47.38
   11  0.613 -0.448 -0.444 176.25 173.45 190.69 173.89 190.25 174.83  46.20
   12 -1.166  0.746 -0.631   8.04  50.00  10.16  52.76  40.13  54.36  40.10
   13 -0.349  0.786  0.596 130.01  44.28  91.19  44.85  62.77  45.80  46.30
   14 -0.605  0.908  0.625 107.22  30.44  63.96  31.75  38.79  33.49  45.98
   15 -0.408  0.100  0.303 113.14 117.60  85.47 117.73  69.25 117.82  46.24
   16 -0.192  0.405 -0.760  93.11  86.93 108.93  87.45 129.12  87.31  40.58
   17 -0.269  0.673 -0.399  99.41  58.73 100.75  59.55 108.69  59.70  45.21
   18  0.434  0.938 -0.715 150.48  33.97 172.03  33.66 183.71  31.94  38.75
   19  0.946  0.350 -0.131 217.36  92.83 225.88  92.10 210.07  91.10  43.21
   20  0.297  0.324  0.585 188.55  94.18 159.74  93.84 122.10  93.64  45.65
   21 -1.066 -0.124  0.128  44.58 141.57  17.20 141.24  18.66 140.87  44.45
   22  0.372  0.420 -0.501 152.95  85.70 166.15  85.54 170.22  84.89  84.81
   23  0.461 -1.060  1.017 220.56 240.68 178.24 242.76 120.04 243.46  35.85
   24  1.181  0.297  0.051 244.66  98.20 251.01  97.34 225.83  96.33  41.65
   25  0.421 -0.531  0.147 182.37 183.09 172.21 183.63 150.53 184.29  48.49
   26  0.968  0.044  0.390 240.00 123.74 230.23 123.64 192.84 123.52  43.18
   27  0.051  0.227  0.595 166.71 104.23 133.64 104.14  99.07 104.17  44.40
   28  0.250 -1.200 -0.553 140.56 250.13 153.48 250.13 161.14 251.59  75.35
   29  0.319  1.108 -0.730 139.81  16.56 160.45  16.51 173.75  14.80  40.38
   30 -0.829  0.135 -0.466  45.29 114.10  43.80 114.48  62.34 114.69  42.17
   31 -1.015  0.220  0.410  59.94 104.45  21.38 105.05  11.67 105.68  38.69
   32  0.331  0.186  0.409 184.64 108.84 163.19 108.63 132.13 108.49  55.89
   33 -0.464  0.698 -0.570  75.39  56.23  81.22  57.51  98.04  57.86  42.00
   34 -0.568  1.067  0.871 120.29  12.45  67.26  13.68  32.06  15.89  37.71
   35 -0.997  0.215 -0.243  37.51 105.51  25.85 106.22  39.19 106.62  39.89
   36 -0.674 -0.948  0.489  95.46 230.08  57.01 228.45  38.20 226.57  45.96
   37 -0.562 -0.561 -0.574  66.23 186.28  71.27 185.13  89.65 184.69  42.97
   38  0.663  0.227 -0.260 187.74 105.19 196.35 104.92 188.26 104.38  43.59
   39 -0.054 -0.863  0.024 134.94 218.16 122.63 217.86 111.77 217.91  47.34
   40  0.754 -0.699  0.221 214.61 200.11 207.15 201.40 178.86 202.89  43.81
   41  0.116 -0.667 -0.540 128.77 196.20 140.16 196.10 148.31 196.58  47.65
   42  0.554  1.114  0.052 190.42  13.92 185.81  12.46 166.37  10.59  90.18
   43 -1.145 -0.998 -0.072  29.78 234.87   9.86 231.50  19.78 228.86  42.64
   44  0.009 -0.090  0.542 160.83 137.75 129.21 137.74  97.38 137.78  84.61
   45 -0.399  0.992 -0.535  82.68  25.91  87.79  27.52 102.40  27.92  43.81
   46 -0.501 -0.360  0.998 131.53 167.43  74.18 167.12  32.87 166.42  43.95
   47  0.107  0.534  0.681 175.23  71.71 139.63  71.37 100.78  71.38  42.94
   48 -0.637 -0.668  0.006  80.61 198.86  62.20 197.63  60.68 196.60  45.68
   49  0.705 -0.303  0.934 239.10 160.07 204.10 160.85 146.76 161.28  40.40
   50  1.049  1.044 -0.450 213.71  24.03 235.18  21.87 231.23  18.41  45.31
   51 -0.165  0.787  0.597 147.07  44.47 110.77  44.62  79.38  45.27  88.20
   52 -0.288 -0.400 -0.553  92.05 169.42  99.07 168.88 112.91 168.84  42.46
   53  0.832 -0.628 -0.931 176.75 190.40 211.54 191.12 228.00 192.98  39.10
   54  0.137 -0.147  0.151 157.10 143.53 142.55 143.55 124.26 143.62  50.79
   55 -0.773 -0.823  0.678  93.32 217.49  45.88 215.95  21.85 213.94  44.25
   56 -0.924 -0.105 -0.001  53.33 139.44  32.45 139.15  36.02 138.99  41.84
   57 -0.283  1.020  0.269 123.45  20.51  98.55  21.31  81.62  22.06  54.81
   58 -0.020 -0.243 -0.107 132.98 153.46 126.18 153.37 119.93 153.43  46.12
   59  0.203  1.123  0.747 186.69   9.42 149.97   8.35 106.98   8.05  56.65
   60  0.382  0.129  0.138 178.55 114.92 168.11 114.78 147.36 114.64  55.89
   61 -1.015  0.836 -0.123  40.31  39.43  23.52  41.98  32.97  43.87  36.95
   62  0.901 -0.788 -0.068 215.86 208.15 221.41 209.70 203.37 211.83  49.77
   63  0.239 -0.925 -0.378 145.92 222.71 152.64 222.73 153.47 223.85  48.56
   64 -0.172  0.221 -0.619 100.07 105.55 110.82 105.80 125.68 105.83  47.56
   65 -0.176  0.311 -0.315 111.02  96.16 110.22  96.43 113.82  96.43  42.86
   66 -0.349 -0.190  0.180 113.89 148.28  91.79 148.08  79.28 147.93  45.59
   67 -0.183 -0.083 -0.192 115.00 136.85 109.45 136.78 108.55 136.77  35.58
   68 -0.208  0.432  0.413 135.80  82.57 106.44  82.65  82.70  83.01  69.26
   69 -0.621 -0.698  0.518 101.55 203.15  62.55 202.19  41.73 200.77  47.76
   70 -1.003  0.418 -0.112  41.77  83.81  24.70  85.04  33.55  86.02  39.10
   71  0.693  0.230  0.408 216.72 104.43 201.32 103.98 166.09 103.57  46.42
   72  1.044  0.970  0.487 250.55  28.57 238.67  25.72 196.42  23.00  35.82
   73 -0.394 -1.050 -0.166  96.85 237.89  87.62 236.55  88.80 235.74  50.43
   74  0.077  1.036 -0.500 127.00  22.52 136.15  22.90 143.47  22.08  54.19
   75  0.397  1.006  0.873 209.26  21.83 170.88  20.22 120.07  19.62  41.76
   76 -1.087  0.487 -0.634  15.19  77.18  18.24  78.98  46.81  79.95  83.17
   77  0.627 -0.307  0.187 202.11 159.82 193.78 160.30 168.19 160.85  43.84
   78 -0.750 -0.298  0.249  79.13 160.06  49.73 159.44  41.17 158.87  43.94
   79 -0.386 -0.346 -0.743  76.12 163.74  89.32 163.16 111.37 163.08  39.80
   80 -0.811 -0.578 -0.924  30.69 187.78  47.04 186.08  81.29 185.45  36.28
   81 -1.109  0.880 -0.230  27.54  34.87  14.31  37.83  29.12  39.95  37.46
   82  0.975 -1.057 -0.637 200.17 233.46 226.88 235.27 230.86 238.63  47.27
   83 -0.267 -0.001  0.049 116.45 128.32 100.55 128.32  91.78 128.32  37.78
   84  0.079  0.402 -0.322 133.75  87.09 136.36  87.05 137.02  86.81  84.47
   85  0.418 -1.067  1.007 216.64 241.50 173.45 243.40 116.71 244.07  49.71
   86  0.100 -0.717 -0.529 127.88 201.36 138.44 201.11 146.60 201.71  51.00
   87  0.777  0.971 -0.702 180.80  31.29 206.72  30.13 214.82  27.70  42.29
   88 -1.095 -0.741  0.388  51.45 208.53  12.90 206.32   5.59 204.11  39.48
   89 -0.650 -0.786 -0.049  77.38 211.18  60.99 209.60  61.67 208.49  43.00
   90 -0.871 -0.877 -0.541  38.75 219.84  39.74 217.26  61.56 215.94  40.62
   91  0.992 -0.238  0.104 230.59 152.49 231.59 153.06 205.77 153.83  45.14
   92  0.140 -0.536  0.188 158.78 184.08 142.83 184.23 123.04 184.48  48.67
   93 -0.451 -0.269 -0.692  72.11 155.90  82.74 155.41 103.81 155.30  37.83
   94 -0.016  0.093  0.753 166.92 118.51 126.50 118.25  86.71 118.40  92.64
   95  0.047 -0.948  0.572 165.47 228.44 133.25 228.72  99.57 228.73  54.74
   96  0.286  1.134 -0.375 150.23  12.64 157.47  12.34 157.62  10.92  50.27
   97 -0.312  0.292  0.560 132.04  97.18  95.24  97.37  67.63  97.62  48.61
   98 -0.835  0.062 -0.345  49.23 121.73  42.87 121.90  57.23 122.02  39.46
   99  0.450 -0.335 -0.585 156.67 162.06 173.88 162.23 180.44 162.82  40.10
  100  0.385 -0.135  1.014 213.91 142.58 169.87 142.74 113.43 142.87  39.94
  101 -1.004  0.385  0.221  53.91  86.86  23.20  87.92  20.22  88.94  36.67
  102  0.673  1.094 -0.309 186.77  17.56 197.23  16.13 190.80  13.69  51.15
  103 -0.689 -0.879 -0.439  59.39 219.88  57.99 217.83  73.36 216.78  42.50
  104  0.527 -1.145 -0.930 150.10 242.36 181.23 242.75 199.33 245.37  80.07
  105  0.333 -0.354 -0.672 143.15 164.00 161.95 164.05 173.01 164.59  36.08
  106 -0.555  0.616 -0.931  53.80  65.27  72.84  66.63 103.49  66.95  34.17
  107 -0.528 -0.748  0.716 117.99 208.91  71.91 208.04  41.97 206.69  39.29
  108  0.923 -0.498 -0.371 205.92 178.28 222.62 179.19 216.58 180.64  36.62
  109 -0.586  0.718 -0.489  67.08  53.69  68.60  55.21  84.25  55.83  39.12
  110  0.138 -0.095 -0.659 126.33 137.92 142.20 137.89 154.82 137.99  38.89
  111  0.349 -0.980  0.653 196.02 231.33 165.38 232.55 124.28 233.21  40.29
  112  0.231  0.015  0.667 185.94 126.70 152.89 126.69 112.85 126.68  39.11
  113 -0.011  1.107  0.160 144.17  12.64 127.11  12.72 110.39  12.65  53.11
  114  0.964 -0.668 -0.938 187.73 193.98 224.71 195.23 240.48 197.44  43.19
  115 -0.480 -0.860  0.888 129.26 221.36  76.69 220.60  39.24 219.02  40.83
  116  0.383  0.924 -0.903 139.02  35.77 166.66  35.70 185.83  34.14  41.93
  117 -0.204 -1.147  0.191 127.69 248.78 106.89 248.05  91.72 247.52  47.44
  118 -1.198 -0.636 -0.372  13.85 195.65   5.78 193.31  27.12 191.73  38.57
  119 -0.435 -0.495  0.484 117.71 181.10  82.27 180.57  59.71 179.91  41.08
  120 -0.592 -0.013 -0.870  52.73 129.47  68.92 129.45  98.17 129.65  41.34
  121 -0.803 -1.198 -0.530  45.53 253.14  46.63 250.05  66.92 248.38  49.87
  122 -0.146  0.150 -0.788  96.19 112.97 113.53 113.14 134.24 113.13  42.45
  123  0.917  0.942  0.819 253.09  30.23 226.54  27.32 171.52  25.25  64.50
  124  0.055  1.085  0.051 145.93  15.53 133.91  15.48 120.61  15.15  57.28
  125 -1.103 -0.430 -0.153  30.81 173.98  14.53 172.56  26.65 171.71  42.22
  126 -0.129 -0.526  0.235 136.24 183.54 114.77 183.34  96.88 183.18  41.90
  127  0.452 -0.673 -0.193 171.84 196.95 174.78 197.48 166.17 198.53  38.42
  128 -0.503  0.550  0.962 129.97  68.35  74.13  69.04  34.16  70.12  41.74
  129 -0.993 -0.243 -0.213  39.07 153.96  26.18 153.22  38.44 152.75  37.94
  130 -0.753  0.603  0.374  83.54  63.53  49.00  64.74  35.87  66.17  44.57
  131  0.362 -0.453  0.410 187.50 175.53 166.46 176.02 135.00 176.44  38.33
  132  1.226 -0.217 -0.119 247.30 149.94 251.46 150.86 242.55 151.39  35.94
  133  0.606 -0.219 -0.204 184.99 150.52 190.61 150.81 180.91 151.35  53.59
  134 -1.100 -1.069  0.278  46.92 243.57  12.90 240.29   9.60 237.22  37.38
  135 -0.163 -0.116 -0.184 117.19 140.28 111.50 140.19 110.09 140.25  39.77
  136  0.437 -1.038  0.685 205.25 237.25 174.85 238.83 131.22 239.78  39.88
  137 -0.674  0.832 -0.394  62.67  41.48  59.25  43.36  73.20  44.21  39.00
  138  0.447  0.121  0.831 211.96 115.50 176.20 115.31 126.47 115.23  28.67
  139 -0.238 -0.926 -0.102 113.44 224.74 103.66 223.88 100.08 223.77  50.29
  140 -0.351 -0.986  0.932 143.30 234.93  90.31 234.42  49.22 232.78  29.72
  141 -0.847  0.302 -0.318  49.31  96.35  41.38  97.61  55.34  97.67  45.77
  142 -0.275 -1.019  0.835 146.54 238.25  98.73 237.34  59.97 236.09  47.19
  143  0.253  0.105  0.861 195.59 116.83 155.55 117.05 107.06 117.02  47.86
  144 -0.106  0.894 -0.290 118.31  35.98 117.37  36.59 119.08  36.48  42.75
  145 -0.261 -0.842 -0.857  83.43 214.02 102.13 212.76 126.63 212.91  29.00
  146  0.208 -0.811 -0.949 121.76 209.73 149.07 209.12 171.57 210.55  53.63
  147  1.103  1.083  0.153 242.19  18.23 243.38  15.26 214.51  11.81  44.50
  148  0.750 -0.367 -0.564 183.57 164.97 204.38 165.44 207.32 166.56  41.12
  149 -0.983 -0.205 -0.906  14.25 149.37  30.41 149.03  65.06 148.38  41.50
  150  0.077 -0.821  0.999 185.39 216.33 136.59 217.01  85.35 216.31  40.05
  151  0.245  0.841 -0.243 151.36  42.40 153.63  41.75 148.76  40.87  27.31
  152 -0.705  0.282 -0.321  62.19  98.58  56.07  99.23  67.51  99.90  42.06
  153 -1.094 -0.072 -0.487  19.45 135.72  17.08 135.63  40.30 135.63  36.50
  154 -0.305  0.454  0.907 142.90  79.63  97.48  79.25  50.86  79.96  43.42
  155  0.243 -0.931  0.202 168.55 224.87 153.63 225.83 131.88 226.02  42.04
  156 -0.452  0.115 -0.157  91.73 116.14  81.70 116.32  83.39 116.72  41.00
  157  0.370  0.478 -0.577 153.51  79.81 163.74  80.05 176.48  78.79  29.69
  158  0.056 -0.841 -0.731 116.49 213.58 133.94 212.99 150.12 213.72  32.17
  159  0.768  0.205  0.030 208.15 107.34 207.96 106.96 187.26 106.62  35.86
  160  0.208 -1.088 -0.352 144.16 239.76 149.61 239.49 149.61 240.60  66.67
  161 -1.081 -0.862 -0.955   4.48 217.48  20.15 214.45  59.46 213.06  31.71
  162 -0.321 -1.087  0.825 141.57 245.76  93.94 244.52  55.95 243.07  27.07
  163  1.063  0.123 -0.477 223.57 115.63 230.77 115.94 244.23 115.52  29.45
  164 -1.182 -0.822 -0.451  17.43 215.90   5.21 211.67  35.75 209.75  38.44
  165  0.986 -0.463  0.497 245.85 175.84 232.50 177.13 190.46 178.75  40.87
  166  0.577 -0.022  0.248 218.73 131.46 177.86 130.13 180.21 130.15  33.10
  167  0.555 -1.088 -0.806 157.58 236.91 184.13 237.53 197.95 240.42  38.78
  168 -0.578  0.788 -0.941  51.49  47.55  70.49  49.64 101.98  49.75  26.00
  169  0.654  0.597  0.751 232.64  65.42 194.88  64.75 154.93  63.81  30.16
  170  0.689  0.343  0.031 201.83  92.81 199.48  93.31 180.37  91.53  45.60
  171  0.704  0.339 -0.855 168.54  94.46  75.14 253.40 213.47  93.44  43.68
  172  0.751 -0.197  0.218 214.15 149.40 206.79 148.41 178.63 148.83  50.08
  173 -0.653 -0.291 -0.809  49.38 158.20  75.14 253.40  90.67 157.30  81.19
  174 -0.504 -1.187  0.431 163.07 254.01  75.14 253.40  55.54 251.83  50.06
  175  0.485 -1.246 -0.882 148.65 252.76 176.88 253.11  78.85 254.07  45.00
  176  0.201 -0.749  0.675 183.58 207.31  75.14 253.40 109.71 208.15  41.44
  177 -0.519  0.705  0.737 119.61  52.20  72.81  52.99  78.85 254.07  42.64
  178  0.362 -1.191 -0.324 158.93 249.73 165.31 250.27  78.85 254.07  47.93
  179  0.333  0.521 -0.872 135.73  77.18 161.62  75.40 180.26  74.52  25.50
  180  0.527 -1.115 -0.307 174.10 241.49  75.14 253.40 177.21 244.52  48.73
  181 -0.008  0.126  0.714 166.08 114.01  75.14 253.40  88.96 115.74  34.36
  182  1.054 -0.972  0.020 232.59 226.69  75.14 253.40 214.63 232.14  30.29
  183  0.361  0.836 -0.850 138.99  44.46 164.51  44.43 181.90  42.90  28.50
  184 -0.816  0.280  0.847  95.81  97.67  75.14 253.40  11.23  98.96  40.77
  185  0.529  0.162 -0.563 163.07 254.01 182.00 111.88 186.94 111.56  50.06
  186  0.278 -0.599  0.601 163.07 254.01 157.77 191.85 119.71 192.17  50.06
  187  0.448  0.382  0.489 198.27  88.45 175.68  87.91  78.85 254.07  30.71
  188 -0.295 -0.841  0.144 117.52 216.76  97.45 215.98  78.85 254.07  53.89
  189 -1.060 -1.120  0.556  61.28 250.10  15.90 246.97  78.85 254.07  40.55
  190 -1.128 -0.478  0.508  52.79 180.30   8.87 178.86  78.85 254.07  38.11
  191 -0.904  0.558  0.884  88.78  67.17  31.18  68.34  78.85 254.07  39.68
  192 -0.236  0.404  0.848 163.07 254.01 102.98  84.31  62.88  86.06  50.06
  193 -1.287  0.126 -0.313   7.50 114.86  75.14 253.40  17.35 115.69  41.00
