    1 -0.726  0.388  0.904 106.52  85.90  50.18  86.52  16.73  87.51  40.48
    2  0.115  0.381 -0.508 129.92  89.36 139.95  89.50 147.19  89.15  44.40
    3 -0.502  0.144  0.969 130.36 112.57  74.17 112.70  34.01 112.98  42.26
    4  0.215 -0.115  0.106 162.37 140.15 150.68 140.20 133.15 140.28  48.03
    5 -0.562  0.621 -0.093  83.90  62.97  70.20  64.09  71.13  64.82  45.79
    6  0.323  0.718  0.242 177.36  53.73 162.09  53.14 137.83  52.48  49.24
    7 -0.838  0.725  0.389  76.14  50.25  40.07  51.89  27.92  53.57  45.12
    8 -0.202 -0.566  0.283 131.38 187.94 107.08 187.65  88.39 187.32  48.34
    9 -1.056  0.272 -0.397  26.50  99.58  20.41 100.47  40.23 101.05  42.00
   10 -0.578  0.775  0.364  99.69  45.50  67.51  46.68  51.69  47.93  61.75
   11  0.700  0.759  0.839 234.83  48.73 203.34  46.92 150.08  45.74  40.59
   12 -0.802 -0.521  0.311  76.53 184.15  44.05 183.00  34.13 181.88  45.05
   13 -0.163  0.297 -0.017 123.50  97.22 111.41  97.43 103.65  97.49  49.88
   14 -0.824  0.958 -0.123  58.36  27.00  43.24  29.41  49.41  31.14  45.54
   15  0.255  0.359  0.910 197.90  90.15 155.71  89.71 105.47  89.63  42.58
   16 -0.720  0.850 -0.839  42.17  40.70  55.97  42.94  85.94  43.73  40.67
   17  0.152  0.812  0.962 190.66  41.60 144.63  40.78  93.74  40.89  43.45
   18 -0.091  0.851  1.002 170.02  36.67 118.49  36.38  69.78  37.13  43.77
   19 -0.911  0.363  0.180  61.29  89.41  33.11  90.36  29.92  91.21  44.78
   20 -0.420  0.844  0.410 116.21  38.43  84.01  39.33  63.87  40.41  45.23
   21 -0.968 -0.210 -0.318  37.57 150.39  29.07 149.75  44.66 149.29  83.38
   22 -0.146  0.601 -0.080 122.61  65.68 113.18  66.08 107.56  66.15  48.45
   23  0.513  0.785  0.503 204.67  46.42 182.55  45.20 145.47  44.23  43.52
   24  0.573  0.122 -0.231 181.00 115.90 187.17 115.77 178.79 115.54  47.18
   25 -0.161  0.680 -0.538 104.10  58.51 111.89  59.21 123.56  59.07  46.53
   26 -0.232  0.293 -0.316 105.88  97.94 104.50  98.26 108.92  98.30  46.23
   27  0.593  0.465 -0.014 191.14  80.68 189.70  80.08 172.54  79.23  46.26
   28  0.770  0.038 -0.126 202.24 124.35 207.71 124.28 193.28 124.19  44.62
   29 -0.705  0.554 -0.273  63.94  70.09  55.98  71.35  65.62  72.16  45.18
   30 -0.053  0.672 -0.405 118.81  59.25 122.85  59.69 128.22  59.43  43.92
   31 -0.650 -0.741  0.501  98.12 207.89  59.49 206.73  39.77 205.19  45.28
   32 -0.838  1.049 -0.405  46.76  18.36  42.67  21.20  59.11  22.86  43.12
   33 -1.191 -0.406 -0.199  20.76 171.51   5.72 170.06  20.95 168.99  40.00
   34 -0.587 -0.017  0.205  92.80 130.04  66.96 130.01  57.29 129.99  48.50
   35  0.202  1.039  0.867 191.44  17.79 149.85  16.74 102.17  16.62  45.15
   36  0.419  0.725 -0.340 163.34  54.47 171.20  54.07 168.61  52.90  41.56
   37  0.416 -0.840  0.696 203.74 216.52 172.54 217.85 128.80 218.49  49.84
   38 -0.002  1.174  0.025 139.82   6.12 128.03   6.35 116.44   6.10  49.61
   39 -0.432  0.219  0.336 112.19 104.95  82.86 105.21  65.79 105.52  48.36
   40  0.492 -1.174 -0.948 146.83 245.24 177.46 245.65 197.27 248.12  77.43
   41  0.577 -0.432  0.276 201.27 172.90 188.78 173.55 160.18 174.25  46.90
   42  0.855 -0.204  0.237 223.98 149.15 217.76 149.61 187.82 150.09  41.03
   43 -1.094  0.566 -0.790   9.00  69.31  18.22  71.28  52.16  72.39  81.71
   44 -1.182  0.243  0.172  35.12 102.10   4.90 102.92   6.96 103.63  34.42
   45  0.403  0.859 -0.645 150.30  41.61 168.98  41.36 178.26  39.86  45.29
   46 -0.654 -0.227  0.064  81.14 152.33  60.27 151.88  56.94 151.53  44.76
   47  1.091  1.060 -0.611 211.04  23.05 238.75  20.89 240.85  17.19  46.80
   48 -0.159  1.098  0.126 129.42  13.20 111.62  13.82  98.38  14.19  44.94
   49 -0.702 -0.792 -0.077  71.49 211.92  55.70 210.20  58.25 208.93  58.71
   50  0.861  0.406  0.116 219.74  86.81 217.98  85.96 192.87  84.95  41.25
   51  0.150  0.608  0.841 185.61  63.63 144.36  63.09  98.43  63.11  44.00
   52 -0.909 -0.645 -0.903  22.34 194.86  37.17 192.83  72.12 191.96  39.55
   53 -0.163 -0.637 -0.920  89.85 192.77 111.94 192.02 137.53 192.27  42.08
   54 -0.626 -0.478  1.004 119.93 180.36  60.66 179.78  21.43 178.66  41.74
   55  0.115  0.935  0.298 160.86  30.49 140.27  30.18 116.52  29.86  61.32
   56 -0.130 -0.249  0.880 161.55 154.98 114.36 155.07  71.23 154.81  44.28
   57  0.712  0.863 -0.059 199.84  40.36 201.89  39.02 185.29  37.13  43.00
   58 -0.865 -0.765 -0.878  27.34 207.28  41.51 204.97  74.93 204.00  39.62
   59 -0.306 -0.283  0.589 133.71 158.49  95.78 158.32  66.94 158.04  45.44
   60  0.416 -1.050 -0.203 168.36 235.62 171.09 236.35 163.19 237.90  50.23
   61  0.197  1.105  0.738 185.78  11.22 149.27  10.27 106.83  10.03  47.84
   62 -0.740  0.283 -0.652  46.98  98.91  53.47  99.63  77.21  99.95  46.87
   63  0.035  0.608 -0.301 130.62  65.68 131.82  65.92 132.22  65.59  35.20
   64  0.202 -0.420  0.333 170.05 172.11 149.49 172.35 123.21 172.56  44.18
   65  0.085  0.826 -0.021 145.75  42.67 137.04  42.68 126.08  42.29  47.95
   66 -0.018 -1.048 -0.210 129.37 236.54 126.45 236.09 123.97 236.46  52.55
   67  0.698  0.968  0.300 212.90  28.52 201.55  26.72 170.56  24.86  39.87
   68  1.066  0.707 -0.205 224.83  57.19 237.83  55.52 224.19  53.31  40.21
   69 -0.113 -0.221  0.387 143.66 151.59 116.40 151.59  92.46 151.45  42.33
   70  0.640 -0.086  0.760 226.29 137.32 196.70 137.50 147.46 137.62  41.33
   71 -0.350 -1.067 -0.240  98.04 239.28  92.29 237.87  95.42 237.34  49.14
   72  0.249  1.058  0.200 169.00  18.28 154.33  17.66 132.43  16.84  45.69
   73 -0.993  0.282 -0.825  17.27  98.97  28.49  99.91  62.09 100.44  41.22
   74  0.690  0.261  0.265 210.79 101.39 200.56 100.93 171.25 100.49  44.98
   75 -0.525 -0.055 -0.547  70.54 133.94  74.93 133.83  91.83 133.79  41.50
   76 -0.443 -0.792 -0.671  73.66 209.71  83.51 208.26 103.71 207.95  48.20
   77  0.449  0.692 -0.511 159.44  58.27 173.92  57.94 177.67  56.76  52.88
   78 -0.054  0.254  0.205 141.86 101.65 122.58 101.70 104.80 101.74  44.14
   79  0.980  1.003 -0.478 206.76  27.97 228.06  26.10 225.70  22.96  36.80
   80  0.336 -0.101 -0.919 134.20 138.36 161.94 138.35 182.24 138.61  43.71
   81  1.093 -0.059  0.122 231.29 134.29 247.54 134.43 204.76 134.62  33.50
   82 -1.127  0.900 -0.303  23.12  32.94  12.73  36.03  30.42  38.17  42.82
   83 -0.592  1.132  0.611 107.95   6.40  65.44   7.95  40.56  10.07  45.19
   84  0.747 -1.008 -0.273 194.64 230.24 204.95 231.73 196.46 234.15  46.41
   85 -0.212  0.672  0.291 130.88  57.34 106.08  57.73  87.23  58.16  39.93
   86  0.012  0.207 -0.450 122.89 107.07 129.51 107.14 135.78 107.02  52.68
   87  0.982 -0.629 -0.292 214.06 191.53 228.93 192.77 219.23 194.71  40.76
   88 -0.241 -0.395  0.440 133.85 170.02 102.78 170.01  78.66 169.70  52.22
   89  0.921  0.625  0.541 242.08  63.78 225.85  62.01 182.65  60.61  72.87
   90 -0.775 -1.042 -0.485  49.78 237.02  49.36 234.32  67.66 232.91  41.53
   91  1.129  0.380  0.271 249.11  89.61 246.49  88.35 212.75  87.32  41.89
   92  1.159  0.841 -0.359 226.66  44.30 246.84  42.27 238.46  39.28  36.27
   93  0.788  0.284  0.838 242.36  98.49 212.74  97.82 158.34  97.33  44.40
   94 -0.924 -1.137 -0.855  22.75 245.92  35.52 242.33  68.97 240.72  39.80
   95 -0.001  0.685  0.764 168.80  55.32 128.20  55.05  87.65  55.28  51.33
   96  0.947 -1.182 -0.777 192.51 245.38 223.59 247.19 233.20 251.01  42.09
   97 -0.192 -1.011 -0.300 110.15 232.92 108.57 231.92 111.72 231.87  54.10
   98  0.355  0.388  0.194 186.92  88.13 160.37  87.76 151.46  87.30  40.82
   99 -0.221  0.049 -0.899  85.45 123.25 106.13 123.31 131.72 123.29  43.58
  100  0.628  0.335 -0.196 187.20  94.19 192.89  93.77 182.67  93.18  58.13
  101  0.025 -0.719 -0.182 134.23 202.49 130.85 202.27 126.83 202.58  46.00
  102  0.215  0.018  0.328 170.98 126.50 150.86 126.35 124.58 126.34  97.25
  103  0.799 -1.064  0.135 215.17 237.11 211.58 239.20 186.22 241.66  43.37
  104  0.327 -0.862  0.593 191.66 218.75 163.01 219.75 124.55 220.36  46.84
  105 -0.761  0.467  0.543  89.18  77.97  47.63  78.85  28.36  79.84  46.03
  106  0.475  0.544 -0.590 158.62  73.35 176.38  73.14 182.86  72.00  55.00
  107 -0.712 -1.131  0.586  95.53 250.36  52.70 248.29  30.83 245.87  83.32
  108 -0.612 -0.954  0.788 112.84 231.63  62.73 230.35  31.52 228.33  41.80
  109 -0.835 -0.928  0.805  92.36 229.49  38.90 227.62  11.23 225.11  45.55
  110  0.465  0.443  0.153 186.47  82.54 176.81  81.99 154.43  81.37  45.48
  111  0.940 -0.146  0.544 243.77 143.32 227.85 143.72 184.34 144.14  42.36
  112 -0.564 -1.020 -0.469  69.90 234.17  70.83 232.10  85.40 231.22  46.13
  113  0.116  1.015  0.714 177.32  20.67 140.63  19.97 100.16  19.98  41.94
  114  0.626 -1.001 -0.273 184.06 229.85 192.51 231.03 185.19 233.10  45.39
  115 -1.049  0.427 -0.134  36.60  82.87  20.02  84.20  30.45  85.32  43.37
  116 -1.164  0.988 -0.400  16.15  23.85   9.37  27.40  31.03  29.74  35.85
  117  0.561  1.032  0.636 214.27  20.37 187.93  18.47 144.71  17.14  36.80
  118  0.321  0.485  0.794 199.15  76.98 162.56  76.35 116.10  76.20  42.04
  119 -0.941 -0.483  0.207  59.25 180.01  29.99 178.79  26.08 177.57  47.29
  120  0.750 -0.622 -0.725 177.49 190.34 203.84 191.00 213.12 192.65  42.47
  121  0.398  0.855  0.988 213.98  37.45 171.13  36.08 115.60  35.57  46.19
  122 -0.428 -0.367 -0.256  90.19 166.53  84.31 165.97  89.23 165.71  46.86
  123  0.539  0.545 -0.658 161.79  73.54 182.65  73.15 191.35  72.03  55.56
  124  0.218 -0.830  0.045 160.34 214.30 150.84 214.50 135.75 215.10  74.42
  125  0.140  1.038  0.349 164.94  19.66 143.15  19.05 116.57  18.83  68.57
  126  0.123  0.466 -0.885 116.61  81.36 140.59  81.50 161.70  80.97  56.95
  127  0.587 -0.654  0.160 197.51 195.59 189.50 196.53 165.43 197.65  48.50
  128  0.588  0.236 -0.081 188.15 104.08 189.07 103.82 174.68 103.55  51.29
  129 -0.180 -0.342 -0.718  95.69 163.16 110.07 162.75 128.59 162.85  43.11
  130 -0.119  0.370  0.836 160.78  88.50 115.47  88.64  74.04  88.93  51.03
  131 -0.311  0.349 -0.196 103.53  92.01  96.03  92.32  97.67  92.56  47.32
  132  0.089  0.351 -0.920 112.29  92.91 137.20  93.06 159.94  92.80  52.39
  133  0.660 -1.053  0.627 222.71 238.01 198.45 240.19 154.43 241.88  46.93
  134  0.690  0.436  0.620 224.97  82.87 201.54  81.93 157.54  81.23  31.08
  135 -0.478  0.028  0.682 121.32 125.28  77.40 125.31  47.86 125.36  33.25
  136  0.799  0.933 -0.218 201.23  33.86 210.39  32.35 199.27  29.99  42.20
  137 -0.755 -0.947 -0.774  41.11 226.10  52.34 223.65  80.30 222.50  34.76
  138 -0.457  0.066  0.041  98.73 121.24  80.79 121.33  75.25 121.65  46.62
  139  0.650  0.634  0.581 219.86  62.30 197.20  61.02 155.24  60.01  40.60
  140 -1.046 -0.221 -0.356  28.82 151.61  21.27 150.89  39.44 150.47  38.93
  141  0.413 -0.769  0.765 206.26 209.08 172.42 210.55 125.84 211.01  40.79
  142  0.081 -0.987 -0.035 144.87 230.46 136.61 230.42 126.21 230.91  45.88
  143 -0.601 -0.769  0.527 103.73 210.80  64.61 209.66  43.10 208.27  39.58
  144  0.236 -0.557  0.055 162.36 185.79 152.67 186.05 137.11 186.79  50.77
  145  0.129 -1.172  0.546 171.94 251.82 141.88 252.48 108.04 252.65  39.25
  146  0.036  1.130  0.034 143.68  10.91 131.92  10.84 119.66  10.55  55.96
  147  0.035 -0.055 -0.916 107.64 133.74 131.82 133.69 155.00 133.98  42.78
  148  1.178  0.008  0.061 244.80 127.43 250.71 127.41 225.12 127.39  31.57
  149  0.713 -0.782  0.846 236.27 210.20 204.72 212.10 150.96 213.35  36.55
  150 -0.930  0.181  0.613  79.64 108.54  27.31 108.96  14.27 109.68  41.34
  151  0.019  0.053  0.815 172.58 122.77 130.31 122.40  87.42 122.50  43.93
  152  0.048  0.901  0.510 163.21  33.34 133.26  32.85 102.20  32.88  66.86
  153  0.654 -0.919 -0.826 165.37 219.87 193.93 220.61 207.79 222.87  39.40
  154  0.421  0.586 -0.665 145.06  69.07 174.34  69.17 174.26  68.08  43.96
  155 -0.289 -1.024  0.078 115.65 235.72  98.24 234.77  88.61 234.16  45.00
  156  0.329 -0.617  1.013 208.74 194.02 163.77 194.77 108.13 195.13  66.96
  157 -0.210 -0.885  0.116 124.30 221.10 106.39 220.47  94.19 220.10  46.00
  158 -1.103  0.465 -0.256  27.08  78.94  14.94  80.50  30.70  81.73  46.25
  159  0.922 -0.081 -0.804 189.21 136.34 221.00 136.46 231.97 136.70  31.14
  160  0.794  0.213 -0.492 190.19 106.91 209.08 106.53 208.94 105.97  52.00
  161  0.177 -0.317  0.554 176.51 161.78 147.03 161.76 112.25 161.85  51.94
  162 -1.078  0.203 -0.830  10.97 107.21  19.04 107.81  56.75 108.18  27.00
  163  0.365 -0.431  0.303 183.49 173.08 166.58 173.50 139.41 173.92  36.83
  164  0.505 -0.287  0.698 211.76 158.40 182.13 158.88 137.15 159.21  35.29
  165 -0.926 -0.527 -0.845  22.99 182.71  35.15 181.12  68.70 180.54  40.61
  166  0.284  0.104  0.169 170.96 117.58 157.94 117.30 137.06 117.20  39.58
  167  0.449  0.991 -0.589 156.59  28.31 173.78  27.76 180.56  25.98  32.00
  168 -1.113 -1.149 -0.756   8.46 248.18  16.09 244.03  49.11 241.77  29.86
  169  0.748  0.361  0.188 212.73  91.48 206.43  90.59 179.52  89.60  49.82
  170  0.761 -0.541 -0.343 193.00 182.89 206.09 183.67 200.32 185.01  60.25
  171 -0.736 -0.878  0.593  93.87 223.28  50.03 221.58  28.77 219.15  41.60
  172 -0.737 -0.892 -0.858  39.98 220.19  54.35 217.79  85.19 216.93  37.50
  173 -0.805 -1.150 -0.948  30.31 246.46  47.89 243.57  82.49 241.89  39.73
  174  0.166 -0.555  0.548 175.23 186.54 145.83 187.31 111.41 187.27  49.32
  175 -0.530 -0.615 -0.914  56.96 190.88  75.12 189.55 105.24 190.11  41.56
  176  0.375  0.505  0.946 210.16  74.64 168.61  73.81 115.16  73.64  37.88
  177  0.573  0.601 -0.720 162.45  68.40 186.05  67.55 196.74  66.06  54.65
  178  0.158 -1.073 -0.092 149.48 239.39 144.61 238.83 135.19 239.75  32.64
  179  0.454 -0.663  0.532 200.51 197.48 176.35 198.43 138.74 199.14  35.60
  180  0.611 -0.036  0.444 210.76 131.93 192.84 132.00 156.78 132.37  45.50
  181 -1.100 -0.122  0.050  27.00 141.02  20.20 141.45   8.42 140.25  45.20
  182 -0.481 -1.129 -0.073  92.32 247.11  78.45 244.89  77.46 243.82  32.10
  183 -0.058 -1.197 -0.947  98.29 249.28 122.54 248.01 147.62 248.87  30.89
  184 -0.694 -0.723 -0.070  72.12 204.37  56.75 203.43  58.33 201.70  42.30
  185  1.102 -0.338  0.139 229.33 162.36 250.69 163.99 200.93 164.35  35.21
  186  0.255  1.167 -0.246 152.51   8.92 154.45   8.26 150.11   6.99  57.08
  187 -0.463  0.449  0.617 120.08  79.74  79.13  80.23  51.66  81.76  50.37
  188 -0.189  0.909  0.744 150.63  30.96 108.08  31.19  71.21  31.96  28.50
  189  0.612 -0.390 -0.311 181.47 167.52 190.84 168.87 185.55 168.75  46.86
  190  0.540  0.623 -0.417 170.76  65.05 183.45  64.68 182.35  63.76  41.56
  191 -0.638 -1.203 -0.175  72.83 253.77  63.16 252.63  66.59 250.97  37.25
  192 -0.808  0.811  0.953 100.75  40.01  41.22  40.69   7.53  42.98  22.70
  193 -0.805  0.092 -0.709  38.96 118.49  46.89 118.72  73.87 119.61  46.19
  194 -0.245  0.530 -0.760  88.39  74.28 103.60  74.82 124.47  74.73  24.29
  195 -1.085 -0.104 -0.559  17.80 139.04  18.26 139.32  43.95 138.25  26.25
  196  0.723  0.861  0.413 219.55  39.35 204.49  37.51 168.61  35.79  40.00
  197 -1.015  0.503  0.593  73.01  73.92  17.11  75.41   9.61  75.60  34.19
  198  1.070 -0.224  0.395 233.49 151.93 250.72 151.45 184.23 152.06  41.83
  199  0.131  1.022 -0.911 116.54  25.36 141.43  26.08 163.38  24.55  37.67
  200 -0.599  0.435  0.332  96.44  81.84  65.29  82.55 108.04 252.65  44.14
  201  0.548  0.883  0.609  72.83 253.77 186.55  34.48 144.61  33.35  37.25
  202  0.312 -0.598 -0.332 153.86 188.91 160.42 190.14 158.25 189.85  45.91
  203 -0.970 -0.120 -0.791  20.58 140.78 252.41 253.62  62.79 140.03  69.94
  204 -1.197 -0.889  0.080  30.31 223.88 252.41 253.62   9.27 218.12  45.76
  205 -0.847  0.065 -0.565  40.23 121.73  42.22 121.57  64.78 121.66  52.83
  206  0.809  0.341 -0.733 182.17  94.16 209.91  94.05 218.83  92.79  41.47
  207 -0.318  0.346  0.134 115.04  91.90 252.41 253.62  83.89  92.46  57.86
  208  0.965  0.668 -0.658 198.47  61.86 252.41 253.62 230.76  58.64  39.61
  209  1.077  0.345 -0.532  72.83 253.77 237.72  93.21 236.84  92.03  37.25
  210 -0.232  0.550  0.724  72.83 253.77 103.54  69.25  68.22  70.40  37.25
  211  0.150 -0.579  0.326 165.09 188.79 252.41 253.62 118.69 189.25  51.57
  212 -0.503 -1.026  0.926 128.63 239.76  74.18 238.59  35.63 236.59  64.67
  213 -1.164 -1.077  0.461  47.63 245.36   5.29 241.96 108.04 252.65  42.18
  214 -1.262 -0.610 -0.312   9.93 193.12 252.41 253.62  19.35 189.14  35.53
  215 -0.877  0.332 -0.579  36.92  93.18  39.25  94.02  62.68  96.04  36.76
