    1  0.982  0.338  0.625 250.71  93.27 232.60  92.30 185.20  91.44  47.60
    2  0.191 -0.079 -0.706 129.24 136.23 147.53 136.25 161.32 136.31  42.62
    3  0.191  0.985  0.823 188.63  23.66 148.73  22.69 102.89  22.59  43.63
    4  0.609  1.023  0.915 229.86  20.49 193.71  18.21 138.32  16.94  41.07
    5  0.011  0.200  0.160 146.05 107.35 129.42 107.37 112.48 107.34  47.28
    6 -0.120  0.424 -0.551 107.26  84.80 116.07  85.20 127.73  85.05  46.33
    7 -1.051  0.283 -0.009  40.97  98.02  19.28  98.89  25.35  99.60  36.44
    8  0.257  0.021 -0.395 141.45 126.11 157.56 126.14 150.24 126.10  48.31
    9 -1.105  0.401 -0.579  15.43  86.19  16.25  87.59  43.13  88.43  39.95
   10 -1.163  0.598 -0.389  16.63  65.07   9.48  67.20  30.80  68.64  42.06
   11  0.520  0.995 -0.515 165.53  27.83 181.12  27.13 184.24  25.21  43.41
   12 -0.018 -0.434 -0.782 107.90 172.32 126.45 172.01 145.36 172.28  46.32
   13  1.000  0.413 -0.076 224.18  86.45 231.61  85.54 213.26  84.28  51.17
   14 -0.762  0.349  0.056  70.74  91.22  49.05  92.00  47.79  92.63  47.37
   15 -0.900  0.738  0.131  60.56  49.42  34.47  51.33  32.80  52.97  47.00
   16  0.161 -0.714  0.250 163.21 202.76 145.11 203.07 122.72 203.34  63.41
   17 -0.091  0.329 -0.047 128.81  94.07 118.81  94.24 111.21  94.23  44.04
   18 -1.141  0.488 -0.261  23.30  76.48  11.15  78.16  27.66  79.36  39.19
   19 -0.739  1.169 -0.679  46.14   7.11  53.59  10.15  78.16  11.46  43.41
   20 -0.262  0.540 -0.303 103.70  72.30 101.46  72.91 105.76  73.03  44.86
   21 -1.195 -0.070 -0.352  14.87 135.71   6.01 135.45  26.66 135.28  73.00
   22 -0.861  0.919 -0.454  42.82  32.00  40.58  34.57  59.09  36.04  60.50
   23  0.710  0.901  0.829 235.25  33.86 204.33  31.66 151.31  30.23  43.24
   24  0.290  0.847 -0.805 134.43  43.09 157.42  43.15 173.86  41.85  44.83
   25 -0.233  0.918  0.499 137.02  30.74 103.67  31.15  77.08  31.90  49.71
   26 -0.141 -0.043 -0.204 118.34 132.67 113.75 132.64 112.75 132.64  44.85
   27 -0.718  0.629  0.227  81.33  61.19  53.17  62.49  44.89  63.68  47.09
   28 -0.825 -0.464  0.972  99.76 179.09  39.35 178.23   5.25 176.89  40.18
   29  0.137  0.787 -0.573 129.57  48.18 142.21  48.41 151.56  47.64  42.92
   30 -0.863 -0.878  0.521  78.81 223.11  36.95 221.15  20.36 218.94  43.28
   31  0.388  1.156 -0.374 159.48  10.67 167.85  10.11 167.10   8.37  49.30
   32 -0.726 -0.143 -0.271  62.07 143.25  53.78 142.94  63.80 142.74  54.24
   33  0.389 -0.293  0.488 192.97 158.81 169.36 159.21 134.44 159.47  50.39
   34 -0.244  0.262 -0.841  85.42 101.61 103.74 101.97 127.54 101.92  44.59
   35 -0.098 -0.780 -0.085 126.81 209.30 118.13 208.88 112.00 208.90  48.97
   36 -0.919  0.418 -0.851  23.30  84.94  36.08  86.26  69.39  86.87  40.00
   37 -0.456 -0.905  0.110 101.38 223.77  80.73 222.53  72.47 221.57  48.74
   38  0.349  0.720 -0.139 164.87  54.41 164.30  54.00 154.71  53.09  46.65
   39 -0.545  0.912  0.892 123.35  29.29  69.75  30.26  33.31  32.10  45.00
   40 -0.057  0.978  0.630 158.25  24.45 122.15  24.34  87.77  24.76  46.36
   41 -0.101  0.617  0.789 160.43  62.32 117.46  62.23  77.39  62.70  72.14
   42  0.076  0.762  0.506 165.51  47.98 136.30  47.70 104.88  47.66  47.12
   43  0.147  0.895 -0.230 143.38  36.24 143.36  36.24 139.63  35.55  51.83
   44  1.195  0.424 -0.119 239.13  85.67 251.67  84.52 233.31  83.01  42.52
   45  0.720  0.402  0.462 221.24  86.63 204.26  85.82 166.51  85.08  53.63
   46  0.198 -0.725  0.005 156.73 203.25 148.94 203.53 135.16 203.93  91.41
   47 -0.361 -0.253 -0.543  85.76 154.37  91.63 153.98 106.11 153.90  47.75
   48 -0.075 -0.386  0.617 156.14 169.29 120.29 169.32  86.74 169.13  46.80
   49  0.212 -0.114  0.799 189.47 140.36 150.92 140.53 105.78 140.50  46.63
   50 -0.790  0.508 -0.561  45.66  75.34  48.11  76.64  69.45  77.34  84.03
   51 -0.465 -0.132 -0.206  88.65 141.99  80.46 141.78  84.09 141.69  45.21
   52  0.095 -0.521  0.401 163.06 182.93 138.26 183.10 110.74 183.19  52.19
   53  0.779 -0.404  0.240 223.50 169.60 206.25 170.52 186.88 171.44  42.25
   54 -0.283  0.679  0.577 135.38  55.88  98.24  56.25  69.50  56.93  45.42
   55  0.401 -0.771  0.554 196.79 208.95 170.65 210.03 133.03 210.72  51.65
   56 -0.905 -0.996  0.657  79.86 236.53  32.00 234.23  11.07 231.48  56.72
   57 -0.934 -0.404 -0.141  47.28 171.09  31.94 169.94  40.65 169.11  41.44
   58  0.570 -1.187 -0.642 165.08 247.43 185.92 248.39 193.43 250.87  46.19
   59 -0.699  0.016  0.034  75.83 126.58  55.66 126.67  54.14 126.59  81.12
   60  0.447  0.737  0.715 207.28  50.84 175.96  49.67 131.02  49.00  44.00
   61  0.913  0.170  0.610 244.15 110.71 225.30 110.24 179.25 109.85  40.16
   62  0.320 -0.924 -0.800 137.22 221.20 160.41 221.21 176.34 222.68  44.70
   63  0.329  1.117 -0.136 163.21  13.62 162.16  13.02 152.61  11.70  50.29
   64 -0.511  1.005  0.642 116.72  20.20  73.91  21.36  46.45  23.05  43.12
   65 -0.918  0.102 -0.857  23.05 117.74  36.11 118.06  69.66 118.21  34.46
   66  0.284 -0.611 -0.316 152.27 190.65 157.35 190.82 155.34 191.55  46.70
   67  0.871  0.137 -0.683 189.39 114.63 216.20 114.43 222.84 114.03  40.71
   68  0.979  0.074 -0.588 202.29 120.85 227.47 120.72 229.58 120.48  39.25
   69  0.706  1.000  0.345 215.41  25.04 202.53  23.13 169.61  21.21  41.18
   70  0.322 -0.024 -0.524 147.66 130.70 160.95 130.70 166.53 130.74  41.37
   71 -0.140  1.116  0.940 163.10   8.26 113.25   8.13  67.85   9.19  46.83
   72 -1.115  1.073 -0.458  18.75  15.21  14.62  18.95  37.46  21.33  37.79
   73  0.624  0.871 -0.361 180.48  40.11 192.11  39.15 188.23  37.30  40.29
   74  0.345 -0.334  0.220 178.47 162.85 164.37 163.17 140.76 163.54  46.64
   75  0.832  0.804  0.457 231.03  45.24 215.99  43.38 177.47  41.56  57.25
   76 -0.860 -0.781 -0.292  48.73 210.42  40.10 208.31  52.88 206.94  45.58
   77 -0.846  0.689  0.604  83.52  53.58  38.41  55.10  18.45  56.82  46.79
   78  0.290 -0.489  0.102 168.89 178.89 158.42 179.20 140.13 179.64  48.88
   79  0.479 -1.125  0.158 188.02 244.31 178.29 245.61 155.42 247.19  45.21
   80  0.000 -0.918  0.439 156.00 224.97 128.28 225.08 100.56 224.98  44.03
   81  0.661 -0.232 -0.532 177.05 151.58 195.39 151.82 197.96 152.36  41.22
   82 -0.059 -0.034 -0.766 104.80 131.66 122.32 131.63 141.18 131.66  44.89
   83  1.026  0.751 -0.172 222.55  52.58 233.91  50.88 219.02  48.55  44.55
   84  0.731  0.520 -0.501 184.39  76.07 202.63  75.38 203.35  74.09  51.64
   85 -0.339  0.018 -0.349  94.88 126.43  93.57 126.46 100.67 126.46  42.06
   86  0.789 -1.124 -0.005 208.77 242.77 210.09 244.81 190.50 247.45  47.87
   87 -0.540  0.037 -0.487  71.52 124.43  73.27 124.52  88.37 124.48  32.52
   88 -0.220  0.866  0.499 138.24  36.23 104.97  36.67  78.33  37.29  50.96
   89 -0.542 -0.732  0.264  99.25 205.93  71.45 204.94  58.88 203.96  52.23
   90  0.004 -1.041  0.077 142.23 236.75 128.62 236.59 114.92 236.77  45.14
   91  0.334 -0.929  0.709 196.96 226.18 163.91 227.35 120.69 227.90  45.25
   92  0.826  0.372 -0.866 178.60  91.45 211.13  90.95 225.13  89.91  59.81
   93 -0.435 -0.778  0.308 110.87 210.80  82.67 209.97  66.59 208.98  45.21
   94  0.365  0.009  0.121 176.26 127.26 166.38 127.25 146.28 127.31  46.85
   95  0.056 -0.140  0.830 176.49 143.16 134.25 143.21  90.15 143.17  46.16
   96 -0.067 -0.030 -0.102 109.05 131.42 133.03 131.35  94.77 131.34  41.30
   97  0.818 -0.152 -0.666 185.53 143.43 210.98 143.62 217.38 144.04  41.77
   98 -0.442 -0.358  0.071 101.17 165.98  82.28 165.49  75.30 165.14  43.00
   99 -0.604 -1.170 -0.266  73.63 250.74  66.22 248.37  74.06 247.05  43.19
  100 -0.075 -0.125 -0.469 114.36 141.09 120.65 140.93 128.69 141.04  47.61
  101 -0.130 -1.138 -0.588 105.16 244.70 115.12 243.59 128.15 243.95  45.55
  102  0.395 -0.512 -0.754 145.58 179.75 168.08 179.80 181.65 180.70  55.46
  103 -0.488 -0.057 -0.587  72.54 134.16  78.80 134.05  96.63 134.05  42.86
  104  0.447 -0.325  0.218 187.44 161.84 175.05 162.20 150.26 162.62  46.07
  105 -0.053  0.289  0.378 148.74  97.77 122.70  97.79  98.20  97.85  41.17
  106 -0.615 -0.600  0.395  97.34 192.40  63.46 191.42  47.13 190.46  45.70
  107  0.379  0.398  0.326 185.53  86.91 168.15  86.45 139.68  86.04  32.19
  108 -1.145 -0.184 -0.591  11.12 147.59  12.20 146.89  40.16 146.51  40.62
  109 -0.089 -0.153 -0.236 121.93 144.01 119.13 144.05 118.70 143.94  52.03
  110  0.591  0.808  0.795 223.37  43.45 191.45  41.85 141.37  40.77  39.52
  111  1.105 -0.209 -0.730 207.35 148.94 239.91 149.43 246.24 150.00  50.03
  112  0.355  0.380  0.323 183.36  88.78 165.57  88.30 137.68  88.04  62.67
  113 -0.421 -0.680  0.173 106.96 200.14  84.25 199.31  73.12 198.61  47.19
  114  0.338 -0.802  0.633 194.38 212.61 164.17 213.50 124.23 214.02  61.93
  115  0.939  0.998 -0.866 188.35  29.54 222.46  28.07 235.63  24.88  42.07
  116  0.444 -0.795 -0.277 167.76 209.24 173.85 209.83 168.34 211.07  45.00
  117  0.022 -1.117  0.270 151.43 245.37 130.48 245.42 109.13 245.35  47.37
  118  0.601 -0.845  0.427 209.40 215.94 191.67 217.39 156.60 218.71  45.05
  119  0.147  0.582  0.811 185.90  66.43 142.93  65.96 101.15  65.98  32.68
  120  0.799  0.857  0.566 232.34  39.45 213.02  37.41 169.91  35.60  45.25
  121 -1.169 -0.555  0.143  35.26 187.98   6.35 186.13   9.18 184.51  44.07
  122  0.706  0.064  0.143 207.26 121.73 201.88 121.62 177.27 121.49  42.00
  123  0.668 -0.754  0.578 221.35 206.83 199.15 208.24 157.08 209.52  53.19
  124  0.268 -0.381  0.282 173.98 167.98 156.38 168.25 131.27 168.54  40.19
  125 -0.848 -0.838 -0.287  50.12 216.40  41.33 214.16  53.78 212.74  40.19
  126  0.292  1.109  0.023 166.11  13.72 158.59  13.11 143.27  12.01  48.75
  127 -0.753 -1.090  0.793  99.72 246.85  47.67 244.95  18.86 242.22  42.93
  128  0.939 -0.146 -0.480 203.17 142.92 223.85 143.01 222.12 143.45  36.61
  129  0.989  1.140 -0.453 208.48  14.27 229.02  12.07 225.60   8.50  39.67
  130  1.064 -0.885 -0.091 229.05 217.58 238.20 219.73 219.68 222.63  41.91
  131  0.659  0.145  0.786 229.10 113.09 198.74 112.71 148.38 112.50  32.26
  132  0.495  0.491 -0.721 155.48  78.95 178.19  78.70 189.49  77.73  39.88
  133  0.754 -1.039 -0.450 188.43 232.79 205.12 234.19 203.60 236.79  43.08
  134  1.018  0.817 -0.021 227.84  45.54 233.73  43.57 212.77  41.11  42.71
  135  0.260  0.958 -0.760 133.38  31.77 154.57  31.76 169.37  30.41  62.67
  136 -1.121  1.163 -0.547  15.14   5.96  14.48  10.10  40.42  12.65  35.69
  137  0.846  1.026  0.931 251.46  20.89 219.34  17.83 160.31  15.85  39.24
  138  0.703  0.335  0.147 207.15  94.03 201.55  93.34 176.80  92.67  44.81
  139  0.209 -1.160 -0.691 131.68 245.50 149.36 245.54 162.41 246.73  47.37
  140 -0.241 -0.231  0.237 126.04 152.59 103.08 152.35  86.76 152.22  61.64
  141 -0.634  0.568  0.431  96.96  67.27  61.38  68.35  44.10  69.45  49.87
  142 -0.039  0.667  0.717 163.31  57.34 124.12  56.98  85.97  57.29  72.26
  143  0.185 -1.174  0.230 176.69 250.26 140.63 251.16 137.53 252.01  45.30
  144 -0.359 -0.627  1.012 145.52 196.09  89.46 195.88  45.05 194.98  50.39
  145 -0.809 -0.925  0.532  84.35 228.14  42.62 226.22  24.64 224.01  37.83
  146  0.331  0.540  0.139 170.19  72.35 164.94  71.98 138.52  71.47  55.48
  147 -0.631 -0.531 -0.645  57.31 183.20  64.47 181.97  86.37 181.50  37.25
  148  0.622 -0.748 -0.154 187.93 204.37 192.56 205.59 180.08 206.79  47.64
  149  1.016 -0.597 -0.801 197.40 187.25 230.48 188.26 240.61 190.27  35.78
  150 -0.695  0.062  1.007 113.99 121.55  53.06 121.47  15.70 121.80  41.27
  151  0.281 -0.241  0.500 183.79 153.48 157.97 153.70 124.00 153.87  43.30
  152  0.813  0.751  0.176 217.98  51.36 213.21  49.81 186.10  48.08  42.17
  153  0.006 -0.208 -0.314 127.44 149.62 128.85 149.48 130.06 149.66  39.05
  154  1.121  1.004  0.251 247.56  26.19 245.64  23.03 212.50  19.98  52.83
  155 -1.030 -0.621  0.273  53.41 195.39  20.29 193.61  15.89 191.27  43.09
  156 -0.662 -0.090 -0.957  43.26 137.45  62.08 137.22  95.41 137.19  43.40
  157 -1.086 -0.169 -0.578  17.09 146.12  18.10 145.58  44.63 144.81  40.04
  158 -0.258 -0.649  0.277 139.85 196.65  93.48 196.29  96.64 196.06  45.70
  159  0.867 -0.980 -0.053 213.59 227.79 218.00 229.71 199.64 232.26  42.70
  160  0.191  0.556  0.457 173.87  69.86 148.50  69.58 117.28  69.23  45.57
  161  0.968 -1.024  0.013 224.97 232.16 228.72 234.51 206.81 237.46  42.06
  162  0.168  0.554  0.928 190.93  69.18 146.23  68.45  96.78  68.74  49.78
  163 -0.368 -1.172 -0.066 102.93 250.93  90.20 249.46  87.10 248.65  34.17
  164 -0.834  1.063  0.328  74.22  14.15  40.65  16.56  30.63  18.95  43.00
  165 -0.460 -0.764 -0.001  96.71 208.67  80.57 207.42  76.40 206.66  67.00
  166  0.189 -0.492  0.989 195.18 180.80 148.67 181.37  96.13 181.35  48.25
  167  1.158 -0.738 -0.398 224.92 201.98 246.55 203.55 239.65 206.18  30.54
  168  0.505  1.069 -0.519 164.12  20.35 179.63  19.61 183.04  17.57  34.67
  169 -0.037 -0.383 -0.605 112.74 167.29 124.45 167.19 137.14 167.22  43.88
  170  0.672  0.651  0.258 225.49  61.56 188.86  60.12 186.87  58.55  41.05
  171  0.302 -0.414 -0.170 159.46 170.68 159.42 170.86 151.58 171.35  33.43
  172  0.845 -0.772  0.433 231.00 207.88 217.38 209.69 179.38 211.48  38.55
  173  0.010 -0.153  0.855 173.37 144.54 129.36 144.54  85.01 144.69  50.12
  174  0.194 -0.675  0.140 161.79 198.18 148.41 198.48 129.88 199.49  30.21
  175  0.043  0.023 -0.360 122.99 125.63 136.24 126.04 128.95 126.02  40.36
  176 -0.116 -0.656  0.377 143.05 197.83 115.99 197.07  92.60 197.03 108.84
  177 -0.164  0.125  0.764 153.73 115.29 110.80 114.66  72.76 114.76  55.73
  178 -0.133  0.608  0.444 144.29  63.71 114.13  63.96  88.63  64.65  46.40
  179 -0.441  0.605 -0.411  83.35  65.46  83.30  66.46  94.09  67.11  48.50
  180 -0.099  0.832  0.765 159.83  39.29 117.71  39.18  78.62  40.07  44.40
  181 -0.361 -1.203 -0.089 115.35 253.58  83.96 252.71 100.46 252.26  47.00
  182 -0.069 -0.267 -0.476 114.93 155.48 121.00 155.28 129.75 156.02  46.85
  183  0.327 -0.483 -0.705 142.85 177.11 160.41 177.00 175.10 177.77  29.81
  184  0.755 -0.713 -0.930 170.14 199.20 203.80 199.42 220.81 201.38  46.18
  185 -0.579  0.029 -0.150  80.07 125.44  68.57 125.20  71.77 125.24  32.92
  186 -0.176  0.686 -0.812  92.68  58.47 110.55  59.37 132.44  59.06  38.67
  187  0.935  0.697  0.805 254.07  55.71 228.44  53.61 173.84  52.09  36.00
  188 -0.508  0.303  0.071  95.21  96.52  75.35  96.38  69.62  97.33  44.78
  189  0.570 -0.678 -0.494 170.49 196.86 186.25 197.20 187.99 198.59  46.36
  190  0.953 -1.214 -0.793 192.36 248.67 224.10 250.52 234.27 254.12  38.75
  191 -0.358  0.435  0.938 142.64  81.20  89.65  81.42  48.22  82.02  26.75
  192  0.509  0.543 -0.159 181.59  72.74 178.78  72.34 173.77  71.54  33.64
  193  0.853  0.633  0.493 234.19  63.13 218.34  60.87 177.98  60.16  44.95
  194 -0.978  0.358 -0.117  33.26  89.53  33.28  91.18  26.02  92.81  34.51
  195 -0.440  0.368  0.180 105.53  89.31  82.34  89.69  71.27  90.23  42.50
  196  0.858 -0.425  0.519 235.54 171.97 219.10 173.03 177.29 174.69  40.14
  197 -0.757 -0.205  0.451  86.05 150.36  48.34 149.84  32.45 149.47  32.50
  198  0.259 -0.434  0.492 181.55 173.70 155.62 174.24 122.30 174.45  42.67
  199  0.306  0.552  0.439 183.49  70.63 160.54  70.04 128.56  69.58  30.00
  200 -0.219  0.152 -0.944  83.86 112.73 106.39 113.19 133.40 112.96  28.50
  201 -0.072  0.519  0.972  78.27 254.09 120.45  72.05  72.70  73.00  52.88
  202 -0.039  0.113  0.470  78.27 254.09 124.13 116.33  95.81 116.36  52.88
  203 -0.724  0.072  0.442  88.90 120.55 100.60 253.90  35.76 120.84  44.55
  204  0.281  0.020  0.112 168.51 126.15 100.60 253.90 138.97 126.14  47.62
  205 -0.214  0.930 -0.680  94.10  33.06 106.69  34.32 124.16  34.06  40.50
  206 -0.274 -1.246 -0.737  78.27 254.09 100.60 253.90 120.86 253.95  52.88
  207  0.105  0.583  0.797 179.69  66.26 139.50  65.89 234.27 254.12  44.75
  208 -0.638 -1.152  0.880  78.27 254.09  59.70 251.94  25.47 249.46  52.88
  209  0.586 -1.204 -0.372  78.27 254.09 188.20 251.55 185.06 253.64  52.88
  210 -0.507  0.314  0.421 108.47  94.69 100.60 253.90  55.72  95.57  52.70
  211  0.196  0.024 -0.462  78.27 254.09 148.28 126.11 152.83 125.54  52.88
  212  0.620 -0.627 -0.909 159.48 190.24 190.24 190.66 207.88 193.42  38.79
  213  0.598  0.672 -0.734 163.97  61.28 100.60 253.90 199.38  58.60  29.00
  214  0.314 -1.074  0.915 203.45 242.28 162.01 243.78 234.27 254.12  34.57
  215  0.431  0.315  0.755  78.27 254.09 174.31  94.62 127.92  94.36  52.88
  216 -0.009 -1.166  0.053 140.58 251.03 127.21 248.75 115.01 248.96  53.61
  217 -0.764 -0.693 -0.217  60.00 201.40  49.91 199.71  57.88 198.14  44.44
  218  0.737 -0.321 -0.824 172.46 160.08 202.37 160.39 215.35 161.62  37.90
  219  0.614 -0.335  0.014 194.15 162.72 191.98 163.00 173.51 163.62  59.50
  220  0.190 -1.155  0.035 157.44 247.76 100.60 253.90 133.46 249.00  32.71
  221 -1.243 -1.063  0.020  23.79 242.36 100.60 253.90   7.81 235.37  36.69
