    1 -0.889 -0.188 -0.115  52.48 148.21  36.51 147.71  43.56 147.32  45.16
    2 -0.366  0.865  0.826 137.43  35.05  89.02  35.57  51.99  36.84  43.94
    3 -0.917  0.390  0.404  69.13  86.18  31.72  87.14  20.44  88.13  39.81
    4 -0.716  0.295 -0.229  64.58  97.23  54.73  97.92  63.01  98.33  42.28
    5 -0.501 -0.032  0.369 107.03 131.62  75.53 131.57  58.32 131.53  47.23
    6 -0.037  0.767  0.581 158.24  47.02 124.38  46.93  91.63  47.18  50.38
    7  0.117  0.279  0.716 177.44  98.68 140.74  98.49 100.23  98.50  42.15
    8  0.456 -0.099  0.276 190.53 138.51 176.10 138.64 148.88 138.76  49.96
    9 -0.666 -0.106  0.255  87.26 139.60  58.55 139.40  48.37 139.20  39.89
   10 -0.659  0.216 -0.874  46.48 106.02  62.19 106.56  92.58 106.73  78.97
   11  0.406  0.826 -0.096 171.50  43.60 170.19  42.98 158.20  41.84  47.53
   12 -0.971  0.401 -0.076  46.11  85.59  27.87  86.76  34.89  87.65  43.56
   13 -0.271  0.363  0.463 132.02  89.69  99.65  89.93  75.16  90.25  44.35
   14  0.068  0.166 -0.890 111.55 111.54 135.04 111.66 157.02 111.49  43.74
   15  0.116  0.463  0.899 184.72  78.94 140.84  78.55  92.84  78.61  50.43
   16 -0.418 -0.246  0.437 117.34 154.49  84.12 154.23  62.97 153.92  50.56
   17  0.345  1.124 -0.641 145.46  14.76 163.20  14.56 172.86  12.80  43.65
   18  0.361  0.231  0.536 192.41 104.05 166.51 103.80 130.08 103.57  46.07
   19  0.439 -0.301 -0.176 171.33 159.04 173.50 159.27 164.40 159.73  48.46
   20 -0.152  0.963 -0.033 123.94  27.86 112.55  28.49 105.18  28.63  50.78
   21 -0.851  0.637  0.921  95.32  58.46  36.76  59.70   5.05  61.56  42.88
   22  0.206  0.725  0.770 187.78  51.40 150.25  50.71 106.37  50.57  42.50
   23 -1.146  0.593 -0.621  10.01  66.00  12.20  68.16  41.24  69.47  39.73
   24 -0.320 -0.800  0.774 139.69 214.20  94.04 213.80  58.24 212.76  45.09
   25 -0.589 -0.520  0.443 101.60 183.89  66.07 183.11  47.54 182.16  48.51
   26  0.443  1.185 -0.528 158.37   8.41 173.33   7.81 177.68   5.75  40.31
   27  1.088  0.068 -0.382 219.60 121.50 239.42 121.36 232.52 121.12  42.64
   28  0.611 -0.741  0.765 223.90 205.91 193.55 207.46 144.48 208.43  82.00
   29  0.537  0.181 -0.449 169.43 109.96 182.96 109.82 183.44 109.46  45.00
   30 -1.066 -0.416 -0.210  32.37 172.33  18.62 170.99  32.11 170.03  40.49
   31  0.886  0.354 -0.454 199.52  92.76 218.54  92.19 216.11  91.18  42.67
   32 -0.161  0.545  0.725 152.48  70.09 111.09  70.13  74.61  70.57  45.11
   33  0.754  0.670  0.049 207.76  59.86 206.59  58.67 185.25  57.17  43.07
   34  0.150 -0.344  0.196 160.00 164.03 143.93 164.15 123.72 164.31  49.93
   35 -0.259  0.491 -0.441  98.81  77.65 101.82  78.25 111.23  78.31  42.83
   36  0.898 -0.268  0.146 224.12 155.60 221.96 156.19 195.30 156.88  43.80
   37 -0.495 -0.244  0.956 130.47 154.70  74.98 154.49  35.18 154.03  41.27
   38  0.938  0.974  0.143 227.50  28.95 226.07  26.67 199.10  24.06  42.73
   39  0.850  0.014  0.465 232.79 126.88 218.00 126.82 178.79 126.78  89.58
   40 -0.658  0.816  0.462  95.95  40.72  58.70  42.11  40.75  43.70  45.07
   41 -0.335 -1.091 -0.912  74.87 239.35  94.70 237.56 122.12 237.55  41.32
   42  0.052 -0.827 -0.362 129.84 213.17 133.54 212.85 135.98 213.37  47.86
   43 -0.133  0.596 -0.040 125.32  66.17 114.48  66.53 107.13  66.59  43.64
   44  0.368 -1.036 -0.728 144.20 232.61 165.40 232.78 178.10 234.52  44.17
   45  0.773  0.809  0.542 229.19  44.36 210.20  42.51 168.43  40.91  38.50
   46 -0.261  0.098  0.271 125.51 117.93 100.93 118.00  83.66 118.07  48.62
   47 -0.582  0.690 -0.418  70.10  56.42  68.92  57.83  81.96  58.47  42.50
   48  0.574  0.532 -0.452 172.53  74.54 186.70  74.07 186.96  73.03  47.97
   49  0.032 -0.600  0.957 179.51 192.47 131.69 192.88  82.87 192.58  40.62
   50  0.193  0.873  0.081 159.43  37.80 148.39  37.50 132.03  36.85  48.71
   51  0.065 -0.578  0.501 164.28 189.15 135.09 189.32 104.02 189.34  54.75
   52 -0.667 -0.063 -0.920  44.20 134.74  61.48 134.52  93.72 134.48  37.41
   53 -0.145 -1.046 -0.937  90.95 234.28 113.73 232.96 139.69 233.49  42.08
   54 -0.695 -0.810  0.394  89.80 215.00  55.02 213.51  40.14 211.94  45.19
   55  0.148  0.035 -0.414 136.38 124.64 143.32 124.63 146.61 124.59  56.63
   56 -0.164 -0.721  0.012 124.48 203.50 111.20 203.05 102.32 202.90  53.59
   57  1.113  0.712  0.348 250.80  55.55 245.25  53.42 208.22  51.24  43.04
   58  0.595  0.174  0.057 194.10 110.39 190.06 110.15 170.07 109.83  49.00
   59 -1.209  0.219 -0.209  18.62 104.92   3.87 105.68  19.82 106.26  47.22
   60 -1.049  0.261 -0.798  12.86 101.02  22.79 102.00  56.27 102.45  38.23
   61 -0.158  1.126  0.695 152.04   8.08 111.16   8.19  76.45   9.09  46.00
   62 -0.358 -1.062  0.423 122.59 241.23  90.52 240.28  68.94 239.11  54.64
   63  0.833  0.433  0.421 229.49  83.62 216.09  82.59 178.77  81.62  44.20
   64 -1.194  0.860 -0.612   5.81  37.94   7.35  41.09  36.79  43.07  35.34
   65  0.181 -0.170  0.255 165.06 145.98 147.19 146.06 124.30 146.14  45.50
   66  0.634 -0.416 -0.633 170.87 169.95 192.38 170.31 199.07 171.27  43.25
   67  1.194 -0.415 -0.301 231.80 169.69 250.61 170.77 239.71 172.27  38.11
   68 -0.556 -0.985  0.354 101.38 233.25  69.77 231.81  53.95 230.27  45.09
   69  0.907  0.588 -0.665 193.17  69.74 219.94  68.82 225.56  67.05  46.61
   70  0.503 -0.539 -0.817 152.64 182.20 178.83 182.45 193.74 183.56  43.00
   71  0.440  0.789  0.643 203.67  45.45 175.14  44.35 133.04  43.59  50.12
   72 -0.246  0.255 -0.546  96.07 101.99 103.27 102.36 116.35 102.30  40.56
   73  0.219 -1.008 -0.811 127.83 229.81 150.35 229.54 167.51 230.90  50.15
   74 -0.859  0.168 -0.467  42.48 110.69  40.79 111.14  59.85 111.41  44.06
   75 -0.644 -0.626 -0.063  77.39 194.30  61.62 193.05  62.73 192.18  47.04
   76  0.434  0.962  0.804 209.78  26.86 174.77  25.26 126.28  24.47  45.24
   77  0.777 -0.456 -0.778 181.74 173.58 204.09 174.22 221.77 175.41  46.23
   78 -0.246  0.303 -0.348 103.47  96.94 103.05  97.25 108.92  97.24  57.82
   79  0.278  1.031 -0.335 151.10  23.01 156.70  22.73 155.47  21.49  56.42
   80 -0.063 -1.083  0.935 169.98 244.39 121.51 244.78  75.06 244.03  48.17
   81 -0.268  1.142  0.323 126.86   7.55 100.22   8.34  80.80   9.14  47.41
   82  0.675  0.245  0.412 215.23 102.92 199.38 102.44 164.15 102.00  44.67
   83 -0.825 -1.068 -0.752  35.61 238.90  45.17 235.85  73.57 234.51  40.35
   84  0.845 -1.172  0.117 219.67 247.91 215.50 250.37 192.58 253.23  48.24
   85  0.405 -0.234 -0.793 144.92 151.76 169.02 151.82 183.93 152.24  43.37
   86  0.584  0.253 -0.772 161.29 102.98 187.07 102.81 199.55 102.24  42.86
   87 -0.854  0.056 -0.332  47.80 122.33  40.80 122.49  55.00 122.59  39.15
   88 -0.293  0.011 -0.944  77.29 127.11  98.93 127.12 127.03 127.11  37.77
   89  0.505  0.769  0.401 199.78  48.42 181.45  47.24 148.52  46.23  54.70
   90 -0.317 -0.894 -0.193 102.77 221.31  95.61 220.24  96.56 219.83  47.80
   91 -0.881 -0.044  0.035  58.71 132.94  36.77 132.83  38.29 132.84  44.45
   92 -1.006 -0.089  0.129  50.29 137.91  23.36 137.56  23.73 137.33  60.11
   93 -0.779  0.378  0.879 100.52  86.97  44.60  87.71  13.12  88.72  45.56
   94 -0.076 -0.555 -0.539 111.69 185.07 120.50 184.66 131.16 184.81  55.45
   95 -0.775 -0.712  0.585  89.50 205.20  45.97 203.81  25.43 202.15  45.04
   96 -0.063 -0.512 -0.525 113.38 180.70 121.90 180.31 131.84 180.61  47.70
   97  0.578 -1.067  0.779 221.54 240.25 190.03 242.36 140.71 243.69  38.81
   98  0.040 -0.936 -0.678 117.25 223.48 132.21 222.81 146.90 223.65  53.56
   99  0.573 -0.205 -0.227 181.18 149.14 187.19 149.36 178.67 149.76  47.80
  100 -0.453  0.767 -0.272  87.25  48.32  81.84  49.57  87.55  50.12  47.15
  101 -1.008  0.713  0.586  67.36  50.63  21.28  52.50   5.18  54.73  43.91
  102 -0.610 -0.390 -0.699  57.23 168.53  66.67 167.59  90.19 167.29  47.38
  103  1.115  0.460  0.200 245.02  81.43 244.81  80.23 214.03  78.67  40.92
  104 -0.384 -0.873  0.781 134.00 222.29  87.16 221.66  52.16 220.37  44.32
  105 -0.742 -0.786 -0.583  49.24 210.00  52.99 208.02  74.26 207.05  46.43
  106  0.462  0.475 -0.169 173.64  79.69 175.88  79.27 166.24  78.53  43.75
  107 -1.127 -1.045 -0.250  25.08 239.21  12.49 235.55  28.32 233.09  42.38
  108 -0.683 -1.102  0.364  89.80 246.15  56.38 244.13  42.29 242.16  88.06
  109 -0.880 -0.751 -0.702  32.14 206.33  39.39 204.09  66.96 203.05  42.41
  110 -0.567  0.767 -0.249  77.73  47.98  70.09  49.44  76.75  50.23  40.25
  111 -1.089  0.861 -0.178  31.24  36.75  16.07  39.57  28.72  41.64  37.85
  112  0.418  0.284 -0.128 171.21  99.16 171.41  99.08 160.49  98.48  72.00
  113 -0.005 -0.986  0.700 166.03 232.99 127.66 233.46  89.92 232.97  46.41
  114  0.595  0.324 -0.822 160.39  95.95 188.01  95.75 202.34  94.88  42.68
  115  0.019 -0.168 -0.913 106.40 145.22 130.19 145.08 153.53 145.25  40.85
  116 -0.924  0.523  0.240  62.30  72.21  31.53  73.55  26.41  74.79  40.73
  117 -0.163  0.143 -0.021 123.30 113.33 111.38 113.42 103.78 113.47  47.00
  118 -1.143 -0.611 -0.503  14.51 192.62  12.06 190.44  36.95 189.06  36.00
  119 -0.193  0.284  0.194 128.77  98.45 108.08  98.61  92.75  98.74  42.38
  120 -1.042 -0.702  0.278  52.47 203.94  19.02 201.89  14.64 199.98  38.73
  121  0.129 -0.215 -0.416 134.65 150.28 141.43 150.24 145.04 150.43  45.80
  122  1.217  0.202 -0.552 223.96 108.18 251.84 107.70 250.89 106.94  32.08
  123  0.305  0.755 -0.295 154.90  51.04 159.51  50.78 156.40  49.93  52.35
  124 -0.010  0.028 -0.372 123.86 125.38 127.23 125.39 130.84 125.38  41.11
  125  0.335 -0.172  0.707 196.85 146.42 163.93 146.63 120.87 146.73  44.70
  126 -0.098 -0.232  0.260 140.06 152.67 118.05 152.61  98.76 152.56  46.00
  127 -0.616  0.898 -0.160  76.45  33.94  64.84  35.77  69.00  36.83  46.94
  128  0.791 -0.871  0.645 234.93 218.74 212.46 220.86 166.22 222.59  41.30
  129  0.968 -0.834 -0.514 204.31 211.58 226.72 213.10 225.94 215.69  38.06
  130  0.509 -1.113  0.474 203.19 244.20 182.07 245.90 146.14 247.31  43.55
  131 -0.005 -1.140  0.510 158.37 248.72 127.76 248.89  97.27 248.67  41.05
  132 -0.540 -1.062 -0.756  61.72 237.48  73.86 235.28  98.35 234.65  41.14
  133  0.843 -0.198 -0.078 210.48 148.34 215.44 148.70 198.40 149.21  49.60
  134 -0.014  0.067  0.042 139.21 121.28 126.79 121.25 114.71 121.24  39.63
  135 -0.418  0.318 -0.018 100.11  94.93  84.87  95.32  80.97  95.60  35.11
  136 -0.433  1.071  0.722 127.19  13.12  82.10  13.87  50.21  15.53  63.21
  137  0.251  0.729 -0.446 144.43  54.06 153.82  53.90 157.14  53.15  57.45
  138  0.604 -0.901  0.342 206.24 221.43 191.70 222.92 160.07 224.42  45.13
  139 -0.366  0.724  1.005 144.76  49.77  88.71  50.08  44.86  51.42  45.41
  140  0.982  0.806  0.162 232.05  46.10 230.74  44.13 202.60  41.85  58.25
  141  0.154 -1.086 -0.416 137.00 239.17 144.02 239.04 147.25 240.05  42.65
  142 -0.555 -1.097 -0.797  58.88 241.01  72.36 238.63  98.55 238.00  46.00
  143 -0.399 -0.280 -0.552  81.88 157.10  87.76 156.77 103.02 156.53  41.81
  144 -0.228 -1.067  0.393 133.42 241.14 104.26 240.74  81.76 239.82  52.08
  145 -0.650 -0.781 -0.173  72.80 210.28  61.34 208.66  66.53 207.68  44.65
  146  0.244 -0.198 -0.285 149.84 148.55 153.26 148.59 150.53 148.82  43.00
  147 -0.180  0.171 -0.027 121.52 110.41 109.61 110.53 102.47 110.61  47.78
  148 -0.986  0.202 -0.222  39.76 106.72  26.73 107.53  39.72 107.86  28.41
  149 -1.078 -0.027 -0.556  18.48 131.12  19.01 131.03  44.33 130.88  40.69
  150 -0.308 -1.009  0.092 114.42 234.17  96.19 233.21  86.35 232.59  47.11
  151  0.511 -0.501  0.607 208.65 180.69 182.51 181.53 141.29 182.12  39.88
  152  0.308 -0.487 -0.047 164.70 178.43 160.13 178.68 147.44 179.22  47.30
  153 -0.374 -0.715  0.092 108.27 203.53  89.33 202.69  80.49 202.12  49.00
  154 -0.426 -0.828  0.881 134.00 217.86  82.47 217.14  44.35 215.76  50.38
  155 -1.067 -1.024  0.431  55.73 239.12  15.75 236.39   6.20 233.21  43.19
  156 -0.042 -1.185  0.564 157.11 253.77 123.82 253.82  91.77 253.62  60.70
  157  0.327  0.462  0.847 201.82  79.36 163.29  78.80 114.56  78.51  37.33
  158  0.781 -1.171 -0.891 173.93 244.45 206.49 245.66 221.75 248.96  47.00
  159  0.055 -0.695  0.518 177.53 201.46 126.43 201.84 115.57 201.76  38.16
  160  0.563 -0.949  0.168 195.77 226.01 186.98 227.33 162.88 228.97  43.06
  161  0.360  0.524 -0.927 135.89  75.76 164.35  75.72 184.52  75.05  42.89
  162 -0.982 -0.234 -0.225  39.62 153.00  27.36 152.28  39.79 151.90  37.94
  163  1.086 -0.350  0.245 244.30 163.90 241.98 164.88 209.55 165.95  34.67
  164 -0.079 -0.040 -0.948  96.42 132.29 120.39 132.25 146.09 132.29  36.88
  165  1.123  0.586 -0.741 208.69  70.34 241.47  69.19 248.54  67.02  32.25
  166 -1.174 -0.856  0.243  38.56 220.68   5.38 217.84   4.71 215.26  35.50
  167 -0.639  0.936 -0.687  55.10  31.55  63.65  33.77  87.22  34.56  27.50
  168 -0.338 -1.089  0.454 125.58 243.99  92.56 243.10  69.43 242.15  56.06
  169  1.178  0.024 -0.334 229.44 126.06 248.70 125.71 239.71 125.69  26.37
  170  0.315 -1.001 -0.242 157.25 230.55 160.96 231.31 154.69 232.14  50.50
  171 -0.635  0.151 -0.638  57.15 112.57  64.05 112.91  85.77 113.08  31.20
  172 -0.522 -0.719  0.813 122.31 206.07  72.39 205.18  38.56 203.81  47.56
  173  0.656  0.417 -0.850 164.57  86.73 194.11  86.46 208.88  85.42  31.00
  174 -0.056  0.380 -0.874 101.11  89.92 122.61  90.08 145.35  89.82  55.00
  175 -0.851  0.287 -0.265  51.07  98.29  40.72  98.31  53.15  99.42  49.00
  176 -0.493 -0.541  0.628 117.87 186.32  75.85 185.73  48.74 185.06  43.80
  177  0.329  1.046 -0.520 148.68  22.23 161.60  21.96 167.04  20.47  25.29
  178  0.174 -0.601  0.198 162.15 191.00 146.57 190.96 125.70 191.29  69.25
  179 -0.037 -0.611 -0.853 103.61 190.21 124.50 189.59 146.24 190.07  36.00
  180  0.687 -0.870 -0.408 183.81 215.83 198.55 216.88 195.39 219.54  42.36
  181 -0.048  0.703  0.937 171.41  52.91 123.11  52.60  76.38  53.18  32.00
  182 -0.455 -1.075 -0.325  85.46 240.83  81.63 237.94  89.62 237.28  30.20
  183  1.011 -1.204 -0.930 192.43 246.80 229.28 248.65 244.86 253.26  30.40
  184  0.428 -0.464  0.598 200.65 176.66 173.75 177.31 133.63 178.28  39.65
  185  1.048 -0.585  0.032 218.71 187.90 245.67 188.82 197.65 190.48  34.60
  186  1.077  0.301  0.468 246.86  96.94 245.55  96.67 193.86  95.83  36.66
  187  0.299  0.537  0.212 193.52  72.55 148.36  71.76 156.02  71.91  52.50
  188  0.689 -1.198 -0.045 195.77 250.97 201.12 252.71 179.66 253.96  44.07
  189 -0.442 -0.151 -0.808  68.53 142.91  84.00 143.82 108.78 143.77  63.73
  190 -0.227  0.357 -0.910  84.50  91.77 105.54  92.77 179.66 253.96  35.89
  191 -1.149 -0.732 -0.784 210.67 253.96  12.63 201.88  47.25 200.41  34.10
  192  1.216 -0.199 -0.647 220.15 147.92 251.33 148.37 179.66 253.96  37.25
  193  0.382 -0.673  0.922 209.84 199.55 169.34 200.63 179.66 253.96  34.14
  194  0.545 -1.186  0.449 205.34 251.69 185.79 253.28 179.66 253.96  39.06
  195 -0.513 -0.110 -0.719  65.73 140.06  76.34 139.12  99.74 139.05  19.94
  196  0.263 -0.337  0.712 190.63 163.79 156.34 164.17 114.03 164.31  45.50
  197  0.351 -0.683  0.896 206.01 200.67 166.02 201.74 179.66 253.96  49.86
  198  0.668 -1.197 -0.349 184.83 249.31 196.63 250.65 179.66 253.96  38.55
  199 -0.867 -1.103  0.486  77.14 247.15  36.57 244.65  21.41 242.60  41.34
  200 -0.643 -1.200  0.348 210.67 253.96  60.63 254.32  46.53 252.46  34.10
  201 -0.389 -0.243  0.409 210.67 253.96  87.31 153.83  66.76 153.62  34.10
  202  0.938  0.030 -0.657 197.29 125.31 222.40 125.42 229.49 124.82  44.32
  203 -0.651  0.782 -0.712  52.99  47.48  62.53  49.35 179.66 253.96  35.92
  204  0.907 -0.827  0.888 210.67 253.96 225.70 217.15 167.83 218.92  34.10
  205  0.214  0.283  0.340 210.67 253.96 150.80  98.56 124.06  98.41  34.10
  206  0.011 -1.017 -0.553 119.03 232.02 129.38 231.57 179.66 253.96  50.50
  207 -1.261  0.120 -0.375   7.71 115.55  60.63 254.32  21.93 116.34  40.24
  208 -0.957  0.834 -0.061  48.04  39.62  29.22  42.00 179.66 253.96  43.78
  209  0.024 -0.997 -0.432 210.67 253.96 130.66 229.43 136.01 231.00  34.10
  210 -1.063 -0.378  0.458  57.22 172.14  60.63 254.32   5.61 164.24  46.57
