    1 -0.909  0.198  0.778  84.16 106.62  31.06 107.06   5.88 107.63  40.44
    2 -0.663  0.610 -0.188  70.96  64.14  59.98  65.44  65.95  66.26  45.89
    3 -0.605 -0.693  0.495 102.08 202.57  64.32 201.52  44.00 200.23  46.31
    4  0.828 -0.656 -0.948 175.75 193.17 211.05 193.93 228.22 195.84  39.84
    5 -0.068  0.574  0.814 164.59  66.94 121.00  66.81  79.50  67.16  51.54
    6  0.263 -0.390  0.154 168.52 168.66 155.76 168.93 135.68 169.21  48.50
    7 -0.391  0.608  0.641 127.83  63.08  86.69  63.58  57.28  64.41  47.22
    8 -1.113  0.612 -0.737   9.09  64.33  16.04  66.54  48.52  67.73  38.87
    9  0.653  0.330 -0.331 184.07  94.83 195.07  94.44 189.86  93.71  88.78
   10 -0.365  0.328  0.404 121.00  93.38  89.76  93.67  69.01  94.03  47.66
   11  0.695  0.508 -0.218 192.12  76.71 199.70  76.02 189.63  74.89  45.83
   12 -0.752 -0.475  0.323  81.75 179.07  49.33 178.10  38.10 177.14  45.99
   13 -0.712  0.838 -0.739  46.49  41.68  56.52  43.83  82.86  44.67  36.19
   14  0.314 -0.443 -0.222 158.45 173.61 160.51 173.84 154.56 174.34  48.58
   15  0.847  0.713  0.052 215.98  55.64 216.23  54.21 193.91  52.43  44.88
   16 -0.793  0.749  0.451  82.69  47.59  44.52  49.15  29.28  50.84  44.46
   17  0.793  0.575  0.104 213.33  69.53 210.83  68.43 186.88  67.11  44.20
   18  0.319  0.598  0.766 197.89  65.11 162.37  64.35 117.08  64.04  50.69
   19 -0.544  0.501  0.398 104.18  74.76  70.99  75.47  53.36  76.24  46.50
   20  0.111  0.041 -0.447 140.57 124.10 134.69 124.12 153.18 124.08  42.15
   21 -1.180 -0.126  0.077  31.81 141.81   5.57 141.38  10.96 141.02  41.84
   22 -0.249  0.495  0.195 123.64  76.20 102.23  76.57  87.64  76.87  45.06
   23 -0.558 -0.525 -0.857  56.43 182.17  72.28 180.99 100.68 180.70  43.24
   24 -0.149 -0.466  0.336 138.36 177.40 112.64 177.22  91.14 177.01  48.96
   25  0.294  0.127  0.140 170.75 115.08 158.93 115.00 139.09 114.88  47.74
   26 -0.157  0.752  0.687 151.36  48.00 111.55  48.09  76.49  48.66  41.08
   27  0.960  0.205  0.436 241.10 107.19 229.51 106.65 190.26 106.12  44.19
   28 -0.086  0.484  0.032 132.30  77.85 119.31  78.05 108.61  78.06  51.71
   29  0.741  0.627 -0.310 192.58  64.93 204.14  64.04 197.25  62.53  43.29
   30 -0.346  0.966  0.406 122.96  25.64  91.83  26.48  70.64  27.46  47.84
   31 -0.946 -0.213 -0.260  41.85 150.75  31.20 150.08  44.33 149.67  85.86
   32 -0.085  0.748 -0.565 109.93  51.72 119.60  52.35 131.28  52.04  46.53
   33 -0.438  0.970 -0.952  64.03  29.36  84.52  31.26 114.62  31.43  39.19
   34  0.423 -0.673  0.788 208.05 199.15 173.49 200.23 125.87 200.76  46.38
   35 -0.766  1.012 -0.029  67.29  21.10  48.99  23.46  50.73  25.21  47.18
   36  0.221  0.822  0.700 186.41  41.45 151.87  40.67 110.59  40.44  45.38
   37 -0.397  0.140  0.142 108.04 113.48  86.90 113.63  76.55 113.78  49.20
   38  0.164  0.449 -0.893 119.96  83.11 144.66  83.32 165.71  82.76  42.84
   39 -0.933 -0.554 -0.917  19.61 185.48  34.82 183.70  70.63 182.92  39.10
   40 -0.727  0.278 -0.562  51.31  99.36  54.45 100.06  74.84 100.39  40.28
   41 -0.034  0.723 -0.140 130.53  53.43 124.77  53.72 119.89  53.55  50.90
   42  0.682  0.266  0.345 213.13 100.75 199.92 100.26 167.34  99.76  45.30
   43  0.058  0.753 -0.499 125.30  51.30 134.22  51.63 141.72  51.07  43.08
   44  0.595  0.725 -0.023 191.03  54.11 189.89  53.16 173.05  51.83  46.65
   45  0.466  0.971  0.116 185.17  28.16 176.84  27.08 155.87  25.72  64.06
   46 -0.499  0.693  0.001  93.32  55.29  76.56  56.37  73.04  57.11  50.68
   47  0.042  0.488  0.203 150.55  77.24 132.70  77.22 113.63  77.14  44.00
   48  0.263 -0.651 -0.008 162.20 195.41 155.57 195.67 141.80 196.33  53.63
   49 -1.014  0.337 -0.766  17.28  93.20  26.22  94.28  58.02  94.87  35.71
   50 -0.707  0.522  0.601  96.63  71.90  53.20  72.79  30.83  73.92  47.34
   51  0.264  1.115  0.152 168.64  12.55 155.83  11.96 135.79  11.05  64.31
   52  0.418  0.759  0.651 202.09  48.57 172.69  47.46 130.75  46.81  47.30
   53 -0.589 -0.162  0.116  89.16 145.46  66.86 145.18  60.56 144.95  47.17
   54 -0.889 -0.673 -0.893  24.53 197.75  39.13 195.67  73.45 194.79  39.21
   55  0.248  0.991 -0.189 153.93  26.51 153.76  26.24 147.22  25.23  47.37
   56 -0.057 -0.067  0.454 151.33 135.29 122.27 135.30  94.86 135.28  44.53
   57  0.223  0.521 -0.574 137.05  75.33 150.85  75.40 159.35  74.75  41.12
   58  0.443 -1.097 -0.777 148.86 238.34 172.85 238.65 186.64 240.72  58.64
   59 -0.246 -0.185  0.665 142.20 148.01 102.03 147.93  69.28 147.78  44.95
   60 -1.115  0.286 -0.862   4.48  98.50  16.47  99.56  53.16 100.11  39.08
   61 -0.015 -1.003 -0.125 132.86 232.11 126.73 231.75 120.98 232.04  49.09
   62 -1.106  0.871 -0.257  26.84  35.84  14.74  38.76  30.46  40.84  37.25
   63 -0.082 -0.133  0.929 167.85 142.49 119.41 142.54  73.56 142.45  43.91
   64  0.201 -0.135  0.571 179.39 142.47 149.57 142.54 113.84 142.62  48.07
   65  0.887  0.569 -0.526 196.85  71.35 218.41  70.44 218.80  68.80  42.14
   66  0.305  0.263  0.312 178.54 100.87 160.31 100.58 133.61 100.36  96.32
   67 -0.107  0.841  0.247 138.73  39.94 117.05  40.21  98.35  40.42  40.29
   68 -1.166 -0.415 -0.173  23.99 172.45   8.10 170.97  22.00 169.94  38.08
   69 -0.179  0.430 -0.227 114.11  83.74 109.79  84.09 110.26  84.12  67.38
   70  0.942  0.828  0.047 224.04  44.06 226.16  42.19 203.11  39.91  45.00
   71 -0.505 -0.026 -0.436  76.45 130.97  76.75 130.92  89.35 130.90  42.33
   72 -0.352 -1.050 -0.186  99.84 237.73  92.01 236.36  93.18 235.79  48.24
   73 -0.803 -0.996 -0.472  47.62 232.30  46.49 229.67  64.78 228.23  43.93
   74 -0.694 -1.090  0.568  96.67 245.77  54.68 243.82  33.27 241.53  62.44
   75 -0.057  1.037  0.961 171.56  17.00 122.09  16.51  74.53  17.26  54.76
   76  0.975  1.056  0.600 249.22  19.21 231.83  16.08 185.55  13.45  53.74
   77 -0.520  0.857  0.404 106.74  36.90  73.50  37.97  55.32  39.24  85.76
   78  0.173 -0.442  0.411 170.48 174.60 146.48 174.90 117.48 175.02  41.33
   79 -0.600  0.691 -0.874  51.95  57.35  68.12  58.96  97.65  59.39  35.50
   80  0.951 -1.037 -0.223 214.21 232.80 226.05 234.89 213.77 237.93  45.19
   81 -0.701 -0.844  0.578  96.44 219.20  53.79 217.77  32.37 215.97  45.43
   82 -0.839  0.064 -0.501  43.11 121.55  42.93 121.72  62.87 121.82  41.33
   83 -0.470 -0.730 -0.617  72.94 203.49  80.74 202.13  99.13 201.76  57.88
   84 -0.593 -0.974 -0.428  68.72 229.65  67.81 227.67  81.29 226.70  40.71
   85  0.075  0.876  0.643 170.86  35.57 136.23  35.10  99.37  35.17  45.32
   86 -0.488 -0.448  0.054  96.24 175.44  77.51 174.79  71.89 174.29  42.44
   87 -0.806  0.108 -0.627  41.66 117.02  46.65 117.31  70.54 117.47  40.11
   88  0.705 -0.503 -0.621 177.47 178.63 199.60 179.18 205.18 180.42  40.62
   89 -1.029 -0.229 -0.307  32.24 152.45  22.85 151.73  39.01 151.24  39.20
   90  0.722 -0.825 -0.151 197.09 212.05 202.65 213.29 189.62 215.17  43.03
   91  0.447  1.070  0.914 215.44  15.14 176.36  13.19 123.15  12.38  47.55
   92  0.406 -0.943 -0.102 171.33 224.89 170.12 225.60 158.50 226.95  48.78
   93 -1.155  0.952 -0.355  18.69  27.54  10.17  30.91  30.12  33.20  42.55
   94 -1.181 -0.915  0.058  30.96 226.54   5.59 223.34  11.42 220.77  51.83
   95  0.517  1.176 -0.570 163.28   9.71 180.73   8.92 186.02   6.70  40.56
   96  0.339 -0.712  0.684 196.35 203.19 164.37 204.09 122.09 204.58  46.00
   97 -0.820  1.065 -0.302  52.16  16.25  44.30  19.13  56.71  20.84  45.28
   98 -0.520  0.039  0.287 102.08 124.10  73.68 124.15  59.86 124.22  44.15
   99 -0.676  0.415  0.909 111.47  83.13  55.63  83.64  20.93  84.63  63.39
  100  0.236 -0.689  0.129 165.22 199.72 152.74 200.07 134.23 200.45  64.11
  101  0.940  0.791 -0.650 196.97  49.50 223.21  48.31 228.43  45.80  59.46
  102 -0.444  0.189  0.982 136.28 107.70  80.40 107.83  38.67 108.26  41.54
  103 -0.175 -0.561 -0.800  93.23 185.39 110.70 184.70 132.14 184.93  43.71
  104 -0.009  1.153 -0.061 135.87   8.63 127.35   8.97 119.10   8.77  47.76
  105  0.614 -0.424  0.249 203.40 171.96 192.58 172.64 164.65 173.36  41.50
  106  0.090 -0.891  0.030 148.19 220.73 137.57 220.77 124.54 221.15  48.87
  107 -0.680 -0.788 -0.046  74.67 211.45  57.86 209.80  58.93 208.62  42.76
  108  0.839  0.654  0.740 242.87  60.07 217.83  58.46 167.03  56.99  40.30
  109  0.056  0.273  0.778 174.43  99.14 134.25  99.14  92.27  99.22  69.47
  110  0.373 -1.218 -0.597 149.57 251.36 166.07 251.71 173.77 253.64  38.75
  111 -0.557 -0.716  0.520 107.69 205.02  69.32 204.06  47.32 202.83  37.15
  112 -0.473 -1.142 -0.058  93.51 248.19  79.36 246.37  77.52 245.28  57.42
  113  0.415 -0.580  0.863 210.30 189.47 172.83 190.42 122.12 190.90  43.50
  114  0.994 -1.157  0.439 244.26 247.13 233.11 250.34 193.31 253.31  42.45
  115 -0.891 -0.449  0.221  64.64 176.28  35.05 175.21  29.91 174.15  39.82
  116  0.217  0.572 -0.901 124.42  70.74 150.01  70.94 170.77  70.23  42.47
  117 -0.193 -0.980 -0.216 113.19 229.97 108.39 229.01 108.46 228.91  52.64
  118 -1.038  0.254 -0.350  29.81 101.44  22.05 102.27  39.91 102.95  42.61
  119  0.741  1.002  0.537 226.17  24.30 206.78  22.09 165.60  20.21  40.00
  120  0.310 -0.914 -0.870 133.78 219.99 159.38 219.97 178.02 221.44  43.69
  121  0.181 -0.412  0.621 179.60 171.68 147.54 171.96 110.07 172.15  44.97
  122 -0.182 -0.286  0.516 142.32 158.80 109.02 158.40  81.04 158.37 104.32
  123 -0.346 -0.467 -0.889  74.53 175.83  93.59 175.05 120.36 175.06  43.40
  124 -0.940 -1.056 -0.890  20.04 237.59  34.05 234.13  68.97 232.62  41.72
  125  0.569  1.014 -0.489 171.50  25.98 185.80  25.00 188.57  23.00  47.92
  126  1.169 -0.916 -0.028 240.56 220.62 249.41 223.13 227.49 226.27  42.94
  127 -0.588 -0.912  0.779 114.82 227.01  65.40 225.81  34.05 223.96  43.33
  128 -1.137  0.265  0.189  40.18  99.74   9.47 100.58  10.20 101.38  34.47
  129 -0.486 -0.989  0.927 130.19 235.51  75.93 234.63  37.07 232.75  52.22
  130  0.316 -0.864 -0.891 133.46 214.93 159.93 214.83 179.26 216.43  78.53
  131  0.672  0.959 -0.408 182.88  31.51 196.87  30.39 194.43  28.15  54.15
  132 -0.387 -0.301 -0.171  97.14 159.65  88.41 159.24  89.61 159.05  41.62
  133  0.443  0.748  0.805 210.58  49.40 175.66  48.19 127.09  47.53  35.11
  134  0.672  0.917 -0.631 174.38  36.42 196.29  35.45 202.55  33.24  48.57
  135  0.191  0.984  0.824 188.66  23.87 148.74  22.80 102.81  22.71  34.33
  136  0.045 -0.593 -0.089 139.59 189.66 132.97 189.56 125.10 189.87  46.29
  137  0.532 -0.084  0.634 211.56 137.04 184.85 137.20 142.19 137.30  41.67
  138 -0.278 -0.981  0.109 117.77 231.36  99.29 230.48  88.34 229.89  44.82
  139 -0.951 -0.450 -0.831  20.99 174.90  32.72 173.36  65.92 172.78  77.23
  140  0.773  0.802  0.529 228.59  45.15 210.14  43.31 168.91  41.70  43.00
  141 -0.154 -0.320 -0.561 103.88 161.11 112.60 160.76 125.09 160.86  40.67
  142  0.716  0.828 -0.130 197.51  44.03 202.14  42.77 188.35  41.11  44.80
  143  0.164 -1.059  0.547 175.20 239.78 145.68 240.48 111.31 240.73  36.31
  144 -0.991 -0.069 -0.758  19.68 135.72  28.49 135.10  59.63 134.94  43.92
  145 -0.866  0.325 -0.512  40.47  94.29  40.09  95.20  61.18  95.88  41.35
  146  0.914  0.141  0.120 224.41 113.99 223.48 113.53 197.69 113.17  53.82
  147  0.615 -0.195  0.301 205.69 148.23 192.65 149.07 162.92 148.88  46.41
  148 -0.197  0.100 -0.762  92.56 118.04 108.39 118.16 128.74 118.14  39.00
  149 -0.813 -0.909  0.775  93.33 227.14  41.25 225.39  14.41 223.09  41.04
  150 -0.290 -0.571 -0.913  78.76 186.32  99.27 185.41 126.17 185.53  38.60
  151  0.597  0.880 -0.601 169.44  39.77 188.42  39.28 195.01  37.06  55.62
  152  1.102 -0.765 -0.852 202.76 203.59 238.92 205.01 250.46 207.80  40.20
  153  0.437  0.580 -0.290 166.86  69.22 173.01  68.71 168.50  67.78  55.50
  154  0.081 -1.175  0.758 176.06 253.08 136.89 253.78  95.29 253.60  36.10
  155  0.951 -0.386 -0.276 211.87 166.90 225.87 168.00 215.58 169.15  66.53
  156  0.738 -0.365 -0.278 193.52 165.19 203.95 165.70 195.84 166.56  35.43
  157  0.682 -0.174 -0.546 178.47 145.80 197.43 146.05 200.49 146.23  56.32
  158  0.158 -0.992 -0.015 152.60 231.14 144.69 230.93 132.48 231.67  39.10
  159  0.389 -0.246  0.345 187.26 153.85 169.14 154.13 139.97 154.40  43.80
  160 -0.767 -0.793 -0.861  37.04 210.02  51.34 207.83  82.75 207.01  55.75
  161  0.226 -0.257  0.385 174.23 155.09 152.00 155.27 123.34 155.68  43.96
  162  0.168  1.079  0.339 167.19  15.65 145.93  14.77 119.66  14.38  68.29
  163 -0.924 -1.207 -0.765  25.94 253.29  35.18 249.87  65.57 248.13  51.03
  164  1.208  0.821 -0.464 226.66  46.65 251.35  44.64 246.83  41.49  51.12
  165 -1.117 -1.087 -0.796   6.72 241.61  15.90 237.64  50.33 235.56  29.57
  166 -0.112 -0.275  0.595 151.41 157.39 116.55 157.57  83.82 157.41  49.14
  167  0.605 -0.845 -0.653 167.74 213.06 189.44 213.68 197.15 215.63  37.73
  168 -0.250  0.477 -0.105 112.16  78.64 102.52  79.08  99.22  79.04  35.46
  169 -0.014 -0.506 -0.457 120.42 180.05 126.71 179.74 133.79 180.19  53.62
  170  0.916 -1.126 -0.584 197.12 240.38 221.14 242.22 223.35 246.29  41.78
  171 -0.323  0.529 -0.853  77.80  73.93  95.97  75.37 120.89  75.36  47.15
  172  0.690 -0.895  0.680 227.44 221.55 201.67 223.52 155.24 225.15  38.00
  173 -0.474 -0.124 -0.930  61.51 140.93  80.80 140.66 110.77 140.65  24.83
  174 -0.325 -1.175  0.735 145.13 254.15  89.30 253.46  66.29 252.65  48.33
  175  0.699  0.163  0.641 226.70 111.55 202.54 110.87 157.72 110.60  42.88
  176 -0.870  0.405  0.229  67.00  84.72  37.19  85.72  31.50  87.07  43.68
  177  0.907 -0.796 -0.307 220.22 208.31 213.50 209.94 226.71 212.09  44.48
  178 -0.115  1.065  0.668 154.48  14.78 115.99  14.80  80.99  15.53  38.33
  179 -0.665 -1.221 -0.779  49.33 253.98  61.42 251.32  88.21 250.17  52.23
  180  0.159  0.714 -0.414 137.40  55.37 144.45  55.45 147.56  54.72  29.00
  181 -1.014 -0.132 -0.108  41.01 143.14  23.56 141.53  32.59 141.20  29.09
  182 -0.780 -0.861 -0.777  38.41 217.13  49.89 215.11  78.03 213.77  40.18
  183  0.979  0.285 -0.841 193.26 100.03 226.14  99.58 239.25  98.73  35.50
  184 -0.417  0.110  0.730 128.98 116.44  83.76 116.47  51.42 116.61  32.50
  185 -0.762  0.855  0.933 104.48  35.18  46.20  36.12  12.53  38.41  25.31
  186  1.094  0.347 -0.038 223.74  93.45 247.59  92.23 209.27  91.16  39.70
  187 -1.105  0.559  0.371  54.00  68.16   9.71  69.86   9.07  70.41  38.29
  188 -1.077  0.446 -0.224  30.90  80.68  17.39  82.14  31.81  84.08  39.79
  189 -0.208  0.579 -0.676  94.70  69.17 107.21  69.72 124.49  69.61  35.60
  190  0.168  0.335  0.223 179.63  92.85 136.20  93.95 140.94  92.89  18.78
  191 -0.183 -0.807  0.178 129.75 213.40 108.81 212.41  94.83 212.09  15.95
  192  0.232  1.183 -0.921 124.89   9.41 151.58  10.03 172.54   8.00  28.50
  193 -0.104 -1.110 -0.880  96.63 241.58 117.82 239.17 141.17 239.77  14.33
  194  0.844  0.329 -0.256 203.55  95.05 214.91  94.49 204.93  93.67  44.28
  195  0.377  0.041 -0.846 145.13 254.15 166.16 124.09 183.30 124.03  48.33
  196  0.397  0.371  0.112 145.13 254.15 169.63  89.67 149.63  89.22  48.33
  197  0.094  0.936  0.973 145.13 254.15 138.42  27.42  87.92  27.70  48.33
  198 -0.668 -0.708 -0.034  75.76 203.07  59.41 201.51  59.09 200.49  56.46
  199  1.115 -1.114 -0.051 234.99 240.70 243.63 243.61  17.58 253.79  43.72
  200 -1.091 -0.095 -0.538 145.13 254.15  17.38 137.91  42.67 137.71  48.33
  201  0.621 -0.219 -0.252 184.31 150.45  62.73 253.87 183.94 151.16  44.29
  202  0.608 -0.852 -0.152 187.11 215.03 190.92 216.06  17.58 253.79  48.65
  203  0.456 -0.490  0.619 204.17 179.62 176.73 180.40  17.58 253.79  35.40
  204  0.226  0.496 -0.913 124.72  78.50 150.87  78.55 172.03  77.84  54.50
  205 -1.144 -1.078  0.426  48.26 245.30   7.58 241.94  17.58 253.79  36.15
  206  0.747 -0.608  0.829 238.48 191.81 208.29 193.52  17.58 253.79  39.60
  207 -1.176  0.086  0.426  45.09 118.95   4.24 119.20  17.58 253.79  52.94
  208  0.686 -1.244 -0.722 172.14 252.63 197.46 253.63  17.58 253.79  44.00
  209  0.270 -0.939  0.225 145.13 254.15 156.55 226.22 133.56 227.42  48.33
  210 -1.248 -0.618 -0.309  11.37 193.88  62.73 253.87  20.42 189.89  38.14
  211 -0.123 -0.259  0.327 141.63 156.21 114.65 155.62  95.12 154.59  24.90
