    1 -1.099  0.507 -0.628  14.18  75.19  16.99  76.99  45.49  78.01  42.25
    2  0.777  1.055 -0.742 179.24  23.13 206.62  21.90 216.18  19.02  42.39
    3 -0.471 -0.446  0.460 113.29 175.88  78.51 175.35  57.31 174.71  47.04
    4 -0.914 -0.097  0.009  54.70 138.54  33.48 138.27  36.50 138.05  44.03
    5 -0.887  0.500  0.007  57.13  75.08  36.24  76.39  38.83  77.44  43.25
    6  0.312  0.672  0.721 195.38  57.34 161.51  56.53 118.13  56.18  45.28
    7 -0.185  0.237 -0.555 101.20 103.88 109.46 104.16 122.07 104.12  47.20
    8  1.042  1.149 -0.534 209.88  13.77 234.11  11.51 233.52   7.70  40.52
    9  0.772  0.720  0.313 219.81  54.21 209.28  52.72 176.99  51.20  46.16
   10  0.725  0.449  0.068 205.94  82.34 203.61  81.58 181.80  80.62  46.76
   11  0.263  0.802 -0.666 137.20  47.16 154.83  47.20 166.33  46.11  45.22
   12 -0.256  0.716 -0.330 103.21  54.13 102.04  54.93 107.26  55.07  48.08
   13 -0.381  0.145  0.334 116.85 112.85  88.23 113.00  70.39 113.15  44.50
   14  0.582 -0.424 -0.377 176.18 171.22 187.77 171.62 185.02 172.48  43.80
   15  0.677  0.373 -0.789 168.75  91.03 196.42  90.70 208.71  89.77  45.92
   16 -1.048  0.117 -0.728  15.50 116.05  22.62 116.47  53.73 116.69  81.53
   17 -0.496 -0.341  0.991 131.79 165.33  74.76 165.04  33.62 164.36  40.73
   18 -0.995  0.414 -0.101  42.97  84.20  25.45  85.44  33.86  86.37  43.44
   19  0.205 -0.907 -0.354 143.94 220.96 149.17 221.03 149.62 221.93  47.45
   20  0.278  0.197  0.901 199.58 107.34 158.11 107.09 107.86 107.04  44.68
   21 -0.317  0.839  0.622 134.02  38.52  94.60  39.03  64.65  39.99  42.05
   22 -0.835  0.140 -0.456  45.13 113.64  43.21 114.02  61.49 114.23  42.06
   23  0.082 -0.640 -0.520 126.59 193.57 136.61 193.30 144.65 193.81  46.58
   24 -0.283  0.335  0.595 136.09  92.49  98.27  92.66  68.85  93.01  45.84
   25  0.397  0.233  0.187 181.75 104.10 169.73 103.86 146.76 103.59  52.68
   26  0.313  0.426  0.622 191.54  83.47 161.55  83.01 122.21  82.72  48.96
   27 -0.993  0.246  0.405  61.87 101.63  23.60 102.28  13.75 102.95  52.17
   28  0.429 -0.459  0.176 184.12 175.66 173.00 176.12 150.14 176.70  52.33
   29 -0.403 -1.053 -0.185  95.22 238.13  86.74 236.66  88.62 235.91  47.89
   30  0.698  1.162 -0.372 186.52  10.95 199.60   9.47 195.48   6.77  40.62
   31  0.678 -1.128  0.811 231.74 246.50 200.96 249.10 148.95 250.76  58.31
   32  0.767 -0.092  0.265 217.39 137.69 208.59 137.88 178.38 138.07  45.13
   33  0.343  0.286  0.449 187.30  98.35 164.50  98.02 131.71  97.78  50.77
   34 -0.664  0.837 -0.336  65.45  40.73  60.24  42.57  71.55  43.59  41.25
   35  0.964  0.484 -0.113 219.54  79.30 227.74  78.25 211.02  76.88  41.98
   36  0.163 -0.627  0.161 159.85 193.45 145.31 193.65 126.29 193.99  50.07
   37  0.903 -0.703 -0.020 217.95 199.60 221.77 201.06 201.83 202.94  45.62
   38  0.994  0.166  0.387 242.13 111.27 232.96 110.81 195.44 110.37  41.55
   39  0.030 -0.027  0.574 164.01 131.13 131.50 131.09  98.05 131.09  95.63
   40  0.136  0.645  0.714 179.20  59.89 142.74  59.42 102.12  59.41  47.93
   41 -0.464  0.706 -0.507  77.71  55.24  81.11  56.49  95.67  56.90  45.69
   42 -0.250  1.086  0.305 127.93  13.56 102.03  14.29  83.18  15.03  44.15
   43  0.076  0.310  0.634 170.57  95.45 136.35  95.29  99.84  95.30  46.21
   44 -0.390  1.008 -0.459  86.32  23.95  88.59  25.52 100.31  25.95  44.31
   45 -0.069 -0.838  0.030 133.81 215.60 121.06 215.28 110.16 215.30  50.50
   46 -1.141 -1.009 -0.101  29.09 235.94  10.35 232.53  21.20 229.90  43.39
   47 -1.002  0.834 -0.108  42.12  39.59  24.83  42.08  33.49  43.97  43.00
   48 -0.203  0.426 -0.690  94.69  84.69 107.78  85.23 125.56  85.14  44.45
   49  0.281  0.938 -0.189 156.89  32.04 157.18  31.70 150.28  30.65  44.78
   50 -0.675 -0.924  0.473  94.72 227.49  56.90 225.88  38.71 224.07  46.04
   51 -0.133  0.877  0.627 151.26  35.03 114.18  35.04  81.05  35.61  58.79
   52 -0.535  1.107  0.867 123.30   8.25  70.89   9.42  35.23  11.60  41.89
   53 -0.170  0.354 -0.257 113.71  91.64 110.80  91.94 112.18  91.95  46.08
   54 -0.309 -0.380 -0.538  90.64 167.39  96.85 166.85 110.45 166.79  50.14
   55  0.367  0.479 -0.430 155.16  79.66 165.78  79.43 167.06  78.69  70.42
   56 -0.663 -0.255 -0.821  48.08 154.54  61.53 153.92  90.30 153.61  88.43
   57 -0.330 -0.142  0.197 116.31 143.18  93.78 143.05  80.33 142.94  45.65
   58  0.319  1.197 -0.395 152.37   6.31 160.85   6.00 161.34   4.40  56.00
   59  0.991  0.158 -0.812 194.78 112.66 227.89 112.41 238.67 111.88  36.41
   60 -0.432  0.919  0.133 104.68  31.27  83.21  32.40  73.93  33.47  76.67
   61 -0.574 -0.534 -0.587  64.58 183.51  70.03 182.38  89.06 181.96  47.54
   62 -0.994  0.211 -0.235  38.12 105.90  26.13 106.62  39.17 106.99  42.52
   63 -0.162  0.176 -0.729  96.93 110.33 111.93 110.53 130.61 110.46  43.52
   64 -1.052 -0.121  0.131  46.02 141.17  18.63 140.90  19.70 140.50  42.21
   65  0.707  0.326  0.427 218.67  94.59 202.82  93.94 166.60  93.33  46.08
   66  1.094 -0.113 -0.330 233.49 139.55 233.62 139.83 243.59 140.25  44.86
   67  0.153 -0.074  0.186 159.89 135.97 144.28 135.98 124.43 136.02  55.94
   68 -0.018 -0.190 -0.072 134.55 147.95 126.44 147.88 118.79 147.93  46.31
   69 -1.173  0.765 -0.615   7.60  47.95   9.43  50.75  38.63  52.40  78.67
   70 -0.809 -1.178 -0.570  43.53 251.02  46.13 247.81  67.92 246.19  41.16
   71 -0.877 -0.857 -0.565  37.36 217.71  39.28 215.23  61.99 213.91  42.33
   72  0.636 -0.216  0.235 204.80 150.51 194.84 150.87 167.23 151.25  43.42
   73 -0.583  0.726 -0.435  69.33  52.76  68.78  54.26  82.45  54.93  39.38
   74  0.471  0.026 -0.374 167.33 125.54 175.97 125.64 175.52 125.60  24.07
   75 -0.771 -0.806  0.661  92.91 215.57  46.22 214.06  22.71 212.12  41.08
   76 -0.467 -0.242 -0.685  70.87 153.17  81.09 152.72 102.13 152.60  37.58
   77 -0.508 -1.151  0.417 108.29 251.10  74.70 249.58  55.72 247.90  48.13
   78 -0.993 -0.162 -0.931  13.55 145.09  28.95 144.49  66.12 144.25  35.84
   79 -0.182 -0.043 -0.152 116.54 132.69 109.48 132.66 107.09 132.66  42.80
   80  0.696 -0.198  0.980 240.21 149.09 203.30 149.59 144.15 149.88  39.93
   81  0.094  1.090 -0.462 129.97  16.90 137.88  17.22 143.53  16.35  58.67
   82 -0.420 -0.453  0.482 118.93 176.57  83.80 176.12  61.03 175.52  49.00
   83 -0.732 -0.268  0.252  80.95 156.88  51.64 156.32  42.69 155.82  44.00
   84  0.619 -0.735 -0.916 158.96 201.35 190.20 201.82 207.82 203.61  42.36
   85  0.926 -1.021 -0.570 198.55 230.14 222.18 231.83 223.88 234.92  41.65
   86  0.148 -0.473  0.205 160.15 177.55 143.68 177.71 123.12 177.93  45.62
   87  0.323 -0.144  0.406 183.75 143.28 162.29 143.53 131.52 143.57  63.21
   88 -1.082 -0.736  0.370  52.04 207.88  14.37 205.69   7.45 203.54  41.50
   89  0.195 -0.765 -0.943 121.00 205.01 147.74 204.76 170.37 205.80  47.40
   90  0.718 -0.338 -0.486 183.75 162.29 201.28 162.71 201.54 163.53  42.00
   91 -0.989 -0.243 -0.210  39.53 154.00  26.51 153.25  38.62 152.75  37.69
   92 -0.176  0.488  0.448 140.09  76.71 109.69  76.71  84.19  77.07  70.31
   93 -0.269 -0.202 -0.955  79.14 148.80 101.42 148.49 129.59 148.54  37.62
   94  0.111 -0.069 -0.590 126.51 135.27 139.52 135.25 149.89 135.31  39.78
   95  0.068 -0.689 -0.511 125.64 198.65 135.12 198.35 143.01 198.86  46.54
   96 -1.103  0.874 -0.215  28.58  35.40  14.83  38.31  29.03  40.41  43.91
   97 -0.401 -0.315 -0.739  74.88 160.54  87.80 159.98 109.92 159.90  39.90
   98  1.016 -0.322  0.533 249.90 161.39 235.84 162.33 191.99 163.19  38.00
   99 -0.476  0.579  0.971 132.84  65.38  76.96  65.89  36.20  67.09  42.76
  100 -0.736  0.639  0.392  85.90  59.66  50.77  60.91  36.70  62.34  44.64
  101  0.924  1.082  0.753 251.08  15.76 226.99  12.70 174.85  10.22  71.33
  102 -0.648 -0.786 -0.064  76.97 211.15  61.19 209.56  62.38 208.47  47.32
  103 -1.095 -0.430 -0.157  31.36 173.93  15.39 172.53  27.42 171.64  42.31
  104  0.407 -0.997  0.979 214.42 234.06 172.13 235.78 116.77 236.41  44.21
  105  0.298 -0.326 -0.608 142.46 161.21 158.48 161.23 167.46 161.69  43.90
  106 -0.485 -0.837  0.877 128.38 218.89  76.21 218.14  39.26 216.59  37.62
  107  0.213 -1.157 -0.570 136.49 245.68 149.84 245.64 158.26 247.10  54.64
  108  0.377 -0.368  0.438 189.91 166.70 168.05 167.15 135.28 167.47  37.78
  109  0.366 -0.890  0.624 196.43 221.71 167.21 222.85 127.03 223.52  39.88
  110  0.412 -0.307 -0.512 156.13 159.39 170.18 159.52 174.33 160.03  40.80
  111  0.771 -0.582  0.262 217.74 188.19 209.04 189.04 178.91 190.62  45.11
  112 -0.122 -0.477  0.242 137.12 178.34 115.45 178.16  97.20 178.02  46.00
  113  0.602 -0.161 -0.147 186.83 144.69 190.37 144.83 178.43 145.14  63.14
  114 -1.189 -0.636 -0.392  14.04 195.50   6.82 193.18  28.69 191.63  34.00
  115 -0.219 -1.122  0.178 125.88 246.23 105.40 245.44  90.89 244.89  51.81
  116  0.906 -0.457 -0.304 207.10 174.28 221.14 175.13 212.56 176.43  37.15
  117  0.132  0.471  0.071 161.64  79.27 137.37  79.28 134.93  78.98  48.21
  118  0.505 -1.093 -0.932 148.64 237.15 178.78 237.71 197.99 240.07  83.77
  119 -0.701 -0.864 -0.457  57.62 218.39  56.83 216.33  73.04 215.31  39.53
  120 -0.705  0.283 -0.296  63.14  98.66  56.04  99.24  66.57  99.62  39.65
  121  0.299 -0.082 -0.675 139.06 136.50 159.00 136.68 169.04 136.62  45.06
  122 -0.810  0.059 -0.176  61.84 121.98  42.58 122.14  56.54 122.25  40.00
  123  0.429 -0.640 -0.150 171.47 193.70 172.46 194.20 162.39 195.15  46.40
  124 -0.520 -0.716  0.702 118.15 205.43  72.75 204.55  43.22 203.30  43.06
  125 -0.573  0.938  0.639 110.61  27.48  67.40  28.46  40.90  30.20  32.33
  126  0.470 -1.196 -0.906 146.51 247.83 175.37 248.02 193.80 250.45  36.68
  127  0.009  0.156  0.790 170.62 111.96 129.20 111.45  87.44 111.51 100.45
  128 -0.361 -0.958  0.923 141.91 231.90  89.40 231.35  48.62 229.80  38.12
  129 -0.608  0.028 -0.861  51.55 125.60  67.32 125.32  96.43 125.48  62.97
  130  0.245  0.090  0.704 188.72 118.77 154.45 118.67 112.69 118.64  43.62
  131  0.217 -0.672  0.680 185.16 199.25 151.33 199.86 110.94 200.06  41.11
  132 -0.635 -0.662  0.000  80.45 198.15  62.52 197.08  60.94 195.93  48.92
  133 -1.097 -1.065  0.249  46.20 243.06  13.40 239.78  11.04 236.76  37.54
  134  0.031 -0.804 -0.732 114.15 209.87 131.39 209.38 147.88 210.01  47.50
  135  0.074 -0.785  0.994 184.84 212.30 136.32 212.94  85.24 212.75  42.00
  136 -0.575  0.647 -0.879  54.05  61.84  70.56  63.39 100.03  63.68  34.58
  137  0.177 -1.071 -0.341 141.84 237.95 146.34 237.85 146.44 238.85  53.08
  138  0.455 -0.946  0.653 205.45 227.43 176.62 228.88 134.12 229.80  35.78
  139  0.386  0.968 -0.880 140.10  31.23 166.98  31.13 185.30  29.57  42.23
  140 -0.493  0.728  0.769 122.98  49.57  75.83  50.30  42.62  51.83  44.03
  141 -0.279 -0.981  0.828 145.78 233.99  98.25 233.21  59.87 232.01  43.22
  142 -0.329 -1.048  0.820 140.69 241.15  93.07 240.44  55.54 239.02  40.12
  143  0.931 -0.627 -0.854 187.96 190.09 221.71 191.03 234.38 193.51  82.22
  144  0.053 -0.883  0.559 165.33 221.44 134.02 221.66 100.46 222.01  84.12
  145 -0.843  0.301 -0.300  49.99  96.78  41.84  97.09  54.70  98.04  43.21
  146  0.338  0.523 -0.647 144.35  75.27 162.57  75.45 172.38  74.52  45.50
  147  0.330 -1.177 -0.324 155.95 248.24 162.16 248.89 159.60 250.37  48.00
  148 -0.077  0.971 -0.215 123.77  27.83 120.39  28.46 118.79  28.30  43.25
  149 -0.543  0.660 -0.606  66.79  60.01  73.23  61.51  92.48  61.80  54.64
  150 -0.270 -0.797 -0.885  81.58 209.35 101.23 208.13 126.82 208.28  28.33
  151 -0.611 -0.671  0.505 101.85 200.07  63.66 199.63  43.01 197.82  44.06
  152  0.317  0.563 -0.802 136.88  71.85 160.15  71.49 176.24  70.57  30.15
  153  0.492 -1.096 -0.277 172.27 239.69 178.79 241.04 172.95 242.48  45.75
  154 -0.019  0.187  0.753 170.04 108.03 124.25 108.48  89.84 108.58  65.53
  155  0.233 -0.875  0.200 167.67 219.41 152.57 219.69 131.16 220.05  32.22
  156 -0.947 -0.201  0.366  51.53 150.42  36.07 149.56   6.99 148.37  38.57
  157  0.443  0.986 -0.705 151.70  29.28 173.00  28.53 184.22  26.84  29.42
  158  0.445 -0.990  0.992 218.32 233.16 176.31 235.36 119.79 235.63  39.00
  159 -1.123  0.593 -0.338  34.35  65.04   7.00  67.89  42.63  69.19  39.90
  160 -0.100 -1.234 -0.933  95.19 253.24 118.29 251.83 143.52 252.38  35.67
  161  1.056 -0.870  0.066 235.42 216.51 237.58 218.66 214.11 221.45  29.71
  162  0.458  0.238  0.866 214.28 103.16 177.46 102.67 126.04 102.64  42.00
  163  0.360  0.877 -0.814 140.24  40.30 164.44  40.20 180.49  38.58  29.50
  164  1.024  0.601  0.540 248.24  65.59 238.37  64.96 189.52  63.37  36.45
  165 -1.092 -0.070 -0.486  19.37 135.16  17.40 135.58  40.17 135.64  38.65
  166 -0.588  0.817 -0.887  52.56  44.46  69.39  46.41  99.11  46.72  34.67
  167  0.521 -1.049 -0.795 155.18 233.01 180.64 234.16 194.64 235.96  35.20
  168  0.704  0.295  0.078 211.70  97.23 197.18  98.01 187.09  97.30  35.43
  169  0.672  0.700  0.734 233.15  55.92 196.96  53.18 156.93  52.02  38.61
  170  0.336  1.155 -0.736 141.07  11.92 162.15  11.83  95.69 254.35  40.38
  171 -0.805  0.296  0.855  97.07  95.91 127.53 253.80  11.84  97.29  42.84
  172  0.190 -1.171 -0.510 138.50 248.50 146.46 248.56 155.81 246.36  43.33
  173  0.802 -0.586 -0.859 176.86 186.43 127.53 253.80 222.71 188.76  39.06
  174  0.513  0.200 -0.461 167.40 109.22 180.14 107.33 182.29 106.95  19.44
  175 -0.163 -0.075 -0.144 118.67 136.00 111.49 135.96 108.50 135.95  39.62
  176  1.195 -0.183 -0.736 214.93 146.34 248.75 146.80  95.69 254.35  38.13
  177  0.100  0.483 -0.278 137.30  79.50 127.53 253.80 137.22  77.45  83.83
  178  0.293 -0.523  0.622 128.12 253.49 159.39 183.86 120.28 184.17  50.62
  179  0.464  0.491  0.518 200.80  77.05 177.35  76.35  95.69 254.35  53.25
  180 -0.628  0.039 -0.851  50.10 122.46 127.53 253.80  94.39 126.05  20.76
  181 -0.250 -0.921 -0.107 112.17 224.27 102.45 223.37  95.69 254.35  46.46
  182 -0.305 -0.819  0.140 116.42 214.48  96.41 213.69  95.69 254.35  54.78
  183  0.593 -1.136  0.770 222.57 247.46 191.71 249.77  95.69 254.35  29.33
  184 -0.987  0.408  0.225  55.73  84.40 127.53 253.80  21.55  86.55  43.80
  185  1.227 -1.019 -0.718 218.38 228.76 252.02 231.04  95.69 254.35  33.31
  186 -1.059 -1.104  0.534  60.53 248.30  16.07 245.20  95.69 254.35  39.77
  187 -1.112 -0.468  0.495  53.85 179.19  10.65 177.80  95.69 254.35  40.76
  188 -0.891  0.570  0.891  90.27  65.86  32.49  67.05  95.69 254.35  38.52
  189 -0.444  0.148 -0.124  93.63 112.79  82.48 112.98  82.74 113.12  51.50
  190 -1.198 -0.879  0.394  41.86 223.50   2.09 221.05  95.69 254.35  36.23
  191 -0.201  0.451  0.870 128.12 253.49 106.74  79.43  65.18  80.62  50.62
  192 -1.206 -0.811 -0.656 128.12 253.49   6.29 210.30  37.50 208.47  50.62
  193 -1.282  0.123 -0.320   7.66 115.19 127.53 253.80  17.99 116.07  47.35
