    1 -1.092  0.332 -0.509  19.07  93.36  17.23  94.50  41.50  95.20  40.73
    2  0.579  1.022 -0.832 158.67  26.21 186.39  25.59 201.10  23.28  42.50
    3 -0.688  0.656  0.285  86.37  58.22  56.16  59.46  45.18  60.65  44.73
    4 -0.611 -0.081 -0.158  76.91 136.79  65.25 136.63  69.36 136.53  48.12
    5  0.589  0.282  0.550 213.18  98.85 190.64  98.34 150.75  97.94  46.61
    6 -0.000  0.288  0.565 160.88  97.81 128.25  97.75  95.61  97.82  47.05
    7 -0.572  0.649  0.426 102.70  58.88  67.94  59.84  49.85  60.91  46.18
    8 -0.620  0.183  0.523 101.80 108.64  62.63 108.93  41.64 109.26  44.88
    9  0.388  0.482 -0.262 163.52  79.10 168.06  78.81 162.83  78.12  48.88
   10 -1.116  0.448 -0.214  27.36  80.72  13.50  82.22  27.92  83.31  40.90
   11  0.282 -0.928 -0.563 142.79 222.35 156.86 222.46 164.28 223.64  44.33
   12 -0.712  0.352  0.170  79.75  90.74  53.98  91.46  47.70  92.09  41.59
   13 -0.108  0.306 -0.863  96.85  97.21 117.38  97.58 140.35  97.37  43.17
   14 -0.406 -0.617  0.319 113.98 193.68  85.58 193.00  68.73 192.32  49.96
   15 -0.881  0.908 -0.338  45.12  32.81  38.04  35.34  52.81  36.93  43.88
   16  0.096  0.213 -0.263 137.45 106.32 138.06 106.39 136.27 106.21  45.87
   17 -0.771  0.489 -0.458  51.04  77.17  49.73  78.43  67.05  79.07  81.97
   18  0.287  0.672  0.337 177.82  58.16 158.39  57.62 130.78  57.16  48.57
   19 -0.485  1.059  0.826 126.37  13.74  76.32  14.74  41.34  16.64  46.27
   20 -0.329  0.001 -0.143 103.55 128.15  94.38 128.15  93.69 128.15  49.00
   21  0.109  1.196 -0.839 117.27   7.47 139.24   8.12 158.75   6.81  43.64
   22  0.545  0.494 -0.408 171.72  78.26 183.89  77.85 182.70  76.89  43.00
   23  0.142  0.136 -0.480 133.41 114.35 142.75 114.38 148.57 114.25  52.72
   24  0.478 -0.418  0.528 202.52 171.92 178.89 172.57 141.21 173.03  50.00
   25  0.135  0.267 -0.743 122.97 101.19 141.81 101.34 157.70 101.01  43.59
   26 -0.205  0.954  0.342 133.50  27.46 106.76  27.96  85.84  28.53  52.21
   27 -0.903  0.708  0.236  64.13  52.37  33.71  54.18  28.33  55.82  43.96
   28  0.521  0.186  0.223 194.21 109.10 182.79 108.85 156.99 108.57  52.52
   29  0.301 -0.176  0.276 176.65 146.54 159.78 146.69 134.46 146.83  45.19
   30  0.042 -0.543 -0.003 142.58 184.62 132.63 184.59 121.53 184.78  89.30
   31  0.158 -0.011 -0.505 133.85 129.35 144.29 129.35 150.93 129.36  46.28
   32  0.536 -0.350  0.451 204.61 164.63 184.85 165.19 149.68 165.66  44.37
   33  0.480 -0.054  0.936 219.13 133.90 179.91 134.05 125.36 134.05  39.93
   34 -0.810  1.107 -0.594  42.64  12.97  46.20  16.00  68.87  17.50  42.15
   35 -0.931 -0.597  0.286  63.39 192.43  30.66 190.89  23.96 189.44  43.96
   36  0.295  0.914  0.746 194.91  31.68 159.77  30.58 115.58  30.16  45.11
   37 -0.144  0.963  0.659 151.51  25.65 112.97  25.73  78.76  26.43  49.13
   38 -0.771  0.854  0.634  91.85  35.81  46.31  37.45  23.83  39.48  40.89
   39  0.499  0.714  0.323 196.22  54.23 180.67  53.25 151.05  52.29  43.07
   40 -0.440  0.129 -0.384  84.38 114.84  83.33 115.05  93.13 115.13  48.00
   41  0.171 -0.941 -0.139 148.98 225.20 145.86 225.36 138.37 226.06  56.20
   42  0.400  0.394 -0.532 154.24  88.40 168.90  88.23 173.93  87.61  45.69
   43 -1.033 -0.194 -0.472  25.96 148.71  23.03 148.02  45.11 147.62  84.68
   44  1.137  0.690 -0.628 214.25  59.84 243.36  58.38 245.90  55.88  36.80
   45  0.049  0.702 -0.413 127.60  56.32 133.28  56.60 137.61  56.10  49.83
   46  1.112 -0.583  0.322 249.68 187.74 245.05 189.47 209.18 191.28  42.03
   47 -0.345 -0.777  0.176 114.19 210.14  92.27 209.35  79.81 208.73  47.34
   48  0.796  1.029 -0.692 182.77  25.61 208.69  24.38 216.20  21.54  50.41
   49  0.624 -0.811 -0.627 170.34 209.61 191.38 210.40 197.93 212.17  45.92
   50 -0.371  0.059 -0.487  86.79 122.14  90.50 122.27 102.99 122.28  61.93
   51 -0.014 -0.009  0.116 142.12 129.24 126.85 129.24 111.94 129.24  46.35
   52  0.146 -0.115  0.436 169.02 140.29 143.62 140.36 114.02 140.38  48.05
   53 -0.381  0.398  0.017 104.77  86.41  88.78  86.94  82.83  87.22  47.64
   54 -0.098  0.648  0.826 162.29  58.94 117.78  58.87  76.27  59.29  46.11
   55 -0.221  1.019  0.344 132.09  20.56 105.05  21.13  84.31  21.73  47.26
   56 -1.136 -0.108 -0.274  23.31 139.63  11.74 139.31  28.61 139.05  49.33
   57 -1.142  0.998 -0.403  18.14  22.79  11.63  26.31  33.01  28.65  37.79
   58  0.817  0.996  0.193 219.01  26.22 213.67  24.14 185.81  21.83  40.69
   59 -0.219  0.682  0.348 132.41  56.16 105.22  56.54  84.33  57.01  57.67
   60 -0.817 -0.348 -0.056  61.42 165.07  43.68 164.22  47.40 163.57  41.50
   61  0.598 -0.656  0.108 196.44 195.66 190.55 196.59 168.45 197.75  46.48
   62  0.258  0.180  0.701 189.69 109.19 155.73 109.02 114.00 108.95  45.21
   63 -0.413  1.057  0.486 119.79  15.51  84.58  16.56  61.42  17.92  44.94
   64  1.164 -0.214 -0.048 239.25 149.88 248.73 150.46 227.74 151.21  42.29
   65  0.463 -0.035 -0.011 179.74 131.89 176.24 131.96 160.32 131.97  47.81
   66 -0.398  0.185  0.741 131.09 108.35  85.78 108.47  52.64 108.74  39.69
   67  0.050  1.002  0.614 167.50  22.20 133.63  21.81  98.24  21.93  43.59
   68  0.812  0.764  0.343 224.56  49.63 213.64  47.96 179.73  46.26  36.11
   69 -0.768 -0.832  0.511  87.38 217.90  47.01 216.36  29.04 214.38  43.87
   70  0.137  0.795  0.810 183.00  43.71 143.01  43.14  98.27  43.17  47.41
   71 -0.473 -0.487  0.450 112.71 180.23  78.35 179.64  57.51 178.98  44.07
   72 -1.051  0.463 -0.932   8.08  80.27  23.15  81.90  61.24  82.73  38.04
   73  0.099 -0.689  0.477 166.43 200.82 138.69 201.10 108.06 201.19  48.17
   74 -0.378 -1.139 -0.416  88.67 246.22  89.77 244.55  99.41 244.03  45.95
   75 -0.829 -0.954  0.632  86.24 231.60  40.14 229.69  18.75 227.25  49.21
   76  1.016 -0.040 -0.893 193.86 132.16 230.12 132.21 243.86 132.36  39.19
   77  0.236 -0.103 -0.769 130.70 138.63 152.21 138.62 167.47 138.67  55.30
   78  0.600  0.227  0.282 203.47 104.80 191.16 104.44 162.04 104.07  41.62
   79 -0.407  0.409  0.369 115.79  84.80  85.53  85.26  66.70  85.74  45.00
   80 -0.053  0.706  0.335 147.06  53.99 122.65  54.06  99.83  54.14  40.57
   81 -0.059  0.675 -0.374 119.37  58.79 122.26  59.27 126.45  59.06  44.91
   82  0.202 -1.169 -0.141 151.72 248.64 149.06 248.81 141.23 249.81  65.23
   83 -1.156  1.087 -0.496  13.55  13.75  10.65  17.67  35.50  20.16  38.42
   84  0.469 -0.280 -0.378 166.19 156.72 176.15 156.89 174.56 157.39  43.71
   85  0.745 -0.953  0.339 218.52 226.44 206.54 228.37 173.44 230.29  45.93
   86 -0.805 -0.997 -0.920  31.51 230.91  47.59 228.10  81.71 226.91  46.61
   87  0.221  0.332 -0.837 127.07  94.84 150.43  94.93 168.81  94.48  34.92
   88 -0.345  0.596 -0.466  89.97  66.65  93.11  67.55 104.49  67.70  46.53
   89 -0.281 -0.173  0.148 118.93 146.43  98.96 146.28  86.66 146.17  43.57
   90  0.022 -0.429  0.379 155.65 173.35 130.60 173.52 105.04 173.34  84.19
   91  0.147  0.742  0.133 157.30  51.08 143.60  50.90 125.85  50.46  55.17
   92 -0.063 -1.161 -0.456 116.05 247.39 121.85 246.55 129.12 247.05  48.41
   93  0.694 -0.366  0.337 213.96 166.04 201.19 166.73 168.79 167.42  52.69
   94  0.452 -0.595  0.621 203.92 190.61 176.31 191.51 135.16 192.11  45.40
   95  0.913  0.024 -0.856 186.46 125.85 219.89 125.83 232.91 125.75  34.13
   96 -0.887 -0.713 -0.885  25.05 201.90  39.36 199.71  73.36 198.80  35.72
   97 -0.051 -0.784 -0.933  99.45 207.55 123.11 206.76 147.91 207.34  37.29
   98  0.163  0.756  0.972 192.07  47.52 145.85  46.85  94.36  46.88  46.84
   99  1.170  1.125 -0.131 236.55  15.23 248.97  12.19 231.25   8.28  43.93
  100  0.100 -0.794  0.167 154.36 210.97 138.68 211.11 120.22 211.40  48.27
  101 -0.782 -0.757 -0.191  59.80 208.04  47.77 206.18  55.71 204.97  42.34
  102 -0.222 -1.128 -0.549  98.25 244.13 105.72 242.78 118.50 242.85  42.67
  103  0.714  0.253  0.159 208.57 102.32 202.75 101.85 177.38 101.32  44.28
  104  0.222  0.063 -0.344 145.67 121.78 150.99 121.77 150.79 121.73  43.67
  105  0.798 -1.046 -0.918 174.33 231.91 208.14 233.04 224.30 236.03  40.32
  106 -0.593 -0.092 -0.802  54.93 137.68  68.73 137.47  95.43 137.41  35.92
  107 -0.592  0.060  0.162  90.65 121.99  66.44 121.97  58.51 122.11  61.80
  108  0.136  0.100 -0.286 140.26 117.98 142.22 118.11 140.87 117.92  48.74
  109 -0.103  0.707  0.632 154.07  53.13 117.33  53.13  83.51  53.43  72.43
  110  0.458 -0.296  0.894 215.51 159.50 177.49 160.05 125.05 160.27  40.56
  111 -0.741 -0.487  0.981 108.13 181.51  48.39 180.68  12.25 179.40  57.04
  112  0.929 -0.797  0.681 248.41 210.95 227.21 213.18 177.96 215.04  44.77
  113  0.202  0.135  0.688 184.20 113.95 149.84 113.83 109.35 113.80  45.70
  114  0.891  0.358 -0.448 200.19  92.35 219.09  91.72 216.36  90.69  41.95
  115  0.112 -0.887  0.354 162.77 221.15 140.10 221.53 114.03 221.75  47.03
  116 -0.747 -0.105  0.033  71.29 139.35  50.72 139.09  49.99 138.95  44.58
  117  0.284 -1.081  0.963 202.77 243.30 158.82 244.72 106.00 245.03  58.68
  118 -0.046 -0.978 -0.416 119.03 228.65 123.52 228.01 129.16 228.41  46.80
  119  0.596 -0.838 -0.379 177.37 213.10 189.18 213.96 186.33 215.57  55.70
  120  0.266  0.304  0.603 186.49  96.27 156.49  95.96 118.56  95.81  41.78
  121 -0.686 -1.041  0.791 106.03 241.22  54.87 239.62  24.87 237.20  43.71
  122 -0.228  0.002  0.947 155.12 127.99 103.75 128.00  59.60 128.08  43.25
  123  0.821  0.198  0.170 218.35 107.97 213.99 107.56 187.08 107.19  45.46
  124 -0.189 -0.087 -0.499 103.00 137.25 109.08 137.16 119.69 137.17  42.25
  125  0.579 -0.434 -0.352 176.80 172.26 187.45 172.69 183.78 173.56  43.53
  126 -0.152  0.132 -0.399 110.02 114.65 112.75 114.77 119.18 114.76  45.33
  127  0.775 -0.251  0.538 228.75 154.22 210.54 154.98 168.42 155.29  44.67
  128  0.587  0.037 -0.599 168.10 124.57 187.76 124.54 193.57 124.47  44.22
  129  0.352 -1.119  0.655 196.28 246.02 165.78 247.34 124.26 248.10  43.78
  130 -0.657 -0.639 -0.130  73.71 195.56  60.53 194.22  64.22 193.36  41.00
  131 -0.783  0.296 -0.853  35.76  97.76  49.65  98.54  81.08  98.86  45.79
  132  1.053 -0.573 -0.772 201.58 184.90 234.24 185.92 243.01 187.91  37.75
  133  1.111  0.458 -0.465 218.41  82.53 241.47  81.52 237.75  80.11  39.48
  134  1.075 -0.375 -0.056 231.30 166.12 239.45 167.06 219.50 168.26  40.56
  135 -0.566 -1.105  0.911 122.05 248.25  67.37 247.03  30.58 244.70  36.77
  136  0.790  1.138  0.619 233.80  10.09 212.21   7.28 167.07   5.03  35.96
  137 -0.539 -0.481 -0.481  71.69 178.17  73.37 177.21  88.07 176.83  39.25
  138 -1.152  0.532 -0.340  19.43  71.90  10.38  73.83  29.81  75.05  40.22
  139 -0.290 -0.496  0.959 147.77 181.79  98.19 181.82  51.45 180.95  27.03
  140 -0.099  0.327  1.004 169.38  93.05 117.59  93.00  69.03  93.32  41.90
  141  0.857 -0.549 -0.522 194.40 183.24 215.34 184.08 215.80 185.64  41.58
  142 -0.308 -0.639  0.373 125.14 195.90  95.90 195.55  75.36 194.86  42.35
  143  0.511  0.325  0.547 206.18  94.40 182.43  93.85 143.57  93.48  45.56
  144 -1.001  0.301  0.066  48.57  96.08  24.20  96.95  26.73  97.82  45.31
  145 -0.856 -0.871 -0.952  25.17 217.96  42.83 215.29  78.08 214.34  48.19
  146  1.069  0.755 -0.757 203.52  53.56 235.95  52.27 244.00  49.64  36.81
  147 -0.053  0.787  0.623 158.40  44.90 122.57  44.53  88.49  44.93  47.90
  148  1.137 -0.799 -0.036 237.48 208.84 246.02 210.97 224.70 213.63  37.69
  149  0.309  0.568  0.034 168.03  69.77 160.30  69.16 144.53  68.58  52.60
  150 -0.836  0.356  0.901  96.57  89.34  38.02  89.84   7.78  91.06  41.50
  151 -0.341  0.499 -0.901  74.53  77.43  94.12  78.30 121.24  78.29  29.60
  152 -0.716 -0.870  0.529  92.97 221.95  52.40 220.37  32.87 218.52  38.83
  153 -1.104 -0.114 -0.675  12.11 140.12  16.68 139.81  46.94 139.56  53.81
  154  0.673 -1.147  0.819 231.62 248.52 200.32 251.17 148.11 252.88  45.33
  155 -1.208 -1.107  0.018  27.04 246.99   2.88 243.10  10.76 239.90  40.08
  156  0.903 -0.238  0.453 236.87 152.85 223.61 153.44 184.20 154.01  44.89
  157  0.686  0.057 -0.683 173.47 122.70 197.51 122.39 205.71 122.25  45.97
  158 -0.938 -0.246 -0.931  18.64 153.91  34.38 152.75  70.80 152.41  79.89
  159  1.025  0.975 -0.138 223.88  29.82 234.00  27.57 217.74  24.77  43.28
  160 -0.897 -0.964  0.860  88.57 233.79  31.93 231.61   3.50 228.76  60.14
  161  0.774 -0.242 -0.251 197.57 152.53 207.84 153.34 198.10 153.57  45.71
  162 -0.617  0.078  0.979 119.40 119.62  61.94 120.02  22.93 119.90  41.18
  163  0.559  0.701  0.333 201.93  55.90 186.98  54.58 156.32  53.46  66.42
  164  0.330 -0.364  0.177 174.87 166.10 162.94 166.48 140.46 166.38  34.76
  165 -0.320  0.571 -0.167 103.36  68.72  95.31  69.50  95.29  69.67  44.23
  166  0.384 -0.133  0.779 204.17 142.33 169.28 142.51 122.56 142.59  40.60
  167 -0.282 -1.055  0.018 113.93 238.73  98.96 237.71  91.51 237.17  41.30
  168 -0.536 -1.137 -0.174  83.35 247.44  72.99 245.35  76.41 244.35  53.19
  169  0.354 -0.393 -0.040 169.11 168.20 164.90 169.12 151.47 169.61  93.30
  170  0.346 -1.175  0.577 192.69 251.79 164.93 252.95 126.84 253.55  59.90
  171  1.041  0.338 -0.836 198.09  94.91 232.83  94.28 244.17  93.10  32.70
  172 -0.416 -0.968 -0.881  68.48 227.09  86.51 225.26 113.80 225.34  45.35
  173  0.040 -0.398  0.233 151.76 169.90 132.28 170.06 112.53 169.77  31.80
  174 -0.281  0.427  0.001 113.34  83.57  99.07  84.01  92.37  84.26  30.50
  175  0.435  0.884 -0.726 150.08  39.42 172.11  39.12 184.14  37.47  32.50
  176 -0.652 -1.198 -0.207  70.82 253.57  61.50 251.69  67.06 250.12  92.30
  177 -0.525 -1.179 -0.597  69.02 250.21  74.98 247.68  93.81 246.91  29.88
  178  1.134 -0.947  0.300 250.71 224.82 247.25 227.65 212.00 230.64  31.57
  179 -0.775  1.121  0.356  80.87   8.01  46.76  10.37  34.67  12.71  54.50
  180  0.639  0.984 -0.376 181.25  28.67 193.58  27.78 190.17  25.46  44.55
  181  0.375 -1.090  0.373 187.25 241.76 167.70 243.06 137.60 244.03  46.25
  182 -0.733 -1.188 -0.534  51.66 251.79  53.91 248.76  72.92 247.73  45.59
  183 -0.477  0.106 -0.045  93.43 117.29  78.98 117.20  76.66 117.30  33.00
  184  0.515 -0.485 -0.756 155.83 177.23 180.12 177.00 192.52 177.87  43.80
  185  0.070  0.741  0.929 181.76  48.94 135.81  48.39  87.43  48.98  48.14
  186 -0.142  0.987 -0.815  95.90  27.82 113.94  28.97 135.78  28.77  36.46
  187  0.413  0.364  0.839 209.02  90.19 172.62  89.68 122.76  88.30  45.34
  188 -0.827  0.065 -0.897  30.18 121.23  45.37 121.89  79.02 121.97  49.14
  189 -1.099 -0.207 -0.494  18.87 150.35  16.40 149.18  40.28 148.76  53.00
  190 -0.312  0.605  0.879 144.58  62.97  94.76  63.32  54.70  64.08  27.25
  191  0.478 -0.312 -0.135 160.09 160.37 187.23 160.64 148.60 160.38  42.06
  192 -0.082  0.216 -0.938  96.48 106.48 120.00 106.62 145.42 106.54  23.00
  193 -1.073 -0.541  0.173  45.52 186.12  16.34 184.49  16.13 183.67  40.00
  194  0.038 -1.201 -0.226 134.05 251.73 132.07 252.32 129.83 252.06  41.67
  195 -0.636 -0.125  0.551 101.41 141.66  60.78 141.52  39.13 141.36  32.75
  196  1.102  0.477 -0.440 227.63  80.57 235.20  79.36 245.88  78.31  41.05
  197  0.269 -0.860  0.141 168.56 217.28 156.33 218.13 136.70 218.50  32.57
  198 -0.776 -0.819 -0.187  60.55 214.21  48.29 213.34  56.14 210.92  43.40
  199  0.762  0.946 -0.030 230.21  32.27 192.90  30.39 214.25  27.74  40.88
  200 -0.664 -1.134 -0.919  44.65 244.88  61.64 241.67  93.79 240.83  35.73
  201  0.837 -1.063 -0.398 197.46 235.25 213.77 236.52 209.32 239.89  20.21
  202  0.793 -0.155 -0.490 190.26 143.56 208.93 143.78 208.89 145.12  44.00
  203 -0.069  0.778 -0.866 100.54  49.33 121.30  50.46 144.11  49.48  38.00
  204  0.365 -0.291  0.077 174.60 158.33 166.28 158.44 126.84 253.55  40.92
  205  0.468 -0.992  0.153 186.73 230.61 177.07 231.74 126.84 253.55  48.72
  206  0.224  0.391  0.411 175.09  87.37 151.88  86.95 126.84 253.55  50.52
  207  0.464  0.097  0.220 188.97 118.18 176.77 118.06 151.75 117.98  45.00
  208  0.256 -1.050  0.965 200.25 240.10 186.94 254.28 103.20 241.50  48.80
  209 -0.867  0.372  0.389  73.35  88.21 186.94 254.28  25.40  89.98  43.19
  210  0.568 -1.221 -0.085 186.29 253.19 186.94 254.28 126.84 253.55  48.50
  211  1.000 -0.358 -0.147 221.30 164.35 231.36 165.14 215.74 166.24  41.00
  212  0.254 -1.194  0.442 179.14 253.50 155.11 253.98 126.84 253.55  72.35
  213 -0.903  0.378 -0.743  28.52  89.07 186.94 254.28  66.60  90.74  39.50
  214  0.823 -0.830 -0.860 178.64 210.62 210.89 211.45 126.84 253.55  34.00
  215  0.412 -0.765  0.823 208.52 208.96 172.44 210.19 123.43 210.80  40.67
  216  0.571  0.812 -0.783  20.21 254.39 185.71  46.59 198.61  44.79  35.86
  217  0.225  0.427 -0.627 135.30  84.95 186.94 254.28 161.53  84.48  33.50
  218 -0.691 -1.168 -0.822  45.08 248.32  59.10 246.37  87.34 244.18  47.14
  219 -0.071 -0.363  0.955  20.21 254.39 120.64 167.38  73.54 167.11  35.86
  220  0.180  0.537  0.381  20.21 254.39 147.18  71.74 119.26  71.53  35.86
  221 -0.883  0.077 -0.740  20.21 254.39  39.22 120.46  68.21 120.58  35.86
  222  0.474  0.035  0.408 196.83 124.55 178.48 124.74 144.92 124.50  32.00
  223  0.066 -0.920  0.138  20.21 254.39 135.10 224.24 118.20 224.52  35.86
  224 -1.257 -0.380 -0.284  11.39 168.69 186.94 254.28  18.68 166.21  39.29
  225  0.919 -0.542 -0.163 213.75 182.46 222.94 183.53 208.64 186.87  43.06
