    1 -0.213  0.450  0.670 145.56  80.19 105.59  80.32  72.14  80.72  45.53
    2 -0.439 -0.340  0.448 115.90 164.46  81.95 164.11  60.75 163.64  47.69
    3  0.223  0.946  0.804 190.79  28.02 152.18  27.03 106.65  26.84  43.88
    4 -0.534 -0.127  0.362 103.71 141.78  72.14 141.60  55.74 141.41  47.54
    5 -0.420  0.799  0.795 131.20  42.11  83.31  42.74  48.39  44.01  44.16
    6 -0.979  0.406 -0.082  45.20  85.12  27.11  86.31  34.51  87.21  41.37
    7 -0.597 -0.591  0.470 102.00 191.53  65.23 190.67  45.82 189.59  49.25
    8  0.135  0.684 -0.060 148.75  57.51 142.19  57.50 132.11  57.07  51.89
    9 -0.847  0.293 -0.272  50.71  97.36  41.41  98.16  53.32  98.64  51.06
   10  1.023  0.885 -0.100 225.17  38.85 233.93  36.81 216.15  34.10  44.43
   11  0.504 -0.364 -0.247 174.34 165.33 180.05 165.65 173.01 166.28  47.06
   12  0.368  0.704  0.721 200.44  54.13 167.51  53.16 123.38  52.68  44.12
   13  0.617  0.456 -0.602 170.61  82.48 190.81  82.09 196.45  81.07  44.02
   14 -0.207  0.842 -0.162 113.96  40.76 106.91  41.51 105.19  41.67  50.31
   15  0.446 -0.263  0.237 188.07 155.52 174.96 155.84 149.41 156.12  59.13
   16 -0.883 -0.803 -0.637  34.17 211.94  38.86 209.57  64.23 208.34  39.16
   17 -0.042  1.135  0.704 162.58   7.47 123.76   7.19  86.14   7.72  56.84
   18  0.708  0.491 -0.057 199.57  78.27 201.55  77.51 184.94  76.45  44.93
   19 -1.129  0.554 -0.609  11.86  70.15  14.00  72.14  42.01  73.36  38.81
   20 -0.708  0.288 -0.249  64.54  98.06  55.57  98.72  64.47  99.11  47.50
   21  0.262  0.914 -0.493 143.67  35.35 154.96  35.27 159.93  34.13  45.36
   22 -0.893 -0.071  0.028  57.36 135.76  35.59 135.57  37.55 135.45  44.33
   23 -0.949  0.470  0.234  59.74  77.83  28.98  79.07  24.50  80.24  34.54
   24 -0.316  0.263  0.408 125.76 100.34  94.99 100.54  73.29 100.79  48.04
   25 -0.846  0.056 -0.323  48.97 122.40  41.66 122.56  55.39 122.65  36.71
   26  0.805  0.187  0.355 224.33 109.02 212.87 108.62 178.55 108.21  44.47
   27 -0.786  0.340  0.869  99.44  91.19  43.83  91.83  12.93  92.71  39.90
   28  0.209 -0.014 -0.511 138.22 129.66 149.55 129.68 155.86 129.70  49.24
   29 -0.289 -0.011  0.239 121.70 129.41  98.03 129.40  82.41 129.39  41.05
   30  0.448 -1.141 -0.657 153.86 243.18 173.55 243.67 182.77 245.76  86.22
   31 -1.077 -0.424 -0.182  32.22 173.34  17.38 171.94  29.98 170.94  41.75
   32  0.002 -0.572 -0.506 119.89 186.80 128.41 186.42 136.88 186.76  49.10
   33  0.832  0.729  0.131 217.85  53.80 215.02  52.30 189.56  50.55  43.93
   34 -0.150  0.479 -0.130 120.30  78.54 112.75  78.88 109.07  78.93  46.69
   35  0.814 -0.267  0.372 225.69 155.80 213.92 156.35 178.67 156.94  40.52
   36  0.840  1.054  0.304 224.79  20.00 216.88  17.64 183.09  15.22  44.69
   37  0.904 -0.472  0.074 221.83 176.30 222.33 177.33 198.52 178.57  44.73
   38  0.158 -0.473  0.187 160.33 177.53 144.71 177.68 124.76 177.92  50.00
   39  0.145  0.531  0.716 180.05  71.97 143.68  71.57 102.90  71.54  53.56
   40 -0.639 -0.644 -0.028  79.17 196.20  62.01 194.98  61.79 194.01  44.03
   41  0.349  0.057  0.484 189.18 122.34 165.12 122.29 130.90 122.20  54.80
   42 -0.413  0.655  0.993 139.74  57.20  83.71  57.63  41.05  58.79  45.38
   43 -0.684 -0.862  0.431  92.30 220.72  56.14 219.18  39.67 217.50  46.19
   44 -0.636  0.863 -0.230  71.94  37.77  62.86  39.55  69.92  40.62  46.56
   45 -0.162  0.044 -0.066 121.74 123.72 111.56 123.76 105.63 123.75  46.55
   46  0.113 -1.037 -0.621 125.83 233.66 139.60 233.31 151.27 234.31  46.75
   47  0.382  1.026  0.791 204.62  20.00 169.13  18.52 121.92  17.80  45.82
   48  0.713 -0.491 -0.712 174.72 177.29 200.18 177.80 209.22 179.04  42.87
   49  0.835 -0.528 -0.692 186.05 180.83 212.49 181.65 219.86 183.15  45.29
   50 -0.180  0.072 -0.073 119.79 120.75 109.68 120.82 104.27 120.82  43.10
   51  0.013 -1.115  0.739 169.09 246.89 129.68 247.35  89.86 246.97  47.18
   52 -0.361 -0.328 -0.529  86.19 162.04  91.55 161.54 105.54 161.44  40.70
   53 -0.599 -0.460 -0.640  60.39 175.83  67.61 174.80  88.89 174.43  49.71
   54  0.438 -0.314 -0.857 145.39 159.65 172.15 159.78 189.22 160.36  38.43
   55 -0.673 -0.154 -0.871  45.26 144.18  60.79 143.72  91.22 143.59  86.32
   56  0.556 -0.627 -0.839 156.34 190.87 184.08 191.22 199.31 192.60  42.28
   57 -1.054  0.191 -0.762  13.89 108.34  22.07 109.08  54.63 109.35  77.34
   58  0.389  0.554  0.555 195.63  70.21 169.56  69.52 131.87  68.96  43.80
   59 -0.888 -0.199 -0.115  52.66 149.33  36.55 148.79  43.72 148.28  83.74
   60  0.661  0.026  0.341 211.18 125.56 197.73 125.51 165.54 125.46  45.33
   61 -0.820 -1.121 -0.671  38.87 244.74  45.36 241.59  70.88 240.11  42.28
   62 -1.134 -1.031 -0.180  26.99 238.00  11.52 234.48  25.01 231.91  45.00
   63  0.927  0.253 -0.607 197.16 103.06 222.20 102.65 225.45 101.86  42.95
   64  0.476  0.340 -0.301 169.82  93.65 177.09  93.39 172.44  92.82  46.20
   65 -0.770 -0.757  0.619  91.34 210.17  46.41 208.72  24.48 206.93  43.04
   66 -0.642  0.128 -0.856  48.55 115.06  63.87 115.48  93.25 115.50  79.63
   67  0.121 -0.864 -0.335 137.12 216.88 140.65 216.64 141.30 217.32  42.86
   68 -0.947  0.323  0.404  66.32  93.38  28.52  94.21  17.85  95.10  44.48
   69 -0.356 -0.952  0.802 137.46 230.68  90.16 230.13  53.85 228.77  44.91
   70 -0.529 -1.058  0.383 104.97 241.06  72.52 239.60  55.20 238.01  46.62
   71 -0.393 -0.887  0.901 137.89 224.15  86.01 223.61  46.51 222.17  45.56
   72  0.373  0.655 -0.238 163.08  61.39 166.58  61.03 160.53  60.01  47.31
   73 -0.113 -1.169 -0.825  97.95 247.08 116.94 245.69 138.39 246.30  40.96
   74  0.277  0.652 -0.604 140.71  62.23 156.30  62.17 165.33  61.30  52.18
   75  1.059  0.466  0.372 247.10  80.59 239.75  79.25 202.22  77.96  42.14
   76  0.404 -0.655  0.596 198.62 196.96 171.13 197.86 131.62 198.42  42.38
   77  0.601  0.016 -0.026 191.43 126.67 190.52 126.63 173.76 126.61  51.50
   78 -0.288 -0.086 -0.935  78.07 137.03  99.45 136.89 127.17 136.90  40.75
   79  0.797 -0.933 -0.454 191.89 222.00 209.45 223.34 207.67 225.80  40.93
   80  0.082  0.139  0.663 172.36 113.58 136.86 113.40  99.36 113.45  65.15
   81 -1.093  0.865 -0.188  30.52  36.35  15.74  39.19  28.83  41.27  44.18
   82  0.622 -1.068  0.347 208.08 238.74 193.63 240.58 161.58 242.35  47.55
   83 -0.573  0.746 -0.320  74.52  50.39  69.59  51.85  78.95  52.59  35.89
   84 -1.056 -0.719  0.321  52.73 205.88  17.34 203.78  11.68 201.76  41.95
   85  0.395 -1.042 -0.237 165.15 234.67 168.84 235.30 162.51 236.81  45.14
   86 -0.491  1.012  0.695 120.81  19.39  75.85  20.35  46.22  22.06  81.90
   87 -0.328 -1.164  0.449 126.45 252.00  93.55 251.12  70.64 249.96  63.48
   88  1.066  0.206  0.182 240.05 107.38 239.56 106.82 209.93 106.10  42.89
   89 -0.387 -0.340  0.468 121.56 164.52  87.27 164.22  64.65 163.81  65.43
   90  0.167 -0.308  0.238 163.15 160.42 145.73 160.54 123.66 160.71  45.44
   91 -0.430 -0.231 -0.759  71.60 151.96  84.97 151.54 108.18 151.47  39.60
   92 -0.117 -0.774  0.028 129.41 208.93 116.08 208.53 105.96 208.55  50.41
   93  0.069  0.323  0.858 178.83  93.62 135.72  93.66  90.23  93.72  52.37
   94 -0.692  0.735  0.434  91.69  49.38  55.29  50.71  38.89  52.28  44.79
   95 -0.018 -0.705 -0.780 108.03 199.82 126.45 199.29 145.27 199.75  46.50
   96 -1.085 -0.048 -0.529  18.95 133.32  18.02 133.15  42.82 133.08  38.53
   97 -0.217  0.277 -0.424 103.22  99.60 106.09  99.91 114.30 100.09  47.18
   98  0.203 -0.260 -0.469 138.97 154.78 149.05 154.76 153.41 155.04  37.92
   99  0.408 -0.154  0.508 195.46 144.36 171.43 144.56 135.44 144.71  37.56
  100  0.600 -1.104  0.159 198.69 241.80 190.84 243.46 166.60 245.36  42.67
  101  0.869 -0.327 -0.163 209.39 161.31 217.82 161.92 203.93 162.79  44.73
  102 -0.502 -0.775  0.845 125.43 212.12  74.39 211.36  39.00 209.92  40.92
  103  0.623  0.191 -0.913 159.33 109.23 190.62 109.12 208.09 108.59  40.64
  104  0.189  0.119  0.272 166.46 115.91 148.10 115.79 124.34 115.73  65.43
  105  0.321 -0.330  0.670 194.16 162.96 162.46 163.35 121.05 163.56  37.83
  106  0.321 -0.243 -0.361 153.76 152.99 161.04 153.07 160.38 153.40  42.00
  107 -0.108 -0.345  0.255 138.96 164.53 116.99 164.42  98.02 164.33  46.00
  108  1.086 -0.912 -0.569 212.27 218.90 238.47 220.77 238.98 223.92  41.50
  109 -0.014 -0.049  0.000 137.64 133.35 126.83 133.28 116.36 133.29  55.00
  110 -1.163 -0.626 -0.450  14.39 194.34   9.68 192.09  33.09 190.63  38.57
  111 -0.513 -1.154 -0.662  67.59 247.19  76.40 244.89  97.17 244.23  39.60
  112 -0.535 -1.197 -0.696  64.39 251.58  74.25 249.10  96.51 248.38  48.91
  113 -0.726 -0.824 -0.519  53.04 214.03  54.46 211.99  73.24 211.01  41.56
  114 -0.196 -1.178  0.418 137.27 252.93 107.65 252.42  83.55 251.76  51.73
  115 -1.013  0.683  0.511  65.97  54.28  19.96  56.10   9.48  57.83  41.71
  116  0.365 -0.555 -0.075 168.69 185.26 166.03 185.62 153.77 186.32  42.73
  117 -0.984 -0.241 -0.212  39.95 153.72  27.09 152.99  39.17 152.53  43.21
  118  0.369  1.058 -0.767 143.01  21.95 165.30  21.65 179.78  19.83  51.86
  119 -0.340  1.037  0.243 117.22  18.56  92.64  19.90  77.60  20.48  50.43
  120  0.342  0.441  0.977 208.51  81.31 165.08  80.63 110.90  80.59  41.97
  121  0.514  0.787  0.602 208.68  45.94 182.84  44.62 141.66  43.68  34.83
  122 -0.844 -1.155  0.534  81.35 253.04  38.75 250.74  21.69 247.67  55.42
  123  0.064 -0.712  0.521 165.10 203.38 134.98 203.39 103.23 203.69  48.30
  124 -0.993  0.204 -0.228  38.89 106.61  25.98 107.50  39.34 107.67  42.74
  125  0.451  0.514  0.308 191.26  75.18 175.61  74.21 147.11  73.56  64.29
  126 -0.502 -0.624  0.659 118.22 195.32  74.84 194.59  46.62 193.60  52.92
  127  0.458 -0.958 -0.964 143.16 223.50 174.07 224.07 194.69 226.10  90.26
  128 -1.183 -0.870  0.288  39.34 222.36   4.18 219.49   2.10 216.78  41.00
  129  0.285 -1.116 -0.726 136.96 240.81 156.99 240.77 170.46 242.63  42.28
  130 -0.013 -0.619 -0.510 118.48 191.65 126.97 191.16 135.73 191.51  47.00
  131 -1.077 -0.438  0.462  56.09 175.68  14.49 174.55   4.35 173.10  34.71
  132  0.488 -0.702  0.615 206.92 201.76 180.14 202.88 138.74 203.67  35.67
  133  1.084 -0.592  0.163 240.82 188.39 241.38 189.99 212.34 191.81  29.71
  134 -0.287 -0.908 -0.142 107.63 222.81  98.59 222.16  97.44 221.46  48.16
  135  0.454  1.101 -0.682 154.58  17.50 173.45  17.02 185.43  15.14  41.93
  136  0.378 -0.823  0.915 209.42 215.54 168.75 216.85 116.80 217.02  49.55
  137 -0.432 -1.061 -0.254  89.97 238.68  83.93 237.04  88.69 236.73  48.61
  138 -0.340 -0.763  0.120 112.48 208.53  92.89 207.73  82.43 207.22  54.56
  139 -1.189  0.814 -0.616   6.01  43.01   7.98  45.58  37.24  47.57  81.81
  140 -0.223 -1.192 -0.240 123.95 251.47  97.36 250.77 120.16 250.84  40.43
  141 -1.064 -1.060  0.480  58.19 243.41  15.67 239.92   4.72 237.23  40.15
  142 -0.457  0.737 -0.366  83.37  51.56  81.66  53.02  90.75  53.33  46.62
  143  0.722  0.991  0.517 223.66  25.52 204.66  23.34 164.48  21.51  30.38
  144  0.951 -1.057 -0.031 238.43 235.06 216.93 237.67 224.50 241.10  40.83
  145  0.602  0.116 -0.591 169.74 116.87 189.29 116.43 194.70 116.17  68.13
  146  1.134 -0.051 -0.522 217.98 133.58 243.60 133.71 241.83 133.20  41.82
  147  0.289  0.291  0.788 196.14  97.46 159.17  97.10 113.52  97.10  38.11
  148 -0.206  0.227 -0.608  97.41 104.61 107.34 105.41 122.20 105.36  52.09
  149 -0.484 -0.291  0.973 131.52 159.66  76.42 160.15  34.83 158.85  42.18
  150 -0.111  0.584  0.918 164.72  65.60 116.36  65.49  71.35  66.04  26.00
  151  0.310  0.635 -0.450 149.37  63.87 159.86  63.40 162.58  62.67  57.82
  152  0.918  1.073  0.724 243.45  16.27 229.78  13.91 168.66  11.59  39.88
  153 -0.846  0.150 -0.435  45.27 113.08  41.77 112.69  60.11 112.95  22.69
  154 -0.349  1.084 -0.277  96.61  15.34  92.59  17.59  96.79  17.31  42.88
  155  0.739  0.579  0.478 223.28  68.74 206.52  66.84 167.34  65.73  43.14
  156  0.978  0.521 -0.599 207.10  76.04 224.19  75.60 235.63  73.92  31.25
  157 -0.562  0.674 -0.515  69.06  58.08  70.80  59.46  88.01  60.95  44.93
  158  0.341  0.970 -0.670 144.01  30.43 162.74  30.32 173.59  28.62  30.25
  159  0.918  0.554  0.537 249.57  71.51 220.69  68.85 191.10  68.63  38.31
  160 -0.865  0.604  0.909  93.43  62.07  35.21  63.27  80.42 254.05  40.00
  161  0.432  0.154 -0.238 168.28 112.42  95.67 254.01 166.00 112.30  64.49
  162 -1.023 -0.106  0.134 176.72 253.93  21.58 139.31  22.10 139.03  47.61
  163 -0.661 -1.170  0.409  93.79 253.21  58.57 251.66  42.61 249.53 103.17
  164  1.220 -0.117 -0.486 226.78 139.99  95.67 254.01 248.79 140.50  32.97
  165 -0.233  0.462 -0.536  97.61  80.73  95.67 254.01 117.10  81.28  46.00
  166  0.004 -1.174  0.951 176.72 253.93  95.67 254.01  80.42 254.05  47.61
  167  0.639 -0.269 -0.318 183.41 155.50 193.68 155.80 188.15 156.41  30.96
  168  0.639 -0.912  0.789 176.72 253.93 196.68 225.80 146.15 227.24  47.61
  169 -0.295 -0.882  0.848 146.67 223.53  95.60 222.64  59.13 221.55  22.46
  170  0.020 -0.262 -0.917 106.31 154.67 130.27 154.47  80.42 254.05  38.95
  171 -0.232  0.992  0.673 176.72 253.93 103.58  22.58  70.20  23.53  47.61
  172 -0.426  0.240 -0.060 176.72 253.93  84.19 103.45  81.83 103.66  47.61
  173  0.238 -1.129 -0.323 148.84 243.65 152.13 243.98 152.23 245.20  19.14
  174  0.249 -0.486  0.698 176.72 253.93 154.80 180.06 113.23 180.24  47.61
  175 -0.098  0.636  0.530 150.52  61.09 117.86  60.69  80.42 254.05  80.57
  176 -0.308 -1.192  0.479 176.72 253.93  95.67 254.01  71.05 253.25  47.61
  177  0.409 -0.813  0.946 213.27 214.40 172.34 215.77  80.42 254.05  46.50
  178  0.497  0.561  0.940 176.72 253.93 181.75  67.80 126.81  67.49  47.61
  179  0.080 -1.026 -0.355 133.76 233.78 135.76 232.72 139.33 234.25  47.00
  180 -0.498 -0.169 -0.688  68.17 144.96  77.86 145.61  99.76 145.51  39.29
  181 -0.691 -0.184  0.255  84.86 147.89  55.84 147.55  80.42 254.05  44.50
  182  1.266 -0.522 -0.420 233.26 179.88  95.67 254.01 250.84 183.76  39.34
  183 -0.265 -1.058  0.138 120.11 239.51 100.62 238.62  80.42 254.05  47.28
  184 -0.615  0.887 -0.763  54.50  36.85  66.34  38.94  92.08  39.56  52.00
  185 -0.613  0.108 -0.629  59.51 117.07  95.67 254.01  87.37 117.42  26.33
  186 -1.177 -0.772 -0.725 176.72 253.93   9.58 206.13  42.64 204.49  47.61
  187  1.012 -0.033 -0.822 196.13 131.51 229.98 131.57  80.42 254.05  38.88
  188 -0.620  0.724 -0.767  53.76  53.58  65.91  55.28  91.76  56.20  42.30
  189 -1.271  0.117 -0.345   7.86 115.79  95.67 254.01  19.92 116.56  37.77
  190 -0.212  0.169  0.118 124.81 109.73 105.84 109.84  94.66 112.47  42.75
  191  0.088 -1.098 -0.493 128.20 240.40 137.22 239.99  80.42 254.05  33.83
  192 -0.972  0.829 -0.090  45.95  39.83  27.63  42.25  35.67  45.00  43.50
